292223	n	54.8875,24.7588,55.8379,25.2538	[[[548875,249010,40,-76,125,-190,145,-178,163,-165,180,-149,195,-132,209,-114,220,-95,229,-75,236,-54,240,-32,243,-11,243,11,240,32,236,54,65,21,0,-2,199,27,236,54,229,75,220,95,209,114,195,132,180,149,67,67,557,-980,206,1184,145,-120,196,-132,209,-114,219,-95,229,-75,236,-54,241,-32,243,-11,243,11,241,32,236,54,229,75,219,95,209,114,196,132,180,149,163,165,145,178,125,190,104,201,82,209,59,215,36,219,12,222,-12,222,-36,219,-59,215,-82,209,-104,201,-125,190,-145,178,-163,165,-180,149,-196,132,-209,114,-219,95,-151,49,-128,-32,-205,-434,-892,340,-1623,-444,-71,-116,-329,-226,-86,-21,-198,365,-15,6,-140,-39,54,75,-459,188,-16,-47,-594,-690,-427,-496,-429,-459,-317,-340,-47,35,-330,-64,54,-205,-278,-146,-42,-23,-22,-12,-18,-9,-32,-18,-49,-27,-26,-8,-39,-11,-44,-13,-22,-7,-247,-74,-200,-122,-304,-255,-302,-199]]]
292968	r	53.8247,24.0483,55.0184,24.6728	[[[538247,242569,90,-219,166,-335,80,-138,653,-468,274,88,139,229,-103,284,-207,76,-73,28,-343,64,-37,22,-256,147,-46,45,-102,154,41,52,12,29,-53,124,-86,-107,-110,-59,-39,-16]],[[539710,241067,305,-218,616,449,-79,-34,-210,-37,-199,-94,-433,-66]],[[541016,242977,110,-260,215,-113,253,-66,214,-87,100,-179,80,259,1,0,-106,244,-124,126,-255,259,-83,67,-51,42,-218,-84,-136,-207,0,-1]],[[541795,243214,36,-64,93,-39,127,-82,171,-184,61,-31,110,-2,85,20,95,45,91,68,70,84,-222,237,-100,142,-88,168,-144,4,-142,-43,-119,-75,-73,-91,-51,-157]],[[542215,242128,53,-80,116,-148,127,-141,136,-134,145,-125,154,-116,162,-106,170,-97,175,-86,182,-75,186,-65,191,-53,194,-41,197,-30,120,-11,74,182,119,-78,158,-90,165,-81,170,-70,174,-61,179,-49,182,-39,184,-28,185,-17,187,-6,187,6,185,17,184,28,182,39,179,49,174,61,170,70,165,81,158,90,152,100,144,109,137,117,127,125,118,132,109,139,99,146,3,5,187,-153,18,12,156,118,147,126,138,135,128,143,118,151,106,157,95,163,84,169,71,173,58,177,46,180,33,183,20,184,6,185,-6,185,-20,184,-33,183,-46,180,-58,177,-71,173,-84,169,-95,163,-106,157,-118,151,-128,143,-138,135,-147,126,-156,118,-164,108,-172,97,-178,88,-184,76,-189,65,-193,54,-196,42,-199,30,-201,18,-202,6,-202,-6,-192,-17,0,-44,-185,-77,-58,-142,-29,-136,-104,-61,-171,-33,-37,-80,76,-89,166,-65,-375,-688,-51,-32,-1,0,-38,7,-11,26,-93,47,-52,-2,-28,33,-32,9,-96,10,-48,59,-30,-9,-96,53,-235,85,-131,66,-46,34,-170,159,-44,106,-43,78,-88,-56,37,-80,-162,-186,-117,-116,-152,-108,-62,-27,-84,-13,-203,1,-120,10,-237,-60,-14,-9,-12,-28,8,-45,13,-44,15,-11,-137,-104,-89,-79,-54,-110,-40,-104,-82,51,-104,-146,-86,-44,-2,-104,24,-54,62,-55,45,-12,165,-3,135,-31,236,-174,45,-27,294,-113,653,-206,12,-94,-13,-77,-37,-141,-84,-237,-35,-117,1,-53,7,-11,-22,-41,-187,-240,-372,-262,-75,-113,-406,152,-190,9,-80,-125,-91,-14,-531,-357,-313,-83],[545309,243063,188,-150,-94,75,-94,75]],[[542791,243644,25,-69,273,-436,162,72,4,2,0,1,106,289,-8,137,-94,90,-210,129,-129,-14,32,-93,147,-100,28,-54,-13,-45,-45,19,-97,57,-111,26,-70,-11]]]
292672	r	55.2606,25.1605,55.799,25.6699	[[[552606,252200,459,-188,77,109,42,132,-51,136,-123,161,-26,35,-160,22,-69,-57,-121,-101,8,-137,-36,-112]],[[553037,252830,27,-79,119,-201,82,-138,37,-106,40,-114,-53,-177,-118,-33,-20,-6,15,-6,198,-365,86,21,329,226,71,116,1623,444,892,-340,205,434,123,31,29,29,145,178,126,190,104,201,82,209,59,215,36,219,6,108,155,306,-89,-5,78,79,146,178,126,190,104,201,82,209,60,215,36,219,12,222,-12,222,-24,144,-435,633,-180,-231,-344,-121,-161,-112,-265,-258,-88,-145,-155,-390,-63,-79,-211,-34,-219,-61,-196,-31,-155,58,-60,130,64,124,110,134,85,164,-171,-61,-153,-162,-110,-198,-44,-169,-69,-168,-129,-159,-14,-26,-49,-96,124,-60,-110,-87,-95,-162,-136,-371,-68,68,-45,-122,-59,-75,-3,0,-54,7,-44,122,-62,0,-135,-170,-21,25,-11,5,7,-5,-3,-7,-13,-4,1,-6,-28,-26,-12,3,1,6,-4,-9,6,-4,-16,-21,-12,-5,-5,8,-13,-15,-10,-1,15,-6,-20,-11,-7,14,12,13,-19,-18,-6,6,5,-10,-15,-15,-11,-9,-8,2,-31,-27,-18,-1,-16,-25,-17,-1,-53,-53,-19,-6,-17,21,26,-37,-8,-12,-13,-3,-4,19,5,-66,-38,-53,-31,-24,-19,14,28,22,42,46,1,60,-1,-9,-9,0,-34,15,12,14,7,-7,-6,9,25,28,-54,-54,-121,-68,8,-17,118,64,26,-24,-67,-59,-20,16,-83,-46,-18,8,-1,20,20,64,-22,-65,4,-37,-15,-8,-61,-100,-7,-120,4,-12,-33,-37,-12,2,19,-25,43,13,9,-22,-11,6,-36,-8,-20,11,9,-9,-6,-6,-16,12,16,-16,2,-31,-73,4,-88,-34,-258,-254,-43,-43,-56,-87]]]
292913	r	54.6536,22.6316,56.0174,24.7936	[[[546536,226928,4837,-612,656,725,63,47,36,-31,74,599,73,260,-45,252,30,82,-46,76,-37,183,50,85,25,255,-101,245,-18,261,9,91,42,75,13,261,-27,79,32,85,-39,316,19,72,117,147,-45,243,58,130,11,249,100,182,384,492,161,263,737,1320,310,565,150,-103,142,174,61,124,104,451,509,764,247,207,119,251,311,358,65,145,-25,604,21,129,-27,178,-100,143,-257,209,6,9,42,132,-32,759,-45,288,-160,219,-123,68,-17,23,-16,181,-139,161,2,45,179,136,708,296,111,90,480,236,141,48,328,-7,326,-51,154,4,164,57,5,0,-180,308,55,22,13,-3,67,-17,28,14,153,-59,221,41,205,-304,189,-42,131,-67,89,63,132,16,212,131,259,113,392,80,183,62,130,11,4,1,442,42,-47,213,15,22,-145,276,-46,77,-201,204,-143,246,90,120,-98,144,-14,155,37,44,-116,-26,38,86,-212,-19,-621,-56,-173,-42,-204,-100,-198,100,-41,-1,-93,95,-233,144,-112,-25,-128,26,10,114,55,149,87,13,234,170,161,313,263,170,3,819,-68,3,-71,304,-348,455,-207,439,25,391,27,36,140,139,2,9,319,281,-145,141,94,79,-150,-24,-23,22,225,179,0,1,204,162,-23,170,-58,162,-13,208,39,210,5,338,-109,135,-1001,-433,-1248,-383,-429,-459,-295,-155,-1888,-275,-1322,360,-317,350,-251,-149,-54,20,20,-450,-29,-103,-432,-876,-674,-1184,57,-29,209,-26,-6,-67,222,-826,113,-208,38,-455,41,-131,23,-601,39,2,5,-40,-269,-12,-171,49,-182,94,-45,-129,133,-38,-18,-133,-23,-13,14,-81,126,-34,238,-177,197,-28,-92,-305,-14,-239,123,-578,-2,-81,-72,-189,-43,9,-471,-1473,-180,-871,-33,-92,-228,-338,-67,-153,-423,-1367,-117,-207,-263,-760,-2610,-7744]]]
292932	p	292672
292261	p	292672
291074	n	55.7519,25.5639,56.172,25.9903	[[[557519,256699,442,-643,53,-36,210,-114,222,-95,230,-75,237,-54,243,-32,244,-11,244,11,243,32,237,54,230,75,222,95,210,114,196,132,182,149,164,165,146,178,4,6,-27,58,-47,447,8,172,108,104,129,91,71,131,-46,124,-233,282,-44,171,48,149,193,246,66,140,-104,201,-126,190,-146,178,-164,165,-182,149,-196,132,-210,114,-18,8,-5,-14,-216,-424,-261,-395,93,36,78,59,59,79,36,92,68,0,-41,-184,-61,-142,-76,-117,-88,-103,-421,-361,-63,-86,-23,-188,-93,-283,-21,-150,-38,-32,-72,18,-41,60,102,174,64,205,59,91,-272,-211,-544,-625,-356,-263,-297,-73,-44,-23,-49,-68,-113,-54,-126,-36,-91,-12,-110,-75,-76,-98]]]
12042053	p	292968
11524601	p	292223
13118432	p	292223
11048853	p	292223
8469668	p	292223
8469788	p	292223
292878	n	56.122,24.8546,56.3836,25.3455	[[[561220,249473,18,-29,145,-178,164,-165,180,-149,196,-132,208,-114,220,-95,201,-65,195,173,56,51,280,182,53,99,7,69,18,179,32,326,52,54,45,48,543,55,-213,791,2,110,6,221,32,1188,93,436,31,298,43,196,9,113,-6,78,-5,56,-33,77,-45,66,-12,26,-92,12,-110,5,-135,-498,93,-17,-47,-275,-143,-67,-425,-1570,-1656,-1555]]]
8476509	p	292672
290503	p	292223
13118424	p	292223
8475866	p	292672
8057551	p	292968
13118447	p	292968
8201275	p	292672
12047417	n	56.0019,24.9469,56.3532,25.3661	[[[560019,251400,12,-222,36,-219,59,-215,82,-209,104,-201,125,-190,145,-178,164,-165,180,-149,196,-132,93,-51,1661,1559,425,1570,-137,-64,-232,-76,-114,-89,-296,-193,-164,-64,-158,41,-124,55,-15,98,23,248,267,121,98,105,-60,82,-32,101,-21,162,270,186,301,-36,187,-262,304,-56,134,496,-83,36,-229,75,-236,54,-241,32,-243,11,-243,-11,-241,-32,-236,-54,-229,-75,-220,-95,-209,-114,-196,-132,-180,-149,-164,-165,-145,-178,-125,-190,-104,-201,-82,-209,-59,-215,-36,-219,-12,-222]],[[562596,252760,34,-268,200,63,53,164,-145,94,-87,-1,-55,-52]]]
12042052	p	292968
8541937	p	292672
6691091	p	292672
291580	r	53.1105,23.1064,54.2895,24.1936	[[[531105,236500,13,-356,37,-354,63,-351,88,-346,112,-341,136,-332,159,-324,182,-314,204,-302,224,-290,245,-275,264,-259,281,-243,298,-226,314,-207,328,-188,340,-168,351,-147,361,-125,369,-103,376,-81,381,-58,383,-35,386,-11,386,11,383,35,381,58,376,81,369,103,361,125,351,147,340,168,328,188,314,207,298,226,281,243,264,259,245,275,224,290,204,302,182,314,159,324,136,332,112,341,88,346,63,351,37,354,13,356,-13,356,-37,354,-63,351,-88,346,-112,341,-136,332,-65,134,-2366,2135,-305,218,-198,-30,-614,-304,-109,-85,-251,-28,-1217,7,-97,24,-100,37,-96,17,-82,-40,-68,-44,-308,-136,-81,19,-95,44,-102,22,-171,-80,-110,-18,-115,-1,-83,14,-69,59,-129,182,-41,38,-92,24,-108,55,-181,126,-115,-54,-148,-9,-142,31,-105,66,-137,141,-88,54,-88,0,-498,-94,-147,-84,-314,-207,-298,-226,-281,-243,-264,-259,-245,-275,-224,-290,-204,-302,-182,-314,-159,-324,-136,-332,-112,-341,-88,-346,-63,-351,-37,-354,-13,-356]],[[536278,241719,4,-77,113,-37,175,-21,273,-17,99,-31,1,0,173,-89,299,-112,332,-34,326,59,272,162,-75,62,104,190,120,-32,77,-128,-21,-92,296,-110,358,-14,32,11,-327,234,-14,5,-369,103,-376,81,-381,58,-383,35,-386,11,-386,-11,-84,-8,-97,-54,-155,-144]]]
12047416	p	292968
8200824	p	292672
8469658	p	292223
290594	p	292672
13118438	p	292672
13118439	p	292223
8226485	p	292672
290680	p	292878
