1138958	n	68.6247,34.0778,69.7126,34.7701	[[[686248,345300,26,-443,79,-439,130,-431,180,-418,229,-401,275,-380,319,-357,359,-329,396,-298,430,-264,459,-228,484,-190,503,-149,519,-108,530,-65,534,-22,534,22,530,65,519,108,503,149,484,190,459,228,430,264,396,298,359,329,319,357,275,380,229,401,180,418,130,431,79,439,0,10,-388,1940,-5847,893,-3805,0,-194,-268,-229,-401,-180,-418,-130,-431,-79,-439,-26,-443]]]
1140026	r	61.7442,33.9711,62.6558,34.729	[[[617442,343500,9,-248,30,-247,48,-244,68,-242,87,-237,105,-232,123,-226,140,-218,158,-211,174,-202,189,-191,204,-181,217,-170,231,-157,243,-144,253,-131,263,-117,272,-102,279,-88,285,-72,291,-56,294,-40,297,-25,298,-8,298,8,297,25,294,40,291,56,285,72,279,88,272,102,263,117,253,131,243,144,231,157,217,170,204,181,189,191,174,202,158,211,140,218,123,226,105,232,87,237,68,242,48,244,30,247,9,248,-9,248,-30,247,-48,244,-68,242,-87,237,-105,232,-123,226,-140,218,-158,211,-174,202,-189,191,-204,181,-217,170,-231,157,-243,144,-253,131,-263,117,-272,102,-279,88,-285,72,-291,56,-294,40,-297,25,-298,8,-298,-8,-297,-25,-294,-40,-291,-56,-285,-72,-279,-88,-272,-102,-263,-117,-253,-131,-243,-144,-231,-157,-217,-170,-204,-181,-189,-191,-174,-202,-158,-211,-140,-218,-123,-226,-105,-232,-87,-237,-68,-242,-48,-244,-30,-247,-9,-248]]]
1133616	r	66.3925,36.3514,67.407,37.1695	[[[663925,367600,11,-268,32,-266,54,-265,76,-261,96,-256,117,-251,137,-244,157,-236,175,-227,193,-218,211,-207,227,-196,243,-183,256,-170,270,-156,282,-141,293,-127,303,-110,311,-94,317,-78,324,-61,328,-44,330,-26,23,-1,407,1150,191,-96,209,-90,216,-79,222,-67,227,-56,230,-43,234,-31,236,-19,237,-6,237,6,236,19,234,31,230,43,227,56,222,67,216,79,209,90,201,101,193,112,183,121,173,131,162,140,150,147,34,39,63,2468,-64,77,-68,11,-63,-6,-295,-143,-171,-25,-30,38,-26,98,18,550,-221,462,-51,372,-85,319,-103,52,-209,90,-216,79,-222,67,-227,56,-230,43,-234,31,-236,19,-237,6,-104,-2,418,1178,-169,73,-303,110,-311,94,-317,78,-324,61,-328,44,-330,26,-332,9,-332,-9,-330,-26,-328,-44,-324,-61,-317,-78,-311,-94,-303,-110,-293,-127,-282,-141,-270,-156,-256,-170,-243,-183,-227,-196,-211,-207,-193,-218,-175,-227,-157,-236,-137,-244,-117,-251,-96,-256,-76,-261,-54,-265,-32,-266,-11,-268]]]
1138336	r	65.1251,31.1085,66.2949,32.1115	[[[651251,316100,12,-328,38,-327,62,-323,87,-320,111,-314,135,-307,158,-299,181,-290,202,-278,223,-267,242,-254,262,-239,279,-225,296,-208,311,-191,325,-173,338,-155,349,-135,358,-116,366,-95,373,-75,378,-53,380,-32,383,-11,383,11,380,32,378,53,373,75,366,95,358,116,349,135,338,155,325,173,311,191,296,208,279,225,262,239,242,254,223,267,202,278,181,290,158,299,135,307,111,314,87,320,62,323,38,327,12,328,-12,328,-38,327,-62,323,-87,320,-111,314,-135,307,-158,299,-181,290,-202,278,-223,267,-242,254,-262,239,-279,225,-296,208,-311,191,-325,173,-338,155,-349,135,-358,116,-366,95,-373,75,-378,53,-380,32,-383,11,-383,-11,-380,-32,-378,-53,-373,-75,-366,-95,-358,-116,-349,-135,-338,-155,-325,-173,-311,-191,-296,-208,-279,-225,-262,-239,-242,-254,-223,-267,-202,-278,-181,-290,-158,-299,-135,-307,-111,-314,-87,-320,-62,-323,-38,-327,-12,-328]]]
1139715	r	70.1233,34.158,70.7775,34.6913	[[[701233,344111,20,-166,35,-176,49,-173,62,-170,75,-167,89,-162,101,-157,113,-151,125,-145,136,-137,146,-130,157,-122,165,-113,174,-103,182,-94,189,-84,196,-74,200,-62,205,-52,209,-40,212,-29,213,-18,214,-6,214,6,213,18,212,29,209,40,205,52,200,62,196,74,189,84,182,94,174,103,165,113,157,122,146,130,136,137,125,145,113,151,101,157,89,162,75,167,62,170,49,173,35,176,21,177,7,178,-7,178,-21,177,-35,176,-49,173,-62,170,-75,167,-89,162,-101,157,-113,151,-125,145,-136,137,-146,130,-157,122,-165,113,-174,103,-182,94,-189,84,-196,74,-200,62,-150,38,-4170,-2802]]]
1135689	n	68.5798,36.5039,69.0432,36.9561	[[[685798,367300,13,-222,41,-219,67,-215,92,-209,118,-201,141,-190,164,-178,185,-165,203,-149,221,-132,236,-114,249,-95,259,-75,266,-54,272,-32,275,-11,275,11,272,32,124,26,511,1714,-34,63,85,116,-9,32,-364,4,4,77,-116,136,48,81,241,20,79,34,215,-63,56,190,-17,1,-82,304,-61,-1,-14,34,-83,22,-114,110,-129,29,-11,38,43,28,318,39,71,85,-7,50,36,66,298,27,197,664,-54,40,-221,132,-236,114,-249,95,-259,75,-266,54,-272,32,-275,11,-275,-11,-272,-32,-266,-54,-259,-75,-249,-95,-236,-114,-221,-132,-203,-149,-185,-165,-164,-178,-141,-190,-118,-201,-92,-209,-67,-215,-41,-219,-13,-222]]]
1141269	r	67.9661,33.1691,68.8404,33.9308	[[[679661,335500,10,-249,29,-248,49,-246,67,-243,86,-238,105,-233,123,-227,140,-220,156,-212,173,-202,189,-193,203,-182,217,-170,229,-158,242,-145,252,-132,262,-117,270,-103,278,-88,284,-72,290,-57,293,-41,295,-24,297,-8,297,8,295,24,293,41,290,57,284,72,278,88,270,103,262,117,252,132,242,145,229,158,217,170,203,182,189,193,173,202,156,212,140,220,123,227,11,25,-311,3386,-119,162,-173,202,-189,193,-203,182,-217,170,-229,158,-242,145,-252,132,-262,117,-270,103,-278,88,-284,72,-290,57,-293,41,-295,24,-297,8,-297,-8,-295,-24,-293,-41,-290,-57,-284,-72,-278,-88,-270,-103,-262,-117,-252,-132,-242,-145,-229,-158,-217,-170,-203,-182,-189,-193,-173,-202,-156,-212,-140,-220,-123,-227,-105,-233,-86,-238,-67,-243,-49,-246,-29,-248,-10,-249]]]
1147290	p	1133616
1147513	r	68.6701,34.6807,69.7975,35.4059	[[[686701,350100,11,-270,32,-268,53,-266,75,-263,94,-258,116,-252,135,-246,154,-238,173,-229,95,-110,3252,0,5847,-893,1237,2604,-4687,2316,-2974,2332,-221,-56,-306,-95,-298,-111,-288,-127,-278,-143,-266,-157,-253,-171,-239,-184,-223,-197,-208,-209,-190,-219,-173,-229,-154,-238,-135,-246,-116,-252,-94,-258,-75,-263,-53,-266,-32,-268,-11,-270]]]
1147540	n	68.4319,36.0408,68.9881,36.3561	[[[684319,361300,14,-222,40,-219,33,-108,47,37,85,35,28,88,39,67,76,24,25,17,62,0,23,46,46,8,38,30,237,53,63,21,80,1,124,-35,128,-46,48,14,44,28,26,88,-28,51,82,150,49,-30,63,-58,50,0,57,61,51,-110,78,-69,44,-86,42,-25,240,-61,83,-84,127,-64,74,-19,96,-12,70,-28,103,37,68,-15,41,-28,29,-61,-15,-56,13,-47,194,-108,73,-74,67,-83,2319,87,66,149,66,215,40,219,14,222,-14,222,-40,219,-66,215,-92,209,-117,201,-140,190,-163,178,-183,165,-202,149,-219,132,-234,114,-247,95,-257,75,-265,54,-269,32,-273,11,-273,-11,-269,-32,-265,-54,-257,-75,-247,-95,-234,-114,-219,-132,-202,-149,-183,-165,-163,-178,-140,-190,-117,-201,-92,-209,-66,-215,-40,-219,-14,-222]]]
1141857	n	68.9604,33.3739,69.4996,33.8261	[[[689604,336000,13,-222,39,-219,64,-215,89,-209,113,-201,136,-190,158,-178,177,-165,197,-149,212,-132,227,-114,239,-95,249,-75,257,-54,262,-32,264,-11,264,11,262,32,257,54,249,75,239,95,227,114,212,132,197,149,177,165,158,178,136,190,113,201,89,209,64,215,39,219,13,222,-13,222,-39,219,-64,215,-89,209,-113,201,-136,190,-158,178,-177,165,-197,149,-212,132,-227,114,-239,95,-249,75,-257,54,-262,32,-264,11,-264,-11,-262,-32,-257,-54,-249,-75,-239,-95,-227,-114,-212,-132,-197,-149,-177,-165,-158,-178,-136,-190,-113,-201,-89,-209,-64,-215,-39,-219,-13,-222]]]
1136469	n	69.6512,33.1139,70.1888,33.5661	[[[696512,333400,13,-222,38,-219,65,-215,88,-209,113,-201,136,-190,157,-178,177,-165,196,-149,212,-132,226,-114,238,-95,249,-75,256,-54,261,-32,263,-11,97,4,261,134,99,17,290,-21,122,45,76,90,335,533,118,40,239,-68,217,-15,194,92,138,98,49,56,136,190,113,201,88,209,65,215,38,219,13,222,-13,222,-38,219,-65,215,-88,209,-113,201,-136,190,-157,178,-177,165,-196,149,-212,132,-226,114,-238,95,-249,75,-256,54,-261,32,-263,11,-263,-11,-261,-32,-256,-54,-249,-75,-238,-95,-226,-114,-212,-132,-196,-149,-177,-165,-157,-178,-136,-190,-113,-201,-88,-209,-65,-215,-38,-219,-13,-222]]]
1133453	r	64.3544,35.573,65.2056,36.2671	[[[643544,359200,9,-227,27,-226,46,-224,63,-221,81,-217,98,-213,115,-207,131,-200,147,-193,162,-184,177,-176,191,-166,203,-155,215,-144,226,-132,237,-120,246,-107,253,-94,261,-80,266,-66,272,-51,274,-37,278,-23,278,-7,278,7,278,23,274,37,272,51,266,66,261,80,253,94,246,107,237,120,226,132,215,144,203,155,191,166,177,176,162,184,147,193,131,200,115,207,98,213,81,217,63,221,46,224,27,226,9,227,-9,227,-27,226,-46,224,-63,221,-81,217,-98,213,-115,207,-131,200,-147,193,-162,184,-177,176,-191,166,-203,155,-215,144,-226,132,-237,120,-246,107,-253,94,-261,80,-266,66,-272,51,-274,37,-278,23,-278,7,-278,-7,-278,-23,-274,-37,-272,-51,-266,-66,-261,-80,-253,-94,-246,-107,-237,-120,-226,-132,-215,-144,-203,-155,-191,-166,-177,-176,-162,-184,-147,-193,-131,-200,-115,-207,-98,-213,-81,-217,-63,-221,-46,-224,-27,-226,-9,-227]]]
1137168	r	68.8974,36.146,69.4399,37.1695	[[[688975,364111,1421,-695,-20,-19,150,-102,57,30,3816,-1865,-1224,5757,-92,-18,-139,-13,-8,52,76,23,108,60,28,24,-797,3751,-841,454,-53,20,-221,122,-4,3,-997,-3351,-298,-27,-36,-66,7,-50,-71,-85,-318,-39,-43,-28,11,-38,129,-29,114,-110,83,-22,14,-34,61,1,82,-304,17,-1,-56,-190,-215,63,-79,-34,-241,-20,-48,-81,116,-136,-4,-77,364,-4,9,-32,-85,-116,34,-63,-807,-2711]]]
1121381	n	66.6967,34.5039,67.2433,34.9561	[[[666967,347300,14,-222,39,-219,65,-215,90,-209,115,-201,138,-190,160,-178,180,-165,198,-149,216,-132,230,-114,242,-95,253,-75,260,-54,265,-32,268,-11,268,11,265,32,260,54,253,75,242,95,230,114,216,132,198,149,180,165,160,178,138,190,115,201,90,209,65,215,39,219,14,222,-14,222,-39,219,-65,215,-90,209,-115,201,-138,190,-160,178,-180,165,-198,149,-216,132,-230,114,-242,95,-253,75,-260,54,-265,32,-268,11,-268,-11,-265,-32,-260,-54,-253,-75,-242,-95,-230,-114,-216,-132,-198,-149,-180,-165,-160,-178,-138,-190,-115,-201,-90,-209,-65,-215,-39,-219,-14,-222]]]
1429434	n	69.2448,35.0839,69.7952,35.5361	[[[692448,353100,13,-222,40,-219,65,-215,91,-209,13,-23,618,-485,1787,-883,125,-5,270,11,267,32,262,54,254,75,244,95,232,114,217,132,200,149,181,165,161,178,139,190,116,201,91,209,65,215,40,219,13,222,-13,222,-40,219,-65,215,-91,209,-116,201,-139,190,-161,178,-181,165,-200,149,-217,132,-232,114,-244,95,-254,75,-262,54,-267,32,-270,11,-270,-11,-267,-32,-262,-54,-254,-75,-244,-95,-232,-114,-217,-132,-200,-149,-181,-165,-161,-178,-139,-190,-116,-201,-91,-209,-65,-215,-40,-219,-13,-222]]]
1136575	r	67.3006,36.2517,68.2808,37.282	[[[673006,369611,93,-350,51,-372,221,-462,-18,-550,26,-98,30,-38,171,25,295,143,63,6,68,-11,64,-77,-63,-2468,-71,-2842,6206,3104,247,-82,448,-40,215,81,59,-40,206,19,491,-137,43,18,-4,81,54,79,-8,59,-176,34,-42,30,76,125,296,73,-258,524,1019,509,-122,3147,-149,1,-411,111,-262,-30,-184,-122,-160,-133,-186,-63,-123,-62,-662,-457,-102,-54,-120,-40,-79,3,-23,1,0,1,-41,10,-56,32,-2,22,-31,13,-34,53,-41,88,-58,83,-344,341,-89,63,-236,100,-109,76,-159,206,-77,129,59,128,-65,66,-63,22,-94,-40,-35,1,-421,81,-249,101,-227,133,-122,135,-11,150,85,639,-45,186,-117,134,-177,85,-207,41,-357,-12,-127,12,-111,45,-218,132,-114,29,-114,-12,-191,-46,-104,-11,-63,-46,-61,-99,-77,-95,-108,-33,-164,116,-189,414,-230,91,-207,-46,-184,-111,-329,-265,-128,-77,-54,-2125,-221,-31,-404,-84,-416,-195,-60,13,-22,-288]]]
1123004	r	69.2351,36.2441,70.1447,37.2359	[[[692351,371096,797,-3751,-28,-24,-108,-60,-76,-23,8,-52,139,13,92,18,998,-4690,325,-44,400,-32,402,-10,402,10,400,32,397,53,392,74,385,94,376,114,367,134,354,153,342,172,327,189,311,205,293,222,275,237,256,251,234,264,212,275,190,287,166,295,142,304,116,310,92,317,65,320,40,323,13,324,-10,254,-1719,3191,-72,62,-293,222,-311,205,-327,189,-342,172,-354,153,-367,134,-376,114,-385,94,-392,74,-397,53,-400,32,-402,10,-402,-10,-400,-32,-59,-8,-18,-73,-344,-461,-165,-128,-404,-206,-160,-150,-109,-81,-118,-35,-35,-6,-230,-40,-198,-75,-201,-15,-106,57]]]
1147242	r	67.3131,34.152,68.5307,35.488	[[[673131,353331,650,-4175,-2,-5,-97,-92,-73,-288,-82,-120,39,-102,-3,-179,-43,-132,18,-108,-43,-167,4,-108,191,-225,21,-92,-20,-79,56,-296,-40,-55,-185,-104,21,-247,-57,-44,-53,-132,-70,-68,115,-70,44,-1,185,57,171,-20,105,63,96,-33,56,6,53,26,683,-4387,336,-126,495,-154,506,-127,515,-99,522,-71,526,-43,529,-14,529,14,526,43,522,71,515,99,506,127,495,154,482,181,466,206,449,231,430,254,409,278,294,227,1383,4295,-1059,5019,-232,205,-386,298,-409,278,-430,254,-449,231,-466,206,-482,181,-495,154,-506,127,-515,99,-522,71,-526,43,-529,14,-529,-14,-526,-43,-522,-71,-515,-99,-506,-127,-495,-154,-482,-181,-466,-206,-449,-231,-430,-254,-249,-169]]]
1130490	r	68.15,35.4572,69.3245,36.1428	[[[681500,357865,115,-250,163,-294,187,-284,209,-274,230,-262,251,-249,271,-236,288,-220,306,-205,322,-187,336,-171,348,-152,361,-133,370,-113,378,-94,386,-73,390,-53,394,-31,395,-11,395,11,394,31,390,53,386,73,378,94,370,113,139,51,3145,2643,127,274,115,309,90,314,64,318,39,321,13,322,-13,322,-39,321,-64,318,-46,161,-5707,-214,-67,83,-73,74,-194,108,-13,47,15,56,-29,61,-41,28,-68,15,-103,-37,-70,28,-96,12,-74,19,-127,64,-83,84,-240,61,-42,25,-44,86,-78,69,-51,110,-57,-61,-50,0,-63,58,-49,30,-82,-150,28,-51,-26,-88,-44,-28,-48,-14,-128,46,-124,35,-80,-1,-63,-21,-237,-53,-38,-30,-46,-8,-23,-46,-62,0,-25,-17,-76,-24,-39,-67,-28,-88,-85,-35,-65,-52,-40,-57,-161,-138,292,-241,-1357,-50,-1622,-2385]]]
1125444	r	64.898,36.2433,66.3408,37.358	[[[648980,366700,18,-450,17,-141,3675,-3194,2103,565,115,-334,102,-167,137,-60,88,-177,79,-82,11,-158,61,-69,190,235,148,91,110,18,74,46,161,26,250,102,144,103,208,77,487,59,210,68,84,52,278,258,-34,177,86,38,9,38,-8,60,-40,38,12,86,-47,97,22,58,60,61,18,26,11,4,18,18,64,10,84,145,160,50,142,90,326,115,94,113,145,14,96,-49,46,6,134,-91,292,78,88,-12,89,34,80,21,42,26,48,29,78,46,70,70,248,83,48,44,59,14,78,18,77,43,255,24,212,66,244,-19,22,-42,4,-3,2246,604,-743,6375,-432,250,-473,237,-492,213,-508,185,-521,159,-534,131,-543,102,-550,73,-555,44,-557,15,-557,-15,-555,-44,-133,-18,-14,-52,-128,-140,-281,-230,-463,-510,-355,-148,-135,-3,-2192,-45,-374,-217,-431,-285,-407,-308,-381,-329,-353,-348,-325,-366,-295,-382,-262,-397,-230,-410,-197,-421,-162,-431,-126,-439,-91,-444,-55,-448,-18,-450]]]
1145352	p	1147513
1127110	r	65.269,35.4742,66.8071,36.5796	[[[652690,362915,2929,-7544,167,-62,562,-172,575,-141,586,-111,592,-80,598,-47,601,-16,601,16,598,47,592,80,586,111,575,141,562,172,547,202,530,230,511,258,488,284,465,309,438,334,411,356,381,378,350,396,317,415,284,430,248,445,211,457,76,201,-396,641,-3433,4144,33,9,40,64,-38,92,51,69,3,72,-71,110,38,154,-63,146,-127,83,-44,61,-277,-310,-379,457,-2246,-604,-4,3,-22,42,-244,19,-212,-66,-255,-24,-77,-43,-137,-32,-48,-44,-248,-83,-70,-70,-168,-101,-80,-21,-89,-34,-88,12,-292,-78,-134,91,-46,-6,-96,49,-145,-14,-94,-113,-326,-115,-142,-90,-160,-50,-84,-145,-64,-10,-18,-18,-11,-4,-18,-26,-60,-61,-22,-58,47,-97,-12,-86,40,-38,8,-60,-9,-38,-86,-38,34,-177,-278,-258,-84,-52,-210,-68,-487,-59,-208,-77,-144,-103,-250,-102,-161,-26,-74,-46,-110,-18,-148,-91,-190,-235,-61,69,-11,158,-79,82,-88,177,-137,60,-102,167,-115,334,-2103,-565]]]
1120985	r	61.3148,30.2982,62.6266,31.6218	[[[613148,314251,1761,-220,1154,-144,549,-68,257,-87,196,-134,358,-389,69,-185,-69,-430,4,-199,97,-204,268,-380,85,-225,16,-293,25,-104,175,-318,122,-326,48,-199,1,-196,-71,-211,-191,-325,43,-117,1,-10,-113,-59,-49,-47,-30,-49,0,-61,-32,-97,-3,-33,37,-174,89,-87,24,-56,-36,-95,-6,-56,48,-177,28,-44,-151,-138,-826,-859,-1264,-1316,-1145,-1194,-616,-638,340,-210,426,-229,442,-204,457,-179,470,-152,480,-126,488,-98,495,-71,500,-42,501,-14,501,14,500,42,495,71,488,98,480,126,470,152,457,179,442,204,426,229,408,252,388,275,366,296,343,316,318,335,292,352,265,368,236,382,207,394,177,406,146,414,114,422,81,427,50,431,16,433,-16,433,-50,431,-81,427,-114,422,-146,414,-177,406,-207,394,-236,382,-265,368,-292,352,-318,335,-343,316,-366,296,-388,275,-408,252,-426,229,-442,204,-457,179,-470,152,-480,126,-488,98,-495,71,-500,42,-501,14,-501,-14,-500,-42,-495,-71,-488,-98,-480,-126,-470,-152,-457,-179,-442,-204,-426,-229,-408,-252,-388,-275,-366,-296,-31,-29]]]
1148311	r	70.7477,34.5511,71.5123,35.2023	[[[707477,348700,9,-217,26,-217,43,-214,59,-212,77,-208,93,-204,108,-198,124,-191,139,-185,154,-177,167,-168,180,-159,192,-148,203,-138,214,-127,224,-115,232,-102,240,-90,246,-76,64,-16,204,-27,183,74,108,200,33,244,-36,207,-75,223,14,153,104,117,703,474,386,168,136,111,525,620,152,341,187,307,354,226,1203,402,148,49,96,70,71,106,87,232,79,105,0,1,1,0,109,65,70,81,10,55,-15,28,-124,191,-139,185,-154,177,-167,168,-180,159,-192,148,-203,138,-214,127,-224,115,-232,102,-240,90,-246,76,-252,64,-256,49,-260,35,-262,22,-263,7,-263,-7,-262,-22,-260,-35,-256,-49,-252,-64,-246,-76,-240,-90,-232,-102,-224,-115,-214,-127,-203,-138,-192,-148,-180,-159,-167,-168,-154,-177,-139,-185,-124,-191,-108,-198,-93,-204,-77,-208,-59,-212,-43,-214,-26,-217,-9,-217]]]
1127768	n	67.7414,36.0439,68.2986,36.4961	[[[677414,362700,14,-222,40,-219,66,-215,93,-209,116,-201,141,-190,163,-178,183,-165,203,-149,219,-132,235,-114,247,-95,257,-75,266,-54,270,-32,273,-11,273,11,270,32,266,54,257,75,247,95,235,114,219,132,203,149,183,165,163,178,141,190,116,201,93,209,66,215,40,219,14,222,-14,222,-40,219,-66,215,-93,209,-116,201,-141,190,-163,178,-183,165,-203,149,-219,132,-235,114,-247,95,-257,75,-266,54,-270,32,-273,11,-273,-11,-270,-32,-266,-54,-257,-75,-247,-95,-235,-114,-219,-132,-203,-149,-183,-165,-163,-178,-141,-190,-116,-201,-93,-209,-66,-215,-40,-219,-14,-222]]]
1142170	r	69.9821,36.64,71.1779,37.6	[[[699821,371200,13,-314,38,-312,5,-24,1273,-2363,155,-152,267,-229,286,-215,302,-199,318,-183,333,-166,345,-148,356,-129,366,-111,375,-91,381,-71,386,-52,389,-30,391,-11,391,11,389,30,386,52,381,71,375,91,366,111,356,129,345,148,333,166,318,183,302,199,286,215,267,229,248,243,228,255,207,267,184,277,162,286,137,294,114,301,89,306,64,310,38,312,13,314,-13,314,-38,312,-64,310,-89,306,-114,301,-137,294,-162,286,-184,277,-207,267,-228,255,-248,243,-267,229,-286,215,-302,199,-318,183,-333,166,-345,148,-356,129,-366,111,-375,91,-381,71,-386,52,-389,30,-391,11,-391,-11,-389,-30,-386,-52,-381,-71,-375,-91,-366,-111,-356,-129,-345,-148,-333,-166,-318,-183,-302,-199,-286,-215,-267,-229,-248,-243,-228,-255,-207,-267,-184,-277,-162,-286,-137,-294,-114,-301,-89,-306,-64,-310,-38,-312,-13,-314]]]
1134720	n	64.1063,31.3639,64.6336,31.8161	[[[641064,315900,12,-222,38,-219,63,-215,87,-209,111,-201,133,-190,154,-178,174,-165,191,-149,208,-132,222,-114,234,-95,244,-75,251,-54,256,-32,258,-11,258,11,256,32,251,54,244,75,234,95,222,114,208,132,191,149,174,165,154,178,133,190,111,201,87,209,63,215,38,219,12,222,-12,222,-38,219,-63,215,-87,209,-111,201,-133,190,-154,178,-174,165,-191,149,-208,132,-222,114,-234,95,-244,75,-251,54,-256,32,-258,11,-258,-11,-256,-32,-251,-54,-244,-75,-234,-95,-222,-114,-208,-132,-191,-149,-174,-165,-154,-178,-133,-190,-111,-201,-87,-209,-63,-215,-38,-219,-12,-222]]]
1142264	r	61.2038,31.6259,63.0362,33.159	[[[612038,323800,19,-510,59,-507,98,-503,136,-496,174,-488,211,-477,248,-465,282,-449,317,-433,349,-414,380,-394,410,-373,438,-348,463,-323,488,-297,385,-204,6992,-860,84,16,574,148,561,180,546,210,529,240,509,270,488,297,463,323,438,348,410,373,380,394,349,414,317,433,282,449,248,465,211,477,174,488,136,496,98,503,59,507,19,510,-19,510,-59,507,-98,503,-136,496,-174,488,-211,477,-248,465,-282,449,-317,433,-349,414,-380,394,-410,373,-438,348,-463,323,-488,297,-509,270,-529,240,-546,210,-561,180,-574,148,-584,116,-591,83,-597,50,-599,16,-599,-16,-597,-50,-591,-83,-584,-116,-574,-148,-561,-180,-546,-210,-529,-240,-509,-270,-488,-297,-463,-323,-438,-348,-410,-373,-380,-394,-349,-414,-317,-433,-282,-449,-248,-465,-211,-477,-174,-488,-136,-496,-98,-503,-59,-507,-19,-510]]]
1131833	r	65.5875,33.2658,66.6725,34.1742	[[[655875,337200,12,-297,35,-296,58,-293,80,-290,103,-284,125,-278,147,-271,167,-262,188,-253,206,-241,226,-230,242,-217,259,-203,275,-189,288,-173,302,-157,313,-140,323,-123,332,-104,340,-87,346,-67,350,-49,353,-29,355,-9,355,9,353,29,350,49,346,67,340,87,332,104,323,123,313,140,302,157,288,173,275,189,259,203,242,217,226,230,206,241,188,253,167,262,147,271,125,278,103,284,80,290,58,293,35,296,12,297,-12,297,-35,296,-58,293,-80,290,-103,284,-125,278,-147,271,-167,262,-188,253,-206,241,-226,230,-242,217,-259,203,-275,189,-288,173,-302,157,-313,140,-323,123,-332,104,-340,87,-346,67,-350,49,-353,29,-355,9,-355,-9,-353,-29,-350,-49,-346,-67,-340,-87,-332,-104,-323,-123,-313,-140,-302,-157,-288,-173,-275,-189,-259,-203,-242,-217,-226,-230,-206,-241,-188,-253,-167,-262,-147,-271,-125,-278,-103,-284,-80,-290,-58,-293,-35,-296,-12,-297]]]
1133574	r	69.6738,34.2039,70.676,35.2397	[[[696738,346807,888,-4432,286,-194,239,-142,3082,2072,4170,2802,1357,912,-1202,3799,-18,9,-397,176,-410,154,-422,131,-430,108,-439,85,-444,61,-448,36,-450,12,-5,0,-4120,-2985,-1237,-2604]]]
