616052	r	44.2782,40.0415,44.7479,40.2834	[[[442782,401260,61,-826,48,0,81,-19,4507,455,-1633,1266,35,35,-8,42,-40,-8,-70,0,-21,63,-40,14,-26,-10,-27,30,-15,-1,-11,9,-11,11,-6,2,-15,12,31,30,29,11,-38,11,25,28,-6,3,-53,-36,-43,-5,-589,457,-764,-556,-30,10,-25,-21,10,-15,-6,-7,1,-3,-18,-13,24,-15,-51,34,-52,9,-60,-5,-28,-79,58,-23,-1224,-890]]]
7670934	p	616052
11111027	p	616052
866153	p	616052
7670941	p	616052
866152	p	616052
866164	p	616052
13156582	p	616052
616635	r	43.5674,40.498,44.1832,41.082	[[[435674,409869,375,-236,313,-298,115,-196,42,-191,23,-201,53,-227,103,-199,415,-505,93,-187,35,-165,53,-693,-30,-81,-208,-282,-61,-62,77,-227,-8,-7,1,-3,-9,-10,-9,-2,-29,-25,2,-6,-12,-6,-2,1,-130,-117,-12,-13,-6,-3,-19,-16,4,-38,16,-12,3,-11,-17,-10,-41,-2,-6,-34,8,-18,-11,-18,-23,-8,-25,27,-12,0,-55,-47,8,-21,25,-11,9,-17,-7,-19,-66,-14,-9,-5,-5,-19,-45,15,-75,-116,5,-133,64,-30,222,-90,228,-79,235,-67,239,-56,245,-43,247,-31,249,-19,251,-6,251,6,249,19,247,31,245,43,239,56,235,67,228,79,222,90,212,101,204,111,194,121,183,131,171,140,159,147,146,156,133,162,14,19,-164,3081,-129,138,-159,147,-171,140,-183,131,-194,121,-204,111,-212,101,-222,90,-228,79,-235,67,-239,56,-245,43,-247,31,-249,19,-251,6,-251,-6,-249,-19,-247,-31,-245,-43,-239,-56,-235,-67,-228,-79,-222,-90,-212,-101,-204,-111,-194,-121,-183,-131,-117,-96]]]
616530	r	44.1659,40.5563,44.8382,41.1104	[[[441660,409694,8,-154,164,-3081,8,-153,32,-35,164,-152,176,-143,167,-119,1837,-294,4166,2173,-437,2360,-157,128,-189,135,-199,124,-210,115,-219,104,-227,92,-235,82,-242,69,-247,57,-251,44,-254,32,-257,20,-258,6,-258,-6,-257,-20,-254,-32,-251,-44,-247,-57,-242,-69,-235,-82,-227,-92,-219,-104,-210,-115,-199,-124,-189,-135,-176,-143,-164,-152,-150,-160,-62,-75]]]
7647071	p	616052
616864	p	616052
616758	p	616052
617026	r	44.4947,40.0723,44.9227,40.4462	[[[444947,402834,589,-457,43,5,53,36,6,-3,-25,-28,38,-11,-29,-11,-31,-30,15,-12,6,-2,11,-11,11,-9,15,1,27,-30,26,10,40,-14,21,-63,70,0,40,8,8,-42,-35,-35,1633,-1266,1013,-147,38,24,161,116,151,124,141,132,129,138,115,143,-571,2034,-3398,1028,-311,-1628]]]
616629	r	44.4216,40.3434,45.0875,40.7736	[[[444216,405563,1042,-1101,3398,-1028,2219,2732,-2493,1570,-4166,-2173]]]
174875	r	46.0347,38.9173,46.6026,39.5027	[[[460348,392100,8,-191,25,-191,39,-189,56,-186,72,-184,86,-179,101,-174,116,-169,130,-163,143,-156,155,-148,168,-139,179,-131,190,-122,200,-111,208,-101,217,-91,223,-79,230,-67,235,-56,239,-43,187,-24,121,30,106,11,137,-23,141,-50,40,-1,245,7,245,18,242,32,55,10,-94,154,-42,117,-10,121,17,124,35,122,15,28,7,32,131,317,29,280,-56,284,-126,329,-242,151,-333,147,-255,198,-8,228,22,-29,26,14,64,104,49,-29,45,20,97,-15,27,35,78,14,98,6,25,17,44,2,40,-8,68,3,34,-15,-2,25,-28,15,-3,10,-17,8,519,-205,123,14,464,257,210,6,88,34,-35,70,-12,26,-68,60,-66,47,-427,233,-241,197,-98,148,-52,159,-74,145,-160,102,-719,249,-328,197,-137,315,131,257,317,152,733,106,3,1,121,45,68,74,4,93,-69,106,0,18,-85,15,-242,32,-245,18,-245,7,-245,-7,-245,-18,-242,-32,-239,-43,-235,-56,-230,-67,-223,-79,-217,-91,-208,-101,-200,-111,-190,-122,-179,-131,-168,-139,-155,-148,-143,-156,-130,-163,-116,-169,-101,-174,-86,-179,-72,-184,-56,-186,-39,-189,-25,-191,-8,-191],[463953,391952,5,4,4,2,1,1,28,21,-11,10,29,-28,-53,-53,-1,-14,-2,57],[464126,392078,26,18,8,-20,22,-23,51,-16,22,4,1,-19,-16,-11,-58,17,-56,50],[464201,392117,15,-1,-1,-2,-8,-1,-6,4],[464231,392114,198,-19,-100,-13,-33,-32,-7,9,-30,9,-28,46],[464430,392095,104,-11,32,-13,-17,-8,-2,-14,-69,4,-48,42]]]
616631	n	43.7461,40.0172,44.2843,40.3861	[[[437461,401600,15,-222,42,-219,70,-215,73,-156,367,-81,1090,-462,43,0,24,8,47,-5,5,-20,81,-10,73,14,27,-8,29,12,57,-17,11,-27,110,-15,11,3,17,-6,12,-2,6,6,32,5,20,38,33,25,19,30,32,11,28,21,51,10,37,-7,19,8,52,-23,14,5,26,-6,114,6,17,-10,9,-27,23,-8,26,10,12,-4,38,6,12,-7,19,17,24,-2,6,7,18,3,20,0,32,-15,67,4,23,18,34,2,26,-9,68,1,92,39,28,-7,38,10,17,-8,92,19,33,-5,123,25,91,-19,6,11,13,2,31,-12,18,1,8,-8,0,-47,58,-43,85,-22,104,11,205,46,286,28,603,126,290,0,-61,826,-1935,2572,-159,18,-288,11,-288,-11,-285,-32,-280,-54,-272,-75,-260,-95,-248,-114,-231,-132,-214,-149,-194,-165,-171,-178,-149,-190,-123,-201,-97,-209,-70,-215,-42,-219,-15,-222]]]
174979	r	44.2971,39.7305,44.899,40.0871	[[[442972,400415,284,-68,553,-249,834,-375,405,-271,-29,-26,0,-57,6,-17,58,-25,15,-20,39,-2,19,-7,30,-43,12,-43,13,-14,89,27,51,-7,3,4,125,-107,112,-146,47,-152,37,-87,85,-66,151,-86,31,-97,3,-113,37,-58,133,63,362,-322,185,-87,51,-5,111,13,48,-8,48,-34,58,-77,540,-548,106,58,177,112,167,121,156,128,145,136,133,144,120,149,108,156,94,160,80,165,67,169,52,172,37,173,22,176,8,176,-8,176,-22,176,-37,173,-52,172,-67,169,-80,165,-94,160,-9,14,-129,18,-1013,147,-4507,-455]]]
616627	n	44.853,40.6539,45.447,41.0961	[[[448530,408800,14,-222,43,-219,71,-215,98,-209,124,-201,150,-190,174,-178,196,-165,216,-149,234,-132,250,-114,263,-95,275,-75,283,-54,288,-32,291,-11,291,11,288,32,283,54,275,75,263,95,250,114,234,132,216,149,196,165,174,178,150,190,124,201,98,209,71,215,43,219,14,222,-14,222,-43,219,-71,215,-23,49,-32,7,-123,101,34,126,-78,127,-150,190,-82,84,-69,-26,-465,-176,-228,28,-439,137,-471,41,-164,105,-155,126,-205,97,-326,257,-166,67,-29,-182,-61,-119,-193,15,-217,111,-128,167,57,173,-266,-72,-263,-95,-45,-21,134,-24,111,-286,-143,-231,-362,94,-125,122,-44,106,-10,-6,-216,-149,-196,-165,-174,-178,-150,-190,-124,-201,-98,-209,-71,-215,-43,-219,-14,-222],[451772,409938,31,26,35,15,39,5,41,-6,287,-187,-106,-111,-231,28,-96,230]]]
616599	r	44.8656,40.0942,45.4534,40.6058	[[[448656,403434,558,-1987,134,-74,185,-88,193,-79,198,-69,204,-59,209,-49,213,-38,215,-27,217,-16,218,-6,218,6,217,16,215,27,213,38,209,49,204,59,198,69,193,79,185,88,177,98,169,106,159,114,149,123,139,129,127,136,115,142,103,148,90,152,77,157,63,160,50,163,35,165,21,167,8,167,-8,167,-21,167,-35,165,-50,163,-63,160,-77,157,-90,152,-103,148,-115,142,-127,136,-139,129,-149,123,-159,114,-169,106,-177,98,-185,88,-193,79,-198,69,-204,59,-209,49,-213,38,-215,27,-217,16,-218,6,-218,-6,-212,-16,-2114,-2602]]]
616877	r	44.0394,40.126,44.5258,40.5785	[[[440395,404433,2387,-3173,1224,890,-58,23,28,79,60,5,52,-9,28,-18,17,12,-1,3,6,7,-10,15,25,21,30,-10,764,556,311,1628,-1042,1101,-1388,222,-188,-34,-232,-54,-228,-65,-221,-77,-214,-88,-206,-99,-197,-108,-188,-118,-177,-128,-166,-136,-154,-144,-141,-151,-121,-150]]]
