2240449	r	13.1735,-8.9067,13.3347,-8.7564	[[[131735,-88864,4,-4,26,3,-8,-26,31,-25,-11,-12,20,-37,38,27,58,-107,478,116,171,115,1,-29,41,-14,26,-162,501,-48,-4,20,-156,142,107,120,-26,18,75,118,-99,60,339,328,-4,23,-107,83,-28,-8,-11,38,-240,186,10,103,121,-5,-58,277,-59,-23,-71,-57,-44,-90,-9,-36,-13,-12,-29,-7,-17,-20,-4,3,-1,-8,-5,-5,3,-3,-1,-3,-29,-18,-3,0,-3,-5,-6,-3,2,-2,-4,5,-16,-15,-4,-3,-80,-17,-106,-68,-67,-43,-9,5,15,28,-13,7,-34,-64,2,5,-6,-3,-19,8,-13,-5,-1,-18,-119,-53,-6,5,-7,21,-10,10,5,11,-12,18,16,40,-9,-1,1,5,11,1,6,18,17,7,54,45,3,24,13,27,-5,6,78,32,22,-2,18,23,26,14,11,21,21,18,13,26,43,30,13,25,8,0,42,43,-10,16,-8,0,-129,-121,-25,-12,-66,-56,-68,-41,-33,-36,-8,-1,-20,-29,-9,-2,-11,-34,-6,-9,-8,1,-29,-75,-34,-24,-14,-24,-4,2,4,-5,-7,-9,6,-4,-1,-11,-30,-40,10,-10,-17,-8,-142,-83,117,189,384,382,51,50,-38,30,-25,-8,-54,-18,-174,-132,-295,-322,-40,-100,15,-234,-9,-110,-56,-111,-44,-45,83,-40,43,-6,-14,-23,-154,-98,-8,-29,-25,2,-2,-9],[132167,-88129,10,14,11,51,30,18,-14,-22,10,-18,-5,3,-19,-9,-16,-33,-7,-4]]]
8307074	n	13.2951,-8.9259,13.3823,-8.835	[[[132951,-88905,156,-142,4,-20,56,-9,-47,-73,133,-110,570,689,-12,18,-44,-4,-16,17,4,16,-6,23,-63,34,-17,48,-24,9,-13,22,-5,37,-111,-80,-288,-58,-32,4,-13,-49,7,-92,-41,-38,-1,-12,-41,26,-75,-118,26,-18,-107,-120]]]
2236500	r	13.2877,-9.0763,13.7909,-8.8506	[[[132877,-90616,5,-76,24,-15,13,1,15,-6,62,-51,570,393,1255,202,3088,497,-1006,825,-1107,340,-118,-72,-189,-559,-94,50,-56,-7,-81,15,4,16,-122,90,-210,-42,-59,-6,-59,14,-60,31,-2,36,-39,76,-54,23,-41,8,-33,-7,-56,39,-41,-4,-21,15,-51,14,-9,13,-1,15,-71,48,-156,12,-14,17,-41,-16,-20,16,-89,6,-19,-5,-47,30,-16,23,-26,-10,-30,-1,-22,35,-27,19,-3,4,-570,-689,-133,110,-26,-40,21,-129,-22,-123,-64,-26,26,-261,-38,-1,15,-168,-155,-689,0,-30]]]
7758790	n	13.303,-8.9137,13.6463,-8.3636	[[[133030,-87564,58,-277,149,53,53,-132,0,-6,-53,-10,-82,-51,42,-138,11,-38,28,8,40,12,11,-35,55,-54,1,-6,6,-34,-53,-85,-50,-17,-27,-22,-23,-88,32,-4,288,58,111,80,5,-37,13,-22,24,-9,17,-48,63,-34,6,-23,-4,-16,16,-17,44,4,15,-22,27,-19,22,-35,30,1,26,10,16,-23,47,-30,19,5,89,-6,20,-16,41,16,14,-17,156,-12,71,-48,1,-15,9,-13,51,-14,21,-15,41,4,56,-39,33,7,41,-8,54,-23,39,-76,2,-36,60,-31,59,-14,59,6,210,42,122,-90,-4,-16,81,-15,56,7,94,-50,189,559,118,72,226,-69,84,76,150,165,133,178,74,122,-809,1491,165,2861,-97,46,-2023,-2150,68,-180,106,-146,188,-259,48,-149,-28,-149,-148,-374,-31,-121,-101,-387,-240,-85,-11,2,0,-89,-56,38,-66,-30,-26,18,-51,-1,-60,41,-49,22,-29,7,-18,46,-5,-1,-60,-19,-55,34,-7,2,-16,4,-8,-1,-14,-1],[135531,-88460,0,10,17,0,-4,-7,-13,-3]]]
2239888	p	2240449
2591957	n	13.2186,-8.9742,13.312,-8.9019	[[[132186,-89742,164,8,705,6,-26,261,64,26,22,123,-21,129,26,40,-107,88,-420,41,-378,-608,-29,-114]]]
2591953	p	2240449
2242906	n	13.2996,-9.1796,13.4821,-9.0168	[[[132996,-90763,13,-11,64,-22,74,-63,37,-8,65,23,21,-9,36,-28,25,-43,19,-51,2,-27,-10,-25,-23,-29,7,-46,-29,-94,-11,-76,-17,-63,23,-15,25,-51,47,-59,-4,-52,-10,-9,1,-12,-10,-20,153,-47,160,-94,104,28,36,-35,42,-89,17,-6,16,2,23,16,10,37,-30,164,0,24,7,14,130,-9,108,10,72,-26,65,5,44,-6,112,-40,135,-3,34,-20,74,-82,44,26,3,34,29,10,23,17,11,28,0,28,-27,44,-40,128,3,65,-13,40,12,215,-10,77,-8,0,-24,294,165,536,-1255,-202,-570,-393]]]
13631351	p	2240449
3347762	r	12.7423,-16.0756,14.3557,-14.2677	[[[127423,-147007,2933,-13563,508,-185,12458,7205,-1018,8030,28,26,230,103,231,144,150,214,178,697,211,228,225,164,-214,178,-239,103,-495,289,-211,97,-239,-195,-107,-62,-109,857,-14520,-4330]]]
3348313	r	14.7926,-14.0874,16.5974,-11.4339	[[[147926,-126831,260,-494,-161,-208,0,-256,111,-269,170,-239,100,-236,8,-461,411,-714,206,-245,105,-236,142,-705,30,-264,-261,-714,522,-997,214,-248,670,-297,36,-217,192,-230,216,-103,428,-128,222,-108,450,167,511,83,478,114,222,-97,192,-223,222,-475,81,-744,8,-225,-28,-247,42,-242,122,-217,245,-88,469,58,458,-20,50,-283,-47,-989,220,-39,264,70,227,144,489,245,203,208,6,211,155,225,256,117,469,100,231,172,344,458,211,236,695,664,262,321,2265,-5627,2165,-751,1821,1825,-2406,5425,168,-84,761,230,216,-16,470,-212,762,402,-24,64,44,4,-29,25,1,59,51,19,-35,46,6,37,42,42,-13,57,37,24,9,-19,6,49,31,25,-31,71,21,8,-19,33,25,37,-17,43,34,34,-3,62,-55,21,-23,47,35,42,-27,11,10,56,32,15,-23,18,9,79,26,-2,34,101,-31,10,24,2,17,76,32,22,-20,13,5,46,-26,10,15,67,-43,9,-14,74,-24,2,15,19,-21,-6,-21,32,30,46,-3,69,27,-6,24,38,-15,20,25,7,-17,12,22,51,-29,15,14,26,-25,-9,-13,64,39,92,-4,79,-17,62,-21,-12,-17,35,4,53,50,81,-37,38,10,19,-62,11,-12,87,-64,67,1,31,29,13,-20,28,37,33,-39,103,33,103,-22,56,22,5,-35,35,8,38,-26,0,-9,53,-93,59,10,37,-34,36,53,48,-15,80,13,6,3,35,-39,16,7,45,14,-14,13,23,-53,83,-2,83,46,107,-26,56,0,85,-23,17,18,32,-23,7,36,41,11,30,-20,21,21,27,-30,38,23,73,-52,100,19,76,52,25,-18,19,39,84,-43,103,32,23,2,35,-28,32,15,32,-54,12,-74,-22,-36,22,35,135,-44,46,21,54,-31,31,65,23,-24,80,-43,32,40,13,-18,14,23,4,-8,13,20,-7,-23,154,62,66,-83,74,43,74,-43,6,-7,55,-50,14,35,21,-22,30,64,28,-32,41,27,14,-35,16,43,50,2,89,37,51,-23,44,-38,-14,-8,23,-131,44,-252,58,-500,272,-13,-17,-152,-165,-167,-149,-182,-132,-193,-114,-204,-95,-213,-75,-219,-54,-223,-32,-226,-11,-226,11,-223,32,-219,54,-213,75,-204,95,-193,114,-182,132,-167,149,-152,165,-134,178,-116,190,-97,201,-76,209,-55,215,-33,219,-11,222,11,222,33,219,55,215,76,209,97,201,116,190,134,178,152,165,167,149,182,132,193,114,204,95,213,75,219,54,223,32,226,11,226,-11,223,-32,219,-54,213,-75,204,-95,193,-114,182,-132,167,-149,128,-139,-7,67,-32,21,-19,63,14,88,-53,37,29,40,-23,38,37,24,-10,52,-51,57,4,46,-34,0,-58,49,-29,72,-34,-18,-89,99,-46,-25,-20,24,-24,49,57,109,-61,44,41,30,2,48,-46,39,-27,88,-42,20,3,31,-39,24,-10,52,-47,53,69,149,-24,53,52,-3,31,66,25,-11,-43,62,16,61,21,-2,14,46,20,-17,22,14,11,-25,72,31,-16,44,23,67,52,-37,17,29,44,6,51,77,12,-15,90,64,6,-26,25,17,12,-21,52,46,48,2,21,54,62,15,50,64,49,2,-3,30,39,1,6,60,56,74,21,-3,-11,17,29,-22,47,23,100,-10,8,83,-48,7,64,34,-4,51,46,-30,30,32,117,17,22,91,97,-3,29,30,69,4,-17,96,-39,29,-14,59,10,114,30,30,21,-32,52,50,72,7,39,35,-12,23,43,78,-7,81,-60,120,52,155,45,-43,37,104,36,14,-24,34,-52,8,-34,57,122,141,32,-9,-5,24,30,2,13,46,28,1,-8,31,29,41,-46,20,-6,95,87,16,-10,75,138,60,-24,98,24,-19,41,68,67,15,1,18,27,-12,7,28,93,-19,32,64,46,5,-28,96,22,99,45,67,-21,74,19,84,-25,27,11,43,-74,1,26,30,-3,111,-30,7,-24,60,8,71,-24,46,-17,-12,-26,51,-92,-37,-101,57,30,19,-17,13,18,31,-35,28,-26,-18,4,34,-62,4,-57,78,7,40,-59,-42,-10,43,-82,40,-5,38,-54,62,-62,-8,-22,18,-55,113,9,55,-27,6,-16,37,-78,-3,-59,32,24,60,-104,106,57,49,-2,58,-66,-1,13,28,-46,9,56,36,2,35,-36,-1,12,56,-21,12,36,29,-25,72,-40,18,9,98,32,16,-8,78,-47,28,-27,-18,-1,23,-123,92,-8,-23,-161,29,-73,143,14,10,-50,49,-42,9,-23,-69,-39,9,-12,80,27,18,-17,-5,13,26,-33,17,-37,-12,-44,-62,-122,-6,-21,91,-97,43,58,68,-39,74,113,178,-104,62,-29,-12,3,-27,-49,-16,-11,100,-47,-12,13,24,-49,20,-24,-28,-91,-12,-83,29,14,31,-41,53,-38,-22,-38,19,35,76,-26,24,71,109,-51,25,-1,40,-165,38,-63,130,-14,-57,-39,12,16,20,-21,22,22,26,-19,38,-33,-2,32,146,-2,39,-25,-30,-19,35,14,99,-29,49,25,35,-6,149,28,38,-50,55,18,25,-3,142,83,27,54,56,-33,56,-36,7,-21,57,-88,-33,-15,-26,-49,11,-8,-44,-106,-4,-40,-54,-79,-1,-14,47,-76,17,-24,-28,-64,-1,-26,31,-128,-52,12,-42,-31,-41,15,-51,-53,8,-127,-37,-52,25,-25,57,-105,46,-23,85,-42,11,-74,102,-87,-32,-56,59,-54,-4,-76,101,-33,-56,-148,-56,-60,12,-13,31,-100,-26,-37,11,-321,293,-214,142,-239,233,-261,-69,-198,-242,-49,-109,2,-118,-152,-121,-98,159,-161,47,-92,-14,-145,38,-137,-89,-210,75,-69,67,-293,-258,-369,18,-152,177,-195,-3,-44,-129,-163,-44,-173,161,-251,179,-215,3,-117,-54,-31,-46,-42,-10,-10,22,-39,-47,-53,-8,-29,20,-8,-28,-37,-14,-42,46,-23,-37,-98,-43,-68,25,-23,-32,-66,-15,10,-31,-33,1,3,-21,-70,-7,-25,39,-133,-46,-44,-37,-38,8,2,-22,-16,10,-63,-47,-28,18,1,-29,-52,18,9,-14,-31,0,-23,-37,-40,20,-23,-29,-13,13,-62,-28,-23,39,-168,-72,-17,-35,-12,21,-49,-15,-64,33,-45,-80,-9,22,-91,-19,-68,23,5,60,-80,10,-17,23,-25,-40,-16,23,-59,-38,1,-34,-90,-2,1,-20,-130,-31,-64,-45,-179,-40,7,-26,-53,-82,-44,6,8,-50,-46,-17,-74,28,-13,-27,-106,-15,-45,-52,-96,18,-29,-56,-98,39,-57,-40,-46,26,-86,-38,-64,-118,32,-66,-44,-51,-156,0,-95,63,-215,-139,-59,26,-36,-25,24,-17,-28,-32,10,-21,-44,-9,20,-20,-37,-4,-2,-31,81,-57,17,-65,29,17,19,-34,-34,-5,14,-55,-26,-69,67,-7,32,-60,-27,-10,2,-37,-36,-54,16,-56,-68,-47,159,-32,43,24,67,-38,86,-114,85,-6,32,-122,-20,-75,39,-37,49,26,45,-20,-11,-61,-24,2,0,-53,34,17,12,-28,70,10,34,-19,-131,-77,57,-78,-9,-54,30,-61,-46,-45,-44,-3,1,-22,36,-5,-4,-26,-50,-12,31,-27,32,12,11,-30,-37,-47,9,-37,45,-14,50,17,47,-46,58,25,109,-87,16,-51,-78,-27,-26,-104,-100,-133,5,-77,-45,-51,-40,-6,61,-126,-34,-76,-182,-72,-15,-28,-23,10,21,-124,84,-62,61,-14,-8,-84,59,-37,-19,-90,-37,7,-26,-111,24,-50,-22,-15,33,-34,-98,-80,29,-38,-20,-38,14,-83,-11,-63,-47,-9,13,-81,-255,-24,-117,56,-159,-5,-69,-215,-155,-208,-195,-208,-228,-125,-244,97,-256,-125,-258,-181,-239,-8,-375,-64,-236,-175,-183,-236,-111,-231,-359,-972,-22,-8,-50,-1050,17,-470,64,-213,325,-725,-131,-209,78,-216,178,-217,-184,-264,-489,-50,-269,-67,-506,-222,-275,-228,-88,-247,-703,-369,-252,-223],[150196,-129100,11,222,33,219,55,215,76,209,97,201,116,190,135,178,152,165,167,149,182,132,194,114,204,95,213,75,220,54,223,32,226,11,226,-11,77,-11,1099,-1200,471,-2350,0,-2,-92,-121,-152,-165,-167,-149,-182,-132,-194,-114,-204,-95,-213,-75,-220,-54,-223,-32,-226,-11,-226,11,-223,32,-220,54,-213,75,-204,95,-194,114,-182,132,-167,149,-152,165,-135,178,-116,190,-97,201,-76,209,-55,215,-33,219,-11,222]]]
3351663	r	12.3167,-13.8884,15.1108,-11.7625	[[[123167,-134343,13,-453,111,-469,2123,-78,675,60,222,-123,239,-50,461,-8,253,-58,458,-220,517,-11,205,-150,220,-222,217,-89,322,120,547,272,522,161,220,42,119,227,53,228,247,39,453,-214,275,-42,486,-16,231,-111,233,-28,217,-56,222,-122,64,-236,-228,-467,-45,-233,70,-214,150,-247,417,-453,147,-253,161,-458,242,-150,447,253,253,-50,438,-261,217,-48,264,48,26,83,227,14,228,122,236,70,252,127,283,28,237,-197,-6,-61,99,-67,25,-53,110,6,130,-55,65,21,6,25,49,-19,157,72,75,-26,161,5,1076,73,222,101,122,24,58,-15,49,-52,144,-33,51,39,172,-189,103,-161,39,-71,29,-177,36,-35,55,109,115,-11,54,64,140,29,51,128,-7,81,138,-50,172,8,251,101,293,48,24,-195,775,-117,939,-55,270,41,222,70,155,244,48,390,75,137,0,159,-40,145,77,332,-48,161,58,32,81,-18,238,31,192,76,152,-4,35,27,71,-17,48,341,-88,100,10,67,-50,98,-81,19,135,219,170,78,92,-32,177,-162,199,-98,108,42,84,-18,95,91,182,-134,198,-81,26,-67,-42,-212,53,-139,304,52,130,-65,101,65,129,138,105,51,3,68,33,42,38,-16,37,26,80,-30,72,44,148,-31,113,117,90,23,51,51,128,60,138,-46,101,20,49,-39,126,136,78,11,34,54,55,-14,101,37,228,241,-7,28,32,15,32,-18,87,47,40,173,-41,45,28,27,5,85,40,51,-12,26,46,165,50,-47,-2,35,30,0,0,43,44,57,290,35,231,-61,214,-178,219,-19,239,219,228,64,258,136,278,14,125,-22,194,880,-211,67,-216,103,-192,230,-36,217,-670,297,-214,248,-522,997,261,714,-30,264,-142,705,-105,236,-206,245,-411,714,-8,461,-100,236,-170,239,-111,269,0,256,161,208,-260,494,252,223,703,369,88,247,275,228,506,222,269,67,489,50,184,264,-178,217,-78,216,131,209,-325,725,-64,213,-17,470,50,1050,-461,94,-58,470,-214,150,-464,197,-467,261,-241,103,-234,0,-236,-172,-233,-64,-717,47,-239,69,-472,970,-133,222,-170,247,-555,703,-445,453,-230,42,-261,-64,-242,-89,-481,-309,-222,-152,-147,-217,-233,-481,-189,-222,-506,-214,-211,206,-119,253,-156,216,-247,186,-236,98,-267,55,-156,217,-61,753,-83,216,-497,109,-234,-48,-233,-111,-228,-61,-198,118,-502,185,-181,-66,-44,22,-113,-102,-66,-2,-5,58,-49,47,-33,-164,-35,-10,-118,64,-136,-30,-29,40,-8,-35,-46,-3,-77,40,-2116,-22,-80,-305,-74,-496,-253,-355,-138,-306,-77,-286,-65,-406,-87,-306,-166,-258,-99,-214,-162,-577,-100,-267,-629,-493,-392,-440,-200,-297,-135,-291,-242,-364,-172,-374,-445,-37,-376,-91,-465,-62,-344,-118,-316,-171,-501,-382,-261,-234,-216,-235,-219,-322,-265,-197,-196,-193,-546,-458,-272,-276,-268,-187,-299,-300,-254,-382,-114,-269,-65,-236,-49,-345,-5,-319,33,-298,75,-323,-204,-262,-251,-200,-526,-498,-337,-142,-223,-137,-202,-163,-278,-308,-306,-262,-211,-253,-267,-389,-116,-216,-95,-253,-466,-335,-297,-319,-120,-180,-158,-334,-164,-536,-50,-298],[134672,-124975,20,27,38,157,19,413,41,187,66,159,10,24,190,294,630,599,69,0,0,-68,-105,-37,-67,-63,-15,-83,50,-95,157,151,200,322,327,354,96,147,238,791,41,-24,182,-132,167,-149,151,-165,135,-178,116,-190,96,-201,76,-209,55,-215,33,-219,11,-222,-2,-40,2,0,2,-4,54,-215,34,-219,11,-222,-11,-222,-34,-219,-54,-215,-76,-209,-97,-201,-116,-190,-134,-178,-152,-165,-167,-149,-181,-132,-194,-114,-204,-95,-179,-63,-1529,1477],[139100,-124700,11,222,33,219,55,215,76,209,97,201,116,190,134,178,152,165,167,149,181,132,194,114,204,95,212,75,219,54,224,32,225,11,225,-11,224,-32,219,-54,212,-75,204,-95,194,-114,181,-132,167,-149,152,-165,134,-178,116,-190,97,-201,76,-209,55,-215,33,-219,11,-222,-11,-222,-33,-219,-55,-215,-76,-209,-97,-201,-116,-190,-134,-178,-152,-165,-167,-149,-181,-132,-194,-114,-204,-95,-212,-75,-219,-54,-224,-32,-225,-11,-225,11,-224,32,-219,54,-212,75,-204,95,-194,114,-181,132,-167,149,-152,165,-134,178,-116,190,-97,201,-76,209,-55,215,-33,219,-11,222],[140095,-130400,11,222,33,219,55,215,76,209,97,201,116,190,135,178,152,165,168,149,181,132,194,114,205,95,213,75,219,54,224,32,226,11,226,-11,224,-32,219,-54,213,-75,205,-95,194,-114,181,-132,168,-149,152,-165,105,-138,127,-2394,-97,-158,-135,-178,-152,-165,-168,-149,-181,-132,-194,-114,-205,-95,-213,-75,-219,-54,-224,-32,-226,-11,-226,11,-224,32,-219,54,-213,75,-205,95,-194,114,-181,132,-168,149,-152,165,-135,178,-116,190,-97,201,-76,209,-55,215,-33,219,-11,222],[144286,-129103,97,159,135,178,152,165,168,149,181,132,194,114,205,95,213,75,219,54,224,32,226,11,226,-11,224,-32,219,-54,213,-75,205,-95,194,-114,181,-132,168,-149,152,-165,135,-178,116,-190,97,-201,76,-209,55,-215,33,-219,11,-222,-11,-222,-33,-219,-55,-215,-76,-209,-97,-201,-116,-190,-135,-178,-152,-165,-168,-149,-181,-132,-194,-114,-205,-95,-213,-75,-219,-54,-224,-32,-226,-11,-226,11,-224,32,-219,54,-213,75,-205,95,-194,114,-181,132,-168,149,-152,165,-105,138,-126,2392,-1,1],[145401,-123500,11,222,33,219,55,215,76,209,96,201,116,190,135,178,151,165,168,149,181,132,193,114,204,95,213,75,218,54,224,32,225,11,225,-11,224,-32,218,-54,213,-75,204,-95,193,-114,181,-132,168,-149,151,-165,135,-178,116,-190,96,-201,76,-209,55,-215,33,-219,11,-222,-11,-222,-33,-219,-55,-215,-76,-209,-96,-201,-116,-190,-135,-178,-151,-165,-168,-149,-181,-132,-193,-114,-204,-95,-213,-75,-218,-54,-224,-32,-225,-11,-225,11,-224,32,-218,54,-213,75,-204,95,-193,114,-181,132,-168,149,-151,165,-135,178,-116,190,-96,201,-76,209,-55,215,-33,219,-11,222]]]
2243271	r	11.8477,-5.8896,13.1107,-4.3458	[[[118477,-51491,863,-1195,122,-470,227,-422,103,-412,259,-569,-218,-406,-306,-867,-76,-404,-2,-358,27,-238,103,-489,104,-338,274,-617,177,-288,257,-332,1222,865,484,410,6,-10,2,-3,204,112,53,4,43,-23,38,35,92,-12,75,59,177,40,2497,-2,-7,5018,0,8,26,667,4,2,-4,2,3,82,18,15,-24,49,31,130,-6,25,-20,-13,-28,23,-6,-30,-22,111,-68,27,-42,-27,-5,-39,-66,2,-55,-58,-20,41,-24,-27,8,42,-48,-23,-14,81,-38,16,-83,110,-89,-20,58,118,3,5,-23,11,-28,11,-100,55,41,38,-29,37,86,36,-32,32,22,33,-64,25,3,1,-2,1,115,42,12,39,20,-17,23,29,42,-6,-5,46,91,-13,-33,28,82,23,-11,38,38,26,-6,71,17,-10,6,32,1,-1,0,2,27,-29,117,57,-7,-42,52,21,4,-33,31,28,-6,-71,43,29,-8,-64,19,-10,31,31,-13,34,61,7,-5,-23,33,17,8,-28,40,44,-16,19,20,17,-21,-3,0,19,51,14,-20,25,58,9,4,34,51,-6,17,-67,15,16,27,-47,37,95,-22,24,38,5,35,65,13,-17,13,20,20,-44,15,36,23,-11,4,30,27,-3,2,47,27,0,-23,-74,72,87,114,-49,46,26,-37,58,38,5,-8,81,54,39,24,-12,-8,74,29,-10,41,126,39,26,-7,73,28,38,-12,106,-39,35,38,111,77,-40,126,83,44,-8,96,-31,11,-53,69,-64,56,36,60,-29,69,68,88,-3,69,36,48,-60,44,-2,2,49,80,9,53,72,-17,61,40,21,28,124,-26,112,103,118,-1,40,110,78,31,-13,-23,60,97,81,5,52,55,-74,23,10,11,51,24,-40,51,38,20,-37,72,-5,11,63,62,61,-7,74,34,20,3,38,88,-8,12,43,62,-13,-33,47,49,9,14,28,-39,52,-62,-32,29,115,99,56,54,141,35,3,1,84,47,46,-35,37,-5,68,62,34,19,56,45,-8,46,-50,19,119,41,16,-21,19,-43,-17,-2,19,91,55,-28,52,25,20,54,-17,17,-68,36,2,19,-48,30,-7,14,26,33,-16,-4,71,26,21,-21,25,-41,-3,2,18,63,45,55,-6,6,42,83,20,51,46,56,-32,52,28,45,-26,18,-74,39,24,29,-47,34,3,20,57,35,16,3,46,13,-52,37,36,-23,6,35,55,61,58,48,9,-23,35,93,-38,61,29,-2,30,43,8,12,30,67,-31,32,65,82,66,156,-8,28,22,32,-27,39,45,13,-42,47,-35,99,-17,63,-40,25,27,-6,74,25,51,46,25,16,83,57,32,14,84,35,29,86,-70,100,-23,66,-51,131,31,36,-48,39,-4,75,115,61,32,-21,126,-89,81,17,37,-34,73,17,66,-2,20,-9,4,-48,-6,-19,36,-136,50,-53,30,-170,97,-472,395,-230,421,-88,117,-109,100,-368,209,-271,291,-22,596,-230,-27,-24,-68,-47,-3,0,1,-156,89,-120,-12,-120,-54,-145,-30,-54,125,-336,282,-147,262,-130,-141,0,-152,-63,1,-133,-114,65,-225,-95,-191,-80,-239,-136,-161,-180,-103,-164,-131,-139,-160,-217,-403,-111,-116,-112,-41,-490,0,-12,-65,-55,-45,-393,-72,-30,27,-106,20,-14,11,26,50,-19,20,-162,37,-52,-71,-63,1,-23,-35,-54,2,-16,-16,17,-44,-58,-8,-84,-57,-45,-89,15,-37,-27,-8,-69,28,-46,-3,-104,-90,-6,0,-112,45,-11,-45,-32,-6,-231,29,-94,-139,13,-429,-48,-209,-417,-827,-105,-123,-142,-54,-339,-35,-152,-37,-145,-55,-19,-17,-72,20,-20,-31,-3,-2,-101,187,-91,114,-94,57,-119,0,-46,-45,-304,-1026,-264,-423,-1127,-957,-85,-110,124,-19,661,626,-729,-691,-12,-63,52,-79,-1715,-1069]]]
2591976	r	12.9924,-9.2802,13.3167,-8.8661	[[[129924,-90380,39,-558,206,-290,285,-663,553,-911,153,38,210,75,202,95,191,114,180,132,104,94,255,1011,-346,613,230,888,29,114,378,608,13,22,-22,141,-41,14,-1,29,-171,-115,-478,-116,-58,107,-38,-27,-20,37,11,12,-31,25,8,26,-26,-3,-4,4,2,9,25,-2,8,29,154,98,14,23,-43,6,-83,40,-208,-219,-121,-200,-108,-329,-146,-133,-104,-19,-136,-4,-106,-29,-14,-3,-50,-108,-23,-101,-562,-944,-104,-88,-128,118,66,264,360,831,263,217,457,379,218,319,-502,-213,-301,-361,-260,-312,-379,-784]],[[133013,-89061,107,-88,47,73,-154,15]]]
11592397	p	2591976
2239862	r	16.1133,-9.734,16.8536,-9.0274	[[[161133,-95277,111,-22,103,0,118,-43,171,-48,173,-1950,3425,1241,57,-26,250,23,219,55,275,147,224,92,-8,78,2285,828,-17,171,-55,331,-77,327,-98,321,-119,314,-140,305,-159,296,-178,285,-197,272,-214,260,-231,245,-247,229,-261,213,-275,195,-287,177,-298,158,-307,139,-316,118,-324,97,-329,76,-333,55,-336,33,-338,11,-338,-11,-336,-33,-333,-55,-329,-76,-324,-97,-316,-118,-199,-90,367,-4141,-35,-23,-227,-186,-197,-173]]]
13608165	p	2240449
2591949	p	2240449
3347939	n	13.4672,-12.6453,13.78,-12.1696	[[[134672,-124975,1529,-1477,179,63,204,95,194,114,181,132,167,149,152,165,134,178,116,190,97,201,76,209,54,215,34,219,11,222,-11,222,-34,219,-54,215,-2,4,-2,0,2,40,-11,222,-33,219,-55,215,-76,209,-96,201,-116,190,-135,178,-151,165,-167,149,-182,132,-41,24,-238,-791,-96,-147,-327,-354,-200,-322,-157,-151,-50,95,15,83,67,63,105,37,0,68,-69,0,-630,-599,-190,-294,-10,-24,-66,-159,-41,-187,-19,-413,-38,-157,-20,-27]]]
145531	n	20.1622,-9.8862,20.6178,-9.4339	[[[201622,-96600,11,-222,33,-219,54,-215,75,-209,96,-201,115,-190,133,-178,150,-165,166,-149,179,-132,192,-114,202,-95,211,-75,217,-54,221,-32,223,-11,223,11,221,32,217,54,211,75,202,95,192,114,179,132,166,149,150,165,133,178,115,190,96,201,75,209,54,215,33,219,11,222,-11,222,-33,219,-54,215,-75,209,-96,201,-115,190,-133,178,-150,165,-166,149,-179,132,-192,114,-202,95,-211,75,-217,54,-221,32,-223,11,-223,-11,-221,-32,-217,-54,-211,-75,-202,-95,-192,-114,-179,-132,-166,-149,-150,-165,-133,-178,-115,-190,-96,-201,-75,-209,-54,-215,-33,-219,-11,-222]]]
13546342	p	2240449
3348078	n	16.7001,-12.6061,17.1599,-12.1539	[[[167001,-123800,11,-222,33,-219,55,-215,76,-209,96,-201,116,-190,135,-178,151,-165,167,-149,182,-132,193,-114,204,-95,213,-75,218,-54,224,-32,225,-11,225,11,224,32,218,54,213,75,204,95,193,114,182,132,167,149,151,165,135,178,116,190,96,201,76,209,55,215,33,219,11,222,-11,222,-33,219,-55,215,-76,209,-96,201,-116,190,-135,178,-151,165,-167,149,-182,132,-193,114,-204,95,-213,75,-218,54,-224,32,-225,11,-225,-11,-224,-32,-218,-54,-213,-75,-204,-95,-193,-114,-182,-132,-167,-149,-151,-165,-135,-178,-116,-190,-96,-201,-76,-209,-55,-215,-33,-219,-11,-222]]]
13631350	p	2591976
2236568	r	13.7801,-8.4328,17.1088,-5.844	[[[137801,-70009,64,-43,-12,-49,23,16,42,-14,48,-71,41,-8,40,-102,197,-85,17,-56,31,10,21,-56,-12,-177,62,-96,-18,-66,-40,-42,7,-90,-46,-41,-6,-61,-38,-8,1,-44,57,-18,-15,-32,17,-62,74,-45,131,-187,-15,-65,1046,-837,-143,-36,-41,-66,-204,-7,-140,-70,-201,-240,7,-136,-47,-77,-67,-53,-145,-22,-14,-46,-75,-46,-32,-57,24,-70,56,8,154,-67,6,-95,-66,-97,15,-78,64,-79,94,-64,104,-136,36,2,6,-19,-144,-84,465,-883,310,-433,-20,5,-6,-45,-104,-52,-11,-96,-88,-56,-17,-132,-68,-52,-98,-17,-110,-54,-93,77,-59,18,-174,-74,-96,-2,-44,-61,-63,-6,-26,20,-49,-28,79,-137,-83,-151,3,-84,-38,-53,6,-73,-77,-68,-14,-77,-82,-9,-26,-76,42,-123,83,4,33,-55,73,-10,34,77,20,-18,36,11,-9,30,28,46,46,-38,77,25,54,105,59,-17,49,21,98,127,71,-152,82,-14,30,-36,92,70,1,47,156,37,2,-34,48,-2,-3,-26,56,-18,30,-67,73,37,73,-11,76,91,-5,28,58,85,67,-32,39,-109,102,-13,41,-45,124,31,67,-112,98,22,98,-12,84,44,4002,-5580,2163,651,-20,-56,-146,-148,-14,-114,-30,3,-8,-59,-29,26,34,-148,-29,-14,-40,-135,-73,2,-27,-46,-11,-33,27,-56,-38,9,-2,-25,-26,-3,9,-32,-29,-63,41,-7,-34,-62,15,-16,-78,1,18,-34,13,17,52,-32,-43,-71,14,-11,-51,-7,-6,-38,40,7,79,-36,97,54,50,-186,67,16,117,-64,1,-45,29,7,-13,-96,-43,-11,23,-52,-31,0,-8,-23,24,-33,70,14,-2,-58,-34,-5,4,-51,-19,-14,25,-32,-11,-55,31,-119,-16,-44,69,-27,32,-56,-21,-31,-14,9,-14,-47,-41,-1,-20,-79,-169,-36,22,-33,-45,-47,16,-60,-39,24,-11,52,-48,-50,12,-61,-132,33,1,-29,-59,-40,-26,-61,-47,25,-81,-30,32,-19,-10,-79,74,-41,25,-85,127,3,-1,128,23,20,23,8,69,-49,33,55,86,26,51,-23,79,7,41,13,61,101,128,10,25,24,141,-44,82,-100,118,-47,142,53,48,-63,79,19,112,-106,73,-1,84,-51,75,22,31,48,59,-61,143,-19,10,-32,68,33,54,-48,56,6,-33,100,-30,17,86,62,-17,118,67,25,21,88,69,53,72,16,6,55,57,96,45,52,50,13,39,58,12,104,-19,36,74,132,-30,127,51,7,4,24,177,122,-1,32,62,44,11,67,-22,17,26,22,261,29,62,-128,32,-15,134,51,2,62,63,-2,-3,-72,58,-8,4,28,14,-39,55,-1,100,-126,-41,-39,73,-55,2,-31,61,1,18,-28,62,33,51,-3,19,-25,59,17,31,89,74,69,-4,32,61,15,8,32,26,-44,107,3,112,112,60,-39,44,21,142,0,53,-30,-8,-34,56,21,27,-91,15,24,43,-23,-9,77,24,7,24,-85,76,-49,2,-47,-3,122,22,18,-47,130,96,64,-12,53,49,23,36,-14,16,40,-46,98,-31,17,7,32,49,-17,73,105,22,-24,-21,-44,21,-10,36,35,-16,44,18,6,80,-34,9,-37,-20,-10,21,-24,93,27,54,50,-11,137,24,3,22,90,35,-46,9,24,120,-9,53,15,68,80,-41,134,31,58,-8,48,37,-4,-17,34,75,-76,85,55,-43,86,-26,270,-58,76,-61,203,134,-55,134,56,23,164,-77,448,18,172,-36,179,65,64,6,66,144,30,61,57,-17,61,114,206,37,3,-200,29,-216,54,-209,75,-201,95,-191,114,-179,132,-165,149,-149,165,-133,178,-114,190,-95,201,-49,136,2208,2987,157,-8,220,-32,216,-54,209,-75,201,-95,191,-114,179,-132,165,-149,149,-165,133,-178,114,-190,95,-201,75,-209,54,-215,33,-219,11,-222,-11,-222,-33,-219,-54,-215,-75,-209,-95,-201,-114,-190,-133,-178,-149,-165,-165,-149,-179,-132,-191,-114,-201,-95,-144,-51,-49,-133,64,-75,-51,-89,239,-33,131,-123,118,-50,75,35,53,-101,112,-104,-10,-46,42,-124,36,-70,45,-22,19,-59,90,-15,24,-26,46,16,62,-56,158,78,6,35,71,31,96,-33,69,21,65,-20,18,50,30,14,48,-20,35,45,311,11,390,131,212,-39,82,31,94,-6,184,128,20,40,-31,44,48,24,-23,31,15,21,-34,34,73,24,32,-28,118,57,80,-75,40,-7,146,34,59,-10,4,-35,44,-15,-1,20,33,-9,13,22,92,-54,15,-69,37,-4,26,-77,21,54,34,-31,-21,-90,74,-3,16,-43,83,-61,7,-63,97,-27,55,33,88,-51,61,-79,-71,-89,-108,48,-10,34,-75,-60,-78,-158,83,-3,23,-23,48,16,-4,-105,-37,-54,-123,-43,233,-82,32,27,39,-29,42,46,-3,17,-34,-17,-3,33,120,0,15,-72,71,-43,38,-84,11,-131,87,-11,-51,-132,-41,-13,-32,-123,43,-72,30,-7,13,-51,-47,-32,7,-62,40,-44,-20,-44,-26,-3,58,-174,235,-100,407,30,161,-55,34,15,44,-17,39,30,100,-105,-7,-41,101,-30,143,79,70,228,122,49,95,95,63,25,26,190,378,189,124,-30,57,68,103,5,86,89,30,131,324,49,324,-100,46,25,-26,187,-43,77,7,131,29,51,57,34,22,74,-12,43,42,22,-2,97,29,67,60,82,94,57,-24,105,-45,4,3,140,-67,50,-17,106,-59,44,23,21,-37,50,8,37,-53,31,21,75,-37,49,23,44,-30,94,34,23,-59,24,27,38,-31,25,35,77,-30,17,14,27,-20,9,23,18,-21,28,32,8,-39,20,31,44,-50,10,5,38,-31,-9,35,64,-26,8,22,29,-24,17,39,36,-68,-10,46,45,-53,3,-1,53,25,8,-52,23,10,48,-73,28,21,67,-63,88,16,76,-76,72,56,29,-12,31,23,5,-1,48,22,18,-18,37,36,60,-71,29,7,57,-25,-27,-28,9,20,42,-45,0,-34,69,10,20,-55,50,5,51,-42,58,21,40,-14,36,42,26,-51,-3,19,28,-30,41,23,27,3,95,-74,39,7,27,-24,21,17,40,-22,32,28,5,-1,27,-51,-11,-62,67,14,92,23,-5,12,24,-20,57,38,81,-32,16,10,34,38,-2,3,27,24,-22,26,18,-31,41,33,187,-49,17,-29,69,35,102,-47,35,18,36,-52,101,-18,-11,1,25,-22,-2,-35,90,-48,11,22,42,-17,91,120,150,154,0,61,-44,108,56,31,45,24,-41,19,31,55,-17,127,32,19,-33,79,-16,82,46,112,-3,52,36,69,6,42,-22,56,21,64,-58,63,10,21,-29,41,16,-13,-33,64,-21,81,6,44,38,115,-4,11,25,16,-32,65,8,-13,42,36,7,-6,30,61,-7,-3,100,114,63,5,67,109,135,30,8,30,-33,9,32,53,35,54,2,33,112,74,-6,0,-25,36,-3,-1,-35,48,16,-17,31,15,19,23,-44,18,16,32,-20,12,23,-26,20,26,70,124,44,2,50,83,28,-1,26,-31,8,51,92,118,38,55,62,78,-25,21,33,49,-6,45,58,20,-6,-27,22,23,50,-20,17,13,37,-23,11,29,23,-12,22,-17,-8,34,23,-57,38,13,40,96,80,-14,61,23,34,-28,72,40,33,-27,32,71,64,4,43,72,31,-3,24,53,-5,-14,13,20,23,46,-20,37,18,1,51,36,-3,-35,40,41,-7,6,17,-29,19,56,15,3,33,27,-7,29,61,61,-43,8,41,34,-27,31,26,30,-7,25,40,54,10,-2,50,19,-36,65,10,-4,-27,34,-10,30,11,13,44,49,-11,76,27,13,-17,29,78,39,-1,-12,32,60,19,34,-15,13,21,38,-17,3,32,31,-20,43,15,-21,28,40,0,17,38,24,-20,40,36,-12,24,26,-22,55,31,113,-28,28,46,23,-34,35,20,7,-55,2,37,36,7,-21,22,40,17,28,-24,21,34,20,-23,28,13,-7,32,55,-14,-6,25,30,5,-11,29,41,-24,-6,33,25,5,21,47,25,-33,37,37,31,-9,3,24,21,-22,30,-2,-17,22,17,16,33,-23,43,78,7,-24,40,10,28,-21,24,49,20,-34,13,27,24,-20,34,26,20,-51,57,16,-25,16,13,22,37,-7,13,-34,47,40,31,-44,-2,54,22,10,34,-49,73,-18,8,-33,70,44,18,-62,-21,-15,80,-38,42,-14,4,31,36,-9,17,28,9,-55,35,21,5,-24,36,-4,73,-151,31,3,-24,-59,48,-42,-40,-6,4,-42,68,-5,-18,-39,26,-26,44,50,-16,-44,26,-24,-9,-24,61,28,21,-50,30,-11,-31,-36,51,36,5,-47,41,-26,100,2,5,-49,37,-19,-28,-46,50,-19,0,-29,-49,-9,18,-75,48,-53,-22,-17,24,-69,74,-29,9,-51,53,13,6,-64,16,43,15,-12,-5,-62,29,-7,-5,-49,31,-24,-47,-45,25,-53,-6,-71,48,-12,29,24,16,-31,-25,-31,46,-1,6,-47,-24,-24,22,-54,-21,-16,-44,15,45,-54,-33,-51,43,-16,-3,-78,72,37,20,-14,-22,-25,22,-40,35,-11,22,26,76,6,17,-46,38,-12,-19,-51,33,-26,-34,-39,52,-46,42,24,10,-15,-36,-79,-32,24,-2,-32,39,-25,-32,-32,36,-2,33,32,21,-57,57,1,-18,-66,-24,-4,35,-60,-42,-28,42,4,-3,-55,51,-31,-9,-21,-45,1,42,-22,72,19,-17,-83,64,-39,24,-51,33,-1,-5,-44,44,20,29,-55,56,9,39,-44,76,17,26,53,22,-16,-26,-44,19,-65,101,102,115,-57,-27,-29,26,-28,89,28,24,41,45,-26,77,60,44,-40,69,38,208,-17,127,112,43,2,22,54,74,-13,57,58,68,27,60,-12,-56,107,67,53,10,56,62,12,-74,56,15,58,79,15,7,70,38,-39,93,-24,34,83,-10,85,27,11,62,-65,22,63,89,-15,31,23,-27,52,-64,39,71,73,80,29,-1,119,22,58,-31,51,112,-46,1,85,54,71,-24,55,77,25,-82,48,-64,-46,-38,72,62,17,-9,63,52,13,-2,19,-53,3,3,29,107,-10,-2,39,-38,38,59,17,-45,30,52,5,15,63,-79,53,52,19,69,-11,-33,159,73,49,43,65,30,-39,27,7,9,-34,39,-7,-3,104,58,-16,9,55,39,7,2,66,63,12,24,61,42,7,18,-27,26,46,86,-41,36,7,14,42,-17,39,44,17,-15,79,48,-2,14,-47,29,28,-10,41,90,182,3,82,-79,93,-303,47,-137,147,-204,80,-51,50,-37,135,-60,57,-81,4,-149,-37,-206,61,-18,32,5,233,-308,212,-59,87,10,71,136,143,7,100,-96,151,-68,22,-26,36,-7,53,35,107,-144,244,-57,164,-36,199,36,43,59,7,48,-34,89,-152,76,-9,54,29,38,117,-6,209,104,158,19,134,-76,56,-172,28,-31,51,-9,119,-77,92,-49,2,-151,-77,-69,33,-56,355,19,55,103,53,20,34,-10,108,-98,171,88,189,0,157,-68,122,-281,234,-73,2,-83,-76,-87,-15,-151,77,2,41,78,124,-30,168,20,181,-67,114,-183,-5,-60,44,-103,174,-24,118,-7,539,-56,35,-185,28,-89,84,-63,175,-2,99,41,71,5,61,-89,165,-13,211,63,291,-87,124,-187,74,-15,75,37,105,-12,73,62,134,103,137,10,113,-74,122,-236,164,-34,72,-107,86,7,49,129,73,12,46,-39,131,-60,90,-147,114,-11,60,57,45,148,8,61,32,13,102,-40,75,-94,74,-64,2,-129,-49,-98,22,-24,65,15,69,125,160,26,105,-72,93,-123,54,17,29,105,44,154,-100,65,-8,57,22,58,89,6,41,-36,35,-36,148,1,165,-36,63,5,74,-77,82,127,380,-42,114,-91,94,33,80,141,71,28,140,74,138,-46,72,-115,23,36,70,-34,184,-225,162,-55,72,-141,-20,-79,27,-36,57,21,98,-127,-8,-95,-54,-53,10,-1,43,95,69,43,76,-48,127,-52,27,-68,-11,-134,29,-152,-19,-57,45,-7,48,25,49,40,14,121,-22,62,57,17,63,-27,79,-49,29,-96,-3,-135,-74,-57,29,1,29,98,93,-6,204,65,113,-14,71,-135,91,-20,69,24,32,123,43,27,79,-78,64,-142,-30,-49,63,82,320,-31,87,30,158,-64,83,-77,31,-160,-36,-58,42,-98,20,-30,72,-110,60,-172,9,-71,70,-90,32,-169,-51,-69,-74,-37,15,-20,87,-82,-125,-52,-6,-30,-101,-34,29,-53,-25,-37,31,-97,-44,-13,32,-70,-23,-46,24,-66,-11,-40,49,-59,-27,-66,55,-334,-16,-1802,21,-213,-38,-2651,-93,-736,-47,-1343,159,-2606,-80,-1158,31,-785,-29,-2805,40,-1692,-84,10,-43,45,0,89,-111,8,-100,-58,-40,28,-28,2,-82,98,-92,-40,-59,18,-32,143,-118,22,-60,16,17,7,-29,164,-40,6,-43,27,13,52,-26,0,-67,40,-18,-19,-28,46,-131,-34,-51,6,-53,59,-12,22,33,39,-6,15,-76,46,-20,-8,-49,143,-25,-21,-91,28,-80,-15,-27,14,-79,25,-31,-8,-46,148,-18,18,-407,-36,-341,56,-122,164,-222,18,-117,-8,-453,44,-263,57,-168,165,-140,151,-270,-272,-427,-142,-134,-255,-172,-203,-364,-133,-139,-89,-191,-359,-470,-263,-569,-84,-53,-308,-108,-272,-142,-398,-147,-383,-31,-311,-103,-256,23,-214,-180,11,-62,-58,-29,-31,34,-13,-162,-159,5,-128,-100,-58,-12,13,-46,54,26,38,-23,-73,-57,-85,-11,-39,-46,-18,-80,-99,13,-17,-79,-50,-9,-8,29,-49,23,-57,-31,-228,32,-75,-62,-151,9,-4,-64,-125,-10,-83,-68,-55,4,-132,89,-149,32,-89,-29,-119,-171,-32,16,-11,-53,-59,-33,-47,29,-57,-3,-146,-109,-105,16,-65,37,-27,-30,-36,15,-62,-25,-69,-68,14,-39,55,-14,-27,-76,-33,1,-46,60,-26,-8,-28,-163,-75,11,-59,-69,-96,-31,-34,-39,-86,3,-24,-33,4,-90,-35,-2,-12,-45,-78,-55,70,-26,18,-48,69,-17,-4,-75,68,-14,-49,-44,-23,-149,-32,-22,7,-30,32,-13,-16,-30,-54,-43,-70,15,-226,-130,-81,-95,-30,3,-22,34,-188,-92,-23,-43,27,-37,-11,-27,-84,-96,-226,-136,-77,32,-48,66,-205,-27,-78,-51,-56,60,-152,13,-144,-103,-103,3,-204,-85,-247,-365,-81,-226,-133,-158,-249,36,-75,-49,-142,31,-91,87,-391,58,-163,-80,-88,11,-13,-70,-81,-8,-3,-23,-62,-20,-40,-82,-164,-79,-61,16,-65,75,-118,34,-67,-6,-80,-62,-12,-34,-64,-1,-61,-36]]]
3347719	n	19.6906,-12.0061,20.1494,-11.5539	[[[196906,-117800,11,-222,33,-219,55,-215,76,-209,96,-201,116,-190,134,-178,151,-165,167,-149,180,-132,194,-114,203,-95,212,-75,218,-54,223,-32,225,-11,225,11,223,32,218,54,212,75,203,95,194,114,180,132,167,149,151,165,134,178,116,190,96,201,76,209,55,215,33,219,11,222,-11,222,-33,219,-55,215,-76,209,-96,201,-116,190,-134,178,-151,165,-167,149,-180,132,-194,114,-203,95,-212,75,-218,54,-223,32,-225,11,-225,-11,-223,-32,-218,-54,-212,-75,-203,-95,-194,-114,-180,-132,-167,-149,-151,-165,-134,-178,-116,-190,-96,-201,-76,-209,-55,-215,-33,-219,-11,-222]]]
12170526	p	2236500
3347019	n	12.0359,-15.4261,12.3827,-14.9742	[[[120359,-153968,44,-26,206,-95,215,-75,222,-54,226,-32,228,-11,228,11,226,32,222,54,215,75,206,95,196,114,183,132,170,149,153,165,136,178,117,190,98,201,77,209,55,215,34,219,11,222,-11,222,-34,219,-55,215,-77,209,-98,201,-117,190,-136,178,-153,165,-170,149,-183,132,-196,114,-206,95,-215,75,-222,54,-226,32,-174,8,-43,-278,-263,-602,-98,-317,-25,-213,49,-14,105,32,149,-73,61,-135,8,-178,-44,-166,-93,-104,-82,0,-153,80,-75,-18,-344,-319,-88,-132,-54,-152,-98,-1176,-107,-461]]]
3347353	n	17.4579,-14.8861,17.9221,-14.4339	[[[174579,-146600,11,-222,33,-219,56,-215,76,-209,98,-201,117,-190,136,-178,153,-165,168,-149,183,-132,196,-114,206,-95,214,-75,221,-54,225,-32,228,-11,228,11,225,32,221,54,214,75,206,95,196,114,183,132,168,149,153,165,136,178,117,190,98,201,76,209,56,215,33,219,11,222,-11,222,-33,219,-56,215,-76,209,-98,201,-117,190,-136,178,-153,165,-168,149,-183,132,-196,114,-206,95,-214,75,-221,54,-225,32,-228,11,-228,-11,-225,-32,-221,-54,-214,-75,-206,-95,-196,-114,-183,-132,-168,-149,-153,-165,-136,-178,-117,-190,-98,-201,-76,-209,-56,-215,-33,-219,-11,-222]]]
145778	n	20.5036,-7.506,20.815,-7.2187	[[[205036,-73000,11,-222,32,-219,54,-215,75,-209,95,-201,114,-190,133,-178,149,-165,165,-149,178,-132,191,-114,140,-66,1776,2205,-297,0,-726,-4,-728,-1,-728,-2,-465,-2,-11,492,-4,185,-57,-157,-54,-215,-32,-219,-11,-222]]]
13607978	p	3351663
10402606	p	2240449
2236967	n	12.2751,-6.3526,12.5959,-6.0605	[[[122751,-61148,43,-329,397,-724,254,-340,243,-336,268,-368,131,-281,54,8,215,54,208,75,201,95,190,114,178,132,164,149,149,165,132,178,114,190,95,201,74,209,54,215,33,219,11,222,-11,222,-33,219,-54,215,-14,39,-41,-22,-308,-44,-220,-77,-309,-198,-639,-144,-508,-12,-353,-99,-221,-23,22,286,66,154,-209,-121,-224,-61,-152,-182]]]
3346015	n	13.7868,-11.4361,14.0689,-10.9843	[[[137868,-114296,85,-22,223,-32,224,-11,224,11,223,32,218,54,211,75,203,95,193,114,180,132,167,149,151,165,134,178,115,190,96,201,76,209,54,215,33,219,11,222,-11,222,-33,219,-54,215,-76,209,-96,201,-115,190,-134,178,-151,165,-167,149,-180,132,-193,114,-203,95,-211,75,-218,54,-223,32,-140,7,-10,-711,-9,-583,-247,-1426,-2,-273,-26,-120,-189,-258,-48,-108,-11,-93,4,-544,-28,-121,-44,-123,-6,-93]]]
11592398	p	2236500
2240937	p	2591976
13546341	p	2240449
13546343	p	2240449
145757	n	20.6384,-7.5961,21.0464,-7.2849	[[[206384,-75047,66,-87,149,-165,164,-149,179,-132,191,-114,200,-95,210,-75,215,-54,220,-32,222,-11,222,11,220,32,215,54,210,75,200,95,191,114,179,132,164,149,149,165,133,178,114,190,95,201,75,209,54,215,33,219,10,222,-10,222,-33,219,-54,215,-70,195,-262,0,-728,-3,-727,-1,-431,-2,-1765,-2192]]]
3351599	n	13.91,-12.6961,14.37,-12.2439	[[[139100,-124700,11,-222,33,-219,55,-215,76,-209,97,-201,116,-190,134,-178,152,-165,167,-149,181,-132,194,-114,204,-95,212,-75,219,-54,224,-32,225,-11,225,11,224,32,219,54,212,75,204,95,194,114,181,132,167,149,152,165,134,178,116,190,97,201,76,209,55,215,33,219,11,222,-11,222,-33,219,-55,215,-76,209,-97,201,-116,190,-134,178,-152,165,-167,149,-181,132,-194,114,-204,95,-212,75,-219,54,-224,32,-225,11,-225,-11,-224,-32,-219,-54,-212,-75,-204,-95,-194,-114,-181,-132,-167,-149,-152,-165,-134,-178,-116,-190,-97,-201,-76,-209,-55,-215,-33,-219,-11,-222]]]
2239076	n	14.6824,-9.5261,15.1376,-9.0739	[[[146824,-93000,11,-222,33,-219,54,-215,76,-209,95,-201,115,-190,133,-178,150,-165,165,-149,180,-132,191,-114,202,-95,210,-75,217,-54,221,-32,223,-11,223,11,221,32,217,54,210,75,202,95,191,114,180,132,165,149,150,165,133,178,115,190,95,201,76,209,54,215,33,219,11,222,-11,222,-33,219,-54,215,-76,209,-95,201,-115,190,-133,178,-150,165,-165,149,-180,132,-191,114,-202,95,-210,75,-217,54,-221,32,-223,11,-223,-11,-221,-32,-217,-54,-210,-75,-202,-95,-191,-114,-180,-132,-165,-149,-150,-165,-133,-178,-115,-190,-95,-201,-76,-209,-54,-215,-33,-219,-11,-222]]]
13631347	p	7758790
2239520	n	14.0141,-6.4961,14.4659,-6.0439	[[[140141,-62700,11,-222,32,-219,54,-215,75,-209,94,-201,114,-190,133,-178,148,-165,165,-149,178,-132,190,-114,200,-95,209,-75,215,-54,220,-32,221,-11,221,11,220,32,215,54,209,75,200,95,190,114,178,132,165,149,148,165,133,178,114,190,94,201,75,209,54,215,32,219,11,222,-11,222,-32,219,-54,215,-75,209,-94,201,-114,190,-133,178,-148,165,-165,149,-178,132,-190,114,-200,95,-209,75,-215,54,-220,32,-221,11,-221,-11,-220,-32,-215,-54,-209,-75,-200,-95,-190,-114,-178,-132,-165,-149,-148,-165,-133,-178,-114,-190,-94,-201,-75,-209,-54,-215,-32,-219,-11,-222]]]
2243173	p	7758790
10627325	p	2240449
3351500	p	3348313
3346821	n	15.4951,-17.2961,15.9649,-16.8439	[[[154951,-170700,11,-222,34,-219,56,-215,78,-209,98,-201,119,-190,137,-178,155,-165,171,-149,185,-132,198,-114,208,-95,217,-75,224,-54,228,-32,230,-11,230,11,228,32,224,54,217,75,208,95,198,114,185,132,171,149,155,165,137,178,119,190,98,201,78,209,56,215,34,219,11,222,-11,222,-34,219,-56,215,-78,209,-98,201,-119,190,-137,178,-155,165,-171,149,-185,132,-198,114,-208,95,-217,75,-224,54,-228,32,-230,11,-230,-11,-228,-32,-224,-54,-217,-75,-208,-95,-198,-114,-185,-132,-171,-149,-155,-165,-137,-178,-119,-190,-98,-201,-78,-209,-56,-215,-34,-219,-11,-222]]]
3348094	n	15.9999,-12.7961,16.4092,-12.3439	[[[159999,-125700,11,-222,33,-219,55,-215,76,-209,97,-201,116,-190,134,-178,152,-165,167,-149,182,-132,193,-114,204,-95,213,-75,219,-54,223,-32,226,-11,226,11,223,32,219,54,213,75,204,95,193,114,182,132,167,149,152,165,13,17,-439,239,-22,303,-73,219,-205,220,-225,53,-114,244,-25,461,242,159,244,105,242,200,69,233,36,350,241,15,-8,76,-128,139,-167,149,-182,132,-193,114,-204,95,-213,75,-219,54,-223,32,-226,11,-226,-11,-223,-32,-219,-54,-213,-75,-204,-95,-193,-114,-182,-132,-167,-149,-152,-165,-134,-178,-116,-190,-97,-201,-76,-209,-55,-215,-33,-219,-11,-222]]]
3348613	n	14.1513,-11.0761,14.6087,-10.6239	[[[141513,-108500,11,-222,33,-219,55,-215,75,-209,96,-201,116,-190,133,-178,151,-165,166,-149,181,-132,192,-114,203,-95,211,-75,218,-54,222,-32,224,-11,224,11,222,32,218,54,211,75,203,95,192,114,181,132,166,149,151,165,133,178,116,190,96,201,75,209,55,215,33,219,11,222,-11,222,-33,219,-55,215,-75,209,-96,201,-116,190,-133,178,-151,165,-166,149,-181,132,-192,114,-203,95,-211,75,-218,54,-222,32,-224,11,-224,-11,-222,-32,-218,-54,-211,-75,-203,-95,-192,-114,-181,-132,-166,-149,-151,-165,-133,-178,-116,-190,-96,-201,-75,-209,-55,-215,-33,-219,-11,-222]]]
145724	n	20.523,-8.6461,20.977,-8.1939	[[[205230,-84200,11,-222,32,-219,55,-215,75,-209,95,-201,114,-190,133,-178,150,-165,165,-149,179,-132,191,-114,201,-95,210,-75,216,-54,220,-32,223,-11,223,11,220,32,216,54,210,75,201,95,191,114,179,132,165,149,150,165,133,178,114,190,95,201,75,209,55,215,32,219,11,222,-11,222,-32,219,-55,215,-75,209,-95,201,-114,190,-133,178,-150,165,-165,149,-179,132,-191,114,-201,95,-210,75,-216,54,-220,32,-223,11,-223,-11,-220,-32,-216,-54,-210,-75,-201,-95,-191,-114,-179,-132,-165,-149,-150,-165,-133,-178,-114,-190,-95,-201,-75,-209,-55,-215,-32,-219,-11,-222]]]
3351764	n	14.5401,-12.5761,14.9999,-12.1239	[[[145401,-123500,11,-222,33,-219,55,-215,76,-209,96,-201,116,-190,135,-178,151,-165,168,-149,181,-132,193,-114,204,-95,213,-75,218,-54,224,-32,225,-11,225,11,224,32,218,54,213,75,204,95,193,114,181,132,168,149,151,165,135,178,116,190,96,201,76,209,55,215,33,219,11,222,-11,222,-33,219,-55,215,-76,209,-96,201,-116,190,-135,178,-151,165,-168,149,-181,132,-193,114,-204,95,-213,75,-218,54,-224,32,-225,11,-225,-11,-224,-32,-218,-54,-213,-75,-204,-95,-193,-114,-181,-132,-168,-149,-151,-165,-135,-178,-116,-190,-96,-201,-76,-209,-55,-215,-33,-219,-11,-222]]]
3351786	p	3351663
3350246	p	3347939
2239069	n	15.0557,-7.9847,15.4967,-7.5342	[[[150557,-78329,49,-136,95,-201,114,-190,133,-178,149,-165,165,-149,179,-132,191,-114,201,-95,209,-75,216,-54,200,-29,240,20,222,229,532,-63,-29,-79,144,51,201,95,191,114,179,132,165,149,149,165,133,178,114,190,95,201,75,209,54,215,33,219,11,222,-11,222,-33,219,-54,215,-75,209,-95,201,-114,190,-133,178,-149,165,-165,149,-179,132,-191,114,-201,95,-209,75,-216,54,-220,32,-157,8,-2208,-2987]]]
3347853	n	15.0196,-13.1361,15.4373,-12.6839	[[[150196,-129100,11,-222,33,-219,55,-215,76,-209,97,-201,116,-190,135,-178,152,-165,167,-149,182,-132,194,-114,204,-95,213,-75,220,-54,223,-32,226,-11,226,11,223,32,220,54,213,75,204,95,194,114,182,132,167,149,152,165,92,121,0,2,-471,2350,-1099,1200,-77,11,-226,11,-226,-11,-223,-32,-220,-54,-213,-75,-204,-95,-194,-114,-182,-132,-167,-149,-152,-165,-135,-178,-116,-190,-97,-201,-76,-209,-55,-215,-33,-219,-11,-222]]]
3346661	n	13.6542,-10.9441,13.9986,-10.5039	[[[136542,-105354,467,-555,42,-111,63,-101,415,-341,121,-158,67,-159,-19,-164,-304,-359,-83,-170,4,-171,78,-191,893,-1303,141,-304,148,52,202,95,193,114,180,132,166,149,151,165,134,178,115,190,96,201,75,209,55,215,33,219,11,222,-11,222,-33,219,-55,215,-75,209,-96,201,-115,190,-134,178,-151,165,-166,149,-180,132,-193,114,-202,95,-211,75,-218,54,-222,32,-224,11,-224,-11,-222,-32,-218,-54,-211,-75,-202,-95,-81,-48]]]
3349229	n	14.0095,-13.2661,14.4414,-12.8139	[[[140095,-130400,11,-222,33,-219,55,-215,76,-209,97,-201,116,-190,135,-178,152,-165,168,-149,181,-132,194,-114,205,-95,213,-75,219,-54,224,-32,226,-11,226,11,224,32,219,54,213,75,205,95,194,114,181,132,168,149,152,165,135,178,97,158,-127,2394,-105,138,-152,165,-168,149,-181,132,-194,114,-205,95,-213,75,-219,54,-224,32,-226,11,-226,-11,-224,-32,-219,-54,-213,-75,-205,-95,-194,-114,-181,-132,-168,-149,-152,-165,-135,-178,-116,-190,-97,-201,-76,-209,-55,-215,-33,-219,-11,-222]]]
3350123	n	14.8609,-11.6461,15.3491,-11.1639	[[[148609,-113900,11,-222,33,-219,55,-215,75,-209,97,-201,115,-190,134,-178,151,-165,141,-125,8,-10,151,-165,167,-149,180,-132,193,-114,203,-95,212,-75,218,-54,222,-32,225,-11,225,11,222,32,218,54,212,75,203,95,193,114,180,132,167,149,151,165,134,178,116,190,96,201,75,209,55,215,33,219,11,222,-11,222,-33,219,-55,215,-75,209,-96,201,-116,190,-134,178,-151,165,-140,125,-1,0,-8,10,-151,165,-167,149,-180,132,-193,114,-203,95,-212,75,-218,54,-222,32,-225,11,-225,-11,-222,-32,-218,-54,-212,-75,-203,-95,-193,-114,-180,-132,-167,-149,-151,-165,-134,-178,-115,-190,-97,-201,-75,-209,-55,-215,-33,-219,-11,-222]]]
7768322	n	17.7728,-8.9752,18.2272,-8.5439	[[[177728,-87700,11,-222,32,-219,55,-215,75,-209,95,-201,115,-190,132,-178,150,-165,165,-149,180,-132,191,-114,124,-58,2387,303,2,1,165,149,150,165,132,178,115,190,95,201,75,209,55,215,32,219,11,222,-11,222,-32,219,-55,215,-75,209,-95,201,-115,190,-132,178,-150,165,-165,149,-180,132,-191,114,-201,95,-210,75,-217,54,-220,32,-223,11,-223,-11,-220,-32,-217,-54,-210,-75,-201,-95,-191,-114,-180,-132,-165,-149,-150,-165,-132,-178,-115,-190,-95,-201,-75,-209,-55,-215,-32,-219,-11,-222]]]
7860624	p	3350123
3348774	p	3348313
3347424	r	14.1943,-16.0656,16.3897,-13.8145	[[[141943,-142677,109,-857,107,62,239,195,211,-97,495,-289,239,-103,214,-178,-225,-164,-211,-228,-178,-697,-150,-214,-231,-144,-230,-103,-28,-26,1018,-8030,5655,-2557,-293,-748,-36,-253,9,-714,-36,-492,-145,-647,330,-95,497,-88,450,-167,444,-445,86,-222,111,-447,970,-231,230,37,112,222,77,225,208,-29,11,30,72,-24,36,31,-15,82,29,55,4,100,61,18,65,-45,53,50,-74,95,23,4,-9,39,64,-2,63,66,-43,67,1,38,25,-1,22,38,-8,55,-39,50,13,59,53,71,5,55,127,9,7,65,25,-5,43,56,-47,92,64,52,-35,35,90,71,-20,109,145,81,-15,80,78,32,18,84,65,69,-55,41,133,130,36,166,-17,43,-61,35,10,22,49,6,17,44,1726,-780,8929,2544,113,153,68,106,-412,15056,-2165,751,-5284,1412,-5075,566,-6118,-1418,-2137,-977,-762,-2137]]]
2243677	n	13.3219,-8.5786,13.5709,-8.2439	[[[133219,-82492,475,-743,95,-236,47,-216,-10,-753,-27,-98,-73,-107,-76,-14,-95,13,-134,-29,100,-322,133,-671,45,-118,2010,2137,-7,15,-114,190,-133,178,-149,165,-166,149,-179,132,-191,114,-201,95,-210,75,-216,54,-220,32,-223,11,-223,-11,-220,-32,-38,-10]]]
2243866	n	15.7623,-9.7961,16.1778,-9.3439	[[[157623,-95700,10,-222,33,-219,55,-215,75,-209,95,-201,115,-190,133,-178,151,-165,165,-149,180,-132,191,-114,202,-95,211,-75,217,-54,221,-32,223,-11,223,11,221,32,217,54,211,75,202,95,191,114,180,132,165,149,151,165,116,154,-141,1590,-171,48,-118,43,-103,0,-111,22,197,173,227,186,35,23,-70,780,-12,14,-165,149,-180,132,-191,114,-202,95,-211,75,-217,54,-221,32,-223,11,-223,-11,-221,-32,-217,-54,-211,-75,-202,-95,-191,-114,-180,-132,-165,-149,-151,-165,-133,-178,-115,-190,-95,-201,-75,-209,-55,-215,-33,-219,-10,-222]]]
3351307	n	14.076,-16.5162,14.544,-16.0639	[[[140760,-162900,12,-222,33,-219,56,-215,77,-209,99,-201,118,-190,136,-178,155,-165,170,-149,184,-132,197,-114,208,-95,216,-75,223,-54,227,-32,229,-11,229,11,227,32,223,54,216,75,208,95,197,114,184,132,170,149,155,165,136,178,118,190,99,201,77,209,56,215,33,219,12,222,-12,222,-33,219,-56,215,-77,209,-99,201,-118,190,-136,178,-155,165,-170,149,-184,132,-197,114,-208,95,-216,75,-223,54,-227,32,-229,11,-229,-11,-227,-32,-223,-54,-216,-75,-208,-95,-197,-114,-184,-132,-170,-149,-155,-165,-136,-178,-118,-190,-99,-201,-77,-209,-56,-215,-33,-219,-12,-222]]]
3347615	n	17.4914,-10.9662,17.9486,-10.5139	[[[174914,-107400,11,-222,33,-219,55,-215,75,-209,96,-201,115,-190,134,-178,151,-165,166,-149,180,-132,192,-114,203,-95,211,-75,218,-54,222,-32,224,-11,224,11,222,32,218,54,211,75,203,95,192,114,180,132,166,149,151,165,134,178,115,190,96,201,75,209,55,215,33,219,11,222,-11,222,-33,219,-55,215,-75,209,-96,201,-115,190,-134,178,-151,165,-166,149,-180,132,-192,114,-203,95,-211,75,-218,54,-222,32,-224,11,-224,-11,-222,-32,-218,-54,-211,-75,-203,-95,-192,-114,-180,-132,-166,-149,-151,-165,-134,-178,-115,-190,-96,-201,-75,-209,-55,-215,-33,-219,-11,-222]]]
2591933	p	7758790
3350867	n	13.0084,-14.3361,13.4716,-13.8839	[[[130084,-141100,12,-222,33,-219,55,-215,77,-209,97,-201,117,-190,135,-178,153,-165,168,-149,182,-132,195,-114,206,-95,214,-75,220,-54,225,-32,227,-11,227,11,225,32,220,54,214,75,206,95,195,114,182,132,168,149,153,165,135,178,117,190,97,201,77,209,55,215,33,219,12,222,-12,222,-33,219,-55,215,-77,209,-97,201,-117,190,-135,178,-153,165,-168,149,-182,132,-195,114,-206,95,-214,75,-220,54,-225,32,-227,11,-227,-11,-225,-32,-220,-54,-214,-75,-206,-95,-195,-114,-182,-132,-168,-149,-153,-165,-135,-178,-117,-190,-97,-201,-77,-209,-55,-215,-33,-219,-12,-222]]]
3348581	n	14.4287,-13.2461,14.8605,-12.7939	[[[144287,-129103,0,-1,127,-2393,104,-137,152,-165,168,-149,181,-132,194,-114,205,-95,213,-75,219,-54,224,-32,226,-11,226,11,224,32,219,54,213,75,205,95,194,114,181,132,168,149,152,165,135,178,116,190,97,201,76,209,55,215,33,219,11,222,-11,222,-33,219,-55,215,-76,209,-97,201,-116,190,-135,178,-152,165,-168,149,-181,132,-194,114,-205,95,-213,75,-219,54,-224,32,-226,11,-226,-11,-224,-32,-219,-54,-213,-75,-205,-95,-194,-114,-181,-132,-168,-149,-152,-165,-135,-178,-96,-159]]]
2241371	n	14.2022,-9.9161,14.6578,-9.4639	[[[142022,-96900,11,-222,32,-219,55,-215,75,-209,96,-201,115,-190,133,-178,150,-165,166,-149,179,-132,192,-114,202,-95,211,-75,217,-54,221,-32,223,-11,223,11,221,32,217,54,211,75,202,95,192,114,179,132,166,149,150,165,133,178,115,190,96,201,75,209,55,215,32,219,11,222,-11,222,-32,219,-55,215,-75,209,-96,201,-115,190,-133,178,-150,165,-166,149,-179,132,-192,114,-202,95,-211,75,-217,54,-221,32,-223,11,-223,-11,-221,-32,-217,-54,-211,-75,-202,-95,-192,-114,-179,-132,-166,-149,-150,-165,-133,-178,-115,-190,-96,-201,-75,-209,-55,-215,-32,-219,-11,-222]]]
2241372	n	15.0926,-9.2761,15.5474,-8.8239	[[[150926,-90500,11,-222,33,-219,54,-215,75,-209,95,-201,115,-190,133,-178,150,-165,165,-149,180,-132,191,-114,202,-95,210,-75,216,-54,221,-32,223,-11,223,11,221,32,216,54,210,75,202,95,191,114,180,132,165,149,150,165,133,178,115,190,95,201,75,209,54,215,33,219,11,222,-11,222,-33,219,-54,215,-75,209,-95,201,-115,190,-133,178,-150,165,-165,149,-180,132,-191,114,-202,95,-210,75,-216,54,-221,32,-223,11,-223,-11,-221,-32,-216,-54,-210,-75,-202,-95,-191,-114,-180,-132,-165,-149,-150,-165,-133,-178,-115,-190,-95,-201,-75,-209,-54,-215,-33,-219,-11,-222]]]
2236360	n	15.073,-8.6061,15.527,-8.1539	[[[150730,-83800,11,-222,33,-219,54,-215,75,-209,95,-201,115,-190,132,-178,150,-165,165,-149,179,-132,191,-114,201,-95,210,-75,216,-54,220,-32,223,-11,223,11,220,32,216,54,210,75,201,95,191,114,179,132,165,149,150,165,132,178,115,190,95,201,75,209,54,215,33,219,11,222,-11,222,-33,219,-54,215,-75,209,-95,201,-115,190,-132,178,-150,165,-165,149,-179,132,-191,114,-201,95,-210,75,-216,54,-220,32,-223,11,-223,-11,-220,-32,-216,-54,-210,-75,-140,-66,6,-70,43,-86,-85,-55,-75,76,17,-34,-37,4,8,-48,-31,-58,41,-134,-68,-80,-53,-15,-120,9,-9,-24,-35,46,-22,-90,-24,-3,11,-137,-54,-50,-93,-27,-21,24,20,10,-9,37,-80,34,-18,-6,16,-44,-36,-35,-21,10,21,44,-22,24,-73,-105,-49,17,-7,-32,31,-17,46,-98,-16,-40,-36,14,-49,-23,12,-53,-96,-64,47,-130,-22,-18,3,-122,-2,47,-76,49,-24,85,-24,-7,9,-77,-43,23,-15,-24,-4,13,-45,-127,-54,-215,-33,-219,-11,-222]]]
3351014	n	17.2504,-12.2461,17.7096,-11.7939	[[[172504,-120200,11,-222,33,-219,55,-215,76,-209,96,-201,116,-190,134,-178,151,-165,167,-149,181,-132,194,-114,203,-95,212,-75,219,-54,223,-32,225,-11,225,11,223,32,219,54,212,75,203,95,194,114,181,132,167,149,151,165,134,178,116,190,96,201,76,209,55,215,33,219,11,222,-11,222,-33,219,-55,215,-76,209,-96,201,-116,190,-134,178,-151,165,-167,149,-181,132,-194,114,-203,95,-212,75,-219,54,-223,32,-225,11,-225,-11,-223,-32,-219,-54,-212,-75,-203,-95,-194,-114,-181,-132,-167,-149,-151,-165,-134,-178,-116,-190,-96,-201,-76,-209,-55,-215,-33,-219,-11,-222]]]
876177	n	22.0014,-10.9323,22.3264,-10.4839	[[[220014,-107100,11,-222,33,-219,55,-215,75,-209,96,-201,116,-190,133,-178,151,-165,166,-149,180,-132,193,-114,202,-95,212,-75,217,-54,40,-5,-146,480,-91,155,-2,164,173,220,232,205,180,128,419,172,248,72,190,29,98,85,29,191,-29,384,15,31,54,61,-163,258,-25,352,10,211,9,196,-35,422,-96,210,-124,132,-100,135,-15,151,-201,29,-224,11,-224,-11,-222,-32,-217,-54,-212,-75,-202,-95,-193,-114,-180,-132,-166,-149,-151,-165,-133,-178,-116,-190,-96,-201,-75,-209,-55,-215,-33,-219,-11,-222]]]
2241668	n	17.8225,-9.3761,18.2775,-8.9448	[[[178225,-91500,11,-222,33,-219,54,-215,75,-209,96,-201,115,-190,133,-178,150,-165,165,-149,179,-132,192,-114,202,-95,210,-75,216,-54,221,-32,223,-11,223,11,221,32,216,54,210,75,202,95,192,114,179,132,165,149,150,165,133,178,115,190,96,201,75,209,54,215,33,219,11,222,-11,222,-33,219,-54,215,-75,209,-96,201,-115,190,-133,178,-150,165,-165,149,-179,132,-192,114,-124,58,-2390,-304,-1,0,-165,-149,-150,-165,-133,-178,-115,-190,-96,-201,-75,-209,-54,-215,-33,-219,-11,-222]]]
2242001	n	13.5654,-8.8061,13.8871,-8.3539	[[[135654,-86543,809,-1491,11,-21,126,-6,223,11,220,32,216,54,210,75,202,95,191,114,179,132,165,149,150,165,132,178,115,190,95,201,75,209,55,215,32,219,11,222,-11,222,-32,219,-55,215,-75,209,-95,201,-115,190,-132,178,-150,165,-165,149,-179,132,-191,114,-202,95,-210,75,-216,54,-220,32,-223,11,-223,-11,-220,-32,-216,-54,-122,-44,0,-2,-165,-2861]]]
2242584	n	16.2021,-10.0061,16.658,-9.6051	[[[162021,-97800,11,-222,33,-219,54,-215,76,-209,95,-201,115,-190,133,-178,151,-165,165,-149,180,-132,192,-114,202,-95,210,-75,217,-54,222,-32,223,-11,223,11,222,32,217,54,210,75,202,95,192,114,180,132,165,149,151,165,133,178,115,190,95,201,76,209,54,215,33,219,11,222,-11,222,-33,219,-54,215,-76,209,-95,201,-115,190,-133,178,-151,165,-165,149,-1,1,-204,-51,-250,-23,-57,26,-3138,-1138,-31,-122,-33,-219,-11,-222]]]
3351884	n	16.4708,-11.7162,16.9293,-11.2639	[[[164708,-114900,11,-222,33,-219,55,-215,76,-209,96,-201,116,-190,133,-178,152,-165,166,-149,181,-132,193,-114,203,-95,212,-75,218,-54,222,-32,225,-11,225,11,222,32,218,54,212,75,203,95,193,114,181,132,166,149,152,165,133,178,116,190,96,201,76,209,55,215,33,219,11,222,-11,222,-33,219,-55,215,-76,209,-96,201,-116,190,-133,178,-152,165,-166,149,-181,132,-193,114,-203,95,-212,75,-218,54,-222,32,-225,11,-225,-11,-222,-32,-218,-54,-212,-75,-203,-95,-193,-114,-181,-132,-166,-149,-152,-165,-133,-178,-116,-190,-96,-201,-76,-209,-55,-215,-33,-219,-11,-222]]]
