3435910	r	-58.943,-35.0355,-58.0432,-34.2151	[[[-589430,-348958,154,-91,197,-102,206,-91,160,-60,260,276,53,-61,131,-132,63,-55,132,63,32,-86,69,-152,81,-148,93,-143,103,-138,115,-132,124,-125,135,-119,130,-101,2793,1127,1981,-143,567,-327,1194,1418,225,513,-203,38,-304,152,-244,41,-366,32,-30,13,11,10,-4,3,-12,-11,-317,137,-146,109,-21,16,2,3,-11,15,-25,15,-11,19,-105,66,-5,12,-12,-1,-30,20,-5,1,-34,26,0,6,27,45,-36,-45,-7,6,35,39,-42,-17,-8,-10,-26,19,-511,282,-278,154,-83,124,-85,128,-15,27,-38,69,1,1,-14,36,-7,1,-12,21,5,5,-10,53,-49,38,-16,52,-82,65,-2,0,-56,67,18,4,-1,9,-27,-2,-10,12,36,3,-2,18,-51,-4,-12,10,48,5,-2,19,-68,-6,-13,12,44,3,0,5,-26,15,-41,-3,-14,12,27,2,0,5,-48,27,-16,-1,-14,12,3,1,-29,20,-1,23,-46,-5,-238,121,0,2,-64,24,49,-18,-17,8,-206,132,-21,10,-1,2,-17,8,-5,0,-35,16,-2,5,-21,16,-26,4,-3,-2,-36,16,0,1,-8,23,-13,8,4,12,-22,8,-16,18,-18,9,-19,-6,-10,-19,-139,75,-8,96,4,54,9,148,-36,85,-259,202,-72,141,-11,131,149,179,111,109,123,89,186,320,-120,182,-280,195,-177,128,-581,275,121,28,55,59,35,69,62,49,367,-13,80,-18,183,-66,199,45,165,102,-22,13,-184,95,-192,85,-197,74,-203,64,-207,52,-212,41,-214,29,-215,18,-217,5,-48,-1,-766,-525,460,-2523,-85,0,-143,-97,-58,36,-75,-66,-194,143,-1,1,-32,31,-50,69,-145,60,-455,935,-287,-459,-39,28,3,-34,20,-19,-655,-1047,1221,-152,123,-76,202,-197,-271,-372,7,-8,-26,-18,-139,-190,5,-13,-53,-12,-23,1,-65,-41,-3,-1,-4,-2,-31,-6,-30,-21,-4,-1,-1,-1,-109,-37,-2,-1,149,-100,-1472,-2018,-1,0,-53,-73]],[[-583804,-345705,16,1,76,-45,-51,31,69,6,73,5,-19,8,-60,-4,-7,19,20,5,5,7,-122,-13,0,-20]]]
3860259	r	-64.8116,-31.7982,-63.7381,-31.0217	[[[-648116,-314200,7,-181,21,-180,34,-178,48,-176,61,-173,74,-169,87,-165,99,-160,111,-153,123,-147,133,-140,144,-132,154,-123,162,-115,171,-105,179,-96,186,-85,191,-75,197,-63,202,-53,205,-41,207,-29,210,-18,210,-6,210,6,210,18,207,29,205,41,202,53,197,63,191,75,186,85,11,6,59,-1224,152,-40,288,-57,292,-42,294,-25,250,-7,825,59,103,15,288,57,283,74,276,89,270,105,261,120,251,134,240,148,229,162,216,173,202,186,187,196,173,207,156,215,139,225,122,231,104,238,86,243,67,247,48,251,29,253,10,254,-10,254,-29,253,-48,251,-67,247,-86,243,-104,238,-122,231,-139,225,-156,215,-173,207,-187,196,-202,186,-216,173,-229,162,-240,148,-251,134,-261,120,-270,105,-276,89,-283,74,-288,57,-292,42,-294,25,-296,8,-296,-8,-294,-25,-292,-42,-288,-57,-283,-74,-225,-73,59,-1210,-150,59,-197,63,-202,53,-205,41,-207,29,-210,18,-210,6,-210,-6,-210,-18,-207,-29,-205,-41,-202,-53,-197,-63,-191,-75,-186,-85,-179,-96,-171,-105,-162,-115,-154,-123,-144,-132,-133,-140,-123,-147,-111,-153,-99,-160,-87,-165,-74,-169,-61,-173,-48,-176,-34,-178,-21,-180,-7,-181]]]
3838583	r	-61.0767,-33.3175,-60.2033,-32.581	[[[-610767,-329500,9,-241,19,-159,967,0,-5,-25,-22,-187,-7,-188,7,-188,22,-187,36,-186,51,-183,64,-180,79,-176,92,-172,105,-166,118,-159,129,-153,142,-146,152,-137,163,-129,172,-119,181,-110,190,-99,196,-89,203,-77,209,-67,213,-54,217,-43,220,-31,222,-18,223,-6,223,6,222,18,220,31,176,35,2106,2068,441,433,11,96,7,188,-7,188,-22,187,-5,25,712,0,276,214,7,186,-9,241,-28,241,-47,238,-65,235,-83,231,-100,226,-118,220,-135,213,-151,205,-166,196,-182,187,-195,176,-208,165,-221,153,-233,141,-242,127,-252,114,-261,100,-267,85,-274,70,-278,55,-282,39,-284,24,-286,8,-286,-8,-284,-24,-282,-39,-278,-55,-274,-70,-267,-85,-261,-100,-252,-114,-242,-127,-233,-141,-221,-153,-208,-165,-195,-176,-182,-187,-166,-196,-151,-205,-135,-213,-118,-220,-100,-226,-83,-231,-65,-235,-47,-238,-28,-241,-9,-241]]]
3430863	r	-58.0113,-38.281,-57.3404,-37.642	[[[-580113,-380000,10,-234,29,-233,48,-231,67,-229,86,-224,104,-219,122,-214,139,-206,156,-199,172,-191,187,-181,202,-171,215,-160,182,-118,491,288,1039,474,928,520,352,319,123,199,18,10,29,53,1,14,56,91,6,26,2,2,-1,1,22,88,-18,180,15,32,23,29,10,-3,-8,7,56,59,72,32,-15,-2,-53,-26,-60,-58,-14,21,13,-22,-31,-24,-8,-3,-5,11,-3,27,6,6,-6,-1,-3,28,6,18,13,1,-13,0,7,20,6,12,2,1,26,23,-22,-12,21,39,59,-33,29,-8,-82,53,11,21,2,27,15,-2,-14,5,1,15,17,8,2,32,20,13,12,33,-20,14,4,-7,-15,-3,-22,11,-4,20,3,4,-21,8,-22,64,-6,-12,-15,-4,-18,6,-21,19,-4,24,11,-1,-11,2,0,15,6,8,10,-1,-24,8,5,15,-22,27,9,-11,20,235,3,13,-3,-5,6,63,9,1,0,-6,3,15,-3,-6,-9,2,5,64,11,8,8,-1,-11,11,33,63,1,28,9,11,-7,7,10,6,-11,9,33,113,36,63,21,2,-20,0,13,4,-13,4,7,9,-8,-3,13,49,-37,28,8,36,170,414,245,401,295,372,810,804,162,70,120,91,83,111,-200,85,-269,97,-276,82,-283,68,-288,53,-291,39,-294,23,-295,7,-295,-7,-294,-23,-291,-39,-288,-53,-283,-68,-276,-82,-269,-97,-260,-110,-251,-124,-240,-137,-229,-148,-215,-160,-202,-171,-187,-181,-172,-191,-156,-199,-139,-206,-122,-214,-104,-219,-86,-224,-67,-229,-48,-231,-29,-233,-10,-234]]]
3836873	r	-65.6223,-27.1369,-64.8573,-26.5032	[[[-656223,-268100,7,-189,20,-189,35,-187,48,-185,61,-181,74,-177,87,-173,100,-167,111,-161,123,-154,134,-147,144,-138,154,-129,163,-121,171,-110,179,-100,186,-89,193,-79,197,-66,202,-55,205,-43,208,-31,210,-19,200,-6,-42,-254,40,-11,225,-47,228,-34,229,-20,231,-7,231,7,229,20,228,34,225,47,221,60,216,73,210,86,204,97,196,110,187,121,179,131,168,142,158,151,146,161,135,168,122,176,108,183,96,189,81,194,67,199,52,202,38,204,23,207,7,207,-7,207,-23,207,-38,204,-52,202,-67,199,-81,194,-96,189,-108,183,-122,176,-135,168,-146,161,-158,151,-168,142,-179,131,-187,121,-196,110,-204,97,-210,86,-216,73,-221,60,-225,47,-228,34,-229,20,-176,6,-47,-291,-74,20,-205,43,-208,31,-210,19,-211,6,-211,-6,-210,-19,-208,-31,-205,-43,-202,-55,-197,-66,-193,-79,-186,-89,-179,-100,-171,-110,-163,-121,-154,-129,-144,-138,-134,-147,-123,-154,-111,-161,-100,-167,-87,-173,-74,-177,-61,-181,-48,-185,-35,-187,-20,-189,-7,-189]]]
3838233	r	-65.7778,-25.137,-65.0622,-24.4851	[[[-657778,-248100,8,-214,23,-213,38,-211,53,-208,68,-205,82,-200,97,-195,110,-189,124,-182,136,-173,149,-166,160,-156,171,-146,181,-136,190,-125,199,-113,207,-101,213,-88,219,-75,224,-62,228,-49,231,-35,233,-21,234,-7,234,7,233,21,231,35,228,49,224,62,219,75,213,88,207,101,199,113,190,125,181,136,171,146,160,156,149,166,136,173,124,182,110,189,97,195,82,200,68,205,53,208,38,211,23,213,8,214,-8,214,-23,213,-38,211,-53,208,-68,205,-82,200,-97,195,-110,189,-124,182,-136,173,-149,166,-160,156,-171,146,-181,136,-190,125,-199,113,-207,101,-123,51,-1846,265,-80,-7,-231,-35,-228,-49,-224,-62,-219,-75,-213,-88,-207,-101,-199,-113,-190,-125,-181,-136,-171,-146,-160,-156,-149,-166,-136,-173,-124,-182,-110,-189,-97,-195,-82,-200,-68,-205,-53,-208,-38,-211,-23,-213,-8,-214]]]
3836277	r	-61.1353,-31.973,-60.4436,-31.3244	[[[-611353,-316600,8,-205,23,-204,39,-202,55,-199,69,-196,84,-192,99,-187,113,-180,126,-174,139,-167,152,-158,163,-149,174,-141,185,-129,195,-120,203,-108,210,-97,218,-84,224,-72,229,-60,232,-46,236,-34,238,-20,239,-6,17,0,672,1580,2575,3971,-159,127,-192,135,-202,125,-211,112,-219,101,-227,88,-233,75,-238,61,-242,49,-245,35,-247,20,-249,7,-249,-7,-247,-20,-245,-35,-242,-49,-88,-22,28,-117,-34,-2,-236,-34,-232,-46,-229,-60,-224,-72,-218,-84,-210,-97,-203,-108,-195,-120,-185,-129,-174,-141,-163,-149,-152,-158,-139,-167,-126,-174,-113,-180,-99,-187,-84,-192,-69,-196,-55,-199,-39,-202,-23,-204,-8,-205]]]
7535637	p	3435910
3435217	r	-58.9004,-27.9094,-58.338,-27.0305	[[[-589004,-273592,62,-466,154,-139,-122,-103,59,-441,11,-1,33,30,-22,-33,-20,-15,41,-307,-41,-192,-4,-86,109,-208,32,-238,0,-27,-43,-122,-72,-154,77,-117,105,-87,371,-2796,296,9,320,28,318,47,313,65,308,83,302,102,293,118,284,136,273,152,262,167,249,183,235,196,220,210,204,223,188,233,170,245,151,253,133,262,114,269,93,276,73,280,53,283,31,287,11,287,-11,287,-31,287,-53,283,-73,280,-93,276,-114,269,-133,262,-38,64,-1182,-92,-894,-346,-40,-33,1,8,42,494,-17,204,-124,190,-247,166,-137,121,-60,129,51,288,145,204,227,121,506,78,50,105,-4,33,-231,128,-284,136,-293,118,-302,102,-308,83,-313,65,-318,47,-320,28,-322,10,-322,-10,-83,-7,-299,-3270]]]
3429886	r	-56.2848,-27.7179,-55.5532,-27.2692	[[[-562848,-274092,10,10,65,32,79,12,262,-9,70,35,42,129,180,41,147,138,159,195,103,92,67,32,76,24,52,66,21,9,22,7,118,-3,54,7,48,28,51,67,86,12,96,35,167,48,184,19,-49,17,-4,1,-247,42,-257,17,-254,-129,-189,-129,-365,-375,-226,-90,-288,-71,-230,-113,-50,-196]],[[-562367,-275554,117,-168,140,-174,152,-166,164,-157,175,-146,186,-137,195,-125,204,-113,212,-101,218,-89,225,-75,230,-62,233,-49,237,-35,239,-21,240,-7,240,7,239,21,237,35,233,49,230,62,225,75,218,89,212,101,204,113,195,125,186,137,175,146,164,157,152,166,140,174,127,182,113,190,99,195,85,201,69,205,55,209,39,212,23,214,8,214,-8,214,-23,214,-39,212,-55,209,-69,205,-65,154,-50,-76,9,-67,24,-82,-8,-138,-97,-229,-162,-171,-212,-109,-249,-37,-281,-193,-358,-379,-372,-264,-605,296,-269,67,-121,62,-86,101,-151,375,-149,187,-203,71,-233,-5,-243,-33,-54,-1,-187,-6,-221,40,-210,74,36,-34,-39,-55,0,-14,35,-48,2,-15,-6,-18,-24,-11,-92,-41,-22,-33,65,-204,37,-57,-12,-42,7,-42,-6,-58,-37,-10,-49,-94,-35,-23,-14,-39,5,-14,9,1,25,-22,-4,-10,29,-32,2,-28,-27,-8,-10,-10,-12,9,-31,0,-10,-11,-36,-14,-40,-1,-15,-8,0,-47,14,-10,2,-19,-12,-22,10,-20,-31,-14,-20,-34,27,-22,-5,-9,17,-2,14,-21,-15,-48,-1,-44,2,-7,24,-11,13,-26,-54,-33,-71,-102,-205,-165,-152,-103,-147,-51,-1229,-549]]]
3865086	r	-62.6714,-39.1473,-61.7384,-38.4047	[[[-626714,-387200,8,-206,26,-206,43,-203,60,-201,76,-198,92,-193,109,-188,124,-182,138,-175,153,-168,167,-159,180,-151,191,-141,203,-131,214,-120,223,-109,232,-97,162,-58,347,282,10,-21,92,-159,106,-155,118,-148,130,-143,142,-135,39,-33,11,23,133,354,100,95,246,104,-27,141,55,158,67,127,4,51,-325,-56,-140,-6,-113,62,-27,71,14,187,13,186,-42,132,-105,70,-137,-5,-137,-96,58,173,-182,376,61,209,-100,95,105,163,212,111,231,-61,167,-72,1330,-81,284,-18,144,-78,129,-183,167,-361,201,-293,292,-209,373,-147,1877,-433,485,-16,283,47,57,117,65,168,50,171,37,173,22,174,7,175,-7,175,-22,174,-37,173,-50,171,-65,168,-79,164,-92,159,-106,155,-118,148,-130,143,-142,135,-153,128,-163,120,-172,111,-182,102,-190,93,-197,82,-204,72,-147,44,555,452,-15,26,-124,182,-138,175,-153,168,-167,159,-180,151,-191,141,-203,131,-214,120,-223,109,-232,97,-239,85,-246,73,-251,60,-256,47,-259,33,-261,20,-263,7,-263,-7,-261,-20,-259,-33,-256,-47,-251,-60,-246,-73,-239,-85,-232,-97,-223,-109,-214,-120,-203,-131,-191,-141,-180,-151,-167,-159,-153,-168,-138,-175,-124,-182,-109,-188,-92,-193,-76,-198,-60,-201,-43,-203,-26,-206,-8,-206]],[[-621308,-390206,108,-123,195,-22,146,117,559,-341,198,-69,186,3,161,64,82,107,-50,131,-304,192,-375,92,-793,33,-113,-184]],[[-620980,-390878,10,-158,110,-194,217,-243,66,1,223,18,220,28,218,40,214,51,209,62,118,41,-43,54,-996,181,-371,142,-195,-23]]]
3429577	r	-59.7267,-28.0543,-58.8467,-26.8019	[[[-597267,-274600,16,-430,47,-429,79,-425,109,-419,140,-413,170,-403,199,-392,227,-380,255,-365,280,-350,306,-333,330,-315,352,-294,372,-273,392,-251,409,-228,426,-203,98,-40,1608,2756,5,-243,-11,-8,-66,-136,15,-29,80,-31,13,-22,90,-14,2,-437,671,1,0,-27,408,-1,1,449,304,3,18,19,22,9,77,11,63,38,67,63,16,26,12,91,-19,25,-1,12,34,43,-12,72,-25,46,-11,8,0,29,-14,42,96,-9,217,-6,217,6,216,19,214,32,212,44,74,20,-178,1344,-105,87,-77,117,72,154,43,122,0,27,-32,238,-109,208,4,86,41,192,-41,307,20,15,22,33,-33,-30,-11,1,-59,441,122,103,-154,139,-62,466,299,3270,199,2183,-432,64,-480,42,-482,14,-482,-14,-480,-42,-475,-70,-470,-98,-461,-125,-451,-152,-439,-177,-426,-203,-409,-228,-392,-251,-372,-273,-352,-294,-330,-315,-306,-333,-280,-350,-255,-365,-227,-380,-199,-392,-170,-403,-140,-413,-109,-419,-79,-425,-47,-429,-16,-430]]]
3430697	p	3435910
3429652	p	3435910
3836564	r	-65.9708,-24.5331,-64.9987,-23.5648	[[[-659708,-241900,15,-409,44,-407,72,-404,101,-398,130,-392,112,-273,4647,-668,1846,-265,1492,-215,712,5122,-2,60,11,7,541,3890,-308,128,-417,144,-426,119,-434,93,-439,66,-444,41,-445,13,-445,-13,-444,-41,-439,-66,-434,-93,-426,-119,-417,-144,-406,-169,-393,-193,-378,-216,-362,-238,-345,-260,-325,-279,-304,-299,-283,-316,-259,-333,-235,-347,-210,-361,-184,-373,-157,-382,-130,-392,-101,-398,-72,-404,-44,-407,-15,-409]]]
3835869	r	-64.6074,-28.1094,-63.9126,-27.4906	[[[-646074,-278000,7,-202,22,-202,37,-200,52,-197,66,-194,80,-189,94,-185,107,-178,120,-172,133,-165,144,-156,155,-148,166,-138,176,-129,185,-118,193,-107,200,-95,207,-84,213,-71,218,-59,221,-46,225,-33,226,-20,227,-6,227,6,226,20,225,33,221,46,218,59,213,71,207,84,200,95,193,107,185,118,176,129,166,138,155,148,144,156,133,165,120,172,107,178,94,185,80,189,66,194,52,197,37,200,22,202,7,202,-7,202,-22,202,-37,200,-52,197,-66,194,-80,189,-94,185,-107,178,-120,172,-133,165,-144,156,-155,148,-166,138,-176,129,-185,118,-193,107,-200,95,-207,84,-213,71,-218,59,-221,46,-225,33,-226,20,-227,6,-227,-6,-226,-20,-225,-33,-221,-46,-218,-59,-213,-71,-207,-84,-200,-95,-193,-107,-185,-118,-176,-129,-166,-138,-155,-148,-144,-156,-133,-165,-120,-172,-107,-178,-94,-185,-80,-189,-66,-194,-52,-197,-37,-200,-22,-202,-7,-202]]]
3430234	p	3435910
3432555	p	3435910
3841956	r	-60.7823,-32.0804,-60.1208,-31.3911	[[[-607823,-320058,32,-22,217,-134,228,-121,236,-108,244,-95,251,-80,256,-67,261,-52,264,-37,266,-23,268,-7,268,7,266,23,264,37,261,52,256,67,251,80,244,95,236,108,228,121,217,134,207,145,196,157,183,167,170,178,156,186,141,195,126,202,111,209,94,215,78,219,61,223,43,227,27,228,8,229,-8,229,-27,228,-43,227,-61,223,-78,219,-94,215,-111,209,-126,202,-141,195,-156,186,-170,178,-183,167,-196,157,-207,145,-217,134,-228,121,-236,108,-244,95,-251,80,-256,67,-21,4,-174,-268,-2575,-3971,-672,-1580,-140,-328]]]
3843123	r	-68.6916,-39.3313,-67.7163,-38.6087	[[[-686916,-389700,10,-236,30,-236,49,-233,69,-230,87,-226,107,-222,124,-215,143,-208,159,-201,176,-192,192,-183,206,-173,221,-161,233,-150,246,-138,256,-125,266,-111,276,-98,282,-83,289,-69,295,-54,298,-38,300,-23,302,-8,302,8,300,23,298,38,295,54,261,62,-576,3356,533,-3111,4,0,283,-7,283,7,282,22,280,36,276,50,271,65,265,78,35,12,-332,796,191,35,207,49,201,59,139,50,1339,3761,-2,2,-125,137,-137,130,-147,123,-157,115,-166,107,-175,98,-183,89,-190,80,-196,70,-201,59,-207,49,-209,38,-213,28,-214,16,-215,6,-215,-6,-214,-16,-213,-28,-209,-38,-207,-49,-201,-59,-109,-39,-316,758,-137,-25,-271,-65,-25,-7,-35,204,-248,6,-302,-8,-300,-23,-298,-38,-295,-54,-289,-69,-282,-83,-276,-98,-266,-111,-256,-125,-246,-138,-233,-150,-221,-161,-206,-173,-192,-183,-176,-192,-159,-201,-143,-208,-124,-215,-107,-222,-87,-226,-69,-230,-49,-233,-30,-236,-10,-236],[-682019,-389294,1,0,456,349,-457,-349]]]
12076997	p	3435910
3433899	r	-58.924,-26.843,-57.6926,-25.4987	[[[-589240,-261800,16,-446,48,-443,81,-440,112,-434,143,-427,174,-417,203,-406,233,-393,260,-379,288,-362,313,-345,337,-325,360,-305,382,-283,401,-260,419,-235,435,-210,449,-184,462,-157,472,-130,236,-49,-108,125,124,219,167,48,178,-53,169,-24,138,131,-37,82,-80,115,-14,101,165,43,121,-2,75,13,39,50,27,780,45,190,52,114,32,12,51,-34,315,-55,118,7,53,61,-28,91,-58,80,-49,90,-1,52,-1,66,38,31,170,111,66,63,-56,55,-88,142,-61,76,-226,148,-54,57,-39,169,31,152,55,155,28,175,32,78,140,95,33,104,-242,204,-35,127,69,159,235,375,78,18,95,61,87,123,31,248,-15,97,-105,145,-11,24,-12,78,-1,74,10,71,13,34,30,38,9,8,158,32,227,86,173,120,-1,24,11,26,11,60,-8,56,-30,51,-95,66,-201,91,-32,20,-74,72,-21,15,-13,99,101,-33,80,-42,56,-57,36,-72,88,109,89,207,96,336,102,95,445,147,4,0,173,51,19,14,8,3,334,172,65,43,95,37,227,131,60,54,84,94,501,340,57,10,118,47,118,38,63,69,2,65,-42,84,-20,21,-42,22,0,21,-82,21,-187,98,-72,48,-16,35,6,39,7,36,25,47,282,209,7,9,23,5,184,50,43,37,8,19,8,28,-5,55,-27,50,-21,25,-52,36,-117,66,-75,30,-62,79,-39,-1,-11,-11,15,38,212,72,210,101,135,90,69,46,109,138,-152,339,-35,192,150,84,184,58,193,134,168,158,107,128,-107,25,-95,40,-79,56,-61,83,209,290,124,108,214,81,112,9,105,-7,56,5,-184,136,-401,260,-419,235,-435,210,-449,184,-462,157,-472,130,-481,101,-487,72,-491,44,-493,15,-493,-15,-491,-44,-487,-72,-481,-101,-472,-130,-462,-157,-449,-184,-435,-210,-419,-235,-401,-260,-382,-283,-360,-305,-337,-325,-313,-345,-288,-362,-260,-379,-233,-393,-203,-406,-174,-417,-143,-427,-112,-434,-81,-440,-48,-443,-16,-446]]]
3432135	p	3435910
3432043	r	-58.1851,-35.1825,-57.6338,-34.7767	[[[-581851,-349698,510,-1641,74,-44,177,-91,183,-81,190,-71,195,-60,199,-50,203,-39,205,-28,207,-17,208,-5,208,5,207,17,205,28,203,39,199,50,195,60,190,71,183,81,177,91,169,100,161,109,152,118,142,125,12,11,-296,284,114,56,215,132,200,149,180,165,160,178,138,190,48,84,-530,343,-720,242,-476,374,-452,242,-194,182,-66,6,-44,4,-562,-48,-268,92,-352,372,-304,82,-126,24,-225,-513,-1194,-1418]]]
12594578	n	-69.3595,-33.3182,-68.5727,-32.6239	[[[-693595,-328900,11,-282,33,-280,54,-278,76,-275,96,-270,118,-263,137,-257,158,-249,176,-239,194,-229,211,-218,228,-206,244,-192,257,-179,271,-164,284,-149,294,-133,303,-116,312,-100,319,-82,325,-64,329,-45,134,-12,2971,4072,313,346,7,42,13,222,-13,222,-38,219,-64,215,-88,209,-112,201,-135,190,-157,178,-176,165,-194,149,-211,132,-225,114,-237,95,-247,75,-254,54,-260,32,-262,11,-262,-11,-260,-32,-254,-54,-247,-75,-237,-95,-225,-114,-211,-132,-194,-149,-176,-165,-157,-178,-135,-190,-112,-201,-88,-209,-64,-215,-34,-194,-2382,408,-59,-215,-54,-278,-33,-280,-11,-282]]]
3436043	p	3435910
3848950	r	-67.2057,-29.7132,-66.5143,-29.1068	[[[-672057,-294100,7,-198,22,-198,37,-196,52,-193,65,-190,80,-185,93,-181,107,-175,119,-169,132,-161,144,-153,154,-145,165,-136,175,-126,184,-115,192,-105,200,-93,206,-82,212,-70,216,-58,221,-45,223,-32,225,-20,226,-6,226,6,225,20,223,32,221,45,216,58,212,70,206,82,200,93,192,105,184,115,175,126,165,136,154,145,144,153,132,161,119,169,107,175,93,181,80,185,65,190,52,193,37,196,22,198,7,198,-7,198,-22,198,-37,196,-52,193,-65,190,-80,185,-93,181,-107,175,-119,169,-132,161,-144,153,-154,145,-165,136,-175,126,-184,115,-192,105,-200,93,-206,82,-212,70,-216,58,-221,45,-223,32,-225,20,-226,6,-226,-6,-225,-20,-223,-32,-221,-45,-216,-58,-212,-70,-206,-82,-200,-93,-192,-105,-184,-115,-175,-126,-165,-136,-154,-145,-144,-153,-132,-161,-119,-169,-107,-175,-93,-181,-80,-185,-65,-190,-52,-193,-37,-196,-22,-198,-7,-198]]]
3837056	r	-66.7296,-33.6263,-65.9304,-32.9537	[[[-667296,-332900,9,-220,25,-219,43,-217,59,-214,76,-211,92,-206,108,-200,123,-194,139,-187,152,-179,166,-170,178,-161,191,-150,202,-140,213,-128,222,-116,231,-104,238,-91,245,-77,250,-64,254,-50,258,-36,261,-22,261,-7,261,7,261,22,258,36,254,50,250,64,245,77,238,91,231,104,222,116,213,128,202,140,191,150,178,161,166,170,152,179,139,187,123,194,108,200,92,206,76,211,59,214,43,217,25,219,9,220,-9,220,-25,219,-43,217,-59,214,-76,211,-92,206,-108,200,-123,194,-139,187,-152,179,-166,170,-178,161,-191,150,-202,140,-213,128,-222,116,-231,104,-238,91,-245,77,-250,64,-254,50,-258,36,-261,22,-261,7,-261,-7,-261,-22,-258,-36,-254,-50,-250,-64,-245,-77,-238,-91,-231,-104,-222,-116,-213,-128,-202,-140,-191,-150,-178,-161,-166,-170,-152,-179,-139,-187,-123,-194,-108,-200,-92,-206,-76,-211,-59,-214,-43,-217,-25,-219,-9,-220]]]
7645166	p	3435910
3433360	r	-57.8408,-29.118,-55.9318,-27.306	[[[-578408,-285175,3871,-4398,63,-31,1021,-413,1049,-352,1072,-290,1091,-227,1106,-163,1115,-98,1120,-33,1120,33,257,23,40,24,350,163,690,156,163,82,122,185,39,196,10,405,193,391,685,357,221,351,25,341,-3,12,-1,121,-24,135,8,107,38,81,16,24,3,35,87,156,206,82,471,79,337,199,817,961,622,391,189,233,12,342,-38,61,-12,93,5,71,29,83,9,103,98,138,325,74,275,125,198,20,-3421,9027,1601,715,147,51,152,103,205,165,71,102,54,33,-13,26,-24,11,-2,7,1,44,15,48,-14,21,-17,2,5,9,-27,22,20,34,31,14,-10,20,12,22,-2,19,-14,10,0,47,15,8,40,1,36,14,10,11,31,0,12,-9,10,10,27,8,-2,28,-29,32,4,10,-25,22,-9,-1,-5,14,14,39,35,23,49,94,37,10,6,58,-7,42,12,42,-37,57,-65,204,22,33,92,41,24,11,6,18,-2,15,-35,48,0,14,39,55,-127,118,-122,46,-136,19,-245,-25,-167,-48,-96,-35,-86,-12,-51,-67,-48,-28,-54,-7,-118,3,-22,-7,-21,-9,-52,-66,-76,-24,-67,-32,-103,-92,-159,-195,-147,-138,-180,-41,-42,-129,-70,-35,-262,9,-79,-12,-65,-32,-72,-72,-33,-46,-7,-31,-2,-35,12,-63,92,-203,5,-78,-33,-159,-26,-86,-35,-86,-35,-26,-43,-24,-38,99,-112,-112,-113,-147,-19,-8,-92,-86,-107,-174,-16,-79,-44,-146,-119,-162,-322,-62,-6,2,-311,112,-301,215,-258,267,-189,271,-27,55,-62,100,-33,116,-120,235,-116,112,-132,22,-185,-8,-77,25,-61,77,-137,57,-54,-104,-304,-204,-55,-23,-273,-71,-28,-2,-23,-11,-35,-9,-42,18,-40,26,-23,44,-19,3,-85,-26,-76,-6,-85,-45,-49,-43,-8,-18,85,-60,2,-110,-218,-153,-370,-63,-3,2,-360,197,-618,553,-351,128,-366,-34,-363,-132,-989,-487,-328,-66,-392,16,-85,13,-234,4,-4,1,-107,30,-92,53,-267,202,-100,45,-5,1,-454,111,-95,23,-105,52,-71,63,-162,143,-89,54,-213,52,-39,9,-263,-1,-1010,-129,-257,23,-65,20,-158,49,-1621,737,-4,1,-112,36,-337,63,-977,-11940]]]
3837702	r	-66.274,-28.9072,-65.286,-28.0328	[[[-662740,-284700,11,-286,32,-285,52,-282,74,-278,93,-274,114,-268,134,-261,152,-252,171,-243,188,-232,205,-221,221,-209,236,-196,250,-181,263,-167,274,-151,285,-135,295,-118,302,-101,310,-83,314,-65,319,-46,322,-28,323,-10,323,10,322,28,319,46,314,65,310,83,302,101,295,118,285,135,274,151,263,167,250,181,236,196,221,209,205,221,188,232,171,243,152,252,134,261,114,268,93,274,74,278,52,282,32,285,11,286,-11,286,-32,285,-52,282,-74,278,-93,274,-114,268,-134,261,-152,252,-171,243,-188,232,-205,221,-221,209,-236,196,-250,181,-263,167,-274,151,-285,135,-295,118,-302,101,-310,83,-314,65,-319,46,-322,28,-323,10,-323,-10,-322,-28,-319,-46,-314,-65,-310,-83,-302,-101,-295,-118,-285,-135,-274,-151,-263,-167,-250,-181,-236,-196,-221,-209,-205,-221,-188,-232,-171,-243,-152,-252,-134,-261,-114,-268,-93,-274,-74,-278,-52,-282,-32,-285,-11,-286]]]
3838874	r	-64.6908,-33.4172,-64.0093,-32.8427	[[[-646907,-331300,7,-188,22,-187,36,-185,51,-183,65,-180,78,-176,92,-171,105,-166,118,-160,130,-153,141,-145,153,-137,163,-129,172,-119,181,-109,190,-100,196,-88,203,-78,209,-66,213,-55,217,-42,220,-31,222,-18,223,-6,223,6,222,18,220,31,217,42,213,55,209,66,203,78,196,88,190,100,181,109,172,119,163,129,153,137,141,145,130,153,118,160,105,166,92,171,78,176,65,180,51,183,36,185,22,187,7,188,-7,188,-22,187,-36,185,-51,183,-65,180,-78,176,-92,171,-105,166,-118,160,-130,153,-141,145,-153,137,-163,129,-172,119,-181,109,-190,100,-196,88,-203,78,-209,66,-213,55,-217,42,-220,31,-222,18,-223,6,-223,-6,-222,-18,-220,-31,-217,-42,-213,-55,-209,-66,-203,-78,-196,-88,-190,-100,-181,-109,-172,-119,-163,-129,-153,-137,-141,-145,-130,-153,-118,-160,-105,-166,-92,-171,-78,-176,-65,-180,-51,-183,-36,-185,-22,-187,-7,-188]]]
6693228	p	3435910
7778796	r	-59.0196,-34.8885,-58.6654,-34.2677	[[[-590196,-348435,19,-16,175,-118,184,-109,192,-99,199,-88,51,-20,1472,2018,-149,100,2,1,109,37,1,1,4,1,30,21,31,6,4,2,3,1,65,41,23,-1,53,12,-5,13,139,190,26,18,-7,8,271,372,-202,197,-123,76,-1221,152,-687,-333,-659,-2483]],[[-587892,-344088,455,-935,145,-60,50,-69,32,-31,1,-1,194,-143,75,66,58,-36,143,97,85,0,-460,2523,-430,-217,-348,-1194]]]
3435261	r	-58.3484,-31.6722,-57.8994,-31.1078	[[[-583484,-313900,8,-185,21,-183,35,-183,48,-179,63,-177,75,-173,89,-168,101,-163,114,-157,125,-150,136,-143,147,-134,157,-127,166,-117,175,-107,182,-98,190,-87,195,-76,202,-65,205,-54,209,-42,212,-30,214,-18,215,-6,201,6,113,288,90,440,-72,447,-265,285,-257,170,-118,78,-244,256,126,309,190,137,377,196,157,117,46,90,14,18,4,17,33,63,6,52,-17,22,-33,79,19,9,42,-7,32,299,92,205,69,66,165,112,74,65,208,378,97,115,1,260,-67,444,123,429,-151,49,-205,54,-209,42,-212,30,-214,18,-215,6,-215,-6,-214,-18,-212,-30,-209,-42,-205,-54,-202,-65,-195,-76,-190,-87,-182,-98,-175,-107,-166,-117,-157,-127,-147,-134,-136,-143,-125,-150,-114,-157,-101,-163,-89,-168,-75,-173,-63,-177,-48,-179,-35,-183,-21,-183,-8,-185]]]
3860443	r	-68.1645,-46.1509,-67.1559,-45.387	[[[-681645,-458600,14,-309,43,-308,72,-306,101,-301,128,-296,155,-290,182,-282,208,-273,233,-263,141,-137,2431,-84,1,0,1704,-60,-12,208,32,306,77,276,318,719,32,71,209,254,168,63,49,2,47,16,-36,5,17,6,-146,249,115,173,211,187,30,55,47,70,59,57,14,33,18,9,32,-4,104,69,48,22,17,18,35,8,14,-15,66,7,33,19,49,2,18,6,1,7,-15,-11,-73,3,-1,11,30,3,-53,0,0,15,-1,-24,-39,-1,-13,12,172,353,135,73,14,9,144,62,63,67,79,44,56,14,13,24,84,47,200,-31,125,75,40,99,-81,77,-10,67,53,124,5,142,176,17,65,53,47,99,-193,130,-18,159,-1,309,117,257,127,198,241,120,141,116,239,291,465,321,220,270,339,403,115,122,-358,134,-402,127,-413,109,-422,90,-430,71,-436,50,-439,30,-441,10,-441,-10,-439,-30,-436,-50,-430,-71,-422,-90,-413,-109,-402,-127,-390,-146,-374,-164,-359,-180,-341,-196,-323,-212,-301,-226,-280,-239,-258,-251,-233,-263,-208,-273,-182,-282,-155,-290,-128,-296,-101,-301,-72,-306,-43,-308,-14,-309]]]
3436077	p	3435910
3836846	r	-60.5766,-33.6383,-59.8434,-33.0217	[[[-605766,-333300,8,-202,24,-200,39,-200,54,-196,70,-193,84,-189,99,-184,114,-178,126,-171,140,-164,152,-156,164,-147,175,-138,186,-128,195,-118,203,-106,212,-95,218,-84,225,-71,229,-58,234,-46,237,-33,238,-20,240,-6,240,6,238,20,237,33,234,46,229,58,225,71,218,84,212,95,203,106,195,118,186,128,175,138,164,147,152,156,140,164,126,171,114,178,99,184,84,189,70,193,54,196,39,200,24,200,8,202,-8,202,-24,200,-39,200,-54,196,-70,193,-84,189,-99,184,-114,178,-126,171,-140,164,-152,156,-164,147,-175,138,-186,128,-195,118,-203,106,-212,95,-218,84,-225,71,-229,58,-234,46,-237,33,-238,20,-240,6,-240,-6,-238,-20,-101,-14,-3086,-3031,-1,-12]]]
3433424	p	3435910
13452524	r	-70.5696,-32.6267,-66.504,-28.3888	[[[-705696,-314735,13,-46,63,-39,-28,-59,1,-33,-25,-96,20,-24,18,-5,30,-22,14,-21,44,-13,28,-17,-15,-31,-27,-19,-21,-31,11,-48,-5,-40,13,-36,-18,-39,-2,-33,-16,-32,-1,-35,16,-13,-3,-36,-15,-21,-5,-44,-21,-41,20,-68,23,-23,0,-49,-38,-36,-22,-34,-24,-13,-2,-32,11,-43,41,-45,-11,-13,-29,-14,-11,-23,105,-53,88,-1,30,-52,-3,-32,13,-6,18,-60,47,-59,11,-34,41,-20,-1,-58,51,-28,33,-32,35,-4,35,-26,40,-14,17,-18,40,-21,0,-19,33,-55,-3,-10,-50,-21,-18,-21,-6,-37,4,-29,-15,-17,0,-67,11,-33,-12,-22,-7,-46,18,1,80,-23,36,-23,59,16,40,29,24,2,33,-13,59,-50,15,-6,28,6,36,-15,27,-28,-6,-85,29,-43,19,-4,-24,-31,-2,-18,28,-61,7,-43,46,-47,-24,-31,-22,-63,2,-17,-61,-44,-3,-64,-28,-23,-7,-14,47,-19,0,-131,28,-24,2,-13,19,-22,-9,-19,6,-56,9,-11,-10,-14,1,-10,23,-30,48,-28,-22,-66,-8,-14,-16,-6,2,-6,26,-17,55,-16,14,-9,-40,-47,6,-27,-16,-39,0,-15,-34,-56,-3,-35,15,-23,-27,-70,2,-23,8,-8,23,-2,12,-9,16,-37,40,0,10,-17,32,-14,15,0,43,20,38,-9,58,-38,40,12,20,-41,20,-24,74,-28,32,-32,39,-12,45,-64,47,-17,74,-40,37,6,92,-6,20,-53,21,-12,18,12,14,20,75,21,18,-2,50,-28,33,-34,64,-35,35,40,30,5,30,-5,35,12,16,17,65,-2,114,31,68,-16,11,-18,47,-7,56,6,36,-4,20,13,49,7,61,-10,27,-29,57,-43,34,-75,1,-30,-8,-15,36,-32,13,-39,12,-11,42,-11,54,-30,39,-1,28,-13,57,-7,11,-13,-4,-36,80,-39,9,-27,16,-13,12,-28,14,-60,47,-79,84,-51,8,-29,27,-25,13,-35,-9,-21,4,-28,-7,-31,12,-45,-7,-13,20,-34,-91,-41,-94,13,-45,-33,-47,-63,-44,-11,-40,4,-34,-8,-24,-14,32,-101,-18,-17,-9,-39,6,-28,-7,-18,-1,-45,13,-56,-84,-14,-31,-23,9,-9,-19,-63,-23,-30,-24,1,-28,20,-32,11,-73,-30,-21,3,-26,-9,-5,-60,-21,-51,-25,-23,-51,0,-24,-8,-16,22,-64,23,-86,-3,-24,-15,-64,-8,-43,19,-27,-3,-17,17,-5,18,-72,5,-33,22,-27,3,-12,20,-15,10,-10,66,-22,54,-39,16,-154,6,-30,-11,-44,9,-19,-3,-17,-13,-16,-26,23,-37,-1,-9,-33,-15,-22,-23,-11,-18,4,-17,-24,-25,7,-17,33,-18,52,-49,29,-7,37,-19,67,-10,32,-22,43,3,35,-32,75,-20,31,-31,88,-42,2,-67,-23,-16,-28,-53,-42,-17,-34,1,-18,-25,24,-60,42,-16,-9,-21,4,-11,11,-13,26,-7,18,-21,-33,-49,-2,-20,55,-56,22,-8,7,-24,42,-38,22,-54,37,9,16,-11,27,-38,35,8,64,-14,48,-38,4,-28,-13,-38,-72,-47,-24,-26,0,-33,-25,-67,28,-24,21,-32,-24,-26,13,-41,-10,-34,-28,-15,33,-48,38,-15,23,-39,-22,-40,13,-11,-11,-65,18,-6,19,-32,36,-15,15,-29,-18,-16,-3,-30,-51,-40,-7,-37,-20,-14,-2,-32,12,-28,42,-54,-17,-29,-31,-29,6,-50,-62,-58,-54,-94,-3,-44,-16,-40,4,-11,14,-23,12,-6,12,-25,60,0,37,-19,29,5,39,-7,56,-26,10,-25,26,-23,4,-48,26,-8,56,-39,17,-2,28,10,91,-25,62,30,30,-9,6,-42,28,-44,-1,-15,10,-18,83,-18,36,-67,54,-54,51,-1,51,-20,23,-20,20,-3,18,-22,18,-7,6,-22,38,-58,1,-23,-8,-5,-24,-52,16,-24,-1,-25,-34,-32,-6,-17,-33,-17,-13,-15,-10,-69,1,-40,24,-64,17,-10,12,-26,25,-22,6,-24,31,-28,-24,-18,-15,-24,-8,-33,-22,-6,-35,7,-40,-17,-2,-40,-31,-24,2,-23,-31,-32,3,-46,12,-9,0,-15,16,-31,-13,-30,-15,-12,19,-39,-5,-75,47,-23,22,4,119,20,14,-34,20,-25,7,-38,52,-26,81,-3,24,-23,19,-36,28,-26,25,7,43,-5,27,5,40,-21,118,-28,43,-39,14,-31,43,-16,36,5,52,-36,4,-20,-9,-20,12,-22,29,-24,7,-58,25,-16,6,-29,13,-13,42,-15,10,-41,-47,-44,-13,-27,15,-25,23,-20,6,-42,25,-25,4,-16,-13,-34,23,-15,27,-36,-6,-54,24,-20,53,-80,-6,-41,-11,-10,9,-28,-2,-20,-9,-24,-20,-10,-14,-30,32,-57,-24,-25,-5,-33,10,-45,11,-14,-7,-26,7,-15,-4,-26,23,-12,50,-6,-5,-9,17,-11,0,-20,37,-17,12,-35,19,-7,14,-28,18,-8,45,8,21,-5,18,-22,10,-42,75,-47,-6,-49,18,-19,-6,-9,5,-11,-17,-39,1,-25,-23,-24,51,-29,29,-7,37,11,24,-1,10,-18,64,-27,20,7,80,1,-5,11,8,3,-9,15,16,30,-8,12,30,14,1,38,51,3,16,28,16,4,11,23,42,5,5,6,0,37,11,5,-3,66,19,4,0,10,18,24,-4,24,-13,18,16,63,32,-2,79,19,2,6,33,11,-8,24,12,39,-20,27,10,8,-5,17,31,32,-27,28,6,10,23,8,8,38,50,51,10,21,4,38,52,26,14,18,14,4,-8,35,8,20,11,17,17,4,26,25,78,-21,39,-4,26,6,52,0,4,-6,27,-5,23,-41,27,-21,47,-17,6,-19,68,-55,11,-3,27,0,9,9,-2,13,30,15,43,-11,68,24,75,-10,34,2,40,12,38,-9,38,-20,56,-55,51,-13,37,-20,33,-3,11,-45,33,-36,23,-11,39,-4,12,9,5,17,17,10,27,-1,43,-29,44,8,97,-6,57,22,9,-9,35,-3,23,-15,77,-62,35,-6,33,12,51,6,14,-8,37,10,14,21,62,19,-20,20,-48,24,-6,12,14,22,50,-5,-8,7,-5,37,-22,1,-5,5,46,44,8,23,18,1,23,14,69,-22,22,14,25,5,69,-24,55,8,39,-16,30,10,4,7,16,4,10,35,31,-9,11,14,-3,16,10,9,29,-1,7,19,16,7,1,7,27,6,30,24,20,-4,-8,25,14,12,-2,32,15,28,-16,6,5,34,14,17,58,28,-5,15,44,16,20,24,86,-5,30,8,17,-3,1,8,25,8,-2,28,22,23,106,53,36,-7,28,6,23,-7,23,12,62,4,31,-10,9,10,7,95,-9,46,26,48,-14,27,39,31,15,26,20,11,12,15,-15,19,-4,32,20,32,-9,95,-18,27,-17,3,-13,33,-14,2,-1,6,21,18,-1,39,8,11,63,39,47,13,8,21,-5,13,-28,18,-11,49,-8,6,-36,2,-29,29,-1,8,29,26,0,11,-10,16,-36,26,-3,12,-32,35,-22,3,-22,-5,-31,11,-22,21,-11,0,-16,24,-23,11,-140,7,-25,8,-5,16,16,5,21,23,-5,36,10,27,-12,45,17,10,-4,16,15,26,-13,24,9,18,22,7,2,42,8,13,-11,31,-17,21,19,18,7,41,-44,91,10,9,29,6,13,16,-18,24,-23,16,20,44,-9,21,42,65,8,68,43,34,26,12,63,9,26,17,64,0,18,-9,81,11,26,-5,27,30,42,11,30,19,10,27,15,10,-7,14,4,11,31,11,-4,37,10,29,62,15,13,13,22,5,2,18,20,37,33,19,5,13,31,26,37,56,16,5,33,-7,44,19,49,50,45,-9,26,10,5,16,-15,83,44,117,16,20,75,22,2,48,30,48,-8,51,15,25,6,29,68,34,33,26,-1,13,-67,70,22,37,9,36,14,14,-7,39,10,70,27,27,1,26,28,19,21,35,5,27,-4,74,13,5,1,7,-15,43,-23,24,19,15,-11,52,28,62,59,17,32,24,49,-5,27,20,34,-4,29,24,53,9,24,12,37,-11,15,9,10,-43,-3,-31,28,-14,65,-1,29,-7,68,7,30,9,36,-19,36,9,58,30,28,42,59,17,28,15,18,34,43,12,26,27,4,19,-15,46,4,31,46,20,40,-25,44,-2,52,7,41,22,63,4,-16,27,21,0,7,9,8,59,15,12,4,31,20,28,-6,17,7,31,34,30,25,7,27,19,57,67,12,27,96,-18,35,5,12,15,28,2,29,-20,24,-2,19,15,7,20,22,3,3,27,37,3,37,-10,24,12,40,2,5,21,37,-12,27,-33,30,5,42,-4,21,-41,38,-21,16,-1,34,15,12,12,6,20,12,6,-3,17,15,19,26,-1,11,14,13,-1,28,-18,26,-40,3,-30,8,-8,594,-138,86,120,53,47,61,32,64,4,71,-21,39,29,27,85,67,59,22,138,16,29,11,57,121,105,59,66,108,29,160,55,67,-17,127,65,143,35,556,0,27,-34,27,-2,9,12,22,8,48,-23,15,-31,20,-22,-7,-44,-29,-57,4,-24,111,-90,35,-8,34,4,30,-4,8,-9,2,-31,30,-29,42,-59,1,-34,-9,-27,16,-40,74,-39,27,-22,14,-21,56,-37,3,-14,-11,-13,32,-57,8,-3,50,16,30,-7,15,-51,50,-60,58,-11,36,0,30,-50,98,-17,44,-84,61,-78,5,-47,67,-40,69,1,20,-12,44,-9,62,36,25,-35,-1,-23,42,-18,20,-42,64,-5,38,-22,26,2,11,10,19,3,23,33,34,-6,38,4,24,-11,11,-14,18,10,26,-16,49,-8,59,10,65,-4,51,6,53,-12,44,-20,-2,-2053,2513,0,2027,991,-1,999,1619,-1,533,463,11,-5,6,-18,28,-15,43,3,1,-21,12,-17,43,-13,8,-8,-11,-12,14,-13,2,-17,20,3,4,-12,27,-9,13,-14,38,4,14,-5,18,-21,18,0,-18,-21,12,-13,12,-38,9,0,30,21,16,-1,-4,-23,42,-40,4,-21,-6,-12,11,-24,16,3,3,32,13,15,-4,15,10,7,30,-5,15,20,40,27,4,24,24,0,20,18,0,26,5,4,21,-8,17,-16,29,2,18,-8,14,5,19,-12,12,2,41,31,16,0,39,-11,-6,-21,68,-57,46,1,31,-9,30,18,0,22,19,45,18,-13,43,-7,22,20,31,10,0,14,-20,34,16,2,35,-9,26,6,35,-17,18,-1,20,71,79,-30,11,7,11,28,56,25,20,-12,70,-8,28,-27,25,7,3,12,-11,31,-10,13,-30,15,0,16,68,18,25,-2,5,-9,12,-2,20,5,25,22,5,33,9,10,25,-5,9,-9,13,-50,0,-11,-28,-31,-1,-17,21,-17,37,-3,79,92,-2,23,-18,29,5,50,48,46,95,39,13,-5,15,-31,-16,-4,-6,13,-27,1,-23,-16,3,-10,16,-5,47,4,1,-21,25,-23,19,-8,18,5,3,38,18,-7,9,-25,15,15,18,6,29,-23,-1,-34,19,-16,58,3,34,-13,95,11,24,27,45,28,16,2,21,-6,16,-13,29,-3,24,-15,3,-6,-11,-21,3,-22,15,-15,34,-2,21,-15,-3,-34,9,-20,17,0,14,21,48,26,27,-28,-12,-15,-11,14,-12,-7,1,-13,16,-11,22,1,14,-14,14,0,20,11,16,24,11,1,7,-14,-18,-7,6,-9,11,-1,10,8,25,-1,9,-15,-10,-9,-24,13,-10,-4,6,-12,-7,-31,29,-18,-5,-8,-18,2,-3,-15,43,-29,37,-8,2,-9,-20,-12,14,-16,-2,-11,-17,-15,2,-6,29,-3,16,-21,18,2,2,43,42,-12,27,50,44,28,22,-5,5,-20,10,-7,24,6,18,-11,7,-14,-5,-17,-11,-3,-19,18,-21,-19,-5,-24,12,-20,-23,-30,24,-12,13,-19,38,-28,66,-23,0,-12,-9,-10,-37,-1,-7,-18,-20,-12,1,-9,25,-23,50,2,5,-15,-12,-19,5,-9,51,5,17,-15,2,-30,-15,-25,-29,-14,-2,-19,38,-46,8,-29,52,-31,11,-19,-2,-49,13,-27,16,-2,24,20,20,0,11,9,32,6,7,-12,-8,-19,6,-19,62,-30,74,-5,53,8,32,-10,47,-49,63,-24,13,-13,6,-19,-18,-12,-26,-35,-1,-18,63,-15,25,-22,12,-3,5,-11,32,-26,-1,-28,9,-21,18,-14,29,-3,10,14,11,1,62,-28,16,-15,-2,-28,9,-14,12,-1,2,25,25,17,35,-1,17,-6,7,-8,-11,-34,3,-21,31,-21,15,-21,16,-3,11,14,17,5,38,-8,32,-19,31,-1,19,8,11,23,16,-3,15,-20,20,-6,15,7,7,16,54,17,51,39,18,-13,4,-11,15,-3,30,-25,4,-28,8,-10,17,4,23,-5,16,-51,42,-18,37,3,29,-6,23,7,5,11,-38,36,-12,28,11,13,40,8,6,-24,31,-7,55,4,17,20,19,0,11,-7,8,2,12,-19,9,-2,32,10,34,31,28,13,66,2,23,-5,11,-10,-6,-46,7,-20,42,2,10,-11,-2,-18,-28,-11,11,-19,29,-8,5,13,9,3,21,-17,-6,-22,-18,-1,-15,10,-18,-2,-5,-18,47,-3,16,-11,66,-12,37,-22,21,-2,26,16,-10,52,26,41,23,0,58,26,35,0,18,-11,16,-31,35,-15,23,1,99,52,7,24,-42,34,13,16,22,2,31,-19,33,9,16,-7,20,-25,-1,-33,7,-7,91,-27,86,-39,53,3,53,-11,36,20,32,1,110,-33,40,42,1,41,82,16,20,-10,12,-19,-10,-37,4,-15,11,-10,21,2,12,-33,28,-17,20,5,22,26,109,62,120,7,41,-15,26,-25,5,-18,20,-5,54,41,14,-2,41,-24,30,5,12,8,16,54,48,60,62,-18,0,44,14,3,53,37,29,6,27,-9,11,-16,-1,-15,-14,-12,-33,-11,-10,-16,52,-25,32,-45,20,-6,16,4,20,-13,-4,-29,-18,-20,6,-13,14,-4,51,19,29,34,12,1,11,-7,-4,-29,24,-40,-7,-27,4,-13,32,-19,31,-63,53,-35,8,-50,-26,-39,11,-16,30,0,12,-20,0,-12,-24,-15,-10,-17,13,-29,35,-18,5,-11,-19,-45,4,-50,50,-71,63,-56,29,-4,18,17,17,1,12,-10,8,-30,20,6,65,-17,1,-17,-20,-8,6,-20,14,-6,35,-32,47,-2,23,-19,21,2,106,-35,63,-36,24,-1,49,13,72,0,83,-44,72,-20,26,6,19,19,102,-1,80,-74,85,-39,15,-31,85,-73,41,-6,40,25,54,11,24,-2,15,-10,12,8,47,-9,28,-56,-8,-26,644,-11,-10,205,-117,470,-924,460,-595,469,-233,433,-93,109,-88,122,-41,118,-4,51,17,120,56,148,48,65,-8,25,2,24,22,52,6,46,91,112,8,24,-2,29,28,50,34,106,-1,227,11,26,35,34,13,26,-12,47,17,172,-20,165,14,167,21,81,-133,487,-37,77,-87,149,-32,73,-3,30,27,6,1902,-137,354,-78,1019,470,620,-158,93,-38,155,-41,333,12,109,10,1022,-346,85,-15,111,-36,248,-55,392,-66,305,-102,105,10,75,-21,22,11,203,3,94,-6,150,-25,236,-6,399,-29,-28,121,-35,72,-82,131,-76,93,-136,105,-36,70,-12,54,-16,22,-46,36,-49,71,-37,34,-162,72,-35,22,-92,81,2414,2080,-222,5142,-6354,3414,-194,365,-254,198,-418,366,-430,480,-646,629,-1137,716,-1093,867,-10,62,10,119,-80,335,13,80,-51,83,-17,43,7,33,-3,24,21,32,2,199,-62,6,-14,11,-55,13,-35,22,-15,23,-88,63,-18,34,-31,31,-20,46,-83,39,-21,45,-13,14,-55,27,-75,45,-28,25,-27,11,-10,27,-38,31,-15,21,-39,31,-105,64,-47,61,2,19,-22,43,-2,24,-28,26,-19,32,-1304,876,1,22,-21,54,-24,17,-90,24,-41,78,-19,21,-57,17,-65,45,-62,-5,-16,7,-29,46,-35,7,-35,50,-42,21,-17,41,6,29,-16,6,-30,34,-21,8,-74,63,-33,11,-17,15,-96,-9,-18,5,-28,19,3,31,-54,30,-24,22,8,33,43,17,-57,10,-8,17,-40,13,-16,12,0,12,-25,25,-35,17,-34,27,-26,39,14,28,-6,13,-20,10,-32,-3,-31,15,-11,15,-33,17,-40,50,-104,62,-9,23,-14,13,-28,5,-29,-6,-26,8,-9,9,-4,29,-58,41,-40,49,-7,20,-53,18,-47,41,-18,29,6,15,-2,39,-26,28,-41,19,-40,54,-11,34,-30,32,-3,41,-69,103,-2,50,-73,61,-37,7,-12,47,-15,10,-8,28,-49,20,-25,52,-27,15,-10,17,3,11,-14,21,-35,28,-27,44,-38,20,-26,49,-13,10,-21,11,-15,-3,-16,-19,-55,50,-37,-7,-15,25,3,11,-40,28,-18,-6,-24,6,-47,-10,-19,4,-39,21,-27,-4,-39,11,-14,-5,-26,27,-41,3,-14,17,-46,-16,-23,7,-50,-6,-15,15,-47,7,-14,-2,-11,-17,-15,-7,-62,24,-36,-36,-36,-12,-26,1,-14,-14,-43,-4,-37,22,-4,12,-38,9,-31,-1,-10,18,5,52,-6,9,-27,3,-24,41,10,63,25,28,-1,20,-34,5,-54,22,-77,18,-23,20,-17,61,-21,19,13,63,-26,73,18,25,-3,56,23,59,-17,46,3,28,-19,27,-8,32,1,51,-18,34,-25,16,-14,27,-19,87,-14,5,-42,42,-15,2,-18,-8,-28,-23,-66,8,-54,-8,-16,-8,-55,14,-44,32,-38,14,-42,-3,-112,-30,-21,0,-40,14,-11,25,-1,41,-22,74,-26,31,-56,25,-23,25,-1,15,15,39,41,40,38,23,-814,420,-938,371,-13,-8,-19,3,-10,22,-13,7,1,-8,-25,7,-69,36,-10,-7,-64,29,-14,-5,-45,34,-6,-5,-40,10,-6,-5,-16,13,-18,-2,-31,23,-32,2,-50,30,-35,9,-61,-18,-22,1,-16,2,-33,18,-51,3,-19,17,-41,-12,-51,3,-39,19,-24,-5,-72,15,-44,-9,-41,5,-37,-5,-27,13,-42,9,-20,-2,-23,11,-99,-3,-25,10,-69,5,-30,11,-17,-5,-21,6,-15,-5,-31,5,-24,-7,-40,5,-32,-6,-26,6,-15,-11,-24,-2,-34,-26,-70,7,-26,-5,-26,-16,-16,7,-33,-4,-52,31,-44,-1,-32,12,-28,0,-62,26,-34,2,-43,-9,-18,6,-65,1,-28,11,-165,-24,-70,-63,-14,8,3,12,-9,19,-26,21,-38,11,-33,18,-27,-5,-33,6,-13,19,-39,21,-44,4,-9,13,7,39,-10,14,-24,12,-43,6,-39,-4,-58,5,-35,-16,-61,-8,-54,-22,-150,-35,-137,21,-16,17,-11,32,-19,6,-135,11,-35,16,-22,-10,-18,0,-109,-26,-24,-17,-96,-25,-21,11,-28,3,-76,-35,-100,2,-61,-6,-41,-18,-42,5,-62,-16,-19,12,-33,3,-10,25,-11,6,-41,0,-22,12,-35,24,-7,20,-32,27,-28,14,-1,113,-12,36,2,37,-12,13,-1,-31,-23,-32,-2,-17,-25,-24,-19,-41,-44,-27,-28,-12,-52,-6,-118,-38,-127,8,-25,-4,12,-17,-7,-31,13,-21,-13,-35,18,-29,-11,-32,7,-13,-1,-36,-37,-58,-27,-4,-8,-9,-44,12,-37,-5,-36,-24,-13,-30,-13,-4,-94,45,-32,4,-96,29,-34,-16,-220,1,-77,14,-27,14,-20,46,-1,24,18,29,1,14,-72,65,5,49,-23,76,0,228,-31,59,-39,20,-28,53,2,65,-21,60,11,137,-8,40,46,80,8,75,-30,36,-3,42,12,48,20,36,36,39,18,36,26,27,32,48,85,88,4,46,27,71,11,11,43,12,45,-11,32,2,66,51,15,37,20,102,26,41,44,25,17,24,12,114,-7,18,-44,45,8,41,-3,52,-11,36,-18,19,-23,-5,-18,10,-37,44,-41,20,-39,2,-13,8,-1,22,-27,48,-17,55,49,45,23,58,6,54,16,25,18,59,12,12,32,1,32,13,20,44,77,47,-3,24,-17,28,-1,45,-7,29,-11,12,-4,32,-40,51,10,38,-27,30,-9,27,3,27,-13,46,5,34,7,16,20,11,25,1,23,14,29,31,94,45,22,63,24,44,-19,86,13,55,-25,15,-7,29,-50,35,-77,-2,-21,6,-42,30,-38,9,-29,22,-7,32,14,40,-19,20,-5,55,-20,24,24,44,-2,28,52,65,2,41,28,12,18,36,30,19,-5,24,-36,32,-10,17,-24,19,-42,18,-8,48,-17,28,-11,46,-37,32,-3,17,8,14,29,33,-58,69,-5,74,43,44,26,45,46,24,3,45,31,23,24,-1,19,9,62,53,14,23,-1,24,-27,60,1,12,10,7,63,14,43,-21,15,-16,-7,-24,45,-112,42,-52,47,-11,53,0,66,11,33,15,23,30,11,65,-19,70,-23,38,-28,75,-1,34,17,49,-7,31,14,9,46,3,50,19,39,32,53,28,29,47,-5,41,-9,6,-68,11,-40,45,-8,25,19,44,7,132,51,106,26,24,-3,14,-31,29,1,23,-9,22,-17,17,-11,45,2,57,22,56,-3,37,-41,74,-9,40,-48,41,-48,82,-1,12,27,30,28,16,10,56,-24,32,2,19,15,62,26,25,1,9,-24,55,-57,52,-3,20,-85,44,-39,41,-8,18,-44,38,-7,41,-43,50,9,105,-6,12,-17,8,-8,16,32,51,70,0,10,5,-3,36,10,15,0,23,-9,36,2,17,45,92,34,-2,39,14,45,35,32,38,-3,43,9,49,-8,42,45,78,13,42,-26,13,-18,23,-16,-3,-60,26,-13,11,22,46,35,26,14,57,40,56,-18,86,-2,53,-2315,748,-9,22,-1,41,-34,29,-1,14,-25,29,20,35,1,42,-20,12,-26,50,-1,22,-35,16,-26,37,-20,6,8,7,-28,14,-12,23,8,27,-4,12,-90,28,-33,46,-5,25,-41,25,-35,69,-17,53,-17,23,24,30,-8,36,-14,25,-30,10,-14,20,2,31,22,-3,10,9,-34,18,1,38,11,34,-22,11,-5,17,16,20,-7,10,-28,-4,8,40,11,16,-7,8,-9,-10,-10,3,9,23,-15,14,-5,18,-14,3,-6,31,4,17,-16,4,18,30,-11,12,-1,27,16,11,17,73,-12,36,13,37,-14,17,7,53,-21,20,7,26,-6,11,11,28,-10,37,15,11,12,22,90,42,23,25,-1134,1844,-21,-40,-20,-20,-5,-22,-71,-70,-52,-20,-34,-20,-14,-17,-25,-5,-45,-30,-28,-1,-30,-21,-106,-12,-24,-13,-35,-34,-75,-35,-59,-6,-19,-16,-44,-13,-75,19,-29,-5,-40,12,-44,4,-59,-10,-13,-10,-37,4,-76,-15,-34,8,-27,-6,-86,50,-25,22,-8,21,-19,8,-10,20,-19,9,-23,0,-27,14,-16,47,-14,8,-18,0,-23,27,-6,42,-16,29,-24,18,-9,0,-44,42,-14,3,-95,-9,-49,6,-8,10,-27,6,-43,-20,-47,-3,-48,-22,-24,-34,-28,-23,-9,-39,-19,-21,-21,-8,-65,-5,-43,14,-47,79,-36,30,-76,40,-125,81,-47,14,-39,-5,-57,11,-52,-3,-32,-28,-114,-43,-72,-45,-47,-22,-37,-6,-52,3,-267,287,-46,17,-17,-29,-15,-12,-52,-14,-10,-12,-26,-10,1,-23,10,-11,7,-27,-3,-18,-32,-57,-33,-13,-15,-13,5,-27,23,-22,43,5,10,-18,14,-6,44,-46,22,-7,49,-41,24,-5,-4,-7,-42,-19,-4,-63,-10,-30,-17,-15,-68,0,-36,-7,-36,-21,-16,1,-14,11,-35,-12,-61,-66,-5,-33,-36,-11,-25,-35,-7,-35,12,-20,-13,-40,-63,-10,3,-16,27,-17,24,-31,23,-11,0,-1,22,-11,15,-15,37,-5,7,-9,-15,-144,46,-47,50,-24,-82,-72,1,-46,20,-19,-15,-37,31,-38,99,-75,-9,-34,-27,-51,-57,4,-24,-67,-28,-23,8,-54,-49,-2,7,-78,-3,-59,-16,-41,23,-46,40,-40,-57,-55,-69,-43,-91,4,-70,-49,-20,-33,77,-29,1,-25,-55,-22,-30,-20,-8,-41,-29,-28,-6,-20,-21,-18,-7,-18,35,-31,9,-53,-47,-43,5,-46,-9,-41,-35,-35,-54,-73,-40,-23,-99,-149,-14,-59,-17,-18,1,-30,-14,-37,32,-45,-1,-36,-30,-39,-7,-65,54,-76,-21,-45,-9,-51,15,-33,36,-43,-13,-10,-38,-68,105,-77,103,-32,56,-26,53,-72,17,-63,1,-31,29,-50,0,-15,-54,-71,-77,-21,-18,-62,1,-80,22,-81,-35,-56,-4,-30,-50,-83,-19,-75,14,-30,-75,-16,-8,-55,-38,-79,-99,3,-74,-62,19,-32,18,-95,-15,-16,-22,-11,-63,-4,35,-68,15,-70,-39,-22,-14,-25,-77,-39,-44,-36,-24,-60,1,-20,39,-15,-58,-60,5,-143,11,-18,56,-34,48,-47,17,-29,-20,-140,19,-61,-14,-24,-66,-52,-7,-17,8,-25,-2,-27,-13,-22,32,-42,39,-28,13,-37,-78,-36,-47,-14,-23,-24,-1,-51,-63,-78,-15,-68,-19,-21,-55,-20,33,-38,-55,-91,-6,-27,17,-59,-21,-14,3,-20,-17,-18,-13,-66,-22,-17,-6,-40,9,-31,-5,-33,20,-42,-36,-36,16,-78,-31,-57,51,-57,59,-126,-5,-43,-17,-32,-37,-34,-5,-25,34,-99,-5,-48,15,-14,-199,-21,-82,16,-29,-6,-209,19,-35,-16,-31,-33,-126,11,-30,-20,-35,-9,-10,-14,-41,-12,-48,2,-85,-56,-63,-88,4,-30,-81,-17,-42,-25,-13,-54,-27,-49,-72,-47,-34,-38,-41,-17,-36,-58,-97,-25,-87,4,-33,11,-72,-17,7,-30,22,-31,3,-29,50,-66,-7,-26,-44,-33,-12,-18,-8,-43,9,-55,28,-33,5,-29,76,-52,10,-42,0,-50,25,-31,-22,-47,-27,-27,-5,-20,-47,-76,-19,-15,-308,166,-14,-23,-90,-73,-106,-56,-101,-35,-211,-108,-96,-203,-38,-486,19,-170,69,-138,87,-130,75,-145,95,-517,78,-95,61,-108,45,-117,231,-952,-4,-298,-40,-301,-3,-229,97,-194,256,-192,85,-132,3,-4,135,-873,-66,-1340,-58,-372,-133,-363,-343,-455,-48,-139,72,-169,155,-33,37,4,16,-4,64,2,22,-21,11,-53,-9,-19,8,-49,-28,-68,14,-23,71,-42,37,-6,48,13,15,11,62,21,20,36,16,13,65,11,10,20,48,17,55,2,79,-33,83,5,20,-5,27,-17,61,-5,48,-13,33,-27,34,-53,33,-32,43,2,18,-10,4,-3,5,-27,14,-16,9,-5,126,-318,-132,-372,-84,-64,-197,-76,-20,-17,-66,-39,-4,-22,-1,-1,-45,-80,-33,-90,-41,-185,-18,-379,0,-1,-17,-8,-11,-12,2,-9,19,-16,-17,-104,-23,-10,-20,-1,-15,-95,3,-16,-43,-79,-259,-261,-266,-192,-142,-63,85,-33,-106,41,-78,15,-70,-9,-46,-48,-27,-10,-1,-16,-15,-13,-80,-28,-32,-23,-80,-20,39,-10,-48,12,-57,34,-64,4,-115,25,-57,-7,-32,-12,-71,16,-96,42,-18,28,-47,22,-11,25,17,33,-126,7,-38,33,-67,26,-5,113,-11,28,-19,14,-50,3,-42,37,-51,9,-92,42,-74,19,-43,1,-38,13,-21,-5,-15,-19,-29,-11,-24,-28,-6,-21,22,-55,-17,-33,-190,-77,-4,-175,251,-365,48,-209,-73,-201,-126,-105,-159,-69,-173,-97,-201,-283,-183,-765,-154,-350,-194,-306,-58,-159,-39,-200,6,-125,27,-100,4,-100,-61,-122,-178,-203,-49,-74,-145,-353,-197,-1374,40,-178,101,-156,165,-166,67,-51,-9,-29,3,-6,21,4,22,-8,16,-74,28,-44,-7,-52,-28,-61,81,-39,16,6,10,15,29,20,67,-15,64,-81,-4,-35,8,-42,-81,-20,-426,57,-189,-80,-227,-313,-99,-192,-85,-294,-122,-160,-155,-124,-27,-7,7,9,-27,68,-6,56,-23,41,-82,62,1,25,-48,74,-32,154,-43,39,-25,34,-78,32,-49,45,-45,25,-29,-30,-13,-51,-73,30,-120,-73,-561,-759,-55,-156,-20,-199,1,-78,233,-40,24,-33,-3,-44,24,-29,0,-14,-15,-23,-39,-12,-41,-22,-7,-28,-21,-13,-40,-45,8,-19,45,-21,15,-19,-5,-23,6,-27,-23,-53,14,-32,-42,-91,20,-18,7,-24,-7,-18,-17,-13,-11,-18,5,-47,-42,-2,-10,-6,-9,-38,-28,-42,2,-35,-55,-47,-7,-17,2,-34,-21,-39,7,-17,25,-23,3,-16,-2,-38,8,-23,-12,-62,41,-56,-24,-38,3,-21,14,-23,78,-44,1,-34,12,-36,-9,-42,8,-9,39,-12,3,-24,-11,-43,-18,-34,4,-15,-56,-70,-4,-25,-33,-15,-4,-25,11,-53,14,-19,7,-30,16,-13,27,-48,-2,-29,-13,-12,-94,19,-23,-10,-42,5,-30,-28,-23,-8,-10,-37,-43,-48,4,-28,32,-46,9,-8,44,-7,6,-33,27,-31,-5,-23,-17,-4,-20,-34,37,-54,1,-14,-32,-66,-85,-31,-31,-40,-6,-19,-16,-12,-4,-26,-25,-22,-12,-36]]]
3836669	r	-68.6744,-34.9053,-67.9856,-34.3347	[[[-686744,-346200,8,-187,22,-185,36,-185,52,-181,65,-179,79,-175,93,-170,107,-165,119,-158,131,-152,143,-144,154,-137,164,-127,175,-119,183,-108,191,-99,199,-88,205,-77,211,-66,216,-54,219,-42,223,-31,224,-18,225,-6,225,6,224,18,223,31,219,42,216,54,211,66,205,77,199,88,191,99,183,108,175,119,164,127,154,137,143,144,131,152,119,158,107,165,93,170,79,175,65,179,52,181,36,185,22,185,8,187,-8,187,-22,185,-36,185,-52,181,-65,179,-79,175,-93,170,-107,165,-119,158,-131,152,-143,144,-154,137,-164,127,-175,119,-183,108,-191,99,-199,88,-205,77,-211,66,-216,54,-219,42,-223,31,-224,18,-225,6,-225,-6,-224,-18,-223,-31,-219,-42,-216,-54,-211,-66,-205,-77,-199,-88,-191,-99,-183,-108,-175,-119,-164,-127,-154,-137,-143,-144,-131,-152,-119,-158,-107,-165,-93,-170,-79,-175,-65,-179,-52,-181,-36,-185,-22,-185,-8,-187]]]
3427833	r	-59.5145,-37.6299,-58.7655,-37.0302	[[[-595145,-373300,8,-196,24,-195,40,-194,55,-191,71,-188,87,-183,101,-179,115,-173,130,-167,143,-159,155,-152,168,-143,179,-134,189,-125,199,-114,208,-104,216,-92,224,-81,229,-69,235,-57,238,-45,242,-32,244,-19,245,-6,245,6,244,19,242,32,238,45,235,57,229,69,224,81,216,92,208,104,199,114,189,125,179,134,168,143,155,152,143,159,130,167,115,173,101,179,87,183,71,188,55,191,40,194,24,195,8,196,-8,196,-24,195,-40,194,-55,191,-71,188,-87,183,-101,179,-115,173,-130,167,-143,159,-155,152,-168,143,-179,134,-189,125,-199,114,-208,104,-216,92,-224,81,-229,69,-235,57,-238,45,-242,32,-244,19,-245,6,-245,-6,-244,-19,-242,-32,-238,-45,-235,-57,-229,-69,-224,-81,-216,-92,-208,-104,-199,-114,-189,-125,-179,-134,-168,-143,-155,-152,-143,-159,-130,-167,-115,-173,-101,-179,-87,-183,-71,-188,-55,-191,-40,-194,-24,-195,-8,-196]]]
3433975	p	3435910
3844421	p	12594578
3427408	p	3435910
3431271	p	3435910
3837213	p	13452524
3435607	p	3435910
3428775	p	3435910
3835994	r	-64.6374,-36.9007,-63.9426,-36.3393	[[[-646374,-366200,8,-184,22,-182,37,-182,52,-178,66,-176,80,-172,94,-167,107,-162,120,-156,132,-150,144,-142,156,-134,166,-125,175,-117,185,-107,193,-97,201,-86,207,-76,212,-65,218,-53,221,-42,225,-30,226,-18,227,-6,227,6,226,18,225,30,221,42,218,53,212,65,207,76,201,86,193,97,185,107,175,117,166,125,156,134,144,142,132,150,120,156,107,162,94,167,80,172,66,176,52,178,37,182,22,182,8,184,-8,184,-22,182,-37,182,-52,178,-66,176,-80,172,-94,167,-107,162,-120,156,-132,150,-144,142,-156,134,-166,125,-175,117,-185,107,-193,97,-201,86,-207,76,-212,65,-218,53,-221,42,-225,30,-226,18,-227,6,-227,-6,-226,-18,-225,-30,-221,-42,-218,-53,-212,-65,-207,-76,-201,-86,-193,-97,-185,-107,-175,-117,-166,-125,-156,-134,-144,-142,-132,-150,-120,-156,-107,-162,-94,-167,-80,-172,-66,-176,-52,-178,-37,-182,-22,-182,-8,-184]]]
3430545	p	3435910
3427213	n	-59.2912,-34.2716,-58.7841,-33.8739	[[[-592912,-341000,13,-222,39,-219,65,-215,89,-209,114,-201,137,-190,159,-178,178,-165,154,-116,4,3,2873,1969,1246,854,-104,145,-159,178,-178,165,-197,149,-214,132,-229,114,-240,95,-251,75,-258,54,-263,32,-266,11,-266,-11,-263,-32,-258,-54,-251,-75,-240,-95,-229,-114,-214,-132,-197,-149,-178,-165,-159,-178,-137,-190,-114,-201,-89,-209,-65,-215,-39,-219,-13,-222]]]
3435894	p	3435910
3833883	r	-65.7862,-43.6977,-64.5847,-42.912	[[[-657862,-432500,10,-228,30,-228,51,-225,71,-223,90,-219,110,-213,129,-209,147,-201,164,-194,182,-186,198,-177,213,-166,227,-157,241,-145,253,-133,265,-120,275,-108,284,-94,291,-81,298,-66,304,-52,307,-37,311,-23,130,-3,-328,-898,263,-87,13,-4,-8,251,33,93,140,149,33,101,381,510,119,55,537,355,171,166,374,516,812,624,191,89,159,112,68,175,-37,214,-61,172,-13,180,34,67,184,187,63,20,203,107,196,139,315,301,1787,920,1805,391,-170,233,-65,77,-5127,465,-3083,1188,-41,-7,-298,-66,-291,-81,-284,-94,-275,-108,-265,-120,-253,-133,-241,-145,-227,-157,-213,-166,-198,-177,-182,-186,-164,-194,-147,-201,-129,-209,-110,-213,-90,-219,-71,-223,-51,-225,-30,-228,-10,-228]]]
3430988	n	-59.3401,-34.7961,-58.9537,-34.3449	[[[-593401,-344370,508,-1349,796,-2113,105,-32,260,-54,265,-32,267,-11,267,11,265,32,260,54,252,75,146,58,473,1779,-1914,2503,-16,-1,-265,-32,-260,-54,-252,-75,-242,-95,-229,-114,-215,-132,-199,-149,-179,-165,-93,-104]]]
7116866	r	-65.8844,-34.0356,-65.0356,-33.3244	[[[-658844,-336800,9,-233,27,-231,46,-230,63,-226,80,-223,98,-218,115,-212,131,-205,146,-197,162,-189,176,-180,190,-170,203,-159,214,-148,226,-135,236,-123,245,-110,253,-96,260,-82,266,-67,270,-53,274,-38,276,-23,278,-8,278,8,276,23,274,38,270,53,266,67,260,82,253,96,245,110,236,123,226,135,214,148,203,159,190,170,176,180,162,189,146,197,131,205,115,212,98,218,80,223,63,226,46,230,27,231,9,233,-9,233,-27,231,-46,230,-63,226,-80,223,-98,218,-115,212,-131,205,-146,197,-162,189,-176,180,-190,170,-203,159,-214,148,-226,135,-236,123,-245,110,-253,96,-260,82,-266,67,-270,53,-274,38,-276,23,-278,8,-278,-8,-276,-23,-274,-38,-270,-53,-266,-67,-260,-82,-253,-96,-245,-110,-236,-123,-226,-135,-214,-148,-203,-159,-190,-170,-176,-180,-162,-189,-146,-197,-131,-205,-115,-212,-98,-218,-80,-223,-63,-226,-46,-230,-27,-231,-9,-233]]]
3838859	r	-69.74,-51.9263,-68.8417,-51.3137	[[[-697400,-516200,11,-200,31,-200,53,-197,72,-196,94,-191,112,-188,133,-183,151,-176,169,-170,187,-163,203,-155,220,-147,234,-137,247,-127,261,-116,272,-106,283,-95,292,-82,300,-71,307,-58,312,-46,316,-32,320,-20,320,-7,320,7,320,20,316,32,312,46,307,58,300,71,292,82,283,95,272,106,261,116,247,127,234,137,220,147,203,155,187,163,9,8,-315,303,-627,1135,-376,255,-272,87,-282,-29,-265,-157,-427,-232,-826,-285,-183,-50,-199,-1,0,63,541,286,8,17,24,10,-8,23,-1,1,55,118,-408,135,-5,9,-41,23,-177,65,-68,12,-187,74,-106,23,-117,1,-58,6,0,-14,-309,80,-484,51,-457,-42,-2181,-326,227,86,485,107,457,256,256,50,562,47,293,109,116,28,171,11,758,-39,1124,-397,244,-39,279,-14,183,55,325,268,212,92,278,0,204,-61,176,-22,192,113,81,173,-17,207,-75,215,-888,1608,-100,28,-300,71,-307,58,-312,46,-316,32,-320,20,-320,7,-320,-7,-320,-20,-316,-32,-312,-46,-307,-58,-300,-71,-292,-82,-283,-95,-272,-106,-261,-116,-247,-127,-234,-137,-220,-147,-203,-155,-187,-163,-169,-170,-151,-176,-133,-183,-112,-188,-94,-191,-72,-196,-53,-197,-31,-200,-11,-200]]]
3861056	p	3843123
7647007	r	-71.8894,-41.6096,-70.7037,-40.6903	[[[-718894,-411798,9,-205,126,-333,25,-156,-43,-206,-85,-228,21,-51,139,-282,164,-274,187,-265,210,-256,231,-244,252,-233,271,-219,289,-206,307,-191,323,-175,336,-159,350,-141,362,-125,371,-105,380,-88,386,-68,392,-49,394,-30,397,-9,397,9,394,30,392,49,386,68,380,88,371,105,362,125,350,141,336,159,323,175,307,191,289,206,271,219,252,233,231,244,210,256,187,265,164,274,139,282,116,287,90,293,64,297,39,299,13,301,-13,301,-39,299,-64,297,-90,293,-116,287,-139,282,-164,274,-187,265,-210,256,-231,244,-252,233,-271,219,-289,206,-307,191,-323,175,-336,159,-350,141,-362,125,-371,105,-380,88,-386,68,-392,49,-394,30,-397,9,-397,-9,-394,-30,-392,-49,-386,-68,-380,-88,-371,-105,-362,-125,-350,-141,-336,-159,-323,-175,-307,-191,-289,-206,-271,-219,-252,-233,-231,-244,-210,-256,-163,-232,0,-143,-163,-413,3,-112,2,-100,144,-370,-12,-217,-86,-357,-33,-358,-54,-163,-101,-59,-80,-72]]]
3832694	r	-63.5754,-32.6951,-62.9046,-32.1248	[[[-635754,-324100,7,-186,22,-186,36,-184,49,-182,64,-178,77,-175,91,-170,104,-164,115,-159,128,-151,139,-145,150,-136,161,-127,169,-119,179,-108,186,-99,194,-88,200,-77,205,-65,210,-54,214,-43,216,-30,219,-19,219,-6,219,6,219,19,216,30,214,43,210,54,205,65,200,77,194,88,186,99,179,108,169,119,161,127,150,136,139,145,128,151,115,159,104,164,91,170,77,175,64,178,49,182,36,184,22,186,7,186,-7,186,-22,186,-36,184,-49,182,-64,178,-77,175,-91,170,-104,164,-115,159,-128,151,-139,145,-150,136,-161,127,-169,119,-179,108,-186,99,-194,88,-200,77,-205,65,-210,54,-214,43,-216,30,-219,19,-219,6,-219,-6,-219,-19,-216,-30,-214,-43,-210,-54,-205,-65,-200,-77,-194,-88,-186,-99,-179,-108,-169,-119,-161,-127,-150,-136,-139,-145,-128,-151,-115,-159,-104,-164,-91,-170,-77,-175,-64,-178,-49,-182,-36,-184,-22,-186,-7,-186]]]
3841490	r	-60.9305,-34.183,-60.2295,-33.597	[[[-609305,-338900,7,-192,23,-190,37,-190,52,-186,67,-184,80,-179,95,-175,108,-169,121,-163,134,-155,145,-149,157,-140,168,-131,177,-121,186,-112,195,-101,203,-91,209,-79,214,-67,220,-56,223,-43,226,-32,229,-18,229,-7,229,7,229,18,226,32,223,43,220,56,214,67,209,79,203,91,195,101,186,112,177,121,168,131,157,140,145,149,134,155,121,163,108,169,95,175,80,179,67,184,52,186,37,190,23,190,7,192,-7,192,-23,190,-37,190,-52,186,-67,184,-80,179,-95,175,-108,169,-121,163,-134,155,-145,149,-157,140,-168,131,-177,121,-186,112,-195,101,-203,91,-209,79,-214,67,-220,56,-223,43,-226,32,-229,18,-229,7,-229,-7,-229,-18,-226,-32,-223,-43,-220,-56,-214,-67,-209,-79,-203,-91,-195,-101,-186,-112,-177,-121,-168,-131,-157,-140,-145,-149,-134,-155,-121,-163,-108,-169,-95,-175,-80,-179,-67,-184,-52,-186,-37,-190,-23,-190,-7,-192]]]
3429594	r	-59.965,-29.427,-59.4519,-28.873	[[[-599650,-291500,7,-181,20,-181,33,-178,47,-177,60,-173,73,-170,85,-165,97,-160,109,-154,120,-147,131,-140,140,-133,151,-124,159,-115,168,-105,175,-96,182,-85,187,-75,193,-64,198,-53,200,-41,204,-29,205,-18,206,-6,206,6,205,18,86,12,-48,111,-5,55,14,130,26,22,180,85,228,130,166,86,26,24,93,51,34,32,37,24,76,80,13,27,45,222,2,270,-6,50,8,209,5,53,22,67,120,98,41,24,60,22,347,96,-113,2995,-118,74,-175,96,-182,85,-187,75,-193,64,-198,53,-200,41,-204,29,-205,18,-206,6,-206,-6,-205,-18,-204,-29,-200,-41,-198,-53,-193,-64,-187,-75,-182,-85,-175,-96,-168,-105,-159,-115,-151,-124,-140,-133,-131,-140,-120,-147,-109,-154,-97,-160,-85,-165,-73,-170,-60,-173,-47,-177,-33,-178,-20,-181,-7,-181]]]
3428067	n	-58.6939,-35.2461,-58.1534,-34.9228	[[[-586939,-350253,10,-169,39,-219,66,-215,90,-209,116,-201,138,-190,160,-178,181,-165,199,-149,216,-132,231,-114,244,-95,253,-75,261,-54,266,-32,269,-11,269,11,266,32,261,54,253,75,244,95,231,114,216,132,199,149,181,165,160,178,138,190,116,201,90,209,42,138,-317,1020,-567,327,-1981,143,-2540,-1025]]]
3842670	n	-60.6008,-37.1162,-60.0497,-36.6639	[[[-606008,-368900,14,-222,40,-219,67,-215,93,-209,118,-201,141,-190,164,-178,185,-165,205,-149,221,-132,236,-114,249,-95,260,-75,267,-54,273,-32,275,-11,275,11,273,32,267,54,260,75,249,95,236,114,221,132,205,149,185,165,164,178,141,190,118,201,93,209,16,51,-787,2254,-135,99,-221,132,-236,114,-249,95,-260,75,-267,54,-273,32,-275,11,-275,-11,-273,-32,-267,-54,-260,-75,-249,-95,-236,-114,-221,-132,-205,-149,-185,-165,-164,-178,-141,-190,-118,-201,-93,-209,-67,-215,-40,-219,-14,-222]]]
3839479	r	-61.8128,-31.5278,-61.1672,-30.9722	[[[-618128,-312500,7,-182,17,-148,1,-2,452,-1015,1,-1,109,-247,80,-96,134,-141,145,-132,154,-125,163,-115,172,-106,179,-96,186,-86,193,-75,198,-64,202,-52,205,-42,209,-29,210,-18,211,-6,211,6,210,18,209,29,205,42,202,52,198,64,193,75,186,86,179,96,172,106,163,115,154,125,145,132,134,141,123,148,111,154,100,160,87,166,74,170,62,174,48,177,34,179,21,181,7,182,-7,182,-21,181,-34,179,-48,177,-62,174,-74,170,-87,166,-100,160,-111,154,-123,148,-134,141,-145,132,-154,125,-163,115,-172,106,-179,96,-186,86,-193,75,-198,64,-202,52,-205,42,-209,29,-210,18,-211,6,-211,-6,-210,-18,-209,-29,-205,-42,-202,-52,-198,-64,-193,-75,-186,-86,-179,-96,-172,-106,-163,-115,-154,-125,-145,-132,-134,-141,-123,-148,-111,-154,-100,-160,-87,-166,-74,-170,-62,-174,-48,-177,-34,-179,-21,-181,-7,-182]]]
3436040	p	3432043
3853354	r	-61.3134,-34.8912,-60.5866,-34.2888	[[[-613134,-345900,8,-197,23,-196,39,-195,54,-192,69,-188,84,-185,98,-179,112,-174,126,-167,138,-160,151,-153,162,-144,174,-134,184,-125,193,-115,202,-104,210,-93,216,-82,223,-69,227,-57,232,-45,235,-32,236,-19,238,-7,238,7,236,19,235,32,232,45,227,57,223,69,216,82,210,93,202,104,193,115,184,125,174,134,162,144,151,153,138,160,126,167,112,174,98,179,84,185,69,188,54,192,39,195,23,196,8,197,-8,197,-23,196,-39,195,-54,192,-69,188,-84,185,-98,179,-112,174,-126,167,-138,160,-151,153,-162,144,-174,134,-184,125,-193,115,-202,104,-210,93,-216,82,-223,69,-227,57,-232,45,-235,32,-236,19,-238,7,-238,-7,-236,-19,-235,-32,-232,-45,-227,-57,-223,-69,-216,-82,-210,-93,-202,-104,-193,-115,-184,-125,-174,-134,-162,-144,-151,-153,-138,-160,-126,-167,-112,-174,-98,-179,-84,-185,-69,-188,-54,-192,-39,-195,-23,-196,-8,-197]]]
3836620	r	-64.5969,-23.3963,-64.0431,-22.8837	[[[-645969,-231400,6,-168,18,-167,29,-165,41,-163,53,-161,64,-157,75,-153,85,-148,96,-142,105,-136,115,-130,124,-123,132,-114,140,-107,148,-97,154,-89,159,-79,165,-69,170,-59,173,-49,177,-38,179,-27,180,-17,181,-5,181,5,180,17,179,27,177,38,173,49,170,59,165,69,159,79,154,89,148,97,140,107,132,114,124,123,115,130,105,136,96,142,85,148,75,153,64,157,53,161,41,163,29,165,18,167,6,168,-6,168,-18,167,-29,165,-41,163,-53,161,-64,157,-75,153,-85,148,-96,142,-105,136,-115,130,-124,123,-132,114,-140,107,-148,97,-154,89,-159,79,-165,69,-170,59,-173,49,-177,38,-179,27,-180,17,-181,5,-181,-5,-180,-17,-179,-27,-177,-38,-173,-49,-170,-59,-165,-69,-159,-79,-154,-89,-148,-97,-140,-107,-132,-114,-124,-123,-115,-130,-105,-136,-96,-142,-85,-148,-75,-153,-64,-157,-53,-161,-41,-163,-29,-165,-18,-167,-6,-168]]]
3435810	n	-59.196,-34.3328,-58.6886,-33.9885	[[[-591960,-342712,103,-144,159,-178,179,-165,171,-129,3804,434,272,138,66,90,113,201,90,209,65,215,39,219,13,222,-13,222,-39,219,-65,215,-90,209,-113,201,-137,190,-159,178,-179,165,-154,116,-4125,-2827]]]
3430595	p	3435910
3430861	r	-57.0105,-36.8292,-56.6655,-36.3146	[[[-570105,-365700,6,-170,21,-168,34,-168,48,-165,61,-162,74,-159,86,-154,99,-150,111,-144,122,-138,133,-131,143,-124,154,-116,162,-107,170,-99,178,-90,185,-80,191,-70,197,-59,200,-49,205,-39,207,-28,208,-16,210,-6,210,6,35,3,-28,919,-40,1359,-35,242,-238,549,20,1252,-188,182,-60,87,-125,404,-57,123,-32,20,-87,-12,-205,-39,-56,-13,-1,-5,108,-224,-661,31,-77,-10,-86,-37,-178,-90,-170,-99,-162,-107,-154,-116,-143,-124,-133,-131,-122,-138,-111,-144,-99,-150,-86,-154,-74,-159,-61,-162,-48,-165,-34,-168,-21,-168,-6,-170]]]
3836992	r	-68.7871,-33.3592,-68.1391,-32.8008	[[[-687871,-331593,37,-104,76,-171,90,-167,102,-161,114,-155,126,-149,138,-141,148,-133,158,-125,167,-116,176,-106,184,-97,191,-86,198,-75,202,-65,207,-53,211,-41,214,-30,216,-18,216,-6,216,6,216,18,214,30,211,41,207,53,202,65,198,75,191,86,184,97,176,106,167,116,158,125,148,133,138,141,126,149,114,155,102,161,90,167,76,171,63,174,49,178,35,181,21,181,7,183,-7,183,-21,181,-35,181,-49,178,-63,174,-76,171,-90,167,-102,161,-114,155,-126,149,-138,141,-148,133,-158,125,-167,116,-176,106,-184,97,-191,86,-198,75,-202,65,-207,53,-211,41,-214,30,-216,18,-216,6,-216,-6,-163,-14,-981,-1082,-1811,-2483]]]
3840300	r	-61.0014,-27.2945,-59.8786,-26.2855	[[[-610014,-267900,12,-330,36,-329,60,-325,84,-322,106,-316,130,-309,151,-300,173,-292,194,-280,214,-268,233,-255,252,-241,268,-226,284,-210,298,-192,312,-174,324,-156,335,-136,344,-116,351,-96,358,-75,362,-54,366,-32,367,-11,367,11,366,32,362,54,358,75,351,96,344,116,335,136,324,156,312,174,298,192,284,210,268,226,252,241,233,255,214,268,194,280,173,292,151,300,130,309,106,316,84,322,60,325,36,329,12,330,-12,330,-36,329,-60,325,-84,322,-106,316,-130,309,-151,300,-173,292,-194,280,-214,268,-233,255,-252,241,-268,226,-284,210,-298,192,-312,174,-324,156,-335,136,-344,116,-351,96,-358,75,-362,54,-366,32,-367,11,-367,-11,-366,-32,-362,-54,-358,-75,-351,-96,-344,-116,-335,-136,-324,-156,-312,-174,-298,-192,-284,-210,-268,-226,-252,-241,-233,-255,-214,-268,-194,-280,-173,-292,-151,-300,-130,-309,-106,-316,-84,-322,-60,-325,-36,-329,-12,-330]]]
3429582	p	3435910
3429980	r	-59.1527,-34.5952,-58.7544,-34.2894	[[[-591527,-343349,1990,-2603,687,333,655,1047,-20,19,-3,34,39,-28,287,459,348,1194,-3983,-455]]]
3436061	p	3435910
3433658	r	-59.1594,-33.5495,-58.1378,-32.5589	[[[-591594,-330100,13,-353,41,-352,68,-348,95,-344,122,-338,147,-331,173,-322,197,-311,221,-300,244,-287,265,-274,286,-257,306,-242,323,-224,340,-206,356,-186,369,-167,381,-146,392,-124,400,-103,407,-80,413,-57,417,-35,285,-8,-23,156,38,400,101,446,152,434,186,363,280,349,198,186,177,81,101,97,-48,228,-161,431,12,193,105,447,26,217,24,102,38,101,-1,77,-192,71,18,90,67,92,46,51,357,128,449,-62,19,-45,-3,31,7,-4,0,-8,4,4,11,-5,0,-16,-64,-137,-31,-36,-27,-6,-5,-21,-11,-12,51,32,71,24,70,39,24,-7,29,4,6,17,18,0,17,12,22,-1,-1,-11,12,-11,31,-4,-8,-7,-51,-4,12,-5,49,9,7,11,16,-4,182,3,173,-12,97,23,98,32,144,-19,127,0,242,32,115,36,372,272,90,111,-20,217,0,2,-3,31,-104,453,34,219,149,387,34,188,-54,153,-265,368,-97,199,-13,105,-4504,1688,-1,1,-2399,900,-42,-22,-340,-206,-323,-224,-306,-242,-286,-257,-265,-274,-244,-287,-221,-300,-197,-311,-173,-322,-147,-331,-122,-338,-95,-344,-68,-348,-41,-352,-13,-353],[-583288,-330830,303,-42,1,-2,-19,-19,-45,-1,-5,-12,5,-33,-20,10,-53,12,-28,17,-32,-3,-44,53,-30,-1,1,9,-34,12],[-582971,-330874,11,-2,-6,-3,-5,5],[-582821,-330895,17,-2,-13,-2,-4,4]]]
3436134	p	3435910
3854985	p	3838583
3861416	p	13452524
3430443	r	-59.1442,-38.6991,-58.3423,-38.2318	[[[-591442,-385500,9,-208,26,-207,43,-206,60,-203,77,-199,93,-195,109,-190,57,-83,336,53,349,120,312,58,568,299,1315,359,-17,23,31,-41,179,71,603,164,305,56,-32,20,46,-29,6,12,-1,1,1298,236,734,346,741,201,772,100,-13,63,-60,203,-77,199,-93,195,-109,190,-125,183,-139,177,-154,169,-168,161,-181,152,-193,143,-204,132,-215,121,-225,110,-233,98,-241,86,-248,74,-253,60,-257,47,-261,34,-264,21,-264,6,-264,-6,-264,-21,-261,-34,-257,-47,-253,-60,-248,-74,-241,-86,-233,-98,-225,-110,-215,-121,-204,-132,-193,-143,-181,-152,-168,-161,-154,-169,-139,-177,-125,-183,-109,-190,-93,-195,-77,-199,-60,-203,-43,-206,-26,-207,-9,-208]]]
3855065	r	-67.8604,-39.3026,-67.2315,-38.7573	[[[-678604,-391918,39,-41,144,-138,156,-131,167,-121,176,-114,186,-104,193,-94,201,-84,208,-73,214,-63,218,-52,222,-41,225,-29,227,-17,228,-6,228,6,227,17,225,29,222,41,218,52,214,63,208,73,201,84,193,94,186,104,176,114,167,121,156,131,144,138,133,145,121,151,107,157,94,163,81,167,66,170,52,174,37,176,22,178,7,178,-7,178,-22,178,-37,176,-52,174,-66,170,-81,167,-94,163,-107,157,-121,151,-133,145,-144,138,-156,131,-167,121,-176,114,-186,104,-193,94,-201,84,-208,73,-214,63,-218,52,-222,41,-225,29,-227,17,-228,6,-228,-6,-227,-17,-225,-29,-222,-41,-218,-52,-211,-62,-32,-89,-1441,-4048]]]
3833062	r	-62.316,-34.0398,-61.624,-33.4602	[[[-623160,-337500,7,-189,22,-189,37,-187,51,-185,66,-181,80,-178,93,-172,107,-167,120,-161,132,-154,143,-147,155,-138,165,-130,175,-120,184,-111,193,-100,199,-89,207,-78,212,-67,216,-55,221,-43,223,-31,226,-19,226,-6,226,6,226,19,223,31,221,43,216,55,212,67,207,78,199,89,193,100,184,111,175,120,165,130,155,138,143,147,132,154,120,161,107,167,93,172,80,178,66,181,51,185,37,187,22,189,7,189,-7,189,-22,189,-37,187,-51,185,-66,181,-80,178,-93,172,-107,167,-120,161,-132,154,-143,147,-155,138,-165,130,-175,120,-184,111,-193,100,-199,89,-207,78,-212,67,-216,55,-221,43,-223,31,-226,19,-226,6,-226,-6,-226,-19,-223,-31,-221,-43,-216,-55,-212,-67,-207,-78,-199,-89,-193,-100,-184,-111,-175,-120,-165,-130,-155,-138,-143,-147,-132,-154,-120,-161,-107,-167,-93,-172,-80,-178,-66,-181,-51,-185,-37,-187,-22,-189,-7,-189]]]
3435010	p	3435910
3433715	r	-59.6307,-29.9215,-58.3713,-28.3585	[[[-596307,-295396,142,-227,198,-169,7,-38,-11,-53,154,60,35,26,34,43,13,44,2,37,-6,23,57,40,6,51,14,33,-5,39,8,48,27,18,20,-10,17,-18,9,-94,36,-81,-4,-25,6,-34,27,-5,430,-161,138,-30,369,-55,-1,47,10,8,-22,45,0,14,29,22,13,26,-16,36,8,51,-14,18,6,33,-8,28,37,57,7,45,16,35,19,18,4,32,24,52,31,37,19,36,16,8,141,-3789,505,-73,579,-50,581,-17,581,17,579,50,574,83,566,116,557,149,544,180,530,211,513,241,493,270,473,298,450,324,424,350,398,373,369,396,338,415,308,435,274,451,240,465,205,479,168,489,132,498,95,505,57,509,19,511,-19,511,-57,509,-95,505,-132,498,-168,489,-205,479,-240,465,-274,451,-308,435,-338,415,-369,396,-398,373,-424,350,-450,324,-473,298,-493,270,-513,241,-530,211,-544,180,-557,149,-566,116,-574,83,-579,50,-581,17,-581,-17,-579,-50,-574,-83,-501,-103,203,-5433,113,-2995,-347,-96,-60,-22,-41,-24,-120,-98,-22,-67,-5,-53,-8,-209,6,-50,-2,-270,-45,-222,-13,-27,-76,-80,-37,-24,-34,-32,-93,-51,-26,-24,-166,-86,-228,-130,-180,-85,-26,-22,-14,-130,5,-55,48,-111,39,-91,87,-57,39,-178,-39,-97,-65,-112,-146,-192,-174,-283,-45,-152]]]
3832791	p	3860259
3435264	r	-58.6778,-32.8178,-58.1413,-32.254	[[[-586778,-324800,10,-249,29,-247,47,-246,67,-242,85,-238,103,-233,121,-227,5,-8,4504,-1688,-123,920,-186,685,-112,1230,27,448,69,157,3,2,15,26,1,16,109,248,3,-26,4,24,97,109,251,444,236,291,-4485,1064,-125,-147,-155,-212,-138,-219,-121,-227,-103,-233,-85,-238,-67,-242,-47,-246,-29,-247,-10,-249]]]
3855075	r	-64.0915,-35.9312,-63.4285,-35.3888	[[[-640915,-356600,7,-177,22,-177,35,-175,49,-173,63,-170,76,-166,90,-161,102,-157,115,-150,126,-145,138,-137,148,-129,158,-122,168,-112,176,-104,185,-93,191,-84,197,-73,203,-63,208,-51,211,-40,214,-29,216,-18,217,-6,217,6,216,18,214,29,211,40,208,51,203,63,197,73,191,84,185,93,176,104,168,112,158,122,148,129,138,137,126,145,115,150,102,157,90,161,76,166,63,170,49,173,35,175,22,177,7,177,-7,177,-22,177,-35,175,-49,173,-63,170,-76,166,-90,161,-102,157,-115,150,-126,145,-138,137,-148,129,-158,122,-168,112,-176,104,-185,93,-191,84,-197,73,-203,63,-208,51,-211,40,-214,29,-216,18,-217,6,-217,-6,-216,-18,-214,-29,-211,-40,-208,-51,-203,-63,-197,-73,-191,-84,-185,-93,-176,-104,-168,-112,-158,-122,-148,-129,-138,-137,-126,-145,-115,-150,-102,-157,-90,-161,-76,-166,-63,-170,-49,-173,-35,-175,-22,-177,-7,-177]]]
3861344	r	-60.4528,-35.2574,-59.5984,-34.5426	[[[-604528,-349000,9,-234,28,-232,46,-231,65,-228,82,-224,100,-219,116,-213,134,-206,149,-198,165,-190,180,-181,194,-171,206,-160,219,-148,231,-136,240,-124,250,-110,258,-97,265,-82,271,-68,276,-53,279,-38,282,-23,283,-8,283,8,282,23,279,38,276,53,271,68,265,82,258,97,250,110,240,124,231,136,219,148,206,160,194,171,180,181,165,190,149,198,134,206,116,213,100,219,82,224,36,127,-2527,4087,-33,13,-265,82,-271,68,-276,53,-279,38,-282,23,-283,8,-283,-8,-282,-23,-279,-38,-276,-53,-271,-68,-265,-82,-258,-97,-250,-110,-240,-124,-231,-136,-219,-148,-206,-160,-194,-171,-180,-181,-165,-190,-149,-198,-134,-206,-116,-213,-100,-219,-82,-224,-65,-228,-46,-231,-28,-232,-9,-234]]]
3436199	n	-60.1301,-37.0062,-59.5796,-36.5539	[[[-601301,-367201,784,-2245,138,-102,221,-132,236,-114,249,-95,259,-75,267,-54,272,-32,275,-11,275,11,272,32,267,54,259,75,249,95,236,114,221,132,204,149,184,165,164,178,142,190,117,201,93,209,67,215,40,219,14,222,-14,222,-40,219,-67,215,-93,209,-117,201,-142,190,-164,178,-184,165,-204,149,-221,132,-236,114,-249,95,-259,75,-267,54,-272,32,-275,11,-275,-11,-272,-32,-267,-54,-259,-75,-249,-95,-236,-114,-221,-132,-204,-149,-184,-165,-164,-178,-142,-190,-117,-201,-93,-209,-18,-57]]]
3840092	r	-65.7152,-43.0856,-64.4256,-42.271	[[[-657152,-427700,15,-323,2845,-1097,3083,-1188,6035,-547,130,117,258,266,233,277,208,288,89,144,-79,0,-197,91,-84,60,-178,78,-155,130,-83,31,-99,10,-256,-11,-261,-54,-151,-2,-108,25,-231,92,-317,59,-199,102,-386,268,-339,174,-755,275,43,1,-13,13,2,9,-14,10,-56,13,-43,-15,-3,0,-387,141,-258,60,1,3,-20,4,-26,25,11,31,-12,14,-12,2,-24,-4,-32,8,-23,-5,-23,16,-19,-5,-27,3,-35,-14,-19,0,-88,35,-85,44,-171,111,-42,36,-11,51,-55,-7,-58,-58,-231,44,-34,17,-83,50,-34,4,-1,-8,-103,95,-70,243,67,149,314,257,135,194,89,174,124,152,235,128,494,104,500,39,191,56,178,132,439,452,76,52,114,52,350,56,253,164,234,90,247,64,727,90,753,-4,-117,139,-258,266,-280,252,-83,65,-256,-15,-292,54,-68,85,73,274,-340,206,-359,190,-375,172,-390,154,-402,135,-414,115,-423,95,-430,74,-436,53,-439,32,-442,11,-442,-11,-439,-32,-436,-53,-430,-74,-423,-95,-414,-115,-402,-135,-390,-154,-375,-172,-359,-190,-342,-207,-322,-224,-302,-238,-280,-252,-258,-266,-233,-277,-208,-288,-183,-297,-155,-306,-129,-313,-100,-318,-72,-322,-43,-325,-15,-326]]]
3839982	p	3865086
3434141	p	3432043
3430708	r	-59.7644,-34.927,-59.188,-34.373	[[[-597644,-346500,7,-181,22,-181,35,-178,50,-177,63,-173,17,-36,401,-649,96,-111,139,-140,149,-132,160,-124,169,-115,178,-106,186,-96,193,-85,199,-75,205,-64,210,-52,213,-41,216,-30,217,-18,219,-6,219,6,217,18,216,30,213,41,210,52,205,64,199,75,193,85,186,96,178,106,169,115,160,124,55,48,-1740,4621,-28,5,-216,30,-217,18,-219,6,-219,-6,-217,-18,-216,-30,-213,-41,-210,-52,-205,-64,-199,-75,-193,-85,-186,-96,-178,-106,-169,-115,-160,-124,-149,-132,-139,-140,-127,-147,-116,-154,-103,-160,-90,-165,-78,-170,-63,-173,-50,-177,-35,-178,-22,-181,-7,-181]]]
3836194	p	13452524
3436152	p	3435910
3834601	r	-64.7636,-23.2677,-62.8516,-21.9972	[[[-647636,-224361,3098,-1747,33,137,11,100,39,109,82,88,75,103,15,148,-554,511,-144,184,-59,229,-38,59,-179,110,-56,73,2,102,78,193,-13,108,-133,111,-210,137,-131,174,99,234,129,144,69,139,-5,160,-90,205,-84,119,-267,303,-93,63,-201,43,-224,105,-191,133,-212,30,-84,25,-55,-9,-25,-51,-221,-546,-182,-558,-143,-568,-102,-576,-34,-324]],[[-642941,-227009,10053,-5667,112,65,510,340,485,370,458,399,428,425,398,451,366,474,331,496,295,514,259,531,221,546,182,558,143,568,102,576,61,580,21,583,-21,583,-61,580,-102,576,-143,568,-182,558,-221,546,-259,531,-295,514,-331,496,-187,241,-2524,14,-3668,0,-149,-24,-11,-43,-31,-62,0,-14,30,-12,-6,-38,-17,-12,-15,-31,12,-47,-35,-25,-3,-18,-13,-12,-1,-32,-13,-4,7,-10,16,-1,-3,-12,7,-15,-22,1,-24,-20,13,-27,-14,-17,-23,-10,18,-33,-19,-6,-9,-20,-24,-10,5,52,-10,5,5,9,-9,21,4,21,-20,31,15,3,-17,17,15,24,-2,20,12,16,14,-5,-2,12,8,9,-10,19,-11,6,-3,12,-17,1,7,10,-19,8,-2,8,7,3,-11,7,7,8,-7,18,5,23,-17,17,-2,15,13,24,-5,18,-22,-1,-11,-17,-16,2,-27,-20,-3,9,-439,-364,-114,49,-412,342,-201,85,-933,58,-268,-46,-144,-58,-33,-32,-6,-59,-95,-224,-36,-194,-35,-80,-77,-73,-77,-36,-69,-19,-52,-36,-88,-164,-154,-561,-312,-738,-78,-111,-201,-103,-73,-73,-743,-1806,-242,-327,-516,-455,-145,-240,-432,-1502,-1,-100]]]
3428050	p	3435910
3433522	p	3435910
3835793	p	3836277
3837675	r	-62.3994,-31.7044,-61.7606,-31.1556	[[[-623994,-314300,6,-179,21,-179,34,-177,47,-175,61,-172,74,-168,86,-164,99,-158,110,-153,122,-146,132,-138,143,-131,153,-123,161,-114,170,-105,178,-95,184,-84,191,-74,195,-64,200,-52,204,-41,206,-29,208,-17,209,-6,209,6,208,17,206,29,204,41,200,52,195,64,191,74,184,84,178,95,170,105,161,114,153,123,143,131,132,138,122,146,110,153,99,158,86,164,74,168,61,172,47,175,34,177,21,179,6,179,-6,179,-21,179,-18,95,-452,1015,-41,57,-122,146,-132,138,-143,131,-153,123,-161,114,-170,105,-178,95,-184,84,-191,74,-195,64,-200,52,-204,41,-206,29,-208,17,-209,6,-209,-6,-208,-17,-206,-29,-204,-41,-200,-52,-195,-64,-191,-74,-184,-84,-178,-95,-170,-105,-161,-114,-153,-123,-143,-131,-132,-138,-122,-146,-110,-153,-99,-158,-86,-164,-74,-168,-61,-172,-47,-175,-34,-177,-21,-179,-6,-179]]]
3434509	p	3435910
3836772	r	-65.1249,-24.8641,-64.1336,-23.5591	[[[-651249,-245331,5093,-3310,274,95,439,183,425,208,409,234,392,257,372,281,352,303,329,322,306,342,281,360,254,376,227,390,199,403,170,414,140,423,109,431,79,437,47,440,16,442,-16,442,-47,440,-79,437,-109,431,-140,423,-170,414,-199,403,-227,390,-254,376,-281,360,-306,342,-45,44,-6382,2207,-70,-6,-240,-37,-86,-618,-541,-3890,-11,-7,2,-60,-712,-5122]]]
3435352	r	-58.5795,-32.3604,-58.0965,-31.8465	[[[-585795,-322200,9,-245,15,-125,4358,-1034,372,460,-8,2,26,20,7,8,51,304,-80,225,-1,19,-12,30,-5,1,-6,17,-207,235,-8,25,-49,84,-37,29,-5,-7,-115,140,-24,0,-238,271,-113,212,56,204,221,309,105,387,30,450,-37,427,-98,313,-315,306,-123,202,66,205,269,261,-283,-24,-283,-40,-280,-55,-276,-71,-269,-87,-262,-101,-253,-115,-245,-129,-233,-143,-223,-156,-210,-167,-196,-179,-183,-189,-167,-199,-152,-208,-136,-216,-118,-223,-102,-230,-83,-234,-65,-239,-47,-241,-29,-244,-9,-245]]]
3435356	p	3435910
3833367	r	-68.6541,-54.8862,-67.8191,-54.5194	[[[-686541,-548862,668,9,191,69,-36,157,-88,80,-189,133,-99,91,-229,269,-97,62,-3,-545,-118,-325]],[[-686419,-547830,58,-14,410,-268,305,-276,183,-95,260,-39,1380,71,53,-26,16,8,-12,19,1,1,483,25,135,98,1,3,26,-22,-30,-25,-37,-18,-34,-5,-18,-16,31,-36,-13,-17,42,3,90,-33,56,12,48,25,26,6,57,-3,85,14,41,-11,30,4,38,14,0,24,39,19,17,-4,-5,-21,61,10,6,8,-57,9,10,24,-15,9,-121,2,-91,18,-119,-17,-27,10,-19,19,-17,-2,7,15,19,4,6,-6,-15,70,17,55,20,24,-113,24,-28,9,-4,21,62,17,120,-21,-69,18,-10,12,66,22,22,2,-2,-5,11,10,72,11,42,28,53,18,8,13,3,1,38,-9,531,-196,954,-54,460,-221,1456,-164,1022,-70,11,28,53,188,32,189,11,190,-11,190,-32,189,-53,188,-75,185,-95,182,-115,178,-135,173,-155,168,-173,162,-191,154,-208,147,-224,139,-239,130,-254,121,-266,111,-278,100,-289,90,-299,78,-307,67,-314,55,-319,43,-323,31,-326,19,-328,6,-328,-6,-326,-19,-323,-31,-319,-43,-314,-55,-307,-67,-299,-78,-289,-90,-278,-100,-266,-111,-157,-75,-13,-1961],[-683060,-547949,39,27,96,-22,-9,-2,-126,-3]]]
3430340	r	-55.5303,-27.8567,-54.7094,-27.1233	[[[-555303,-274967,6,-173,26,-239,44,-236,61,-234,78,-230,95,-224,111,-219,126,-211,142,-204,157,-195,170,-186,184,-175,196,-164,208,-152,218,-140,228,-127,237,-113,245,-99,251,-84,257,-70,262,-55,265,-39,267,-23,269,-8,76,2,10,35,27,62,88,30,220,4,102,41,216,-113,62,9,115,24,26,71,-146,207,-309,251,-99,161,169,73,197,-40,170,-80,185,-54,239,31,522,415,198,69,63,98,53,226,51,433,-18,376,85,30,244,-2,203,89,81,214,33,252,62,202,86,89,139,98,128,32,57,-110,-20,-44,-36,-57,-16,-49,37,-21,20,-15,63,-73,14,-20,64,-17,420,125,99,3,65,-6,26,137,26,239,9,240,-9,240,-26,239,-44,236,-61,234,-78,230,-95,224,-111,219,-126,211,-142,204,-157,195,-170,186,-184,175,-196,164,-208,152,-218,140,-228,127,-237,113,-245,99,-251,84,-257,70,-262,55,-265,39,-267,23,-269,8,-269,-8,-267,-23,-265,-39,-262,-55,-257,-70,-251,-84,-245,-99,-237,-113,-228,-127,-218,-140,-208,-152,-196,-164,-184,-175,-170,-186,-157,-195,-142,-204,-126,-211,-111,-219,-74,-175,-236,-1295]]]
3863379	r	-68.0382,-46.8095,-67.1471,-46.1449	[[[-680382,-464500,11,-235,33,-234,56,-232,77,-229,98,-225,119,-221,140,-214,160,-207,179,-200,198,-191,215,-182,232,-172,247,-161,262,-149,276,-137,288,-124,299,-111,309,-97,317,-83,325,-68,330,-53,335,-39,337,-23,339,-8,339,8,337,23,335,39,330,53,325,68,317,83,309,97,299,111,288,124,276,137,262,149,247,161,65,48,-53,23,-412,61,-385,200,-140,194,-102,82,-311,72,-491,110,-286,190,-581,388,-316,429,-1,3,-2,2,-72,98,12,-37,-19,61,-40,69,-98,130,-34,20,-29,40,-4,39,-34,45,-52,53,-12,3,-9,11,7,69,-12,31,-141,183,-49,37,-14,77,-121,159,-108,172,-39,30,-8,48,-107,182,-213,500,-478,1582,-7,129,-1704,60,-143,-62,-276,-137,-262,-149,-247,-161,-232,-172,-215,-182,-198,-191,-179,-200,-160,-207,-140,-214,-119,-221,-98,-225,-77,-229,-56,-232,-33,-234,-11,-235]]]
3434674	r	-54.8049,-26.7094,-54.288,-26.1106	[[[-548049,-266587,4,-2,185,-104,191,-92,198,-81,204,-69,208,-57,211,-45,215,-31,216,-20,217,-6,217,6,216,20,215,31,211,45,208,57,204,69,198,81,191,92,185,104,176,114,168,124,159,134,148,143,138,151,127,160,115,166,102,173,90,178,76,184,63,187,50,191,35,193,21,195,7,196,-7,196,-21,195,-35,193,-50,191,-63,187,-76,184,-90,178,-102,173,-115,166,-127,160,-138,151,-148,143,-159,134,-168,124,-176,114,-185,104,-191,92,-198,81,-204,69,-208,57,-211,45,-215,31,-216,20,-217,6,-217,-6,-101,-9,-120,-371,39,-152,180,-196,36,-130,-64,-112,-115,-148,-81,-132,-7,-27,-11,-48,24,-196,0,-451,-154,-315,-13,-54,-30,-55,-84,-534,-13,12,-19,-22,3,-125,-30,-105,-88,-136,-307,-314,-281,-209,-150,-163,-95,-181,10,-141,53,-141,32,-185,-10,-230,-36,-246,-82,-222,-118,-137]]]
3838793	r	-64.4448,-32.4653,-63.7752,-31.8947	[[[-644448,-321800,7,-187,22,-185,35,-185,50,-181,64,-179,77,-175,90,-170,103,-164,116,-159,128,-152,139,-144,150,-136,159,-128,170,-118,178,-109,186,-99,193,-88,200,-77,205,-66,209,-54,214,-42,216,-31,218,-18,219,-6,219,6,218,18,216,31,214,42,209,54,205,66,200,77,193,88,186,99,178,109,170,118,159,128,150,136,139,144,128,152,116,159,103,164,90,170,77,175,64,179,50,181,35,185,22,185,7,187,-7,187,-22,185,-35,185,-50,181,-64,179,-77,175,-90,170,-103,164,-116,159,-128,152,-139,144,-150,136,-159,128,-170,118,-178,109,-186,99,-193,88,-200,77,-205,66,-209,54,-214,42,-216,31,-218,18,-219,6,-219,-6,-218,-18,-216,-31,-214,-42,-209,-54,-205,-66,-200,-77,-193,-88,-186,-99,-178,-109,-170,-118,-159,-128,-150,-136,-139,-144,-128,-152,-116,-159,-103,-164,-90,-170,-77,-175,-64,-179,-50,-181,-35,-185,-22,-185,-7,-187]]]
3431057	p	7778796
3838854	r	-68.61,-54.3253,-67.0455,-53.3258	[[[-686100,-537900,20,-350,57,-349,96,-345,134,-341,171,-336,207,-327,243,-319,278,-309,311,-298,343,-284,374,-271,211,-134,3147,-1290,515,-116,564,-101,573,-80,581,-57,586,-34,589,-12,589,12,586,34,581,57,573,80,564,101,551,124,536,144,520,166,500,184,479,204,455,223,430,239,281,178,-953,273,-1570,696,-782,417,265,-1,-140,73,-99,38,-132,37,-286,61,-451,241,-52,42,-70,89,-148,102,-42,18,-168,27,-78,27,-198,103,-128,92,-124,119,-68,86,-46,74,-54,129,-17,86,28,122,38,45,234,36,11,-4,58,-4,11,42,-24,25,-100,43,-39,7,-3,4,-637,203,213,-91,-464,199,-225,131,-75,69,-3,13,-13,-12,17,-7,-3,-9,-132,16,-70,63,-61,89,-37,28,-125,64,-32,25,-26,37,-168,88,-282,97,-59,30,-135,89,-74,68,-113,59,-110,37,-80,37,-62,45,-56,85,-90,49,-75,22,-42,6,-26,17,57,-18,-5,9,-182,95,-765,507,-2,2,-173,203,-131,101,-101,108,0,-70,-548,646,-80,202,-106,462,-124,189,-38,81,61,345,-155,197,-195,318,-466,180,-20,-7,-500,-184,-479,-204,-455,-223,-430,-239,-402,-256,-374,-271,-343,-284,-311,-298,-278,-309,-243,-319,-207,-327,-171,-336,-134,-341,-96,-345,-57,-349,-20,-350]]]
3840885	p	3843123
3833859	r	-60.6411,-38.665,-59.9189,-38.095	[[[-606411,-383800,8,-186,23,-186,39,-184,53,-182,69,-178,83,-174,98,-170,111,-165,125,-158,138,-152,149,-144,162,-136,172,-127,183,-119,192,-108,201,-99,208,-88,215,-77,221,-65,227,-54,230,-43,233,-30,235,-18,236,-7,236,7,235,18,233,30,230,43,227,54,221,65,215,77,208,88,201,99,192,108,183,119,172,127,162,136,149,144,138,152,125,158,111,165,98,170,83,174,69,178,53,182,39,184,23,186,8,186,-8,186,-23,186,-39,184,-53,182,-69,178,-83,174,-98,170,-111,165,-125,158,-138,152,-149,144,-162,136,-172,127,-183,119,-192,108,-201,99,-208,88,-215,77,-221,65,-227,54,-230,43,-233,30,-235,18,-236,7,-236,-7,-235,-18,-233,-30,-230,-43,-227,-54,-221,-65,-215,-77,-208,-88,-201,-99,-192,-108,-183,-119,-172,-127,-162,-136,-149,-144,-138,-152,-125,-158,-111,-165,-98,-170,-83,-174,-69,-178,-53,-182,-39,-184,-23,-186,-8,-186]]]
3436124	p	3429577
3832260	p	3836873
3832899	r	-64.3549,-41.1618,-62.0147,-39.7776	[[[-643549,-408100,29,-675,82,-629,1695,-686,400,-80,218,42,272,87,232,47,98,-77,-90,-143,-41,-100,25,-99,100,-47,416,10,25,-9,-1,-129,402,-117,77,-28,178,-86,131,-83,114,-93,102,-106,52,-84,65,-73,45,-38,109,-59,117,-45,101,-14,75,2,68,-11,211,-85,282,-50,22,-8,14,-10,47,-11,109,-9,102,6,1448,-19,465,22,66,-8,258,-15,637,8,168,-9,111,5,45,-8,101,-4,260,26,266,-19,236,27,281,67,115,5,159,-13,191,-33,38,-15,427,-10,102,-8,139,11,332,3,204,12,53,-7,90,7,22,-8,44,11,16,-5,123,15,54,0,58,8,162,-5,459,78,1185,474,713,146,149,132,262,170,118,109,93,23,242,-33,261,8,219,31,193,73,183,134,173,94,677,212,1204,573,1486,598,265,269,274,541,296,453,45,133,20,166,89,302,21,150,76,127,359,207,118,113,-320,-14,-308,-90,-781,-359,-73,38,-95,151,35,5,51,48,18,81,-66,105,-62,68,-38,68,-15,79,9,93,106,-54,153,-180,51,-39,478,-69,166,113,1,254,-136,453,-196,-129,-132,91,-112,161,-140,88,-39,53,9,235,-36,53,-115,30,-337,175,-314,79,-96,58,-166,235,-1,43,-91,93,-152,591,-296,437,-46,143,59,204,144,202,180,177,170,133,198,79,249,66,214,106,90,194,39,164,154,417,12,210,-271,586,32,97,80,85,195,416,68,341,134,357,11,47,-73,34,-2914,953,-363,84,-864,153,-875,110,-882,66,-886,22,-886,-22,-882,-66,-875,-110,-864,-153,-848,-197,-830,-238,-807,-278,-782,-319,-753,-357,-721,-393,-685,-429,-647,-462,-606,-493,-563,-522,-516,-549,-468,-574,-418,-596,-366,-615,-313,-632,-257,-647,-201,-658,-145,-666,-87,-673,-29,-675]],[[-622373,-405099,161,-125,277,-2,278,132,110,-172,-66,-305,250,-78,276,8,228,209,192,313,291,275,91,295,-210,277,-172,277,-273,221,-350,2,-263,30,-175,-8,-207,-485,-55,-400,-205,-284,-178,-180]],[[-621332,-401811,221,-382,457,-536,235,-239,109,-258,98,-210,64,152,-57,553,17,551,41,428,-259,287,-298,97,-299,69,-187,-8,-142,-504]]]
3839307	p	3833883
