2761369	r	15.9089,47.8568,16.9415,48.5934	[[[159089,480180,98,-144,121,-152,135,-147,150,-140,162,-133,175,-125,187,-118,199,-109,208,-101,218,-91,226,-81,233,-71,240,-61,245,-50,250,-39,253,-28,255,-17,256,-5,256,5,255,17,253,28,250,39,245,50,240,61,233,71,226,81,218,91,208,101,199,109,187,118,175,125,162,133,150,140,135,147,121,152,45,66,1450,-734,33,21,256,183,237,194,218,204,197,213,176,221,155,229,131,235,109,240,85,244,61,248,37,249,12,251,-12,251,-37,249,-61,248,-3,9,-59,18,-77,33,-33,59,-12,45,-32,58,-34,50,-27,21,-44,21,19,50,39,58,23,45,-46,79,-102,76,-105,58,-57,22,-202,15,-77,31,-31,60,6,110,18,45,24,30,26,63,36,215,-103,111,-218,204,-237,194,-256,183,-273,172,-289,159,-304,146,-318,132,-329,119,-341,103,-350,89,-358,73,-364,56,-369,41,-372,25,-374,8,-374,-8,-372,-25,-369,-41,-364,-56,-358,-73,-350,-89,-341,-103,-329,-119,-318,-132,-304,-146,-171,-94,0,-1803,97,-49,-30,-17,-109,-69,-638,-2035,-281,-895]]]
2778067	r	14.9964,46.7658,15.8836,47.3742	[[[149964,470700,10,-199,28,-198,48,-196,65,-194,85,-191,102,-186,120,-181,137,-176,153,-169,169,-162,184,-153,199,-146,211,-136,225,-126,236,-116,246,-105,256,-94,265,-82,271,-70,278,-58,283,-45,286,-33,289,-19,290,-7,290,7,289,19,286,33,283,45,278,58,271,70,265,82,256,94,246,105,236,116,225,126,211,136,199,146,184,153,169,162,153,169,137,176,120,181,102,186,85,191,65,194,48,196,28,198,10,199,-10,199,-28,198,-48,196,-9,28,-515,917,-138,152,-169,162,-184,153,-199,146,-211,136,-225,126,-236,116,-246,105,-256,94,-265,82,-271,70,-278,58,-283,45,-286,33,-289,19,-290,7,-290,-7,-289,-19,-286,-33,-283,-45,-278,-58,-271,-70,-265,-82,-256,-94,-246,-105,-236,-116,-225,-126,-211,-136,-199,-146,-184,-153,-169,-162,-153,-169,-137,-176,-120,-181,-102,-186,-85,-191,-65,-194,-48,-196,-28,-198,-10,-199]]]
2772400	r	13.7987,47.981,14.7813,48.6238	[[[137987,483100,11,-215,31,-214,53,-213,73,-209,93,-206,113,-202,133,-196,152,-190,169,-183,188,-175,203,-166,220,-157,235,-147,248,-137,262,-125,273,-114,283,-101,293,-89,301,-76,308,-62,313,-49,317,-35,320,-22,321,-7,321,7,320,22,317,35,313,49,308,62,301,76,293,89,283,101,273,114,262,125,248,137,235,147,220,157,203,166,188,175,169,183,152,190,133,196,113,202,93,206,73,209,53,213,31,214,11,215,-11,215,-31,214,-53,213,-73,209,-93,206,-113,202,-133,196,-152,190,-169,183,-188,175,-203,166,-220,157,-235,147,-248,137,-262,125,-273,114,-283,101,-293,89,-301,76,-115,23,-152,-267,-158,-108,-520,-149,-202,-107,-78,-21,-97,-7,-992,233,-1417,105,-221,62,-83,-30,-273,-114,-262,-125,-248,-137,-235,-147,-220,-157,-203,-166,-188,-175,-169,-183,-152,-190,-133,-196,-113,-202,-93,-206,-73,-209,-53,-213,-31,-214,-11,-215]]]
8063098	p	2761369
11903636	p	2761369
2779469	p	2761369
2766824	r	12.6585,47.5133,13.4639,48.0867	[[[126585,476751,13,-19,131,-165,146,-160,162,-152,176,-145,189,-137,203,-128,137,-77,-5,27,122,232,273,91,-199,130,-259,116,-157,130,103,175,-172,-15,-561,97,-302,0]],[[128006,480365,300,-210,150,-224,26,-107,4,-15,54,-104,80,-79,240,-97,202,-140,80,-29,169,-111,339,-529,216,-217,46,-32,-645,-697,-54,-79,-20,-63,-3,-64,-18,-66,-64,-71,-2,-2,-186,-194,163,-111,557,-70,150,17,254,75,155,-17,124,-63,123,-100,195,-226,79,-145,28,-128,-6,-122,-22,-121,-24,-22,-119,-198,-6,-27,-162,-143,-26,6,8,-227,22,6,-12,-14,-95,-162,-25,-27,0,-174,9,-62,18,-45,92,-2,277,6,276,19,274,30,270,43,266,54,259,66,253,78,245,88,235,99,226,110,214,119,203,128,189,137,176,145,162,152,146,160,131,165,115,171,97,175,81,180,63,183,45,185,27,186,9,188,-9,188,-27,186,-45,185,-63,183,-81,180,-97,175,-115,171,-131,165,-146,160,-162,152,-176,145,-189,137,-203,128,-214,119,-226,110,-235,99,-245,88,-253,78,-259,66,-266,54,-270,43,-274,30,-276,19,-277,6,-277,-6,-276,-19,-274,-30,-270,-43,-266,-54,-259,-66,-253,-78,-245,-88,-235,-99,-39,-19]]]
2775220	r	10.9083,46.9646,11.8717,47.5613	[[[109083,472600,10,-215,31,-215,51,-212,72,-210,91,-206,111,-202,130,-196,149,-190,166,-183,184,-175,200,-166,216,-158,230,-147,243,-136,257,-126,267,-114,278,-101,8,-2,660,147,701,80,357,-54,311,-103,306,-11,340,225,1,1,76,78,89,46,100,16,176,-29,65,-26,58,-37,53,-49,83,-35,91,-12,94,12,95,35,1,0,2,1,1,0,290,58,238,15,515,-71,5,0,12,-3,76,-5,75,8,61,-5,124,61,243,136,230,147,216,158,200,166,184,175,166,183,149,190,130,196,111,202,91,206,72,210,51,212,31,215,10,215,-10,215,-31,215,-51,212,-72,210,-91,206,-111,202,-130,196,-149,190,-166,183,-184,175,-200,166,-216,158,-230,147,-243,136,-257,126,-267,114,-278,101,-198,61,-10,-15,-78,-232,-51,-92,-182,-137,-217,-58,-469,-53,-226,48,-246,23,-228,-36,-471,-368,123,-22,108,-49,39,-74,-86,-99,-162,-48,-435,-7,-186,-40,-193,-122,-132,-121,-143,-104,-218,-67,-240,18,22,272,-214,59,-252,-46,-653,-307,-196,-41,-1042,10,-140,56,-74,97,-2,-2,-130,-196,-111,-202,-91,-206,-72,-210,-51,-212,-31,-215,-10,-215]]]
2769359	p	2761369
2765028	p	2761369
2774326	r	14.0661,46.3786,14.7593,46.9377	[[[140661,468932,210,-4209,502,-299,106,-20,20,-3,924,-19,1199,-23,336,51,107,-17,47,-47,32,-56,56,-46,171,-55,138,-44,168,-18,345,57,136,-130,113,-172,132,-96,174,53,44,78,49,87,84,193,147,147,98,28,217,13,101,21,103,46,201,145,45,8,59,-7,75,-9,71,123,117,98,49,68,60,47,121,38,13,4,12,18,106,194,87,199,68,202,49,205,30,207,10,208,-10,208,-30,207,-49,205,-68,202,-87,199,-106,194,-124,190,-142,183,-158,176,-175,169,-191,161,-206,152,-219,142,-232,131,-245,122,-255,109,-265,98,-274,86,-281,73,-287,61,-293,47,-297,34,-299,20,-300,7,-300,-7,-299,-20,-297,-34,-293,-47,-287,-61,-281,-73,-274,-86,-265,-98,-43,-18]]]
12214069	p	2761369
2775371	p	2761369
2771706	p	2761369
12214081	p	2761369
2779139	p	2761369
2600996	p	2761369
2762372	r	13.3669,46.4722,14.0871,46.951	[[[133669,466100,11,-223,31,-222,22,3,437,-53,610,31,69,-19,142,-111,77,-37,424,-11,1211,-271,150,-11,157,21,151,-8,660,-111,137,1,649,74,302,-35,914,-299,165,-14,161,20,176,22,175,-3,164,-34,146,-50,61,-37,-210,4209,-13,268,-161,51,-302,78,-309,65,-314,51,-318,36,-322,22,-322,7,-322,-7,-322,-22,-318,-36,-314,-51,-309,-65,-302,-78,-294,-92,-284,-106,-274,-117,-263,-130,-249,-142,-236,-153,-220,-162,-205,-173,-188,-181,-170,-190,-152,-197,-133,-203,-114,-209,-94,-213,-73,-218,-53,-220,-31,-222,-11,-223]]]
2776488	p	2761369
12214070	p	2761369
2780180	n	15.929,47.0539,16.5325,47.5062	[[[159290,472800,16,-222,47,-219,79,-215,110,-209,139,-201,167,-190,193,-178,218,-165,241,-149,261,-132,279,-114,293,-95,306,-75,315,-54,322,-32,324,-11,324,11,322,32,315,54,306,75,293,95,279,114,261,132,241,149,120,91,34,83,-122,122,-164,11,-338,-111,-134,61,3,55,81,170,-3,88,-67,65,-84,5,-79,-4,-60,35,-35,165,154,219,-33,174,0,1,311,115,141,88,66,134,-40,164,-304,434,-27,20,-44,11,-46,17,-27,38,6,59,43,27,50,18,21,29,-24,384,101,126,125,23,133,-63,120,-132,506,157,-166,154,-218,165,-241,149,-261,132,-279,114,-293,95,-306,75,-315,54,-322,32,-324,11,-324,-11,-322,-32,-315,-54,-306,-75,-293,-95,-279,-114,-261,-132,-241,-149,-218,-165,-193,-178,-167,-190,-139,-201,-110,-209,-79,-215,-47,-219,-16,-222]]]
2776421	p	2761369
12196319	p	2761369
2782315	p	2761369
2781503	r	9.5212,47.21,10.1255,47.5884	[[[95212,472628,91,-91,92,-59,219,-79,254,-79,261,-67,267,-55,272,-43,275,-31,278,-18,279,-6,279,6,278,18,275,31,272,43,267,55,261,67,254,79,246,89,237,100,227,111,216,120,203,130,191,139,177,146,163,155,147,161,61,78,-101,42,-49,4,-132,-43,-76,-38,-67,-2,-97,64,-54,95,-9,108,-27,104,-110,87,228,120,46,105,-88,117,-492,489,-113,-36,-89,-52,-88,-26,-110,44,-15,59,-3,30,0,30,-91,135,-125,85,-105,93,-28,166,-121,-66,-150,-20,-298,16,-301,75,-51,-9,-123,-54,-80,-4,-204,72,-38,105,20,122,-33,118,-117,87,-142,34,-150,-11,-144,-52,-218,-172,-124,-182,-145,-153,-246,-79,-154,23,45,-33,-559,-6,-585,108,-42,8,-24,10,56,-176,19,-60,295,-302,372,-115,286,-171,-8,-424,-97,-152,-388,-332,-46,-90,-52,-176,-38,-69,-341,-279,-321,-371]]]
2766429	r	15.1646,47.891,16.005,48.5291	[[[151646,482100,10,-209,31,-207,50,-206,71,-204,90,-199,110,-196,128,-190,147,-184,164,-177,181,-170,198,-161,212,-152,227,-143,241,-132,253,-122,264,-110,274,-99,284,-86,291,-73,298,-61,303,-47,306,-34,310,-21,311,-7,311,7,310,21,306,34,303,47,298,61,291,73,284,86,274,99,55,23,1218,3884,0,896,-76,62,-212,152,-227,143,-241,132,-253,122,-264,110,-274,99,-284,86,-291,73,-298,61,-303,47,-306,34,-310,21,-311,7,-311,-7,-310,-21,-306,-34,-303,-47,-298,-61,-291,-73,-284,-86,-274,-99,-264,-110,-253,-122,-241,-132,-227,-143,-212,-152,-198,-161,-181,-170,-164,-177,-147,-184,-128,-190,-110,-196,-90,-199,-71,-204,-50,-206,-31,-207,-10,-209]]]
2769110	p	2761369
