2147714	r	150.535,-34.2597,151.3439,-33.3644	[[[1505350,-339329,13,-51,93,-2,28,23,8,-85,29,1,42,-42,-22,-58,-81,-39,531,-70,9,-62,31,-4,20,97,71,3,7,35,108,-21,59,33,-10,-153,128,-46,94,-82,166,3,31,-19,-12,-55,-192,-165,17,-70,84,-106,106,0,15,-26,-143,-269,-12,-90,52,-22,-31,-36,-50,-9,-50,-105,134,-52,328,-34,26,-175,116,-40,15,34,122,-34,64,155,93,-15,-17,-135,31,-70,120,16,45,-42,-67,-104,50,-38,13,-55,-65,-102,50,-103,-75,-73,-3,-127,-45,-16,-112,38,-121,-147,45,-17,-18,-69,30,-30,-7,-37,85,-77,-50,-50,139,-50,23,-50,117,19,8,37,65,-54,110,30,26,-31,89,40,170,-51,85,-150,49,-31,82,10,95,113,176,-101,120,-25,161,-83,72,169,116,104,-66,33,23,79,-39,88,186,-28,6,40,-46,19,65,115,-119,102,55,28,26,204,71,52,28,71,-18,17,46,82,-19,37,47,43,1,42,572,-85,111,-74,312,-98,-63,-38,1,-69,385,-54,8,41,114,-47,143,55,87,51,46,-20,19,9,168,134,375,252,186,142,81,97,-1,109,-62,33,-19,113,-118,52,-5,26,19,45,56,78,83,69,31,13,42,-13,461,8,54,66,11,164,-17,-1,12,85,161,128,15,-9,109,112,71,109,140,294,-77,149,188,456,19,214,-65,140,-32,-37,-15,-36,-2,15,48,123,-67,169,78,37,29,-5,129,44,14,157,16,18,-14,5,25,264,83,235,5,107,-24,45,23,5,-41,33,-3,0,-13,24,-73,99,12,61,19,151,25,10,0,48,53,28,-57,44,58,121,23,15,-9,14,7,14,26,7,-1,44,12,27,10,26,39,23,-20,108,43,68,58,15,-24,73,27,29,50,-3,12,71,31,24,-43,69,-63,16,-14,47,38,68,-104,61,35,142,67,18,-63,43,-183,-15,-19,34,-71,28,-224,15,-86,-66,-160,-14,-141,194,27,125,62,91,-21,43,-99,11,-345,-56,-67,13,-53,39,-54,191,-67,108,-45,-8,-24,-33,-24,-120,-78,-31,-59,151,27,91,-91,93,55,129,79,94,-37,60,-64,-2,-74,-108,-52,-14,-169,99,-61,-9,-126,-168,-111,5,-54,57,-79,275,-24,12,-32,-23,12,-111,-89,-3,-30,55,-1,107,-139,43,-52,99,-85,3,-46,31,20,169,-21,42,-90,41,-221,-2,-65,32,-16,94,34,149,-41,7,19,86,-62,3,5,-26,-126,25,-7,-42,46,-13,-49,-54,-87,23,-34,-107,93,22,18,-66,66,-32,-4,-46,-111,-107,-65,-48,-93,-10,-92,79,-57,-31,-93,26,-21,-18,88,-89,-45,-141,-51,-25,-32,12,-11,46,37,77,-28,15,-216,-33,-73,-85,51,-67,-113,-13,-12,-76,-94,-65,9,-32,67,-16,136,49,77,-159,-4,-42,-47,-29,-240,39,-54,-26,28,-55,-26,-23,-39,15,-12,-60,-145,41,-59,-5,14,72,-32,-2,20,105,-87,14,8,75,48,17,19,41,113,33,4,23,-134,43,-30,36,-90,26,-26,-27,-113,39,-11,-68,-39,5,-16,-81,-31,5,-28,-139,-119,16,-5,-24,-83,4,-169,-123,-68,8,-34,76,-56,7,3,35,-35,-2,-35,-41,-34,54,-43,13,9,36,-62,-12,-90,24,-8,-41,-46,15,-1,-26,-49,3,17,-53,-58,44,-54,-19,1,-27,-40,-3,-45,-47,32,-51,-86,-104,27,-43,-112,-84,-10,-62,-41,1,3,37,-317,45,-31,-153,-124,17,46,91,2,110,-46,-22,-135,13,-145,-82,13,-156,-47,6,-9,-43,-70,0,-4,69,-118,15,-36,-115,61,-36,47,22,116,-16,-8,-29,120,-40,9,35,125,-3,-40,-215,-180,20,-29,-171,39,-6,-9,-38,47,-8,7,-102,51,-49,-15,-69,31,-34,-28,-16,-2,-56,103,-37,-10,-41,48,-40,71,16,-15,-39,53,-34,88,-26,53,12,-33,-179,38,-18,-12,-62,76,-10,-24,-148,-174,23,-9,-44,-168,10,-6,-30,-93,24,-9,49,-134,19,30,-100,39,-219,13,-222,-13,-222,-34,-187,69,-10,-10,-50,58,-11,43,-75,50,-27,-91,3,20,-77,113,16,-5,-44,20,16,53,-58,57,37,66,-2,18,-22,-216,-326,-105,-87,-133,-61,-79,-159,56,-119,173,-12,22,-61,-13,-83,-544,-325,65,-69,36,5,15,-103,-341,-116]]]
2158177	r	144.4134,-38.4993,146.1925,-36.7449	[[[1444134,-376616,691,-892,-157,-883,-178,20,-49,-270,27,-3,18,-44,59,12,146,-165,39,14,-5,-55,23,17,54,-25,-6,-63,50,-77,2,-61,-66,-16,-12,-113,57,-11,-33,-44,-43,-7,20,-37,-28,-41,46,-31,-22,-26,46,-24,-40,-12,27,-47,83,-71,9,-39,73,-31,-6,-102,59,-13,51,18,18,-44,97,-28,47,13,10,63,77,21,165,-6,61,-127,108,-19,16,26,16,-10,53,-145,190,-53,304,46,286,-8,155,116,156,-201,50,36,80,83,379,296,124,65,148,20,174,51,161,66,101,68,75,136,52,159,83,129,166,53,649,-61,45,295,233,19,283,-140,196,-174,14,-31,-2,-8,-38,-19,8,-32,45,-14,20,-105,-19,-60,115,-120,11,-46,-6,-15,-40,0,-6,25,2,-24,72,-71,22,-88,246,-362,59,-61,117,-68,307,-90,27,-15,71,91,143,-163,152,-297,76,-256,22,-197,-18,-248,-43,-156,-61,-96,-90,-45,-66,-70,-91,-8,-36,-68,-57,-28,-163,-271,-171,-124,-95,-16,-30,22,-7,-109,-62,-29,31,-116,-15,-122,-117,-144,-90,-63,-51,1,-13,-62,-170,-191,114,-94,-30,-74,-89,-89,-248,-136,-371,-146,-610,-169,-311,-32,-618,138,-44,45,12,36,-176,81,-2,42,-61,52,-6,62,-49,21,-152,48,-116,-1,-255,122,-149,-25,-108,27,187,-145,32,3,123,-93,374,-173,87,-82,54,5,17,-58,89,-42,9,-38,108,-69,30,6,173,-155,45,-5,1,-38,22,5,474,-370,308,-269,173,-200,-29,-138,43,-83,64,78,167,23,83,-55,-9,-23,138,22,50,-23,-11,29,72,-9,-8,38,61,28,185,18,93,-36,78,50,95,-6,176,63,62,-36,90,0,46,-39,18,25,-79,59,16,83,54,57,7,94,174,254,70,3,109,48,82,-6,26,92,146,122,182,31,45,58,136,47,459,-63,348,-99,237,-32,5,38,-20,-8,-45,81,-68,7,-37,41,9,54,-35,54,-200,72,-112,13,8,29,79,-13,11,64,44,-9,31,-62,133,-61,69,16,19,49,-45,8,-54,66,-2,89,55,94,-40,52,-83,16,-82,70,-4,46,-50,45,-13,41,44,-29,20,23,-29,64,35,-8,19,39,-76,151,70,0,1,35,60,-68,2,-39,168,-27,48,138,2,5,-5,21,-57,1,-8,29,47,147,143,109,113,126,-12,16,116,49,-84,67,20,93,-37,-8,3,15,29,26,43,-26,-1,34,25,-21,14,23,50,-26,43,21,66,-13,123,86,59,7,-60,50,67,-35,95,-11,12,-40,25,25,8,-39,-52,-36,-3,-36,20,-21,80,12,28,-79,51,-30,-35,-35,-10,-10,19,4,2,1,33,6,14,69,62,-10,87,65,17,33,-34,32,7,46,68,49,63,-11,122,-74,241,-3,-20,37,21,-20,21,12,0,-46,184,-39,58,21,80,97,115,7,13,-20,15,31,34,-43,107,-1,75,-92,290,-54,-5,-49,43,-54,-24,-69,73,-139,3,-96,66,-94,134,-74,42,-84,-15,-74,8,-1,203,-26,40,181,79,-23,284,-191,27,-81,88,-93,121,-24,68,469,64,-35,197,66,-5,-24,422,-47,12,74,94,-9,-13,-70,91,-10,10,54,322,-36,8,-1,2,8,-1,0,37,197,-36,3,35,196,-49,-21,-124,17,-63,-24,37,401,-71,8,7,41,-93,9,21,111,49,40,219,368,188,112,94,272,49,67,-236,84,80,89,-19,54,91,70,-23,87,36,93,-15,45,30,26,-25,42,29,36,-23,147,19,59,77,68,2,81,-38,115,4,103,-66,41,9,23,-63,56,-101,52,-86,131,59,32,-19,56,62,17,59,101,-59,107,54,31,6,49,36,23,-29,97,113,70,16,36,-3,60,33,39,-50,25,-1,24,83,11,254,32,129,72,-35,69,14,28,76,-37,7,33,60,34,-19,37,-43,-15,-64,36,59,160,-71,98,-99,-3,11,113,92,11,56,66,54,3,140,-50,93,79,8,57,57,9,117,-29,61,-55,40,-5,116,-117,139,-70,38,-1,19,44,85,46,89,-91,101,-21,8,59,42,10,-46,76,-42,-6,-23,98,95,56,-107,71,16,105,-45,74,62,32,147,-4,60,142,197,-92,86,22,112,-54,91,0,79,31,206,-58,27,-37,101,27,127,-13,229,46,59,57,82,3,74,97,148,-101,-6,-47,62,-66,76,-29,-2,-50,52,-52,40,-21,5,22,83,-5,41,98,28,6,5,60,149,69,58,204,-99,265,-93,83,-55,-1,12,37,-40,45,69,93,-3,45,-25,65,-74,45,17,125,-42,162,10,43,101,58,-11,56,38,45,68,42,60,-14,39,32,44,-9,7,60,-36,69,29,2,-54,83,28,58,111,-36,-27,58,24,-1,8,56,28,36,108,45,5,-59,44,-19,-25,24,29,42,-18,93,-62,108,19,64,-36,56,40,49,6,78,-14,15,-2963,25,-91,72,-168,-71,-166,42,-66,-41,-62,3,-81,37,-21,-51,-43,-14,22,-54,-58,-163,-73,-37,2,-44,-184,24,-23,-30,-187,-53,-37,-33,-107,-12,-103,29,-64,55,-81,-157,67,-119,-614,-302,-166,64,-52,156,-134,130,-81,16,-177,166,-25,-31,-99,-19,-1,79,-25,20,-122,-8,-97,-51,-47,-79,-1,-64,-106,-69,-150,186,-74,29,-27,91,-60,57,-35,2,-27,-70,-173,78,-55,0,63,-77,-120,0,0,34,-148,1,-8,54,-70,1,-8,-35,-35,4,-21,79,-249,33,4802,6229,429,616,-561,366,-830,473,-672,332,-12506,-5926,-273,-925,-684,-2316],[1453133,-380215,13,20,20,6,16,14,6,30,24,2,0,18,-24,5,8,34,23,5,5,33,75,-10,18,-14,-7,-17,27,-10,35,7,3,18,8,-1,56,-36,1,30,24,-3,6,9,28,-21,37,34,74,-4,4,20,57,-7,34,-14,-7,-31,31,-4,0,-7,21,-3,-1,-6,19,-4,86,-11,-17,-33,-41,-16,6,-21,-14,-7,-3,-22,-9,-9,4,-8,-14,-12,2,-12,-14,-16,-8,2,-23,-36,-7,4,-15,-9,-17,-41,-23,-19,11,-22,-23,-37,16,-11,0,-27,-21,-11,4,-11,-43,16,-12,-33,94,-76,38,-3,23,7,5,-11,10,-3,-10,-4,14,-22,-7,-8,8,-10,41,-15,-9,-18,19,-11,-40,-11,6,-15,-5,-19,-14,-9,9,-4,-6,-15,-2,-12,-7,-3,6,-10,-412,51,5,23,-7,12,-50,30,-22,3,-3,41,-25,57,-39,12,-6,40,-25,35,12,33,29,30,13,59,-7,11,12,9,-8,11,38,-7,-50,50,-1,14,-86,67],[1454308,-380331,35,12,11,27,-2,19,-34,26,12,2,3,38,51,-17,39,-38,18,-2,32,14,-19,18,37,23,21,-1,5,31,87,-5,50,-40,25,11,63,55,61,5,56,-6,-12,-47,55,-6,-14,-62,11,-6,29,-1,18,-14,31,-41,5,-28,41,-24,26,-7,-4,-16,93,-11,3,13,23,-3,18,82,71,-13,78,12,27,-23,2,-42,-72,10,-21,-95,38,-5,-32,-159,-55,-8,-18,-85,106,-13,-21,-97,74,-10,-18,-92,107,-14,-53,-257,-185,-44,3,18,-75,11,-1,12,-13,6,-66,3,-25,-11,-191,25,-5,-22,-38,5,-11,-51,-34,5,5,21,-17,2,1,8,-98,13,-2,-8,-106,8,-7,-18,-21,82,28,-2,20,13,3,40,-5,15,-45,36,-22,84,31,68,3,24,-200,4,61,290,30,18,7,51,-96,13,18,78,-1,37,-22,23,-11,33]]]
2174003	r	152.3827,-28.1065,153.5488,-26.7924	[[[1523827,-278072,106,-25,-13,-80,75,-24,12,-46,-58,-62,-1,-33,52,-104,24,-191,169,-18,16,89,46,-6,30,167,149,-43,78,428,111,-6,51,195,138,-20,7,34,126,-17,45,251,190,-27,394,-3455,2210,1221,1731,956,2,-32,-45,-42,26,-55,47,-3,-13,-61,61,-47,-1,-83,233,-30,25,121,277,-86,26,197,82,-1,81,-17,6,-146,39,4,38,-59,87,-12,-11,-117,225,-29,55,46,94,5,56,78,49,19,-14,56,65,1,58,67,-51,42,16,43,-51,34,17,80,42,1,-22,39,102,43,-95,39,11,44,-22,29,62,2,-21,48,93,64,87,-57,8,34,101,1,-16,77,53,28,38,-24,43,14,68,-54,51,-6,-7,52,-62,41,99,65,84,15,-3,34,102,130,41,59,-61,82,-81,103,4,2,-3,4,131,58,23,62,86,86,-66,45,69,26,1,51,46,37,-5,171,37,70,171,31,15,21,-34,77,101,38,22,-40,39,35,-171,56,-28,29,149,0,59,43,-16,48,44,27,-22,95,158,-35,36,11,-2,47,24,13,112,-20,67,-47,189,51,15,-81,70,-86,79,-19,118,55,71,93,123,-10,181,62,37,-93,1,-85,44,-39,51,40,102,-30,59,39,41,-3,10,-67,87,-72,91,-211,147,0,141,70,74,5,10,60,55,72,1,1,52,503,136,621,30,99,118,65,187,767,209,544,154,253,42,0,-16,21,20,0,-38,41,1,39,60,114,-476,-25,-139,25,-100,67,-82,93,-106,83,-15,4,-31,24,-37,-9,-78,17,-83,-57,0,-2,-2164,-552,-10,-184,-68,14,6,2,-10,-2,-17,4,-81,79,2,1,-48,58,-12,-3,-20,20,57,53,-75,-6,-60,164,-5,36,12,-11,80,40,20,-33,19,10,-135,234,-32,10,-2,14,36,-15,58,-59,43,-98,34,-6,19,38,-62,225,49,48,-52,-16,20,70,-60,69,139,199,-134,74,-149,-214,-48,9,-11,23,-169,115,-420,117,-130,55,-68,47,-23,66,-102,63,-60,101,-36,235,48,91,171,130,80,41,41,-17,26,-42,42,19,19,47,18,122,19,23,2,19,40,72,-25,97,42,112,-31,31,10,123,-25,33,-2,23,-27,-1,-72,-1,-9,-17,62,7,-43,-25,-22,11,9,-19,-51,-30,-83,-37,-112,-8,-11,1,-290,89,-64,-13,-51,22,1,201,95,211,74,120,60,66,-82,8,106,191,88,72,304,149,15,31,142,36,144,-9,338,-140,86,-4,188,29,124,140,1,92,-40,110,-225,355,-127,253,-205,651,-600,-146,-3,-28,-74,-57,-15,-154,-115,-79,-62,37,-49,-6,-25,55,-99,56,-243,31,6,-99,-22,-28,-53,1,-86,-58,-146,17,-33,-16,-47,28,-48,-28,-15,23,40,21,-31,59,-84,-44,-41,58,-105,68,-305,56,-42,59,-136,8,-125,-69,-57,48,-115,-23,-159,21,26,202,72,2,47,55,28,168,-159,22,17,85,-59,9,2,145,113,-15,27,160,-120,17,8,51,-66,9,23,93,-54,8,-6,-31,-94,32,-65,-14,-31,62,-45,8,-46,56,-71,156,-48,4,-31,36,-128,-29,-54,48,27,127,-50,-29,-73,29,24,125,-30,16,-154,31,-19,-107,-61,57,-45,-190,-94,84,-56,7,16,-40,-61,-53,-69,98,-128,-43,-130,20,24,61,-196,31,-13,-71,34,-29,-23,-65,-72,-34,13,-21,60,-3,-27,-38,21,-43,-111,-58,-6,-42,43,-46,-27,-70,32,-58,36,4,25,-61,-14,-34,101,-90,-24,-37,37,-15,22,-105,-13,-54,-211,6,-8,-100,-59,-36,266,-38,-96,-49,-14,-47,-34,7,-35,-59,15,-97,-34,-19,0,-35,-34,4,-23,-61,-83,5,-23,-65,62,14,2,-25,100,-27,-14,-46,-37,-20,22,-34,66,38,138,-4,-49,-63,-4,-64,32,-22,34,18,-3,-57,31,0,-13,-30,-32,5,-14,-58,136,-164,-15,-32,80,-124,-11,-61,-49,-26,7,-88,-91,-60,1,-68,36,-25,21,20,3,-34,-175,20,65,-103,29,-151,-100,-51,-6,-25,46,-53,87,25,182,-35,88,-35,-2772,273,581,-5101,-7,-4,9,-15,16,-141,-132,-71,9,-17,-145,-199,-28,-109,-62,-52,16,-51,-26,-58,-34,5,-14,-90,-66,94,-32,-26,-65,24,-21,37,-89,-19,21,-47,-119,43,-24,-57,-51,5,-7,-40,100,-23,-52,-100,-53,-34,-9,-43,-157,-55,-39,-39,-10,-70,229,-31,-12,-73,-32,4,-23,-125,33,-5,-50,-283,-22,-28,-56,8,-19,-99,-35,42,-27,-130,62,-121,83,-77,-11,-57,62,-8,-17,-94,-213,24,-25,-6,-6,-35],[1528462,-268918,7,43,64,13,-20,-31,18,-33,-69,8]],[[1532234,-273902,16,-40,108,-71,53,34,19,84,-24,110,-57,65,-71,-93,0,-69,-44,-20]],[[1532252,-274186,78,-142,69,-52,18,177,-27,24,-138,-7]],[[1532358,-273347,1,-66,12,-38,78,-45,98,-6,55,51,47,117,-172,101,-119,-114]],[[1533619,-271360,81,-280,-62,6,28,-307,-16,-47,25,-55,20,-212,70,-223,109,-98,48,-55,54,-95,79,-220,-5,-53,41,-77,30,-151,-6,-168,84,-136,-7,-23,36,-24,2,-4,2,1,33,-22,-35,-8,-45,39,51,-51,60,5,11,113,81,133,-18,90,45,-37,-90,130,-14,36,-9,66,-90,256,-4,13,-25,153,-1,437,76,424,35,106,-36,3,24,163,167,630,178,478,52,78,2,69,-84,6,-53,55,-21,-34,-128,-71,-365,-47,-214,-86,-60,-35,-124,-147,51,-162,21,-228,-84,-334]]]
2063523	n	115.4401,-32.309,116.3893,-31.4978	[[[1154401,-320218,193,-12,313,39,241,-63,169,71,205,121,-96,62,-180,62,-325,-18,-97,-153,-241,12,-182,-121]],[[1156089,-315520,714,-966,206,-426,206,-814,222,-1552,-159,-1273,15,-195,92,-169,42,-108,-18,-122,-58,-150,37,-99,122,-140,46,-101,12,-221,-115,-372,-15,-90,4370,-772,150,94,385,298,349,329,309,357,267,380,223,401,175,418,126,431,76,439,25,443,-25,443,-76,439,-126,431,-175,418,-223,401,-267,380,-309,357,-349,329,-385,298,-417,264,-446,228,-469,190,-489,149,-504,108,-514,65,-519,22,-519,-22,-514,-65,-504,-108,-489,-149,-469,-190,-16,-8]],[[1156472,-321627,22,-216,76,-251,9,-73,209,-37,-3,39,-148,434,-37,233,-128,-129]]]
2078025	r	137.7948,-35.5946,138.9839,-34.2712	[[[1377948,-349300,0,-9,57,128,128,439,15,141,44,88,187,206,44,118,37,70,180,252,61,126,32,139,58,696,74,240,108,223,131,203,-137,172,-189,-292,-217,-397,-186,-407,-153,-416,-120,-423,-85,-429,-52,-433,-17,-435]],[[1382076,-355101,363,-160,480,-180,493,-153,504,-126,513,-99,520,-71,524,-42,527,-14,235,6,64,142,91,127,217,86,852,197,454,37,172,-29,-128,519,-19,21,11,9,-817,3290,2,3,-3,0,-44,178,13,-1,268,11,266,32,261,54,253,75,243,95,230,114,216,132,199,149,181,165,160,178,138,190,115,201,91,209,65,215,39,219,14,222,-14,222,-39,219,-65,215,-91,209,-115,201,-138,190,-160,178,-181,165,-199,149,-216,132,-230,114,-42,16,51,86,34,152,45,41,-68,15,-3,64,-40,-4,-81,54,-20,-30,-43,32,-120,-4,-62,47,-60,-17,-31,33,-47,-1,23,58,-60,-7,28,42,-26,26,69,-6,-32,33,71,14,-38,18,41,12,-26,14,26,17,-58,46,-16,-15,-33,24,-9,-35,-32,38,-33,-21,-20,13,-44,85,43,5,5,27,-66,-3,17,46,-79,9,-35,40,136,6,90,61,-22,36,-64,7,2,63,-122,62,-157,36,-18,149,-140,-118,-62,-188,32,-50,-28,3,-41,-48,-62,27,-8,-56,-22,24,-41,-24,20,-19,-65,28,-14,-38,-14,31,-38,-28,-78,2,-9,18,-49,-22,-53,45,-82,-25,-24,30,-8,-70,-54,0,-22,-38,-74,19,-29,-39,22,-15,-81,-40,-63,-8,-31,27,-31,-16,-60,54,-18,-48,-25,17,7,-23,-44,-28,-83,-16,-93,29,-33,-31,-37,3,-22,-36,-57,1,-913,3676,-509,-69,-513,-99,-504,-126,-493,-153,-480,-180,-120,-53,280,-992,192,-452,151,-210,354,-160,117,-173,154,-382,121,-144,292,-173,356,-287,46,-80,20,-109,-5,-103,2,-42,-12,2,-106,-111,319,-301,187,-143,64,-20,47,-58,72,-25,58,-52,-11,-22,105,-22,115,-70,128,-223,113,-106,-33,7,42,-46,-30,-25,31,-39,-8,-61,-130,205,-181,118,-19,-3,-1,6,-67,64,-62,5,-57,-27,-97,-66,-61,-87,-37,-38,72,-89,-25,-32,24,-11,30,-186,-139,-353,217,-851,27,-70,121,-526,43,-415,-94,-149,-45,-132,-233,-268,-100,-186,-81,-562,7,-189,31,-98,52,-93,29,-65,1,-6,-37,-67,21,-170,-16,-42,-55,-53,46,-4,-53,4,0,-7,-11,-11,-81,-57,-63,-83,-16,-72,-23,0,-25,-37,24,-75,-5,-25,0,-5,-20,-18,25,-34,29,-346,-63,-207,-108,-99,-185,-113,-201,-91,-156,-39,-167,-76,-166,-183,-247,-361,-279,-310,-297,-208,-500,-194]]]
2165087	r	152.7778,-28.5797,153.5911,-27.5931	[[[1527779,-280000,14,-379,41,-378,70,-374,97,-369,124,-363,150,-355,176,-346,201,-335,226,-322,248,-308,271,-293,292,-277,311,-259,330,-241,347,-221,362,-200,377,-179,388,-157,400,-133,408,-111,416,-86,421,-61,424,-38,427,-12,427,12,424,38,421,61,150,31,-97,609,10,437,273,1424,3,500,-99,217,-106,530,-81,188,-305,-29,-20,22,46,-19,69,86,104,45,-18,20,-72,-47,-70,9,11,17,-47,-25,-91,7,-46,35,-121,136,-13,16,-229,372,-196,180,-132,193,-44,923,-61,319,-88,-82,1,172,26,19,-39,16,47,12,-43,-8,-9,78,36,-70,-19,568,19,182,135,498,2,191,-68,0,-7,-11,44,246,66,204,-37,86,11,37,-74,-5,-141,-70,-147,0,-91,211,-87,72,-10,67,-41,3,-59,-39,-102,30,-51,-40,-44,39,-1,85,-37,93,-181,-62,-123,10,-71,-93,-118,-55,-79,19,-70,86,-15,81,-189,-51,-67,47,-112,20,-24,-13,2,-47,-36,-11,-158,35,22,-95,-44,-27,16,-48,-59,-43,-149,0,28,-29,171,-56,-39,-35,-22,40,-101,-38,34,-77,-15,-21,-171,-31,-37,-70,5,-171,-46,-37,-1,-51,-69,-26,66,-45,-86,-86,-23,-62,-131,-58,3,-4,-4,-2,81,-103,61,-82,-41,-59,-102,-130,3,-34,-84,-15,-99,-65,62,-41,7,-52,-51,6,-68,54,-43,-14,-38,24,-53,-28,16,-77,-101,-1,-8,-34,-87,57,-93,-64,21,-48,-62,-2,22,-29,-11,-44,95,-39,-102,-43,22,-39,-42,-1,-17,-80,51,-34,-16,-43,51,-42,-58,-67,-65,-1,14,-56,-49,-19,-56,-78,-94,-5,-55,-46,-225,29,11,117,-87,12,-38,59,-39,-4,-6,146,-81,17,-82,1,-26,-197,-277,86,-25,-121,-233,30,1,83,-61,47,13,61,-47,3,-26,55,45,42,-2,32,-1731,-956,-5,-156]],[[1534532,-277220,27,12,310,1277,-118,-65,-30,-99,-136,-621,-52,-503,-1,-1]]]
2155472	r	151.3803,-33.2041,152.1978,-32.56	[[[1513803,-330632,2349,-1409,108,125,36,174,53,156,118,139,62,343,128,231,13,140,36,122,109,111,223,215,167,91,139,46,16,208,16,220,113,150,236,114,154,137,17,14,2,-1,17,4,2,14,119,94,-6,33,9,4,-11,6,-36,214,348,287,222,91,195,138,595,263,497,171,745,134,500,-88,132,40,50,35,36,57,89,107,101,42,246,-32,103,24,44,82,14,220,39,45,30,22,-76,46,-122,47,-107,22,-750,0,-55,25,-259,180,485,136,73,42,186,134,14,29,86,-28,254,-177,46,-9,25,4,-69,82,-205,211,-220,199,-236,186,-249,173,-262,159,-274,143,-209,95,-3038,-2445,-438,59,-109,92,-16,-74,-59,9,-2,-7,-44,28,-3,-3,-36,18,-23,23,-40,-205,-10,2,-140,-683,-2293,-1846],[1516831,-328169,33,22,44,14,-73,-58,-4,22]]]
10630449	n	152.8287,-27.0374,153.2008,-26.4339	[[[1528287,-266600,12,-222,36,-219,60,-215,83,-209,106,-201,81,-122,-183,-38,-2,-14,-5,-160,5,-160,18,-160,29,-158,40,-156,9,-26,7,-1,-2,-13,14,-40,100,-15,-27,-160,-6,0,20,-48,74,-146,84,-142,94,-136,104,-130,46,-50,89,-6,42,-59,305,-56,105,-68,41,-58,84,44,31,-59,-40,-21,15,-23,48,28,47,-28,33,16,146,-17,86,58,53,-1,22,28,-6,99,243,-31,99,-56,25,-55,49,6,62,-37,115,79,15,154,74,57,3,28,600,146,205,-651,127,-253,62,-97,41,8,103,28,-483,1088,-63,332,-21,395,0,-81,-3,159,27,206,56,180,90,76,-60,47,-50,118,-60,312,1,178,17,124,50,357,-310,98,-29,37,-30,84,-40,159,35,1894,53,206,-142,19,-246,11,-246,-11,-244,-32,-239,-54,-233,-75,-223,-95,-211,-114,-198,-132,-183,-149,-166,-165,-146,-178,-127,-190,-106,-201,-83,-209,-60,-215,-36,-219,-12,-222]]]
2172517	n	148.5706,-35.8298,149.5609,-35.0539	[[[1485706,-354200,10,-268,32,-267,54,-264,74,-262,95,-256,115,-251,135,-244,154,-237,172,-227,191,-218,207,-208,224,-195,238,-184,253,-170,265,-156,278,-142,288,-126,298,-111,306,-94,312,-78,319,-61,322,-44,325,-26,327,-9,327,9,325,26,322,44,319,61,312,78,306,94,298,111,288,126,278,142,265,156,253,170,238,184,224,195,207,208,191,218,172,227,154,237,135,244,115,251,95,256,74,262,11,53,-2204,692,22,20,160,178,139,190,116,201,91,209,65,215,40,219,13,222,-13,222,-40,219,-65,215,-91,209,-116,201,-139,190,-160,178,-182,165,-200,149,-217,132,-231,114,-244,95,-254,75,-262,54,-267,32,-270,11,-270,-11,-267,-32,-262,-54,-254,-75,-244,-95,-231,-114,-217,-132,-200,-149,-182,-165,-160,-178,-139,-190,-116,-201,-91,-209,-65,-215,-40,-219,-9,-155,-2116,664,-62,-82,-154,-237,-135,-244,-115,-251,-95,-256,-74,-262,-54,-264,-32,-267,-10,-268]]]
8310663	n	151.1009,-33.6186,151.5751,-33.2039	[[[1511009,-334300,13,-222,39,-219,12,-40,101,134,61,9,169,-99,52,14,74,108,64,2,37,-60,-79,-94,-55,-129,91,-93,-27,-91,59,-151,78,31,24,120,24,33,45,8,67,-108,54,-191,53,-39,67,-13,281,46,146,133,96,-257,109,-144,165,-9,259,145,118,-38,225,31,106,65,90,97,174,-47,64,29,205,-7,73,17,99,51,47,61,11,66,25,56,-46,151,137,31,59,48,-47,82,-37,147,118,105,11,81,-67,90,119,162,286,258,42,195,138,145,12,163,-97,41,-69,-97,-139,-137,-145,34,-88,41,-72,99,-13,114,137,31,133,29,-170,167,11,73,372,306,251,125,248,-164,-86,-254,-168,-138,-2,-104,154,80,383,269,61,84,-148,137,-196,149,-212,132,-226,114,-239,95,-249,75,-256,54,-261,32,-264,11,-264,-11,-261,-32,-256,-54,-249,-75,-239,-95,-226,-114,-212,-132,-196,-149,-177,-165,-157,-178,-136,-190,-113,-201,-89,-209,-64,-215,-39,-219,-13,-222]],[[1512867,-335722,152,-11,18,-7,-44,34,-126,-16]],[[1513319,-336112,14,-47,63,-16,7,-11,5,11,-64,106,-25,-43]]]
7281838	p	2174003
2165798	n	144.0744,-38.3696,144.6456,-37.9239	[[[1440744,-381500,14,-222,41,-219,68,-215,95,-209,119,-201,145,-190,166,-178,189,-165,207,-149,225,-132,241,-114,253,-95,264,-75,161,-32,165,129,922,555,205,78,224,31,113,-19,229,-88,103,-24,128,7,87,33,80,44,113,47,522,-15,151,162,145,190,119,201,95,209,68,215,41,219,14,222,-13,203,-623,-336,-239,-97,-345,-50,-898,186,-520,16,-192,112,105,282,219,118,591,2,283,91,66,-59,91,-55,97,-34,93,5,110,67,-3,67,-40,67,-5,73,80,127,120,132,151,107,471,126,-81,106,-166,178,-189,165,-207,149,-66,37,-28,2,-77,-21,-10,-63,-47,-13,-97,28,-18,44,-51,-18,-59,13,6,102,-73,31,-9,39,-83,71,-27,47,17,6,-97,36,-264,75,-272,54,-277,32,-280,11,-280,-11,-277,-32,-272,-54,-264,-75,-253,-95,-241,-114,-225,-132,-207,-149,-189,-165,-166,-178,-145,-190,-119,-201,-95,-209,-68,-215,-41,-219,-14,-222]]]
2171507	r	150.5884,-34.6693,151.0311,-34.17	[[[1505884,-344200,7,-164,19,-163,32,-162,45,-159,57,-157,70,-153,81,-150,93,-144,104,-139,115,-134,126,-126,135,-120,144,-112,152,-104,161,-96,167,-86,174,-77,180,-68,185,-58,188,-47,193,-38,194,-26,122,-10,77,426,131,197,334,36,-198,22,-149,90,-273,223,-129,82,-218,-4,-81,9,-64,40,-48,89,341,345,62,31,69,2,127,-28,61,-93,-120,-188,183,-41,139,153,106,281,211,157,-158,355,28,244,19,29,25,6,7,17,-15,12,-19,2,-7,9,-2,-4,14,118,202,441,-34,331,157,282,284,395,407,428,183,191,31,20,-77,34,-180,68,-185,58,-188,47,-193,38,-194,26,-197,16,-34,1,-19,-148,-55,-28,119,-102,-65,-115,46,-19,-6,-40,-186,28,39,-88,-23,-79,66,-33,-116,-104,-72,-169,-161,83,-120,25,-176,101,-95,-113,-82,-10,-49,31,-85,150,-170,51,-89,-40,-26,31,-110,-30,-65,54,-8,-37,-117,-19,-23,50,-139,50,50,50,-74,67,-27,-14,-161,-96,-152,-104,-144,-112,-135,-120,-126,-126,-115,-134,-104,-139,-93,-144,-81,-150,-70,-153,-57,-157,-45,-159,-32,-162,-19,-163,-7,-164]]]
2163355	r	146.6071,-43.4133,148.0271,-42.3467	[[[1466071,-428800,16,-349,46,-347,77,-344,107,-340,138,-334,166,-327,196,-318,223,-308,249,-296,276,-284,300,-269,323,-255,346,-239,365,-221,385,-203,350,-161,125,136,209,93,226,44,189,-7,65,-38,31,-53,51,-41,121,-5,74,34,113,76,106,90,54,72,-38,166,-147,156,-190,135,-711,396,-112,42,-135,109,-38,246,29,267,73,166,132,114,171,97,146,-24,63,-256,0,-413,44,-59,235,-144,86,-20,185,98,187,169,88,202,62,-241,62,-103,-10,-79,-148,-163,-111,-186,109,-68,415,8,142,-31,2,-75,-48,-89,4,-72,93,-55,211,-64,77,-52,161,-50,215,63,191,122,83,139,5,393,-15,178,-98,369,-19,157,28,154,99,148,191,137,94,46,91,-13,51,49,2,77,-4,2,12,15,-91,171,-247,184,13,28,46,-4,-8,51,43,29,-2,74,35,30,-23,30,34,26,-70,-16,85,25,-82,25,12,35,135,-100,8,-26,32,-9,82,-168,124,-150,83,-13,73,32,39,-10,111,71,-13,60,-54,37,-35,194,-31,35,-17,199,1,2,10,99,-60,58,55,-53,7,92,79,50,62,195,109,32,63,264,-10,109,-17,4,-3,31,-225,284,-1,2,50,0,-2,34,-61,50,16,92,-58,9,-53,40,-39,82,1,2,56,-3,3,70,-89,-14,-25,28,-18,-35,36,69,54,19,-15,54,-138,65,-51,-20,0,-2,-48,43,83,5,-92,49,-49,-2,-66,60,-55,34,-124,93,-24,30,4,3,-10,3,-24,30,-39,10,134,-34,110,58,-73,14,-65,-22,-46,34,82,48,8,3,29,-1,63,36,7,3,10,0,-3,5,83,-116,-29,-55,-79,-19,13,-57,110,-68,140,-29,39,-53,17,24,59,-12,-23,-84,92,-47,34,-58,35,11,3,-5,-27,-21,27,-42,38,13,23,-30,-21,-23,61,-56,28,-11,51,-69,-13,-19,-3,-46,50,-3,-43,-50,15,-53,133,56,26,-31,-48,-20,-7,-33,38,-40,45,33,84,1,60,-30,61,13,129,-37,-12,-40,63,-52,29,-57,33,-128,1,-2,-3,-11,-66,-53,25,-54,-37,-127,11,-23,49,12,53,-32,143,168,48,10,201,98,190,48,-112,-370,4,-177,138,-74,34,-74,-40,-164,-107,-165,-157,-74,-104,88,-124,163,-138,90,-146,-136,14,-122,98,-149,128,-134,101,-74,182,78,570,133,179,101,105,106,193,271,-398,586,-146,326,66,102,-78,91,0,8,232,172,183,67,259,46,212,-17,214,-78,-185,171,-164,47,-62,0,132,39,101,-3,112,-48,76,-89,25,-99,9,-92,34,-68,69,-28,195,-14,76,-21,83,-73,56,-78,73,-73,130,-55,309,62,101,7,94,-29,171,-84,81,-23,618,80,134,-80,-14,-146,-73,-153,22,-126,269,-60,0,-62,-109,-56,-63,-17,-100,4,116,-251,140,-188,201,-105,300,-7,-221,-157,-116,-65,-148,-52,-20,5,-177,-6,-7,1,-65,-14,-105,-44,-69,-10,-306,43,-228,111,-462,324,104,171,36,112,-3,299,-47,64,-106,31,-226,12,-144,-30,-12,-77,40,-88,16,-79,0,-48,23,-35,11,-48,-34,-79,-36,-18,-130,-30,-324,-118,-93,-70,-37,-149,66,-196,110,-186,96,-115,168,-90,833,-239,-140,-126,-254,-118,-129,-41,46,-286,718,-541,205,-272,172,129,118,169,161,124,299,-12,-101,149,-36,159,30,161,107,145,153,102,52,-65,17,-151,52,-159,97,-113,134,-95,131,135,249,296,222,306,-8,92,-42,88,-236,253,156,125,-13,498,101,228,136,68,131,34,91,76,18,194,-35,51,-69,39,-68,31,-33,22,11,88,51,75,55,61,19,49,-49,83,-128,74,-28,85,-8,83,-27,52,-53,29,-81,9,-110,-29,-98,-40,-72,20,-28,146,-158,194,-276,-119,-115,-215,337,-93,0,-74,-162,-48,-213,4,-194,44,-112,74,-26,149,60,143,169,255,78,-35,46,-12,37,28,51,87,-78,146,2,230,82,212,161,95,150,44,196,113,131,155,-35,172,57,111,21,127,-4,274,-19,26,-42,36,-46,48,-29,61,-10,65,10,176,-65,195,-482,458,28,5,-180,162,-323,255,-346,239,-365,221,-385,203,-402,185,-417,164,-431,144,-442,123,-453,101,-461,80,-466,56,-471,35,-473,11,-473,-11,-471,-35,-466,-56,-461,-80,-453,-101,-442,-123,-431,-144,-417,-164,-402,-185,-385,-203,-365,-221,-346,-239,-323,-255,-300,-269,-276,-284,-249,-296,-223,-308,-196,-318,-166,-327,-138,-334,-107,-340,-77,-344,-46,-347,-16,-349]],[[1469648,-433402,38,-17,417,-164,294,-99,156,120,-1,73,-169,86,-170,31,-565,-30]],[[1471681,-433683,79,-110,44,-179,2,-44,84,-15,466,-56,471,-35,473,-11,283,7,22,40,40,119,10,88,-15,86,-35,110,-229,238,-10,42,-238,721,-83,64,-185,-138,-316,-339,-195,-135,-64,-92,54,-118,76,-122,-22,-86,-57,-67,-80,-140,-99,80,-157,205,-99,43,-91,-16,-75,-57,-54,-83]],[[1472918,-431530,39,-126,224,-116,508,-57,190,-133,-139,-145,-167,-72,-100,-101,64,-223,72,-76,83,32,100,69,127,37,93,-9,248,-53,115,114,-63,249,-113,256,-41,125,-69,109,-43,96,-20,107,-5,136,-54,140,-239,158,-128,264,-154,-73,-143,-188,-40,-195,87,-64,140,-70,52,-55,-495,-63,-129,-73]],[[1480116,-427512,67,0,88,120,-67,164,-88,-79,0,-205]]]
2146142	r	145.8232,-20.2079,147.6383,-18.4537	[[[1458232,-192700,21,-613,63,-611,105,-606,147,-597,187,-588,228,-574,266,-559,305,-541,341,-522,376,-498,410,-475,441,-448,471,-419,500,-390,524,-357,549,-324,569,-289,589,-254,604,-216,618,-178,629,-139,637,-100,643,-61,645,-20,645,20,643,61,637,100,629,139,618,178,604,216,589,254,569,289,549,324,524,357,500,390,471,419,441,448,410,475,376,498,77,118,-244,258,-217,314,-118,100,-150,69,338,23,0,162,-99,242,41,263,-140,223,-108,254,-70,264,-24,246,-86,166,-590,691,-467,1102,-222,270,-202,107,-36,-89,75,-150,229,-147,125,-163,88,-199,-6,-179,-285,-162,-1354,20,-233,-120,-83,-17,-98,20,-221,95,-553,130,-205,14,-127,-122,-95,115,-383,468,-50,98,-226,266,-66,151,0,105,73,316,47,77,11,48,-21,43,-90,81,-20,49,-41,181,-191,187,-47,149,-63,0,45,-203,8,-202,-38,-188,-89,-159,-322,-313,-210,-129,-151,27,-370,-105,-301,163,-246,236,-210,121,-102,45,-147,107,-262,252,-175,297,-145,97,-533,-202,-382,105,-682,397,-85,19,-91,1,-73,15,-60,112,-210,224,-161,102,-393,119,-170,86,-158,153,-207,324,-149,171,-776,511,-122,272,-24,39,-30,52,-139,104,-33,52,-39,103,-180,226,-53,114,-5,112,23,90,30,73,20,67,139,1181,285,635,106,345,63,398,20,458,-354,98,-152,14,-141,-78,-65,49,-172,75,-157,30,-260,-177,-500,-390,-471,-419,-441,-448,-410,-475,-376,-498,-341,-522,-305,-541,-266,-559,-228,-574,-187,-588,-147,-597,-105,-606,-63,-611,-21,-613]],[[1462741,-184829,13,-3,163,-97,191,142,95,139,43,111,-80,-41,-425,-251]],[[1465702,-187608,127,-39,199,28,142,-4,80,-11,125,-48,170,-20,86,20,109,39,103,123,-9,84,-323,-22,-170,93,-118,206,-111,127,-99,48,-90,87,-110,75,-46,-59,53,-153,8,-143,-122,-275,-4,-156]],[[1467803,-191320,52,-87,82,-99,50,-132,214,-113,364,238,105,-125,43,102,24,106,8,236,-17,120,-41,51,-48,-29,-37,-108,-161,57,-64,33,-48,47,-105,-142,-115,-19,-125,10,-134,-54,-47,-92]]]
2172797	r	145.5091,-17.1713,145.9573,-16.7109	[[[1455091,-169200,5,-164,17,-164,28,-162,38,-161,50,-157,60,-154,71,-150,80,-145,90,-139,100,-134,108,-127,117,-120,124,-113,132,-104,139,-96,145,-87,151,-77,155,-68,160,-58,164,-48,166,-37,168,-27,170,-16,171,-5,171,5,170,16,168,27,166,37,164,48,160,58,155,68,151,77,145,87,137,95,-169,305,-77,82,-161,60,-62,151,5,200,47,204,46,123,182,354,79,75,66,40,71,98,103,204,0,50,-78,39,9,53,25,33,100,99,17,-1,35,59,48,120,-22,116,-169,52,-134,-7,-75,-26,-57,-52,-75,-89,-237,-206,-127,13,-108,118,-178,113,-82,-107,-279,-259,-82,-50,-72,-67,-17,-152,27,-171,98,-211,-54,-62,-95,-22,-92,32,-35,70,17,166,-17,75,-113,138,-119,110,-71,104,32,127,92,59,114,15,94,36,40,131,-34,81,-157,182,-152,107,-209,481,-89,66,-189,92,-94,83,-53,104,-40,224,-48,85,-97,68,-238,95,-115,64,-12,11,-139,-96,-132,-104,-124,-113,-117,-120,-108,-127,-100,-134,-90,-139,-80,-145,-71,-150,-60,-154,-50,-157,-38,-161,-28,-162,-17,-164,-5,-164]],[[1457655,-169189,20,-15,24,-33,-4,-5,29,-34,7,6,47,-35,18,-4,-5,-39,3,10,22,-3,23,142,44,179,-228,-169]]]
2146268	r	151.684,-27.7974,152.216,-27.3226	[[[1516840,-275600,6,-155,17,-155,28,-153,40,-151,50,-149,62,-145,71,-142,83,-137,91,-132,102,-126,110,-120,119,-114,127,-106,135,-98,141,-91,148,-82,154,-73,158,-64,163,-55,167,-45,169,-35,172,-26,173,-15,174,-5,174,5,173,15,172,26,169,35,167,45,163,55,158,64,154,73,148,82,141,91,135,98,127,106,119,114,110,120,102,126,91,132,83,137,71,142,62,145,50,149,40,151,28,153,17,155,6,155,-6,155,-17,155,-28,153,-40,151,-50,149,-62,145,-71,142,-83,137,-91,132,-102,126,-110,120,-119,114,-127,106,-135,98,-141,91,-148,82,-154,73,-158,64,-163,55,-167,45,-169,35,-172,26,-173,15,-174,5,-174,-5,-173,-15,-172,-26,-169,-35,-167,-45,-163,-55,-158,-64,-154,-73,-148,-82,-141,-91,-135,-98,-127,-106,-119,-114,-110,-120,-102,-126,-91,-132,-83,-137,-71,-142,-62,-145,-50,-149,-40,-151,-28,-153,-17,-155,-6,-155]]]
2073124	r	130.4903,-12.8504,131.2371,-12.1463	[[[1304903,-126446,58,-106,137,-217,151,-208,165,-197,178,-187,189,-174,201,-162,212,-149,220,-135,229,-121,237,-105,243,-90,249,-74,253,-58,257,-42,258,-25,260,-8,260,8,258,25,257,42,253,58,249,74,243,90,237,105,229,121,220,135,212,149,201,162,189,174,178,187,165,197,151,208,137,217,123,225,107,233,92,239,75,245,59,248,43,252,25,255,8,255,-8,255,-25,255,-43,252,-59,248,-75,245,-92,239,-107,233,-123,225,-137,217,-151,208,-165,197,-178,187,-189,174,-115,93,-52,-70,-73,-32,-64,29,-186,139,-91,43,-177,-8,-152,-89,-107,-153,-41,-200,54,-149,233,-279,53,-190,-37,-510,37,-142,161,-222,56,-133,-5,-197,-261,130,-883,139,-1,199,-47,-7,-103,-29,-83,-1,-71,19,-139,62,-54,5,-12,-8,-8,-16,21,-44,-20,-47,-49,-48,-58,-28,-16,-16,-58,-69,-35,-65,-19,-8,-43,1,-34,20,-9,-6,-16,-30,-52,-26,-16,-1,-14,4,2,23,-7,9,-15,-3,-16,-23,-16,-8,-14,3,-35,25,-20,4,-33,-14,-25,-23,-7,-18,1,-23,18,-45,95,-16,54,-14,22,-14,-30,-37,-44,-28,-35,-44,-12,-25,-6,-33,-13,-17,-71,-60,-84,-54,-17,-20,12,-28,29,-25,-3,-30,24,-34,92,-41,11,-13,-23,-73,-47,-87,17,-55,-25,-11,-8,-30,-22,-26,-28,-14,-5,-13,22,-9,6,-14,-5,-23,37,-34,27,-2,11,7,27,-6,125,-69,21,-10,-1,29,20,-18,3,13,16,16,35,9,8,17,12,0,7,-15,-6,46,37,67,0,1,9,4,110,85,158,-67,105,-123,45,-78,21,-77,39,-34,198,-8,73,-28,216,-207,99,-132,62,-174,-177,65,-310,168,-200,46,-190,5,-71,-46,24,-111,100,-195,203,-207,273,-158,240,-181,108,-279,-381,234,-213,55,-155,-153,30,-53,16,-54,16,-160,-224,227,-345,578,-320,219,-107,-88,-31,-120,-13,-133,-58,-136,-57,202,-5,617,-106,340,4,149,102,193,-178,103,-268,91,-267,47,-170,-29,-213,215,-332,91,-353,-28,-274,-148,0,-62,162,-46,42,-22,164,-137,52,-94,-208,-75,-71,-80,-22,-101,142,-251,-3,-170,-248,-639,-10,-132,54,-39,239,10,53,-40,20,-90,25,-63,-14,-61,-105,-93,-92,-34,-85,13,-81,23,-83,-2,-124,-55,13,-36,70,-34,41,-49,32,-30,130,-171,14,-40,30,-21,48,-92,19,-24,55,-5,59,22,38,29,-10,22,826,-236,-27,-93,-72,-55,-102,-26,-112,-5,-68,11,-105,50,-59,13,-61,-21,-49,-45,-34,-44,-7,-21,-114,31,-81,56,-85,25,-116,-55,0,151,-76,54,-108,22,-96,52,-415,776,-101,73,-105,-87,-13,-140,65,-138,146,-212,-180,56,-78,39]]]
10300648	p	2158177
2177091	r	143.1941,-38.0872,144.4818,-37.0506	[[[1431941,-375700,14,-342,42,-341,70,-338,98,-334,124,-327,152,-321,177,-312,202,-302,227,-291,250,-278,272,-265,293,-250,314,-234,331,-217,349,-200,365,-181,378,-161,391,-141,402,-121,410,-99,418,-78,298,-39,6616,4256,684,2316,-107,282,-152,321,-177,312,-202,302,-69,89,-6405,2488,-62,-5,-424,-56,-418,-78,-410,-99,-402,-121,-391,-141,-378,-161,-365,-181,-349,-200,-331,-217,-314,-234,-293,-250,-272,-265,-250,-278,-227,-291,-202,-302,-177,-312,-152,-321,-124,-327,-98,-334,-70,-338,-42,-341,-14,-342]]]
2067119	r	115.6009,-32.9563,116.3159,-32.2167	[[[1156009,-326617,30,-333,89,-334,119,-834,326,-1165,3827,-280,110,58,317,192,302,210,284,227,267,241,247,256,227,269,206,281,184,292,161,301,137,310,114,317,88,322,64,327,38,329,13,331,-13,331,-38,329,-64,327,-88,322,-114,317,-137,310,-68,127,-5199,919,-18,-106,-61,-220,-162,-88,-460,-2,131,-168,276,-128,134,-120,81,-182,-40,-127,-240,-237,258,-184,119,-307,-1,-370,-104,-367,-54,-95,-126,-173,-5,-12,17,4,-62,-13,5,7,-22,1,-27,-9,-38,12,-1,10,-17,10,-7,-3,-20,-27,15,82,-251,-219,-462,-575,-173,-304,-114,-389],[1156542,-326354,63,265,121,64,369,230,470,39,65,-34,63,-233,-64,-254,-142,-96,-443,8,-105,28,-171,109,-100,0,-79,-57,30,-55,118,-88,45,-134,20,-93,3,-157,33,-90,141,-130,192,-384,59,-222,-89,-166,-2,0,-8,81,-519,1111,-70,258]],[[1156579,-322167,21,-158,46,-21,159,-48,-17,190,-209,37]]]
2176187	r	143.9712,-37.0091,144.5888,-36.5109	[[[1439712,-367600,7,-163,19,-162,33,-161,46,-159,59,-156,71,-152,83,-149,96,-143,106,-139,118,-132,128,-126,138,-119,148,-112,156,-103,164,-95,172,-86,178,-77,184,-67,189,-58,194,-47,197,-37,199,-26,201,-16,202,-6,202,6,201,16,199,26,197,37,194,47,189,58,184,67,178,77,172,86,164,95,156,103,148,112,138,119,128,126,118,132,106,139,96,143,83,149,71,152,59,156,46,159,33,161,19,162,7,163,-7,163,-19,162,-33,161,-46,159,-59,156,-71,152,-83,149,-96,143,-106,139,-118,132,-128,126,-138,119,-148,112,-156,103,-164,95,-172,86,-178,77,-184,67,-189,58,-194,47,-197,37,-199,26,-201,16,-202,6,-202,-6,-201,-16,-199,-26,-197,-37,-194,-47,-189,-58,-184,-67,-178,-77,-172,-86,-164,-95,-156,-103,-148,-112,-138,-119,-128,-126,-118,-132,-106,-139,-96,-143,-83,-149,-71,-152,-59,-156,-46,-159,-33,-161,-19,-162,-7,-163]]]
2172710	p	10630449
2160517	r	146.6433,-41.8073,147.6167,-41.0727	[[[1466433,-414400,10,-240,32,-239,51,-238,73,-234,92,-230,112,-225,132,-219,150,-212,168,-204,186,-195,202,-186,217,-175,233,-165,246,-152,259,-140,270,-127,281,-114,290,-99,299,-84,304,-70,310,-55,315,-39,317,-24,318,-7,318,7,317,24,315,39,310,55,304,70,299,84,290,99,281,114,270,127,259,140,246,152,233,165,217,175,202,186,186,195,168,204,150,212,132,219,112,225,92,230,73,234,51,238,32,239,10,240,-10,240,-32,239,-51,238,-73,234,-92,230,-112,225,-132,219,-150,212,-168,204,-186,195,-202,186,-217,175,-233,165,-246,152,-259,140,-270,127,-281,114,-290,99,-299,84,-304,70,-310,55,-315,39,-317,24,-318,7,-318,-7,-317,-24,-315,-39,-310,-55,-304,-70,-299,-84,-290,-99,-281,-114,-102,-48,315,-43,145,-92,117,-113,155,-96,-127,-44,-105,27,-99,52,-114,27,-140,2,-94,-8,-88,-41,-127,-90,-167,66,-188,11,-77,20,-79,-49,-233,-165,-217,-175,-202,-186,-186,-195,-168,-204,-150,-212,-132,-219,-112,-225,-92,-230,-73,-234,-51,-238,-32,-239,-10,-240]]]
2159045	n	151.293,-32.9529,151.8252,-32.5039	[[[1512930,-327300,13,-222,39,-219,63,-215,89,-209,112,-201,134,-190,156,-178,176,-165,194,-149,211,-132,225,-114,236,-95,247,-75,254,-54,94,-11,923,743,140,683,10,-2,40,205,23,-23,36,-18,3,3,44,-28,2,7,59,-9,16,74,109,-92,438,-59,1236,995,-34,191,-63,215,-89,209,-112,201,-134,190,-156,178,-176,165,-194,149,-211,132,-225,114,-236,95,-247,75,-254,54,-259,32,-262,11,-262,-11,-259,-32,-254,-54,-247,-75,-236,-95,-225,-114,-211,-132,-194,-149,-176,-165,-156,-178,-134,-190,-112,-201,-89,-209,-63,-215,-39,-219,-13,-222]]]
2145936	p	2172517
2159220	n	148.9292,-21.3761,149.3005,-20.966	[[[1489292,-211500,12,-222,34,-219,58,-215,79,-209,101,-201,122,-190,141,-178,158,-165,175,-149,190,-132,203,-114,214,-95,222,-75,229,-54,234,-32,236,-11,236,11,234,32,229,54,222,75,214,95,170,96,-75,205,32,98,43,41,-15,96,-63,141,-28,7,-143,-7,-38,17,4,37,11,46,-11,37,-68,85,-7,40,-13,12,-87,0,-49,-43,-76,-188,-78,-43,-86,85,-293,531,-4,392,351,548,0,363,-290,352,-22,63,-131,30,-118,83,-86,127,-36,164,-123,117,-404,34,-86,95,-66,135,-156,-2,-332,-99,-196,36,39,103,-133,-92,-175,-149,-158,-165,-141,-178,-122,-190,-101,-201,-79,-209,-58,-215,-34,-219,-12,-222]]]
2151437	r	150.2529,-23.6175,150.767,-23.1424	[[[1502530,-233800,5,-155,17,-155,27,-153,38,-152,49,-148,60,-146,69,-141,79,-138,89,-132,98,-126,107,-120,115,-113,122,-107,130,-98,137,-91,143,-82,148,-73,153,-64,158,-55,161,-45,164,-35,166,-26,167,-15,168,-5,168,5,167,15,166,26,164,35,161,45,158,55,153,64,148,73,143,82,137,91,130,98,122,107,115,113,107,120,98,126,89,132,79,138,69,141,60,146,49,148,38,152,27,153,17,155,5,155,-5,155,-17,155,-27,153,-38,152,-49,148,-60,146,-69,141,-79,138,-89,132,-98,126,-107,120,-115,113,-122,107,-130,98,-137,91,-143,82,-148,73,-153,64,-158,55,-161,45,-164,35,-166,26,-167,15,-168,5,-168,-5,-167,-15,-166,-26,-164,-35,-161,-45,-158,-55,-153,-64,-148,-73,-143,-82,-137,-91,-130,-98,-122,-107,-115,-113,-107,-120,-98,-126,-89,-132,-79,-138,-69,-141,-60,-146,-49,-148,-38,-152,-27,-153,-17,-155,-5,-155]]]
2171085	r	152.7859,-30.5716,153.2056,-30.0183	[[[1527859,-303000,7,-184,21,-184,34,-182,48,-179,62,-177,75,-172,87,-168,100,-163,112,-156,124,-150,134,-143,145,-134,155,-126,164,-117,172,-107,180,-98,188,-87,193,-76,198,-65,182,-48,191,778,74,205,250,349,70,320,69,175,427,651,23,61,9,8,53,38,33,10,30,-14,26,0,-5,12,18,10,19,21,-8,28,26,10,3,7,-17,11,-14,-9,-30,0,-25,23,-39,5,-11,16,53,140,-15,47,4,8,-8,12,33,20,-10,11,-32,1,-10,25,4,16,20,22,22,-6,2,7,-27,22,-35,-5,-8,5,-3,5,-5,15,9,14,-17,13,-1,0,-16,49,524,830,142,458,18,555,-56,271,-8,108,18,61,-71,18,-207,42,-209,30,-211,18,-212,6,-212,-6,-211,-18,-209,-30,-207,-42,-203,-53,-198,-65,-193,-76,-188,-87,-180,-98,-172,-107,-164,-117,-155,-126,-145,-134,-134,-143,-124,-150,-112,-156,-100,-163,-87,-168,-75,-172,-62,-177,-48,-179,-34,-182,-21,-184,-7,-184]]]
6615604	n	150.2608,-33.7716,150.6,-33.6551	[[[1502608,-337157,124,-17,14,69,100,-13,8,24,24,-39,-11,-56,-43,6,-21,-73,57,-8,-38,-59,60,-8,5,26,29,-3,-8,-41,93,-12,4,24,30,-5,-8,77,94,-64,40,22,14,103,75,-3,8,-47,53,-11,11,71,44,-6,4,-58,30,-4,-10,-55,-23,1,19,-63,39,56,-19,9,84,41,-14,46,99,-19,-48,49,-46,-3,20,64,70,-10,25,31,44,-23,-20,-41,18,-41,150,-67,24,23,-20,-105,-87,12,4,-60,83,-11,-9,-23,-74,10,-25,-136,49,-6,-23,-119,108,-14,23,119,158,-21,15,80,-217,12,-1,111,48,8,8,-21,68,-9,44,135,45,-4,3,20,66,-9,-8,-37,91,8,-6,-28,51,-66,88,-6,44,-44,56,21,0,-81,60,-28,64,23,11,-32,54,-10,33,5,11,58,80,-13,8,36,29,6,68,-10,-5,-36,54,-7,1,35,30,-4,27,131,-45,22,48,-7,16,76,39,-5,7,34,41,-6,33,69,61,-28,-14,-71,130,-18,33,161,139,-13,-8,79,118,-31,-9,-46,62,-63,46,-6,38,50,-11,-60,46,-6,13,70,27,-4,-21,-104,46,-6,6,29,83,-11,9,45,46,-6,-8,-38,56,-8,25,24,-49,-253,31,-4,34,187,13,222,-13,222,-39,219,-30,100,-35,5,-15,-73,-26,3,8,42,-31,5,5,26,-110,-9,0,-57,-28,4,3,-42,-54,-12,-31,-109,-82,14,36,13,8,42,-28,4,5,28,-42,6,-32,-24,8,-46,-52,7,-8,-39,-68,10,-19,-91,-52,7,-17,-85,42,-5,-17,-65,-48,7,-8,-42,-94,20,6,-86,-42,5,-5,-25,-68,10,-34,-44,-19,1,9,45,33,-1,6,30,-53,7,5,24,-48,34,22,-3,11,90,-98,15,-19,-89,-90,-107,102,95,27,-19,-16,-74,20,-31,-8,61,39,53,-58,23,2,24,50,-7,-16,-14,48,-41,-31,-33,-1,-58,32,-5,-6,-68,-41,4,-7,-36,-56,-16,67,-23,-27,-46,5,27,-52,8,-5,-23,-59,5,14,76,-55,7,4,20,-42,6,8,36,-29,5,24,33,-33,14,95,75,0,44,-211,-43,-14,31,-43,7,-33,-54,-71,11,-16,-63,-190,13,-50,-89,-128,2,4,17,-114,17,9,44,-110,37,33,-6,6,25,132,-34,9,43,52,-8,38,68,35,-10,-37,38,7,31,-74,-13,-9,45,-59,9,-58,-124,-71,-2,-21,66,-150,61,-16,-76,-26,3,-25,-59,-106,15,52,141,-108,27,-11,-54,-104,15,32,79,-86,-21,-2,40,-65,-1,-12,32,-49,-20,8,76,-205,-108,-22,52,-26,-6,2,38,-94,10,-8,-40,-33,5,-7,-41,28,-4,-18,-93,23,-3,7,42,53,-7,-27,-162,-87,12,-14,-68,-36,5,-23,-118]]]
2075432	r	115.4301,-33.6511,116.0218,-33.0101	[[[1154301,-335982,190,-99,220,-99,228,-87,234,-74,239,-61,243,-48,247,-34,248,-21,250,-6,250,6,248,21,247,34,243,48,239,61,234,74,228,87,220,99,212,111,203,122,193,134,183,143,170,154,159,162,145,171,132,178,118,186,103,191,88,197,73,201,56,204,41,208,25,209,8,210,-8,210,-25,209,-41,208,-56,204,-73,201,-88,197,-103,191,-118,186,-132,178,-145,171,-159,162,-170,154,-183,143,-193,134,-203,122,-212,111,-220,99,-228,87,-234,74,-239,61,-243,48,-247,34,-177,15,25,-149,-27,-955,-51,-1672,69,0,127,472,47,357,68,117,69,6,31,-159,22,-623,-84,-264,-162,-72,-89,-1,-64,16,-6,-10,14,-12,-13,-19,-120,18,-115,47,-92,12,-110,-88,-72,-127,-140,-489,-293,-571,-584,-857,-830,-831,-40,-27]]]
2173323	n	152.1025,-25.0961,152.5266,-24.6726	[[[1521025,-248700,12,-222,35,-219,59,-215,82,-209,104,-201,125,-190,145,-178,163,-165,180,-149,195,-132,208,-114,220,-95,228,-75,236,-54,240,-32,243,-11,243,11,240,32,236,54,228,75,220,95,208,114,195,132,180,149,16,16,-206,289,-62,207,0,859,-83,452,-218,420,-302,344,-347,225,-588,185,-203,19,-195,41,-765,516,-172,-94,-195,-132,-180,-149,-163,-165,-145,-178,-125,-190,-104,-201,-82,-209,-59,-215,-35,-219,-12,-222]]]
7302628	p	2078025
2152819	p	2158177
2170089	p	2158177
6949382	p	2147714
11523810	p	2158177
2147357	p	2158177
2153953	r	145.2888,-38.3722,145.8511,-37.8808	[[[1452888,-383356,126,-53,227,-82,234,-70,239,-57,242,-45,247,-32,248,-19,249,-7,30,1,158,29,56,39,-313,367,-87,68,-125,52,-168,15,-452,-95,-158,11,-395,126,-60,45,-54,64,-63,46,-90,-13,-3,-2,-68,-149,22,-61,49,-67,-91,-111]],[[1453220,-382431,56,-41,64,18,46,65,71,43,376,0,466,78,182,-15,163,-63,122,-103,263,-404,157,-166,23,-38,13,64,-42,84,-134,74,-66,94,-3,96,-73,139,24,69,-43,54,5,49,-290,54,-75,92,-107,1,-34,43,-15,-31,-13,20,-115,-7,-80,-97,-58,-21,-184,39,0,46,-21,-12,-21,20,20,-37,-241,3,-122,74,-63,11,-68,-49,-7,-46,34,-32,-17,-33,-87,-65,-62,10,-14,-69,-27,-6,-3,-5]],[[1454308,-380331,11,-33,22,-23,1,-37,-18,-78,96,-13,-7,-51,-30,-18,-61,-290,200,-4,-3,-24,-31,-68,22,-84,45,-36,5,-15,-3,-40,-20,-13,-28,2,21,-82,7,18,106,-8,2,8,98,-13,-1,-8,17,-2,-5,-21,34,-5,11,51,38,-5,5,22,191,-25,25,11,66,-3,13,-6,1,-12,75,-11,-3,-18,185,44,53,257,-107,14,18,92,-74,10,21,97,-106,13,18,85,55,8,32,159,-38,5,21,95,72,-10,-2,42,-27,23,-78,-12,-71,13,-18,-82,-23,3,-3,-13,-93,11,4,16,-26,7,-41,24,-5,28,-31,41,-18,14,-29,1,-11,6,14,62,-55,6,12,47,-56,6,-61,-5,-63,-55,-25,-11,-50,40,-87,5,-5,-31,-21,1,-37,-23,19,-18,-32,-14,-18,2,-39,38,-51,17,-3,-38,-12,-2,34,-26,2,-19,-11,-27,-35,-12]],[[1455155,-383390,50,-54,196,-76,112,-130,173,32,239,57,234,70,227,82,220,93,211,104,203,115,193,126,106,78,-322,36,-10,-54,-91,10,13,70,-94,9,-12,-74,-422,47,5,24,-197,-66,-64,35,-68,-469,-121,24,-88,93,-27,81,-284,191,-79,23,-40,-181,-203,26,24,-40,-66,-168,-18,-114]],[[1457008,-382059,93,-9,-7,-41,71,-8,-37,-401,63,24,124,-17,49,21,-35,-196,36,-3,-37,-197,67,50,170,144,159,153,145,161,132,168,117,174,103,180,88,185,72,189,57,193,41,195,24,196,8,198,-8,198,-24,196,-41,195,-57,193,-72,189,-88,185,-103,180,-117,174,-132,168,-145,161,-54,52,-83,-11,1,-24,50,-25,-33,-39,3,-60,-16,-36,-113,-70,29,-97,-36,-23,-6,-49,-54,-31,59,-107,-59,-101,-62,-17,19,-56,-59,-32,86,-131,101,-52,63,-56,-9,-23,66,-41,-4,-103,38,-115,-2,-81,-77,-68,-19,-59,23,-147,-29,-36,25,-42,-30,-26,15,-45,-36,-93,23,-87,-91,-70,19,-54,-80,-89,236,-84,-49,-67,-94,-272,-188,-112,-219,-368,-49,-40,-21,-111]]]
6354957	n	152.5216,-25.5162,153.0065,-25.1253	[[[1525216,-252900,12,-222,36,-219,59,-215,82,-209,104,-201,126,-190,145,-178,164,-165,180,-149,196,-132,209,-114,220,-95,230,-75,236,-54,242,-32,243,-11,243,11,242,32,236,54,230,75,220,95,209,114,196,132,180,149,125,125,-139,1,-538,-312,-200,-72,40,108,57,114,70,89,389,215,58,64,-137,925,0,269,-43,96,-127,38,-478,74,-108,56,-68,237,-69,49,-111,-52,-18,-111,12,-133,-20,-120,-187,104,-241,89,-260,64,-493,63,-199,100,-150,135,-115,141,-131,127,-187,106,-226,75,-247,27,-38,22,2,46,36,46,71,22,67,-12,136,-51,39,-11,227,16,68,39,47,88,-47,175,-321,175,-58,-48,-164,-165,-145,-178,-126,-190,-104,-201,-82,-209,-59,-215,-36,-219,-12,-222]],[[1529536,-252785,101,-206,302,-394,125,108,-127,237,-313,344,-88,-89]]]
2152659	r	152.5368,-31.7357,153.0099,-31.1094	[[[1525368,-314300,8,-210,24,-208,40,-207,55,-205,71,-201,86,-196,101,-191,115,-185,129,-178,142,-171,155,-162,167,-153,178,-143,189,-133,199,-123,207,-110,215,-99,223,-87,228,-74,80,-21,29,25,30,140,-150,152,239,280,193,203,164,115,-119,190,133,254,-45,305,312,369,297,267,282,229,19,67,14,-1,-4,26,10,3,-3,15,-4,1,27,92,-15,76,-45,165,-180,177,14,254,148,293,441,460,-63,643,-105,154,193,411,14,333,283,437,10,10,-33,9,-238,47,-241,35,-243,20,-244,7,-244,-7,-243,-20,-241,-35,-238,-47,-234,-61,-228,-74,-223,-87,-215,-99,-207,-110,-199,-123,-189,-133,-178,-143,-167,-153,-155,-162,-142,-171,-129,-178,-115,-185,-101,-191,-86,-196,-71,-201,-55,-205,-40,-207,-24,-208,-8,-210]]]
2151716	p	2158177
2176031	r	145.0781,-38.3064,145.3853,-38.0046	[[[1450781,-380197,69,-38,252,-282,103,-246,-58,197,-152,297,-143,163,-71,-91]],[[1452210,-382871,8,-29,57,-1,5,-21,-2,-5,73,-22,40,130,77,90,93,81,83,93,-69,113,-74,-31,12,-16,-113,-126,-143,-109,-47,-147]],[[1452516,-382272,37,8,-20,-93,54,-43,130,68,249,15,184,-63,56,-41,35,35,-51,30,-28,79,-80,-12,-20,21,3,36,52,36,-8,39,-25,-25,-12,40,-95,11,-67,35,60,-50,-59,-7,-123,-86,-66,13,-43,-21,-50,26,-14,-23,-25,21,1,-34,-43,26,-29,-26,-3,-15],[1453081,-382185,-20,-19,6,27,14,-8],[1453084,-382182,1,-6,-4,3,3,3]],[[1452908,-383061,24,-3,44,96,-63,-59,-5,-34]],[[1453133,-380215,86,-67,1,-14,50,-50,-38,7,8,-11,-12,-9,7,-11,-13,-59,-29,-30,-12,-33,25,-35,6,-40,39,-12,25,-57,3,-41,22,-3,50,-30,7,-12,-5,-23,412,-51,-6,10,7,3,2,12,6,15,-9,4,14,9,5,19,-6,15,40,11,-19,11,9,18,-41,15,-8,10,7,8,-14,22,10,4,-10,3,-5,11,-23,-7,-38,3,-94,76,12,33,43,-16,-4,11,21,11,0,27,-16,11,23,37,-11,22,23,19,17,41,15,9,7,-4,23,36,8,-2,14,16,-2,12,14,12,-4,8,9,9,3,22,14,7,-6,21,41,16,17,33,-86,11,-19,4,1,6,-21,3,0,7,-31,4,7,31,-34,14,-57,7,-4,-20,-74,4,-37,-34,-28,21,-6,-9,-24,3,-1,-30,-56,36,-8,1,-3,-18,-35,-7,-27,10,7,17,-18,14,-75,10,-5,-33,-23,-5,-8,-34,24,-5,0,-18,-24,-2,-6,-30,-16,-14,-20,-6,-13,-20]]]
2144095	p	2158177
