587084	r	49.6672,40.2445,50.3441,40.5862	[[[496672,402445,447,199,664,114,407,163,282,221,-45,155,24,70,-47,9,-1,2,11,7,2,0,2,3,52,36,1,-3,134,27,7,9,-37,2,-42,-9,-22,2,224,154,199,84,262,-109,257,-34,17,-5,-15,-9,50,-31,-4,-4,15,-11,12,-28,12,2,16,-10,-6,-20,16,-57,31,-34,-7,20,55,32,30,3,9,-10,1,4,81,-99,71,-48,201,0,338,216,176,57,384,0,93,19,136,46,112,10,200,-21,376,-94,447,-47,226,-65,211,-90,494,-307,60,-54,63,209,49,224,29,227,9,228,-6,157,-76,103,-185,152,-217,60,-198,94,-151,215,-123,231,-109,150,-175,74,-905,149,-202,86,-191,131,-178,168,-45,67,-32,73,-44,69,-84,64,-686,19,-1597,-1726,-2,0,31,51,-26,32,-19,-9,-13,15,15,15,6,44,-7,8,-21,4,-65,-34,-51,-38,-108,-101,-105,-172,-9,-44,3,-40,36,-93,-1230,-1329]],[[503260,404581,92,-96,-65,216,-24,60,-3,-180]]]
584923	r	49.2671,40.389,49.8333,40.8388	[[[492671,405900,8,-201,26,-201,43,-199,60,-196,76,-193,93,-189,109,-184,124,-177,140,-172,153,-163,145,-135,4685,1753,-166,11,-428,102,-501,52,-197,73,-186,126,-8,18,-48,29,4,13,-71,96,-125,-7,-81,36,-195,40,-435,20,-134,48,-195,112,-178,128,-70,89,-6,8,-30,52,-134,127,-41,63,-13,111,15,105,59,194,175,373,44,219,-110,97,-200,84,-179,169,-189,127,-223,-45,-160,75,-80,-44,-204,-128,-192,-138,-180,-147,-168,-156,-153,-163,-140,-172,-124,-177,-109,-184,-93,-189,-76,-193,-60,-196,-43,-199,-26,-201,-8,-201]]]
586523	r	46.1385,40.5464,46.7342,41.0192	[[[461385,406871,1268,-328,-109,-95,-30,-101,461,-161,52,-108,61,-24,27,-5,15,5,31,40,45,-13,33,-25,67,-24,90,-9,32,6,91,76,264,117,38,19,3002,-777,519,506,-643,3270,-162,117,-226,141,-237,129,-247,118,-257,105,-266,92,-272,78,-279,65,-284,50,-288,36,-278,21,-2518,-3321]]]
585915	n	49.4665,40.239,49.9835,40.5875	[[[494665,404270,41,-211,70,-215,97,-209,124,-201,149,-190,173,-178,194,-165,215,-149,232,-132,249,-114,262,-95,78,-21,123,55,1230,1329,-36,93,-3,40,9,44,105,172,108,101,51,38,65,34,21,-4,7,-8,-6,-44,-15,-15,13,-15,19,9,26,-32,-31,-51,2,0,1597,1726,-452,13,-240,-32,-555,-177,-184,-28,-70,5,-3668,-1373]]]
584649	r	46.8167,40.4906,47.3333,40.7592	[[[468167,405821,1625,-743,3541,-172,-433,2686,-4733,-1771]]]
585514	r	46.6554,40.582,47.3718,41.0368	[[[466554,409980,145,-740,643,-3270,825,-149,4733,1771,818,1776,-6714,999,-17,-12,-229,-186,-204,-189]]]
147429	r	45.036,38.9548,45.8532,39.5453	[[[450360,393952,157,-84,55,-51,33,-71,81,-104,101,-94,93,-41,80,-96,184,-317,60,-105,85,-96,69,-108,105,-498,64,-152,262,63,983,-252,-2,-100,87,-13,107,45,29,26,16,102,17,6,5,1,80,-8,28,-63,-26,-94,-2,-85,31,-12,-102,-51,2,-40,93,1,158,38,55,-9,26,2,108,-53,57,-107,-86,-148,66,-101,25,-14,3,-5,38,-24,18,-6,3,-2,18,-8,14,-11,7,1,54,-24,94,-78,42,-80,78,-214,51,-85,94,-54,239,-84,48,-67,-22,-103,-41,-84,-29,-85,18,-107,115,-107,212,-111,228,-87,119,-25,158,-32,205,-94,48,-8,75,-14,277,-7,570,-109,810,-7,146,107,198,165,184,175,169,184,153,192,137,200,120,206,102,212,84,216,66,221,47,223,28,225,10,226,-10,226,-28,225,-47,223,-66,221,-84,216,-102,212,-11,18,-514,103,-26,47,-58,104,64,200,115,147,-149,163,-184,175,-198,165,-212,154,-224,144,-236,132,-246,119,-256,107,-264,93,-219,64,-784,-386,-107,-35,-111,-44,-114,-18,-113,14,-107,48,-2,1,-315,250,-175,71,-474,34,-145,45,-101,113,-1,2,-75,-14,-278,-65,-271,-80,-264,-93,-256,-107,-246,-119,-236,-132,-224,-144,-212,-154,-198,-165,-184,-175,-169,-184,-55,-69]]]
147622	r	48.6167,38.5901,48.9503,39.0291	[[[486167,385901,2517,151,-51,1460,59,-5,-36,61,-35,19,-229,448,-45,158,-22,163,-7,356,361,-74,284,269,24,24,195,358,35,66,269,717,17,105,-83,19,-226,42,-230,30,-231,18,-233,5,-233,-5,-231,-18,-230,-30,-226,-42,-20,-4,-1097,-500,-296,-3791]]]
585103	p	587084
147611	n	48.122,38.5474,48.6412,38.9957	[[[481220,387700,3,-62,881,-340,126,-83,26,-83,47,-146,-41,-195,18,-169,485,-304,157,-182,181,-134,308,-6,507,185,235,0,114,-216,70,-265,129,-136,126,-90,70,8,274,54,266,75,256,95,242,114,227,132,210,149,48,43,227,2900,-85,90,-190,165,-210,149,-227,132,-242,114,-256,95,-210,59,-1021,108,-153,-6,-280,-32,-274,-54,-266,-75,-256,-95,-242,-114,-227,-132,-210,-149,-190,-165,-168,-178,-145,-190,-121,-201,-95,-209,-69,-215,-42,-219,-13,-222]]]
148565	r	48.6546,39.7444,49.3335,40.0041	[[[486546,397863,12,-419,6336,542,25,36,109,186,93,191,77,195,60,198,43,201,25,203,9,204,-9,204,-8,65,-3650,212,-45,82,-532,78,-37,-2,-128,-81,-14,-33,-1787,105,-579,-2167]]]
585170	r	46.7816,40.9373,47.5584,41.4843	[[[467816,411900,8,-192,25,-192,42,-190,57,-188,74,-184,90,-180,104,-176,120,-169,135,-164,127,-135,960,-143,4129,-614,171,80,206,112,197,123,185,131,174,141,161,149,148,156,135,164,120,169,104,176,90,180,74,184,57,188,42,190,25,192,8,192,-7,156,-104,1,-181,109,-282,297,-219,57,-1035,74,-83,24,-228,64,-761,346,-176,132,-99,229,19,524,-37,244,-76,118,-310,294,-54,101,-33,97,-38,71,-180,5,-254,-7,-253,-18,-251,-32,-247,-44,-243,-55,-238,-68,-232,-80,-224,-91,-216,-101,-206,-112,-197,-123,-185,-131,-174,-141,-161,-149,-148,-156,-135,-164,-120,-169,-104,-176,-90,-180,-74,-184,-57,-188,-42,-190,-25,-192,-8,-192]]]
584717	n	48.5965,41.2664,49.0561,41.6845	[[[485965,416185,173,-1278,1284,-2243,3139,1265,-136,215,-149,168,-84,36,-247,56,-51,41,-40,60,-232,256,-83,130,-127,155,-169,132,-202,56,-382,620,-683,577,-58,243,-140,156,-19,15,-244,-27,-285,-54,-277,-75,-266,-95,-252,-114,-236,-132,-218,-149,-16,-14]]]
824003	p	587084
586427	n	47.6049,40.4866,48.0201,40.8761	[[[476050,406213,3343,-1347,431,339,37,39,150,190,124,201,65,139,-1501,2755,-166,60,-274,75,-282,54,-287,32,-290,11,-290,-11,-287,-32,-282,-54,-274,-75,-217,-79,0,-2297]]]
587057	n	46.9792,40.154,47.4245,40.5079	[[[469792,405078,1178,-3428,367,-110,252,10,286,32,149,29,1831,1066,45,57,124,201,97,209,70,215,43,219,11,176,-338,731,-574,421,-3541,172]]]
585152	n	45.7232,40.6039,46.3012,41.0561	[[[457232,408300,14,-222,43,-219,71,-215,98,-209,124,-201,150,-190,174,-178,195,-165,216,-149,234,-132,250,-114,263,-95,274,-75,283,-54,288,-32,291,-11,44,2,8,6,1133,824,1627,2146,-70,148,-124,201,-150,190,-174,178,-195,165,-216,149,-234,132,-250,114,-263,95,-274,75,-283,54,-288,32,-291,11,-291,-11,-288,-32,-283,-54,-274,-75,-263,-95,-250,-114,-234,-132,-216,-149,-195,-165,-174,-178,-150,-190,-124,-201,-98,-209,-71,-215,-43,-219,-14,-222]]]
587384	n	47.1775,39.845,47.7534,40.2761	[[[471775,401101,353,-1815,33,-42,171,-178,193,-165,214,-149,231,-132,247,-114,153,-56,3250,1121,787,272,0,1,70,215,43,219,14,222,-14,222,-43,219,-70,215,-97,209,-123,201,-148,190,-171,178,-193,165,-214,149,-231,132,-247,114,-260,95,-271,75,-280,54,-284,32,-288,11,-288,-11,-284,-32,-154,-30,-1807,-1052,-54,-70,-123,-201,-97,-209,-18,-55]]]
585156	n	48.439,40.4039,48.9359,40.8561	[[[484390,407886,1643,-3825,1,-3,76,-8,290,-11,290,11,287,32,282,54,273,75,263,95,249,114,233,132,215,149,195,165,173,178,150,190,124,201,98,209,70,215,43,219,14,222,-14,222,-43,219,-70,215,-98,209,-124,201,-150,190,-173,178,-195,165,-215,149,-233,132,-249,114,-263,95,-273,75,-282,54,-287,32,-290,11,-290,-11,-287,-32,-282,-54,-273,-75,-263,-95,-249,-114,-233,-132,-76,-52,-57,-110]]]
148619	n	46.6369,39.7904,47.2124,40.165	[[[466369,399900,14,-222,2,-10,3873,-1764,1029,337,86,60,193,165,171,178,148,190,123,201,97,209,19,59,-351,1807,-36,46,-171,178,-193,165,-77,53,-326,98,-3526,0,-4,-2,-213,-149,-193,-165,-171,-178,-148,-190,-123,-201,-97,-209,-70,-215,-42,-219,-14,-222]]]
147271	n	48.6967,39.3748,49.2714,39.7862	[[[486967,396521,1389,-2482,70,-33,259,-95,269,-75,277,-54,283,-32,25,-1,74,53,3101,2216,-13,204,-42,219,-70,215,-96,209,-123,201,-147,190,-170,178,-192,165,-212,149,-198,114,-3525,-301,-257,-22,-122,-105,-170,-178,-147,-190,-123,-201,-96,-209,-44,-135]]]
148290	n	48.2002,38.9844,48.7798,39.3663	[[[482002,392100,14,-222,41,-219,69,-215,57,-124,380,-122,150,-115,302,-503,53,-126,-4,-103,226,-131,244,-114,257,-95,208,-57,682,-73,349,-37,154,6,281,32,276,54,268,75,257,95,244,114,229,132,210,149,191,165,170,178,146,190,122,201,96,209,69,215,41,219,14,222,-14,222,-41,219,-69,215,-96,209,-35,57,-4586,641,-348,-181,-119,-126,-146,-190,-122,-201,-96,-209,-69,-215,-41,-219,-14,-222]]]
147982	n	47.7923,39.6439,48.2757,40.0961	[[[477923,399608,961,-2736,45,-26,300,-5,123,24,105,75,116,133,4,0,137,-27,193,-103,613,-442,66,-61,14,-1,287,11,284,32,278,54,271,75,259,95,247,114,230,132,213,149,88,75,-1219,3663,-89,25,-278,54,-284,32,-287,11,-287,-11,-284,-32,-278,-54,-271,-75,-259,-95,-247,-114,-230,-132,-213,-149,-193,-165,-171,-178,-148,-190,-96,-158]]]
584596	n	46.3495,41.4039,46.9505,41.8481	[[[463495,416300,15,-222,43,-219,72,-215,99,-209,126,-201,152,-190,175,-178,198,-165,219,-149,237,-132,253,-114,266,-95,278,-75,286,-54,291,-32,295,-11,295,11,291,32,286,54,278,75,266,95,253,114,237,132,219,149,198,165,175,178,152,190,126,201,99,209,72,215,43,219,15,222,-15,222,-6,30,-189,120,-135,137,-37,77,-54,183,-47,59,-116,43,-261,26,-126,26,-171,79,-657,455,-97,116,-54,136,-90,392,-17,46,-61,17,-91,17,-125,-96,-60,-34,-121,-69,-404,-62,-206,-55,-325,-213,-174,-84,-190,-1,-177,111,-56,170,33,275,-126,-34,-266,-95,-253,-114,-237,-132,-219,-149,-198,-165,-175,-178,-152,-190,-126,-201,-99,-209,-72,-215,-43,-219,-15,-222]]]
585187	n	48.2314,39.8123,48.7125,40.2361	[[[482314,401250,3892,-3115,14,-12,209,97,231,132,20,14,445,1664,-181,1608,-71,61,-213,149,-231,132,-247,114,-260,95,-271,75,-279,54,-285,32,-287,11,-287,-11,-285,-32,-34,-7,-1880,-1061]]]
586318	n	47.8697,40.5591,48.4454,41.0062	[[[478697,408532,2,-3,1501,-2755,2,-4,163,-59,274,-75,237,-45,205,3,3309,2292,57,110,1,1,5,9,-1,16,-43,219,-71,215,-98,209,-124,201,-150,190,-173,178,-196,165,-216,149,-233,132,-250,114,-263,95,-274,75,-282,54,-288,32,-291,11,-291,-11,-288,-32,-282,-54,-274,-75,-263,-95,-250,-114,-233,-132,-216,-149,-196,-165,-173,-178,-150,-190,-124,-201,-63,-133]]]
584954	n	48.8397,40.8539,49.3318,41.1996	[[[488397,410042,50,-107,125,-201,151,-190,174,-178,196,-165,217,-149,235,-132,251,-114,264,-95,275,-75,284,-54,289,-32,292,-11,292,11,289,32,284,54,275,75,264,95,251,114,235,132,217,149,11,10,-886,761,-477,601,-170,716,-69,115,-109,77,-64,183,-47,332,-3099,-1954]]]
148106	n	46.8643,39.3739,47.4415,39.8261	[[[468643,395553,68,-209,96,-209,123,-201,147,-190,170,-178,192,-165,212,-149,230,-132,245,-114,259,-95,269,-75,277,-54,283,-32,286,-11,286,11,283,32,277,54,269,75,259,95,245,114,230,132,212,149,192,165,170,178,147,190,123,201,96,209,70,215,42,219,14,222,-3,45,-536,814,-619,941,-138,80,-245,114,-259,95,-269,75,-277,54,-283,32,-286,11,-173,-7,-1069,-350,-1615,-2351]]]
587378	n	47.29,40.4485,47.605,40.8761	[[[472900,407592,433,-2686,574,-421,2143,1728,0,2297,-217,79,-274,75,-282,54,-287,32,-290,11,-290,-11,-287,-32,-282,-54,-274,-75,-249,-90,-418,-907]]]
586763	n	48.6928,41.0047,49.1496,41.3929	[[[486928,411801,2,-23,43,-219,71,-215,98,-209,126,-201,150,-190,175,-178,196,-165,217,-149,236,-132,162,-73,3092,1949,-77,536,-60,218,-125,187,-145,161,-303,477,-225,354,-3139,-1265,-484,-846,-10,-17]]]
585225	n	48.6945,39.9734,49.2333,40.2661	[[[486945,401635,180,-1605,1787,-105,14,33,128,81,37,2,532,-78,45,-82,2535,-147,4,10,70,215,42,219,14,222,-14,222,-42,219,-70,215,-97,209,-123,201,-148,190,-171,178,-194,165,-213,149,-231,132,-247,114,-260,95,-271,75,-280,54,-284,32,-288,11,-288,-11,-284,-32,-280,-54,-271,-75,-260,-95,-247,-114,-231,-132,-213,-149,-194,-165,-171,-178,-16,-21]]]
585221	n	48.2498,41.1338,48.7422,41.4907	[[[482499,412486,113,-142,175,-178,197,-165,218,-149,236,-132,252,-114,265,-95,276,-75,285,-54,291,-32,293,-11,293,11,291,32,285,54,276,75,265,95,252,114,176,98,484,846,-1284,2243,-3639,-2421]]]
587361	n	48.1081,40.3481,48.6033,40.7886	[[[481081,405594,3480,-2113,16,1,281,54,273,75,263,95,249,114,233,132,157,109,-1643,3825,-3309,-2292]]]
585226	n	45.072,40.8934,45.668,41.3161	[[[450720,410900,15,-222,16,-83,166,-85,193,-15,61,119,29,182,166,-67,326,-257,205,-97,155,-126,164,-105,471,-41,439,-137,228,-28,465,176,96,37,276,22,61,-236,-88,-324,123,-101,141,-28,100,-20,265,-165,374,-365,188,86,235,132,217,149,196,165,175,178,150,190,125,201,98,209,72,215,42,219,15,222,-15,222,-42,219,-72,215,-98,209,-125,201,-150,190,-175,178,-196,165,-217,149,-235,132,-250,114,-265,95,-275,75,-284,54,-289,32,-292,11,-292,-11,-289,-32,-284,-54,-275,-75,-265,-95,-250,-114,-235,-132,-217,-149,-196,-165,-175,-178,-150,-190,-28,-45,129,0,171,-42,524,-310,130,-142,12,-160,-343,-189,-933,30,-14,-208]],[[451772,409938,96,-230,231,-28,106,111,-287,187,-41,6,-39,-5,-35,-15,-31,-26]]]
584871	n	46.6353,40.165,47.097,40.5602	[[[466354,403400,14,-222,42,-219,70,-215,98,-209,124,-201,148,-190,172,-178,195,-165,214,-149,4,-2,3535,0,-1178,3428,-1147,524,-200,-38,-273,-75,-261,-95,-248,-114,-232,-132,-214,-149,-195,-165,-172,-178,-148,-190,-124,-201,-98,-209,-70,-215,-42,-219,-14,-222]]]
147288	n	48.1543,39.7039,48.6207,40.125	[[[481543,400825,1219,-3664,88,-25,279,-54,284,-32,287,-11,287,11,284,32,279,54,271,75,260,95,246,114,231,132,213,149,193,165,171,178,71,91,-3892,3115,-248,-74,-224,-128,-213,-149,-86,-74]]]
584716	n	46.0242,40.3639,46.6136,40.6871	[[[460243,405900,14,-222,42,-219,71,-215,98,-209,124,-201,149,-190,173,-178,195,-165,215,-149,233,-132,249,-114,262,-95,274,-75,281,-54,287,-32,290,-11,290,11,287,32,281,54,274,75,262,95,249,114,233,132,215,149,195,165,173,178,149,190,124,201,98,209,71,215,35,182,-2315,600,-38,-19,-264,-117,-91,-76,-32,-6,-90,9,-67,24,-33,25,-45,13,-31,-40,-15,-5,-27,5,-61,24,-52,108,-461,161,30,101,109,95,-1268,328,-1133,-824,-9,-147]]]
147105	n	46.4579,39.5339,47.0258,39.9681	[[[464579,397600,14,-222,42,-219,69,-215,97,-209,123,-201,147,-190,171,-178,192,-165,213,-149,230,-132,246,-114,259,-95,270,-75,278,-54,284,-32,286,-11,286,11,284,32,278,54,265,74,1645,2394,-3900,1776,-235,-86,-246,-114,-230,-132,-213,-149,-192,-165,-171,-178,-147,-190,-123,-201,-97,-209,-69,-215,-42,-219,-14,-222]]]
585763	n	47.8654,40.1139,48.4546,40.5594	[[[478654,403400,14,-222,42,-219,70,-215,98,-209,124,-201,148,-190,172,-178,195,-165,214,-149,232,-132,248,-114,261,-95,273,-75,280,-54,286,-32,289,-11,289,11,145,16,30,9,2,1,248,74,1856,1048,28,36,124,201,98,209,70,215,42,219,14,222,-6,93,-3459,2101,-193,-3,-143,-27,-273,-75,-261,-95,-248,-114,-158,-90,-412,-324,-712,-1174,-13,-70,-14,-222]]]
147425	n	48.9595,39.1545,49.4089,39.6051	[[[489595,393789,14,-211,41,-219,70,-215,96,-209,122,-201,146,-190,170,-178,192,-165,211,-149,229,-132,244,-114,258,-95,269,-75,276,-54,282,-32,123,-5,5,19,35,131,-7,1095,102,317,258,259,333,99,513,-264,127,-142,141,-122,226,-42,0,74,-157,86,-123,143,-85,164,-37,148,62,0,56,-85,69,-76,92,-62,123,-50,-84,115,-14,100,63,333,45,35,8,44,-80,130,-121,114,-931,659,-99,185,-9,270,43,202,79,232,103,220,86,123,-93,19,-282,32,-24,1,-3166,-2262]]]
148340	n	48.2595,39.3018,48.8329,39.6862	[[[482595,394659,291,-209,281,-298,222,-363,-105,-26,-259,-64,-68,-36,4619,-645,173,148,170,178,146,190,122,201,97,209,45,142,-1384,2473,-74,35,-258,95,-269,75,-277,54,-282,32,-285,11,-285,-11,-282,-32,-277,-54,-269,-75,-258,-95,-245,-114,-229,-132,-212,-149,-192,-165,-170,-178,-146,-190,-122,-201,-97,-209,-69,-215,-42,-219,-10,-163]]]
585220	n	48.1305,41.2492,48.6138,41.6561	[[[481305,414300,14,-222,43,-219,72,-215,99,-209,125,-201,151,-190,176,-178,197,-165,218,-149,108,-60,3630,2415,-173,1272,-1,1,-252,114,-266,95,-277,75,-285,54,-290,32,-294,11,-30,-1,-137,-284,-203,-287,-228,-187,-865,-407,-523,-340,-296,-120,-622,-91,-34,-103,-43,-219,-14,-222]]]
584791	n	47.3907,40.2939,47.9393,40.6213	[[[473907,404485,348,-752,156,-132,215,-149,233,-132,248,-114,262,-95,273,-75,282,-54,286,-32,290,-11,290,11,286,32,282,54,273,75,262,95,248,114,233,132,215,149,76,65,728,1200,-3343,1347,-2143,-1728]]]
148354	n	47.3278,39.5548,47.8875,39.985	[[[473278,397800,2,-34,1165,-1771,131,-75,246,-114,260,-95,270,-75,278,-54,284,-32,44,-2,112,88,180,78,1203,524,429,339,156,122,193,104,238,50,377,-5,29,48,-545,1552,-414,1179,-92,53,-246,114,-151,55,-4021,-1387,-2,-6,-70,-215,-42,-219,-14,-222]]]
148445	n	48.5932,38.3926,48.8743,38.6053	[[[485932,384600,14,-222,41,-219,54,-171,38,-28,51,-4,461,-30,241,54,271,91,253,125,197,156,224,96,320,-2,646,-105,0,1,-58,1683,-1,27,-2210,-133,-59,-63,-144,-190,-121,-201,-95,-209,-68,-215,-41,-219,-14,-222]]]
