1185241	r	90.1383,23.4816,90.57,23.9617	[[[901383,235965,176,-842,491,-294,133,-13,3083,2324,318,931,116,89,-120,1065,-2130,324,7,-14,33,-43,3,-97,20,-86,-8,-87,-14,-55,3,-29,-7,-24,-23,-26,-3,-27,47,-114,0,-66,22,-49,15,6,7,-11,-17,-40,-30,-23,7,-70,-3,-23,-1,-8,-2,-12,-41,-61,-31,-24,-36,-40,-3,-27,-23,-33,14,-14,28,-29,2,-9,-35,-37,9,-35,-15,-19,-1,-14,6,-9,18,-5,9,-15,14,-6,10,14,-3,-10,15,3,-79,-77,7,-16,33,-4,7,-11,-15,-61,5,-28,27,-33,6,-38,-15,-28,-24,-11,6,-23,-3,-45,-11,-18,-3,-23,-28,-30,6,-21,16,-12,3,-12,-35,-33,-1,-8,75,-26,23,3,-14,-7,14,-17,-1,-17,-46,-35,-20,-50,-72,-78,-6,-14,2,-3,1,-1,2,-4,30,-10,50,5,32,-13,2,-1,-1,0,-11,1,-31,-23,-11,0,-21,15,-51,-17,-32,18,-40,39,-57,82,-9,22,0,19,7,29,-1777,-1701]],[[903004,239617,5,-13,18,-79,15,-3,161,6,8,11,-12,15,-7,26,1,8,-189,29]],[[903333,239567,1,-1,3,-31,12,-12,30,-9,26,3,18,8,6,10,-21,17,-17,0,-6,7,-52,8]]]
1205733	n	91.7432,22.1322,91.9409,22.4327	[[[917432,224120,5,-9,107,-364,173,-1144,154,-224,218,-16,170,122,4,193,-91,63,-127,44,-105,75,-26,159,72,100,247,123,30,50,177,57,151,117,114,115,70,52,-18,78,98,386,22,151,142,-7,62,7,-232,-710,-109,-178,-216,-107,-259,-70,-177,-120,32,-249,72,-56,106,-45,86,-82,15,-165,-52,-90,-88,-76,-90,-97,-49,-153,10,-247,63,-243,98,-219,12,-19,193,137,913,2868,-1977,-207]]]
1200109	n	90.1583,23.9225,90.6033,24.3795	[[[901583,240927,867,-823,1,11,-22,63,13,25,-7,20,5,13,-8,11,-22,10,2,12,17,14,44,5,19,-9,20,-27,46,-38,-12,-8,-13,-32,26,-42,45,-5,9,-10,1,-46,-51,-68,9,-15,348,-330,1,0,21,-12,42,-9,15,-8,5,-12,189,-29,2,10,15,5,39,-11,23,-14,48,-3,13,-8,52,-8,-2,4,57,18,12,-15,-4,-13,2,-4,2130,-324,453,1422,-1334,2444,-1026,704,-457,-5,-1611,-2699,-22,-164]]]
1336135	n	89.2798,22.3889,89.7411,23.0068	[[[892798,229044,1256,-5155,3357,4310,-591,1869,-1354,-195,-1668,-239,-1,0,-332,-47,-667,-543]]]
1185188	r	89.041,25.4146,89.5834,26.0632	[[[890410,254734,35,-23,206,-116,213,-103,221,-91,226,-77,232,-64,235,-50,239,-35,241,-22,242,-7,242,7,241,22,239,35,235,50,232,64,226,77,221,91,213,103,206,116,197,128,187,139,176,150,166,161,153,169,141,179,128,186,114,194,17,33,-4651,4582,-98,-33,-95,-39,-580,-5826]]]
1185128	n	88.362,24.156,88.7254,24.5961	[[[883620,243883,393,-189,741,-539,230,-45,647,-28,494,-153,220,12,150,213,106,229,217,-44,307,-173,129,2478,-92,50,-219,95,-227,75,-235,54,-239,32,-242,11,-242,-11,-239,-32,-235,-54,-118,-39,-1546,-1942]],[[886789,241560,154,51,103,45,8,137,-116,-40,-100,-88,-49,-105]]]
1185186	n	90.9452,23.3197,91.2873,23.6778	[[[909452,234600,12,-222,35,-219,33,-121,3156,-841,-13,18,-17,79,71,91,100,91,44,80,-33,58,-131,32,-128,90,-102,202,-134,425,-48,249,-24,76,-65,91,-174,100,-83,73,-92,164,-84,327,-76,177,-291,501,-45,174,34,241,126,15,142,-10,18,36,-11,29,-13,16,-55,9,7,20,-7,30,11,32,-81,17,-116,-32,-9,-24,13,-43,-27,-6,-47,8,-37,15,2,55,-32,3,-31,34,-2,37,-59,-13,-226,-75,-217,-95,-206,-114,-193,-132,-178,-149,-161,-165,-144,-178,-123,-190,-103,-201,-81,-209,-58,-215,-35,-219,-12,-222]]]
7696679	p	1185241
11395976	p	1185241
1194041	n	88.2844,24.6739,88.77,25.1261	[[[882844,248727,28,-168,59,-215,77,-197,10,-7,1965,-1380,74,-10,243,-11,243,11,240,32,236,54,228,75,220,95,209,114,195,132,180,149,51,52,0,1,595,2091,1,1,1,4,-30,106,-82,209,-103,201,-125,190,-145,178,-163,165,-180,149,-195,132,-209,114,-220,95,-228,75,-236,54,-240,32,-243,11,-243,-11,-240,-32,-236,-54,-228,-75,-22,-10,-73,-568,-117,-296,-231,-264,-31,-263,-122,-232,-348,-415,-181,-294,-92,-64,-168,14,-124,30]]]
1462674	n	91.6444,22.412,92.0319,22.6071	[[[916445,225755,315,-409,672,-1226,1977,207,910,648,-482,1096,-3392,-316]]]
1185107	n	89.1217,24.8715,89.5678,25.2261	[[[891217,249206,317,-491,1411,394,1,10,20,38,8,33,-30,36,-3,32,29,36,-39,56,-1,35,-62,5,-29,12,-26,22,-57,5,-26,17,-24,1,-32,19,14,30,-9,50,23,88,8,3,61,-8,62,20,105,-6,53,-14,36,4,44,14,46,-5,22,23,20,8,30,-2,21,13,41,-22,25,15,3,24,15,13,40,-5,46,-36,-1,-16,-16,-25,2,-36,23,-68,25,-10,57,1,30,-11,46,6,39,-39,17,20,4,109,-21,18,-11,24,-1,28,42,56,49,14,45,57,31,11,4,77,72,-53,12,-17,-12,-25,15,-18,29,-9,5,-19,-13,-72,12,-35,40,-20,86,-3,18,-26,17,-77,-26,-75,-1,-37,1673,468,7,129,-12,222,-36,219,-59,215,-82,209,-104,201,-125,190,-145,178,-163,165,-180,149,-195,132,-209,114,-220,95,-229,75,-236,54,-240,32,-243,11,-243,-11,-240,-32,-236,-54,-53,-18,-1211,-2940]]]
7483813	n	88.8351,24.2531,89.2366,24.6155	[[[888351,245858,1241,-3327,2536,607,50,97,82,209,59,215,35,219,12,222,-12,222,-35,219,-59,215,-82,209,-103,201,-124,190,-145,178,-162,165,-179,149,-195,132,-207,114,-141,61,-2443,-210,-128,-87]]]
1199503	p	1185241
1185098	p	1185241
1209106	p	1185241
1349452	r	90.1185,23.5965,90.3552,24.0927	[[[901185,236248,198,-283,1777,1701,-7,-29,0,-19,9,-22,57,-82,40,-39,32,-18,51,17,21,-15,11,0,31,23,12,-1,-34,14,-50,-5,-30,10,-5,8,6,14,72,78,20,50,46,35,1,17,-14,17,14,7,-23,-3,-75,26,1,8,35,33,-3,12,-16,12,-6,21,28,30,3,23,11,18,3,45,-6,23,24,11,15,28,-6,38,-27,33,-5,28,15,61,-7,11,-33,4,-7,16,79,77,-15,-3,3,10,-10,-14,-14,6,-9,15,-18,5,-6,9,1,14,15,19,-9,35,35,37,-2,9,-42,43,23,33,3,27,36,40,31,24,41,61,6,43,-7,70,30,23,17,40,-7,11,-15,-6,-22,49,0,66,-47,114,3,27,23,26,7,24,-3,29,14,55,8,87,-20,86,-3,97,-33,43,-9,18,4,13,-12,15,-57,-18,8,-11,17,0,21,-17,-6,-10,-18,-8,-26,-3,-30,9,-12,12,-3,31,-14,9,-48,3,-23,14,-39,11,-15,-5,-3,-18,7,-26,12,-15,-8,-11,-161,-6,-15,3,-18,79,-10,25,-15,8,-42,9,-21,12,-1,0,-348,330,-9,15,51,68,-1,46,-9,10,-45,5,-26,42,13,32,12,8,-46,38,-20,27,-19,9,-44,-5,-17,-14,-2,-12,22,-10,8,-11,-5,-13,7,-20,-13,-25,22,-63,-1,-11,-867,823,-178,-263,-220,-4416]]]
1185117	r	90.558,23.6948,90.9897,24.1031	[[[905580,239225,120,-1065,1608,-499,33,86,61,176,1,16,3,74,-15,134,-31,84,-13,204,0,61,59,92,45,35,73,25,67,4,296,-71,155,4,116,23,99,47,35,22,60,37,139,53,96,14,79,-64,67,-68,46,-28,52,-20,71,-17,133,17,81,53,21,61,4,69,-6,53,8,70,77,121,170,77,76,56,17,75,-57,176,6,61,70,58,189,88,36,118,-25,322,45,139,90,139,60,56,-101,17,-96,-25,-43,-2,-43,14,-31,20,-8,14,33,17,13,13,29,75,8,47,-26,40,-96,47,-24,21,-41,66,-21,54,-13,10,-40,2,-49,-26,-63,-21,-47,0,-114,25,-58,26,-57,68,-78,65,-159,60,-35,10,-481,-771,-2223,388,-453,-1422]],[[908796,237200,811,-252,10,9,-145,792,-24,-8,-97,-16,-142,-56,-38,-7,-34,16,-28,-12,-32,5,-29,-5,-18,-13,-22,-44,-30,-16,-53,-11,-36,-57,7,-69,-34,-24,0,-68,-9,-30,-43,-124,-14,-10]]]
1193745	n	90.6033,24.0259,90.874,24.2501	[[[906033,240647,2223,-388,481,771,-114,32,-137,65,-8,26,18,36,42,21,99,25,67,34,22,30,11,35,2,51,-19,40,-30,9,-91,-9,-106,5,-30,18,-6,24,-16,18,-147,95,-27,34,-29,67,-29,6,1,74,-18,27,-58,32,-57,55,-70,17,-87,40,-28,31,-12,37,7,35,19,43,15,103,-9,23,-72,80,-11,101,-14,30,-37,37,-38,19,-40,10,-99,15,-50,-14,-182,-88,-140,-25,-36,-13,-68,-6,-100,38,-188,35,-19,-111,-38,-9,-30,-38,-1,-35,-37,-62,18,-100,65,-71,97,-67,18,-30,-30,-26,-13,-87,31,-35,-20,-91,-37,-24,0,-38,8,-51,24,-22,51,-82,-11,-61,-44,-123,-51,-73,-54,-8,0,-43,18,-33,29,-6,32,29,37,-4,60,29,65,-28,-11,-85,4,-47,-50,-32,-38,-10,-47,67,-102,-24,-14,-33,-114,-18,-16,30,-48,-18,-47,3,-12,17,-50,18,-7,43,-32,-3,-11,-28,-29,-12,0,-107,43,-17,-17,-85,-45,-51,-12,-48,35,-102,-352,61]]]
1185281	n	89.5599,22.4343,89.9446,22.8199	[[[895599,225872,53,-137,102,-201,123,-190,142,-178,160,-165,177,-149,192,-132,205,-114,216,-95,225,-75,231,-54,236,-32,153,-7,1632,3075,-2035,781,-1812,-2327]]]
1336142	r	90.7211,23.6449,91.3849,24.2764	[[[907211,237412,16,-10,5,-118,11,-47,26,-50,70,-99,83,-91,14,-42,-7,-45,49,16,40,26,47,18,36,-12,34,13,15,-27,6,-48,80,-28,41,-4,27,8,74,44,-6,36,-83,130,-9,28,24,57,-55,44,25,48,-8,50,18,28,52,-10,27,9,43,29,54,61,51,37,37,-9,30,-22,38,-59,56,-53,21,-10,96,4,22,-7,-1,-16,33,-44,15,-5,84,11,34,15,17,-16,55,-9,16,-20,23,-9,24,-2,73,15,29,-16,79,-14,4,3,14,10,43,124,9,30,0,68,34,24,-7,69,36,57,53,11,30,16,22,44,18,13,29,5,32,-5,28,12,34,-16,38,7,142,56,97,16,24,8,145,-792,1395,180,8,-11,-32,-19,-13,-24,46,-21,22,17,68,6,21,-83,-33,-25,1,-28,37,-1,34,9,22,15,18,-20,-5,-31,41,-93,3,-88,31,-34,32,-3,-2,-55,37,-15,47,-8,27,6,-13,43,9,24,116,32,81,-17,-11,-32,7,-30,-7,-20,55,-9,13,-16,18,-44,44,-15,19,0,12,21,51,-14,32,9,22,-15,46,-12,-23,-59,1,-15,60,-13,44,9,16,31,49,9,-14,29,13,5,13,30,-23,17,-2,20,9,17,-4,6,-10,-4,4,7,-7,6,8,17,-7,8,11,38,-5,16,13,23,-8,19,10,13,-5,11,12,19,0,22,26,26,4,34,-15,4,-29,-10,-6,7,-14,0,-23,31,-13,4,-3,16,-31,5,-22,-3,-28,-19,-78,-1,-17,8,-25,-5,-20,7,-38,-14,-13,5,-50,-8,-95,-2,-15,8,-2,14,-16,17,4,24,-12,16,-4,65,-15,26,-4,34,-9,13,16,55,18,36,0,35,23,56,1,28,11,15,4,24,27,32,-6,17,25,17,9,16,13,-1,11,8,106,8,24,12,17,-7,85,24,19,-1,40,-16,42,16,19,-2,2,-13,10,8,16,-11,8,13,21,-2,5,-8,23,-8,20,-44,12,-9,13,0,1,-10,19,-12,2,-18,17,-21,13,-2,9,8,-1,10,32,71,41,62,-8,62,55,84,-2,196,-21,17,0,25,-19,24,2,8,54,67,-4,16,19,47,3,56,29,21,34,40,7,25,22,32,-4,5,93,117,-9,8,15,18,-10,29,-1,16,8,2,-37,95,-86,119,-15,47,-8,50,-24,54,-46,10,-13,18,-1,40,-11,11,9,12,-7,103,60,23,97,60,20,71,-49,99,-52,30,141,-13,37,-15,68,-11,24,16,74,-6,39,-19,14,5,4,9,-38,159,-82,59,65,163,108,165,25,-27,2,-51,14,-24,31,-4,19,4,36,15,27,19,32,10,-26,52,62,111,-11,14,-5,47,14,-1,35,-14,78,-30,109,-16,120,73,102,409,15,381,122,256,219,18,-1107,695,8,137,28,56,37,34,64,2,47,-21,97,-74,62,-8,46,6,49,36,4,53,-34,99,-280,120,476,403,35,88,-5,51,-46,48,-115,23,-190,-12,-120,-78,-144,-165,-55,-177,-143,-78,-158,81,-109,86,-213,79,-549,64,-24,-15,-111,-100,-106,-24,-189,-17,-164,6,-90,-12,-37,-18,-16,-18,-14,-61,7,-53,24,-17,68,-26,29,-31,11,-30,-3,-24,-16,-17,-23,0,-51,22,-69,16,-126,8,-115,-6,-99,-26,-53,-27,-94,-143,-61,-70,-82,-62,-89,-45,-91,-67,-82,-115,-7,-44,17,-37,35,-55,48,-57,7,8,80,-66,316,-134,146,-127,44,-112,-24,-141,-147,-140,-384,-200,-162,-150,-90,-139,-45,-139,25,-322,-36,-118,-189,-88,-70,-58,-6,-61,57,-176,-17,-75,-76,-56,-170,-77,-77,-121,-8,-70,6,-53,-4,-69,-21,-61,-81,-53,-133,-17,-71,17,-52,20,-46,28,-67,68,-79,64,-96,-14,-139,-53,-60,-37,-35,-22,-99,-47,-116,-23,-155,-4,-296,71,-67,-4,-73,-25,-45,-35,-59,-92,0,-61,13,-204,31,-84,15,-134,-3,-74,-1,-16,-61,-176,-33,-86,-97,-249]]]
1336134	n	91.8552,21.2169,92.2513,21.6661	[[[918552,215195,30,-69,44,-177,58,-81,87,-58,106,-9,120,59,-5,78,-47,76,0,54,196,27,251,-41,219,8,91,174,22,225,93,420,22,211,-90,395,-75,137,-45,-6,-229,-54,-223,-75,-214,-95,-203,-114,-73,-51,2,-7,51,-403,-3,-239,-26,-103,-156,-210,-3,-72]],[[919497,214584,33,-166,67,-178,97,-144,111,-58,93,-96,555,-947,52,-190,18,-238,-52,-398,100,13,229,54,223,75,214,95,203,114,191,132,153,131,-3,18,2,196,54,175,279,377,135,426,112,196,139,20,11,209,-12,222,-35,219,-57,215,-80,209,-101,201,-122,190,-141,178,-159,165,-175,149,-191,132,-203,114,-214,95,-223,75,-229,54,-204,28,11,-50,-61,-95,41,-97,-28,-74,-151,-170,42,-166,-96,-140,-140,-122,-85,-112,-2,-186,56,-208,100,-183,125,-112,-189,64,-161,-107,-120,-188,-75,-179,-33,21,-13,2,-8,6,-21,34,-62,0]],[[919761,216621,78,-120,168,-3,117,144,6,18,-30,1,-236,-11,-100,-14,-3,-15]]]
1336140	r	88.7724,22.9044,89.3886,23.5549	[[[887724,232226,33,-10,105,-1,80,35,68,58,85,53,132,19,169,-32,700,-224,85,-38,89,-21,272,9,58,-47,-2,-82,-51,-107,-88,-95,-268,-204,-543,-536,-135,-252,-26,-513,-29,-88,4340,-1106,667,543,62,1494,10,1,43,-10,41,2,20,-18,54,-112,28,5,31,-2,41,-20,-4,-34,-31,-43,31,-32,34,3,36,88,18,50,7,63,-57,190,-59,95,-48,-10,-15,11,-36,3,-61,-18,-42,18,-25,-29,-9,-21,175,4241,-135,47,-3826,-395,-100,-58,-235,-155,-223,-170,-211,-183,-197,-195,-183,-206,-168,-218,-153,-227,-136,-235,-119,-244,-102,-250,-84,-256,-65,-260,-47,-264,-1,-7],[893530,231164,3,81,29,-14,22,-52,-1,-29,-22,-2,-31,16]]]
1185159	n	89.6589,23.8611,90.1259,24.178	[[[896589,239615,42,-81,124,-190,144,-178,162,-165,179,-149,194,-132,198,-109,3627,1974,0,15,-11,222,-36,219,-34,125,-3481,614,-1108,-2165]]]
1185099	n	91.6224,24.677,92.1176,25.1261	[[[916224,249000,12,-222,36,-219,59,-215,82,-209,103,-201,125,-190,145,-178,163,-165,180,-149,177,-119,373,-76,1408,-287,96,12,236,54,228,75,220,95,209,114,195,132,180,149,163,165,145,178,125,190,103,201,82,209,59,215,36,219,12,222,-12,222,-36,219,-59,215,-82,209,-103,201,-125,190,-145,178,-163,165,-180,149,-195,132,-209,114,-220,95,-228,75,-236,54,-240,32,-243,11,-243,-11,-240,-32,-236,-54,-228,-75,-220,-95,-209,-114,-195,-132,-180,-149,-163,-165,-145,-178,-125,-190,-103,-201,-82,-209,-59,-215,-36,-219,-12,-222]]]
1185162	n	90.1627,24.5339,90.6369,24.9861	[[[901627,247600,12,-222,35,-219,59,-215,82,-209,104,-201,125,-190,144,-178,163,-165,180,-149,195,-132,208,-114,220,-95,228,-75,236,-54,240,-32,242,-11,242,11,240,32,236,54,228,75,220,95,208,114,195,132,180,149,163,165,144,178,125,190,88,171,-1338,2989,-213,70,-236,54,-240,32,-242,11,-242,-11,-240,-32,-236,-54,-228,-75,-220,-95,-208,-114,-195,-132,-72,-60,-607,-762,-132,-319,-46,-166,-35,-219,-12,-222]]]
1185155	n	90.2736,23.3993,90.6356,23.714	[[[902736,235232,102,-198,124,-190,143,-178,162,-165,67,-56,919,-296,871,-156,462,153,13,38,82,145,78,61,30,109,-21,896,-81,80,-372,13,-165,26,-166,59,-140,102,-81,155,254,-151,130,-41,168,-13,157,13,122,41,51,85,-57,140,147,56,-469,1180,-2530,-1908]],[[905881,235342,153,-395,44,-36,60,38,-231,579,-26,-186]],[[905998,234282,358,118,-156,392,-113,-65,-84,-228,-5,-217]]]
1212405	p	1336142
1337233	r	89.1534,24.5116,89.6465,25.008	[[[891534,248715,352,-2477,1550,-1122,2240,1635,789,3039,-42,290,-2425,-677,1,37,26,75,-17,77,-18,26,-86,3,-40,20,-12,35,13,72,-5,19,-29,9,-15,18,12,25,-12,17,-72,53,-4,-77,-31,-11,-45,-57,-49,-14,-42,-56,1,-28,11,-24,21,-18,-4,-109,-17,-20,-39,39,-46,-6,-30,11,-57,-1,-25,10,-23,68,-2,36,16,25,1,16,-46,36,-40,5,-15,-13,-3,-24,-25,-15,-41,22,-21,-13,-30,2,-20,-8,-22,-23,-46,5,-44,-14,-36,-4,-53,14,-105,6,-62,-20,-61,8,-8,-3,-23,-88,9,-50,-14,-30,32,-19,24,-1,26,-17,57,-5,26,-22,29,-12,62,-5,1,-35,39,-56,-29,-36,3,-32,30,-36,-8,-33,-20,-38,-1,-10,-1411,-394]]]
1203891	r	88.3667,25.425,88.8964,25.8642	[[[883667,256968,263,-160,264,-270,44,-616,140,-124,376,-172,102,-200,272,-189,77,-144,98,-91,207,-37,426,-14,196,-87,322,-191,210,-44,117,30,90,80,86,97,105,81,80,11,89,-14,96,-4,99,42,-6,176,303,-108,87,-68,121,-132,127,-103,91,-131,14,-214,-58,-122,18,12,143,106,135,115,127,123,117,130,108,137,98,142,87,149,26,51,-2454,3427,-2422,-862,-41,-53,-98,-142,-87,-149,-77,-153,-65,-157,-53,-158]]]
8299875	n	92.0149,22.5338,92.4734,22.9161	[[[920149,227957,230,-154,3672,-2460,7,-5,124,128,142,178,123,190,102,201,80,209,58,215,35,219,12,222,-12,222,-35,219,-6,22,-144,117,-117,149,-70,304,-25,221,-1,2,-142,178,-161,165,-177,149,-192,132,-205,114,-215,95,-225,75,-232,54,-236,32,-239,11,-239,-11,-236,-32,-232,-54,-225,-75,-215,-95,-205,-114,-192,-132,-177,-149,-161,-165,-142,-178,-123,-190,-4,-9]]]
1207337	r	90.4942,23.0443,90.8824,23.4537	[[[904942,233719,22,-552,97,-25,180,81,55,113,200,-74,138,-92,-45,-101,-5,-40,-53,9,-16,-70,-479,49,-67,22,90,-2275,169,37,138,67,110,99,112,140,68,0,0,-69,-97,-70,-46,-99,24,-83,119,-27,64,58,271,358,38,238,-18,229,99,-134,66,-50,19,-120,14,-29,61,-52,43,-13,34,-30,-8,7,-57,-304,1102,583,1440,1856,-22,876,-155,305,-2291,-137,-358,-118,-7,-370,26,-187,96,-300,171,-210,253,82,-1,-8,-19,-10,-46,-47,-56,-78,-3,-14,-36,-40,-36,-12,-35,8,-45,36,-33,73,-61,52,-109,36,-76,14,-119,1,-59,-77,-25,1,-2,4,-382,264,-452,219],[905935,232199,92,-89,34,-44,-9,-7,-5,-154,-49,-85,-14,184,-49,195]],[[905063,230669,9,-226,84,76,15,74,-67,97,-41,-21]],[[905124,233993,59,-10,336,-133,18,157,49,139,-462,-153]]]
13589478	p	1185241
1336137	n	90.1319,22.528,90.5132,22.9262	[[[901319,227464,729,-2035,2418,-123,69,336,57,151,94,54,228,31,88,46,3,3,30,682,-67,178,-39,312,-30,103,-109,148,-173,138,-171,29,-94,-184,-194,92,-286,88,-146,101,217,134,121,-117,135,52,41,134,-160,130,280,59,121,278,91,334,191,223,142,11,146,-35,81,-8,0,16,-80,55,-204,114,-216,95,-225,75,-232,54,-236,32,-239,11,-239,-11,-236,-32,-232,-54,-225,-75,-216,-95,-204,-114,-192,-132,-177,-149,-161,-165,-142,-178,-123,-190,-102,-201,-81,-209,-51,-192]],[[904557,227674,272,-76,99,-66,40,-100,14,-94,82,-71,62,1394,-258,43,-134,-53,-73,-133,-30,-177,-4,-183,30,-277,-15,-92,-85,-115]],[[904605,225512,31,-198,-2,-16,342,-18,26,575,-129,-18,-148,-81,-98,-136,-22,-108]]]
6545349	r	88.651,25.5201,89.09,26.0401	[[[886510,258642,2454,-3427,11,-14,113,3,187,17,185,28,183,38,179,50,176,60,171,70,166,80,159,90,6,4,400,4023,-108,92,-145,108,-153,99,-159,90,-166,80,-171,70,-176,60,-179,50,-183,38,-185,28,-187,17,-188,5,-188,-5,-187,-17,-185,-28,-183,-38,-179,-50,-176,-60,-171,-70,-93,-45,-1028,-1446]]]
1192366	n	88.7102,24.5945,89.1764,24.9891	[[[887102,247454,31,-110,81,-209,104,-201,125,-190,145,-178,163,-165,180,-149,195,-132,208,-114,141,-61,1090,94,1357,116,1,0,4,0,142,97,180,149,163,165,145,178,125,190,82,160,-230,1621,-317,491,-3071,685,-20,-11,-195,-132,-180,-149,-54,-54,-595,-2091]]]
1336143	n	89.111,23.8053,89.4837,24.2311	[[[891111,240179,2327,-2126,121,53,207,114,194,132,178,149,162,165,144,178,124,190,103,201,82,209,58,215,26,161,-1283,2276,-213,93,-227,75,-206,47,-1797,-2132]]]
9827976	p	1185241
1336144	n	89.7399,24.1164,90.1664,24.4735	[[[897399,242921,298,-1141,3487,-615,64,79,124,190,104,201,81,209,59,215,35,219,12,222,-12,222,-35,219,-59,215,-81,209,-104,201,-124,190,-144,178,-162,165,-179,149,-195,132,-207,114,-218,95,-228,75,-234,54,-118,16,-2164,-1813]]]
1185106	n	89.7039,24.7254,90.1852,25.0878	[[[897040,249449,3715,-2195,121,66,195,132,180,149,163,165,145,178,125,190,28,55,140,337,-4009,2351,-94,-78,-163,-165,-145,-178,-125,-190,-104,-201,-82,-209,-59,-215,-31,-192]]]
7483743	n	88.7046,24.1342,88.9592,24.5861	[[[887046,241656,92,-50,219,-95,227,-75,235,-54,239,-32,174,-8,1360,1189,-1242,3328,-50,2,-242,-11,-239,-32,-235,-54,-227,-75,-103,-45,-129,-2478,21,-12,229,-283,55,-396,20,-41,25,-164,23,-37,-34,-92,-116,-157,-32,-86,-1,0,-156,-69,-105,-36,-8,-137]]]
1185240	p	1185241
1337240	n	88.0303,24.3883,88.517,24.8161	[[[880303,246433,106,-29,163,-63,101,-204,145,-138,32,-60,0,-522,10,-50,40,-37,88,-105,91,-145,21,-70,288,-57,2232,-1070,1546,1942,4,75,-12,222,-36,219,-59,215,-79,203,-1966,1381,-76,10,-242,11,-242,-11,-240,-32,-235,-54,-228,-75,-219,-95,-208,-114,-195,-132,-179,-149,-163,-165,-145,-178,-124,-190,-104,-201,-81,-209,-34,-123]]]
1185191	n	88.8744,23.6739,89.3432,24.0179	[[[888744,239000,11,-222,36,-219,58,-215,82,-209,103,-201,124,-190,143,-178,162,-165,179,-149,193,-132,207,-114,218,-95,227,-75,234,-54,238,-32,241,-11,241,11,238,32,234,54,227,75,218,95,207,114,193,132,179,149,162,165,143,178,124,190,65,125,-2320,2120,-2215,-403,-47,-120,-58,-215,-36,-219,-11,-222]]]
1195434	n	90.9103,22.6439,91.3301,23.0575	[[[909103,227282,13,-16,161,-165,177,-149,192,-132,205,-114,216,-95,163,-54,-43,88,-149,142,145,44,84,-88,81,-220,176,-41,237,-32,239,-11,239,11,237,32,232,54,225,75,216,95,42,23,-501,120,0,74,231,-7,71,72,-46,109,-127,105,0,63,342,-4,151,-18,122,-41,5,-28,-5,-152,14,-38,36,-2,44,11,54,-11,141,119,161,165,81,101,-57,17,72,2,47,58,123,190,102,201,49,127,-1422,2553,-1332,60,-591,-538,-853,-2755]]]
1187530	n	90.5266,23.44,90.8652,23.816	[[[905266,237140,469,-1180,220,84,165,17,76,-95,44,15,13,2,0,11,18,41,62,-69,-251,-108,-161,-233,-14,-97,231,-579,83,52,254,78,193,103,109,-9,176,-94,69,205,-179,133,-88,92,27,42,176,4,98,-10,56,-57,46,-137,-8,-367,-234,-119,-583,3,-133,-76,156,-392,878,53,122,53,206,114,193,132,179,149,161,165,144,178,123,190,103,201,81,209,59,215,35,219,12,222,-12,222,-35,219,-59,215,-36,93,-17,3,-17,16,-34,-15,-84,-11,-15,5,-33,44,1,16,-22,7,-96,-4,-21,10,-56,53,-31,47,-92,29,-33,-23,-54,-61,-43,-29,-27,-9,-52,10,-18,-28,8,-50,-25,-48,55,-44,-24,-57,9,-28,83,-130,6,-36,-74,-44,-27,-8,-41,4,-80,28,-6,48,-15,27,-34,-13,-36,12,-47,-18,-40,-26,-49,-16,7,45,-14,42,-83,91,-70,99,-26,50,-11,47,-5,118,-16,10,97,249,-1608,499,-116,-89,-318,-931]]]
1185111	n	88.9003,22.4838,89.3135,22.9361	[[[889003,228719,48,-55,204,-60,76,-23,114,-101,23,-135,-17,-194,-39,-194,-43,-134,-107,-153,-112,-126,-69,-136,25,-182,119,-289,34,-129,41,-222,124,-211,96,-256,44,-269,-61,-230,-223,-139,310,-113,120,-89,66,-270,217,-73,232,-54,236,-32,239,-11,239,11,236,32,232,54,225,75,216,95,205,114,191,132,177,149,161,165,142,178,123,190,102,201,81,209,58,215,35,219,12,222,-12,222,-35,219,-58,215,-81,209,-102,201,-123,190,-142,178,-161,165,-177,149,-191,132,-205,114,-216,95,-225,75,-232,54,-236,32,-239,11,-239,-11,-236,-32,-232,-54,-225,-75,-216,-95,-205,-114,-191,-132,-153,-129]]]
1185115	n	89.4633,24.2921,89.956,24.6631	[[[894633,244600,12,-222,35,-219,59,-215,66,-170,2594,-853,2161,1811,-5,90,-35,219,-59,215,-82,209,-1,3,-1788,620,-1567,543,-86,-37,-208,-114,-194,-132,-180,-149,-162,-165,-144,-178,-125,-190,-103,-201,-82,-209,-59,-215,-35,-219,-12,-222]]]
1185920	n	89.6832,22.7418,90.1438,23.1188	[[[896832,230031,579,-1832,2035,-781,1547,283,34,43,123,190,102,201,81,209,58,215,35,219,12,222,-12,222,-35,219,-36,135,-687,661,-2272,951,-104,-24,-225,-75,-216,-95,-205,-114,-193,-132,-177,-149,-161,-165,-142,-178,-123,-190,-18,-35]]]
1203344	n	89.5949,23.3839,90.0851,23.8256	[[[895949,236100,12,-222,35,-219,59,-215,81,-209,102,-201,124,-190,143,-178,162,-165,178,-149,193,-132,207,-114,217,-95,227,-75,233,-54,238,-32,240,-11,240,11,238,32,109,26,85,41,920,434,141,118,162,165,143,178,124,190,102,201,81,209,59,215,35,219,12,222,-12,222,-22,135,-1966,1120,-1173,668,-17,10,-199,-66,-217,-95,-207,-114,-193,-132,-178,-149,-162,-165,-143,-178,-124,-190,-102,-201,-81,-209,-59,-215,-35,-219,-12,-222]]]
1337248	n	89.7838,24.8526,90.2678,25.2461	[[[897838,250880,4014,-2354,626,786,12,23,82,209,59,215,35,219,12,222,-12,222,-35,219,-59,215,-82,209,-104,201,-125,190,-145,178,-164,165,-180,149,-154,104,-317,64,-871,335,-230,10,-243,-11,-241,-32,-235,-54,-229,-75,-220,-95,-209,-114,-195,-132,-180,-149,-164,-165,-145,-178,-125,-190,-104,-201,-72,-185]]]
1336139	n	91.9837,22.4188,92.4051,22.7961	[[[919837,226071,482,-1096,1521,-787,740,42,26,6,225,75,216,95,205,114,192,132,177,149,160,165,142,178,123,190,5,9,-3908,2618,-92,-94,-214,-1796]]]
1185263	n	90.8737,24.0337,91.1113,24.276	[[[908737,241030,35,-10,159,-60,78,-65,57,-68,58,-26,114,-25,47,0,63,21,49,26,40,-2,13,-10,21,-54,41,-66,24,-21,96,-47,26,-40,-8,-47,-29,-75,-13,-13,-33,-17,8,-14,31,-20,43,-14,43,2,96,25,101,-17,-60,-56,162,150,384,200,147,140,24,141,-44,112,-146,127,-316,134,-80,66,-7,-8,-48,57,-35,55,-17,37,7,44,82,115,91,67,89,45,82,62,61,70,94,143,53,27,99,26,115,6,126,-8,69,-16,51,-22,23,0,16,17,3,24,-11,30,-29,31,-68,26,-24,17,-7,53,14,61,16,18,37,18,90,12,164,-6,9,1,-154,85,-218,95,-227,75,-234,54,-239,32,-221,10,-1083,-1730]]]
1185121	n	89.356,23.9539,89.7697,24.3775	[[[893560,242086,419,-743,868,-1540,211,-92,227,-75,235,-54,239,-32,241,-11,241,11,239,32,104,24,1113,2174,-298,1141,-2595,853,-172,-94,-194,-132,-179,-149,-162,-165,-144,-178,-124,-190,-103,-201,-82,-209,-58,-215,-26,-155]]]
1336136	n	90.4976,22.4644,90.8834,22.8958	[[[904976,225280,716,-543,1,-1,169,-39,0,35,51,-27,122,-38,28,-4,-166,341,-119,333,-181,286,-356,208,-190,31,-49,-7,-26,-575]],[[905005,225927,95,115,27,73,-37,349,-55,145,-30,-682]],[[905064,227267,46,-40,100,-109,136,170,-49,156,19,248,150,145,152,51,292,251,371,-18,343,-66,158,28,-146,206,-183,204,-185,79,-202,201,-143,46,-396,-2,-83,-10,-68,-139,-164,-21,-86,14,-62,-1394]],[[905132,228809,68,-7,149,70,47,85,-143,-63,-120,-67,-1,-18]],[[905540,226398,48,-369,162,-40,564,-373,161,-133,114,-239,113,-585,173,23,232,54,225,75,215,95,205,114,48,33,-131,122,-124,309,-75,485,-157,236,-158,178,-141,236,-173,325,-126,280,-109,354,-100,296,-196,-18,-175,-39,-173,-63,-107,-73,-69,-111,-223,-823,-23,-349]],[[906515,224644,124,6,20,3,-6,38,-42,109,-51,7,-25,28,-20,-191]],[[907699,227928,11,-80,32,-67,141,-189,66,-178,77,-50,92,-40,77,-59,118,-359,46,-57,296,23,110,-44,51,-190,6,40,12,222,-12,222,-16,101,-1107,705]]]
7701354	p	1185241
1337249	n	90.5333,24.2942,91.0267,24.6648	[[[905333,244400,12,-222,36,-219,58,-215,82,-209,103,-201,125,-190,70,-86,3865,-116,23,24,144,178,125,190,103,201,82,209,58,215,36,219,12,222,-12,222,-36,219,-58,215,-82,209,-103,201,-125,190,-144,178,-163,165,-179,149,-195,132,-207,114,-219,95,-228,75,-235,54,-225,30,-1006,-96,-194,-63,-219,-95,-207,-114,-195,-132,-179,-149,-163,-165,-144,-178,-125,-190,-103,-201,-82,-209,-58,-215,-36,-219,-12,-222]]]
6414184	n	91.5495,22.5755,92.005,22.9061	[[[915495,227131,383,-642,567,-734,3392,316,213,1788,-3,7,-123,190,-142,178,-161,165,-177,149,-192,132,-205,114,-216,95,-224,75,-232,54,-236,32,-239,11,-239,-11,-236,-32,-232,-54,-224,-75,-216,-95,-205,-114,-192,-132,-177,-149,-161,-165,-142,-178,-123,-190,-102,-201,-80,-209,-58,-215,-18,-110]]]
1185209	n	91.1634,24.1539,91.6398,24.6061	[[[911634,243800,12,-222,36,-219,59,-215,81,-209,103,-201,125,-190,36,-45,210,-78,109,-86,158,-81,143,78,55,177,144,165,120,78,190,12,115,-23,46,-48,5,-51,-35,-88,-476,-403,280,-120,34,-99,-4,-53,-49,-36,-46,-6,-62,8,-97,74,-47,21,-64,-2,-37,-34,-4,-8,164,-90,218,-95,228,-75,235,-54,239,-32,242,-11,242,11,239,32,235,54,228,75,218,95,208,114,194,132,179,149,163,165,144,178,125,190,103,201,20,51,-997,2732,-139,76,-218,95,-228,75,-235,54,-239,32,-242,11,-242,-11,-239,-32,-235,-54,-228,-75,-218,-95,-208,-114,-194,-132,-179,-149,-163,-165,-144,-178,-125,-190,-103,-201,-81,-209,-59,-215,-36,-219,-12,-222]]]
1337245	n	90.0668,22.9439,90.3651,23.3709	[[[900668,230237,730,-702,225,-53,238,-32,239,-11,239,11,238,32,232,54,226,75,217,95,205,114,193,132,1,2,-1601,3755,-1382,-3472]]]
1185224	n	91.1879,22.7839,91.6412,23.2361	[[[911879,230515,1440,-2585,205,-48,237,-32,239,-11,132,6,36,155,136,163,221,64,99,107,173,525,34,186,74,0,-5,-239,-160,-423,-62,-290,-95,-122,-10,-66,135,31,226,75,216,95,206,114,192,132,177,149,161,165,143,178,123,190,102,201,81,209,58,215,19,118,-13,3,-71,23,-70,12,-91,-34,-47,-83,-37,-95,-59,-73,-163,-85,-31,34,1,99,-63,110,-137,62,-133,22,-132,47,-130,133,-42,104,-12,295,-26,37,-95,24,-28,32,-52,256,-230,731,-47,102,-68,308,-24,3,-148,135,-10,51,13,58,-3,67,-65,80,-3,-9,-34,-69,3,-8,-84,146,-41,55,-1,0,-239,11,-239,-11,-95,-13,-109,-111,2,-430,187,-839,-37,-329,-335,83,-239,299,-130,413,-30,209,-1096,-1117]]]
1185183	n	90.8918,23.0515,91.3644,23.4041	[[[908918,233205,1629,-2630,1332,-60,1096,1117,-202,1401,-44,102,-41,62,-3156,841,-10,3,-50,-42,-161,-165,-143,-178,-123,-190,-103,-201,-24,-60]],[[913557,232226,82,84,5,90,-6,112,-28,-37,-53,-234,0,-15]]]
1185207	n	88.8239,23.9775,89.2902,24.3138	[[[888239,241300,12,-222,35,-219,59,-215,82,-209,103,-201,124,-190,144,-178,90,-91,2223,404,1791,2125,-32,62,-124,190,-144,178,-162,165,-179,149,-132,90,-2537,-607,-1350,-1181,-3,-50]]]
1188569	n	89.5835,24.5468,90.0757,24.9446	[[[895835,247360,4,-82,36,-219,59,-215,81,-209,1,-1,3363,-1166,87,38,208,114,195,132,180,149,163,165,144,178,125,190,104,201,81,209,59,215,32,193,-2228,1317,-1484,877,-119,-66,-195,-132,-180,-149,-163,-165,-144,-178,-78,-119,-331,-1277]]]
1185116	n	90.503,24.6552,90.9776,25.1061	[[[905030,249697,1339,-2991,212,-70,236,-54,226,-30,1011,96,193,63,220,95,208,114,195,132,180,149,164,165,144,178,125,190,104,201,82,209,59,215,36,219,12,222,-12,222,-36,219,-59,215,-82,209,-104,201,-125,190,-144,178,-164,165,-180,149,-195,132,-208,114,-220,95,-228,75,-236,54,-240,32,-243,11,-243,-11,-240,-32,-236,-54,-228,-75,-220,-95,-208,-114,-195,-132,-180,-149,-164,-165,-144,-178,-125,-190,-87,-169]]]
1185105	n	91.1521,24.8439,91.648,25.2019	[[[911521,250700,12,-222,35,-219,59,-215,82,-209,104,-201,125,-190,145,-178,164,-165,180,-149,196,-132,208,-114,220,-95,229,-75,236,-54,241,-32,243,-11,243,11,241,32,236,54,229,75,220,95,208,114,196,132,180,149,164,165,145,178,125,190,104,201,82,209,59,215,35,219,12,222,-12,222,-35,219,-28,101,-17,-2,-256,11,-169,38,-160,120,-67,114,-74,77,-173,11,-86,-35,-168,-124,-117,-27,-108,-13,-201,-59,-98,-14,-391,41,-373,103,-1106,307,-483,229,-107,-3,-219,-103,-123,-18,-10,0,-85,-129,-104,-201,-82,-209,-59,-215,-35,-219,-12,-222]]]
1185206	n	88.782,24.9206,89.243,25.3261	[[[887820,251000,12,-222,36,-219,59,-215,82,-209,104,-201,27,-41,3077,-687,1213,2946,-68,104,-145,178,-163,165,-181,149,-195,132,-209,114,-220,95,-229,75,-236,54,-241,32,-243,11,-243,-11,-241,-32,-236,-54,-229,-75,-170,-73,84,-11,488,21,74,-81,22,-95,-25,-101,-71,-97,-375,-250,-87,-108,-11,-135,28,-133,-29,-99,-183,-35,146,-213,-256,14,-684,220,-66,35,-65,20,-80,-15,-66,-72,-59,-126,-39,-99,-59,-215,-36,-219,-12,-222]]]
1348441	n	89.7644,23.6445,90.1397,24.0589	[[[897644,238600,12,-222,22,-133,3161,-1800,201,66,161,71,196,3935,-130,72,-3622,-1971,-1,-18]]]
1185092	n	88.2201,25.8039,88.7199,26.2561	[[[882201,260300,12,-222,36,-219,59,-215,83,-209,105,-201,126,-190,146,-178,165,-165,181,-149,197,-132,211,-114,222,-95,230,-75,238,-54,243,-32,245,-11,132,6,1475,525,160,131,165,165,146,178,126,190,105,201,83,209,59,215,36,219,12,222,-12,222,-36,219,-59,215,-83,209,-105,201,-126,190,-146,178,-165,165,-181,149,-197,132,-211,114,-222,95,-230,75,-238,54,-243,32,-245,11,-245,-11,-243,-32,-238,-54,-230,-75,-222,-95,-211,-114,-197,-132,-181,-149,-165,-165,-146,-178,-126,-190,-105,-201,-83,-209,-59,-215,-36,-219,-12,-222]]]
1191368	n	90.205,22.9945,90.507,23.4452	[[[902050,233709,1605,-3763,85,4,237,32,232,54,226,75,152,66,-43,98,-43,218,-12,64,47,166,125,46,375,-10,23,5,-90,2275,-89,29,-278,129,-317,64,-88,95,-63,124,-93,124,-156,120,-1129,628,-191,-63,-217,-95,-206,-114,-92,-63,0,-308]],[[902995,234411,229,-78,1029,-184,-942,303,-51,-2,-237,-32,-28,-7]],[[904266,233760,107,-142,315,-302,183,-126,93,-23,-22,552,-23,11,-362,120,-260,2,-31,-92]],[[904557,230628,52,-143,57,-271,192,106,192,132,20,17,-7,200,-38,-20,-81,-20,-387,-1]]]
1185181	n	89.2081,25.6971,89.6998,26.1103	[[[892081,259748,2819,-2777,87,11,238,54,231,75,221,95,210,114,197,132,182,149,164,165,146,178,126,190,105,201,82,209,60,215,36,219,12,222,-12,222,-36,219,-60,215,-82,209,-105,201,-126,190,-146,178,-164,165,-182,149,-197,132,-42,23,-66,-31,-110,-82,1,-119,99,-45,139,24,131,-3,75,-125,-85,-169,-437,-331,-85,-271,11,-136,-27,-126,-74,-92,-133,-26,-102,50,-87,105,-142,225,-47,22,-50,14,-50,5,-542,-41,0,-1,-52,-18,-51,-6,-48,6,-47,19,-152,204,-117,-2,-119,-99,-163,-85,-162,17,-202,82,-182,114,-239,253,-242,100,-64,-79,-126,-190,-105,-201,-82,-209,-30,-108]]]
7646711	n	90.1071,22.1439,90.5929,22.5429	[[[901071,223700,12,-222,35,-219,58,-215,80,-209,102,-201,123,-190,142,-178,160,-165,176,-149,192,-132,114,-64,96,233,30,-266,-8,-29,188,-83,224,-75,231,-54,236,-32,238,-11,238,11,196,27,18,95,19,34,21,17,14,17,76,72,47,68,13,78,-37,99,-50,38,-64,27,-82,66,-22,144,100,443,-44,207,166,-40,32,-124,-61,-314,20,-131,116,-284,-41,-239,-128,-250,158,36,224,75,216,95,204,114,192,132,176,149,160,165,142,178,123,190,102,201,80,209,58,215,35,219,12,222,-12,222,-35,219,-58,215,-80,209,-102,201,-12,18,-654,496,-342,18,-7,-88,-47,-64,-68,-44,-62,-61,-29,-105,0,151,45,219,-2418,123,-955,-1448,-10,-59,-12,-222]]]
1185236	n	90.5287,22.9191,90.8563,23.15	[[[905287,230081,19,-122,59,-215,80,-209,11,-21,161,2,108,14,87,35,35,39,40,17,104,-29,86,-66,119,-201,75,-75,91,-37,226,-22,64,32,-28,55,-78,95,-99,87,-114,70,83,-7,257,7,0,62,-219,156,-381,433,-211,168,-249,-23,-326,-245]],[[906271,230759,23,-115,107,-264,729,-917,1433,720,-1179,1317,-1102,-583,-10,-50,-1,-108]]]
1196292	n	90.7129,22.7199,90.9956,23.0183	[[[907130,229463,45,-57,52,-121,29,-228,73,-166,91,-149,80,-174,73,-341,122,-273,4,-26,1146,-729,163,37,90,30,858,2771,-1393,146,-1433,-720]]]
1185166	n	91.5401,24.2639,92.0168,24.7131	[[[915401,245718,997,-2732,0,-1,1,-4,138,-75,219,-95,228,-75,235,-54,239,-32,242,-11,242,11,239,32,235,54,228,75,219,95,156,86,-55,209,34,180,221,64,91,-75,123,-79,12,10,159,161,-116,173,12,119,308,-24,68,104,104,201,82,209,58,215,36,219,12,222,-12,222,-36,219,-58,215,-82,209,-104,201,-124,190,-144,178,-163,165,-179,149,-178,121,-1773,362,-96,-13,-235,-54,-228,-75,-219,-95,-208,-114,-195,-132,-179,-149,-163,-165,-144,-178,-124,-190,-104,-201,-19,-47]]]
1185127	n	90.7384,23.0036,91.0547,23.325	[[[907384,231500,1179,-1317,1393,-146,591,538,-1643,2652,-162,23,-1358,-1750]]]
1185293	n	89.3476,22.9634,89.7443,23.3861	[[[893476,229835,167,-115,155,-86,2990,430,100,102,143,178,123,190,103,201,80,209,59,215,35,219,12,222,-12,222,-35,219,-59,215,-80,209,-103,201,-123,190,-143,178,-161,165,-177,149,-193,132,-206,114,-216,95,-226,75,-232,54,-238,32,-239,11,-239,-11,-238,-32,-232,-54,-226,-75,-216,-95,-206,-114,-17,-12,-92,-2207,9,21,25,29,42,-18,61,18,36,-3,15,-11,48,10,59,-95,57,-190,-7,-63,-18,-50,-36,-88,-34,-3,-31,32,31,43,4,34,-41,20,-31,2,-28,-5,-54,112,-20,18,-41,-2,-43,10,-10,-1,-51,-1246]],[[893530,231164,31,-16,22,2,1,29,-22,52,-29,14,-3,-81]]]
1185270	n	92.0786,21.979,92.4626,22.423	[[[920786,222069,1895,-2248,26,-31,197,46,224,75,215,95,205,114,191,132,176,149,160,165,142,178,122,190,102,201,80,209,58,215,35,219,12,222,-12,222,-35,219,-58,215,-80,209,-102,201,-122,190,-142,178,-160,165,-176,149,-191,132,-205,114,-215,95,-224,75,-231,54,-92,12,-741,-42,-1054,-2119]]]
1185138	r	89.7664,22.3227,90.2049,22.7742	[[[897664,224059,79,-79,132,-115,140,-107,147,-98,154,-89,160,-79,165,-69,136,-48,27,47,37,213,-36,171,-57,171,-19,209,302,-222,173,-46,78,159,54,158,138,162,321,304,33,31,273,170,-122,-93,-59,-110,-37,-121,-55,-125,-826,-1114,-12,-26,170,-37,179,-27,180,-17,181,-5,181,5,180,17,179,27,176,38,174,49,123,44,1335,2022,-829,2313,-1773,-324,-1782,-3359]]]
7683974	p	1185241
1185120	r	91.0742,22.2299,91.5878,22.7677	[[[910743,223823,60,-147,108,-222,123,-215,139,-207,152,-198,166,-188,179,-178,191,-166,4,-3,-46,304,-5,233,-100,360,-149,125,-77,250,-219,178,-346,164,-175,-27,-5,-63]],[[910937,225424,336,-154,493,94,261,68,187,140,202,182,115,384,80,141,34,129,-111,199,-97,38,-1500,-1221]],[[911137,224614,205,-119,253,12,207,85,208,130,98,233,-108,192,-414,-113,-350,-143,-99,-277]],[[912799,226940,36,-7,9,-10,161,10,169,39,125,85,29,145,-78,59,-37,16,-414,-337]],[[913356,227393,70,1,175,40,100,88,-9,31,-156,-13,-180,-147]],[[914238,225253,59,-323,168,-398,296,-399,314,-165,477,52,84,336,-61,361,-11,65,-52,63,-836,1018,-208,-100,-230,-510]],[[914619,227631,5,-12,66,-48,78,41,78,-157,141,-182,177,-151,317,-119,397,-514,-709,1188,-550,-46]]]
1336133	n	91.8302,21.8539,92.2681,22.2069	[[[918303,221322,96,-153,61,0,0,191,61,106,-25,-7,-193,-137]],[[918535,221436,17,-344,257,-1022,0,-378,31,-90,142,-153,30,-95,40,-364,102,-70,196,-110,42,20,105,12,0,-75,-26,-11,102,-45,223,-75,231,-54,235,-32,238,-11,238,11,235,32,231,54,223,75,215,95,204,114,191,132,177,149,159,165,142,178,122,190,44,87,-1895,2248,-2160,-575,46,-120,-33,22,-104,40]]]
1185148	n	91.8496,22.1459,92.184,22.4975	[[[918496,221459,25,7,12,21,88,19,5,-12,2160,575,1054,2119,-1521,787,-910,-648,-913,-2868]]]
1202120	n	89.8156,23.0237,90.205,23.4461	[[[898156,232200,12,-222,35,-219,59,-215,80,-209,81,-158,2245,-940,1382,3472,0,308,-92,63,-206,114,-217,95,-226,75,-232,54,-237,32,-240,11,-240,-11,-237,-32,-111,-26,-991,-468,-149,-125,-161,-165,-143,-178,-123,-190,-103,-201,-80,-209,-59,-215,-35,-219,-12,-222]]]
1185252	n	91.742,22.8839,92.2142,23.3361	[[[917420,230298,24,-63,103,-201,123,-190,143,-178,160,-165,178,-149,192,-132,206,-114,217,-95,225,-75,233,-54,237,-32,239,-11,239,11,237,32,233,54,225,75,217,95,206,114,192,132,178,149,160,165,143,178,123,190,103,201,81,209,58,215,35,219,12,222,-12,222,-35,219,-58,215,-81,209,-103,201,-123,190,-143,178,-160,165,-178,149,-192,132,-206,114,-217,95,-225,75,-233,54,-237,32,-239,11,-239,-11,-237,-32,-233,-54,-225,-75,-217,-95,-206,-114,-192,-132,-178,-149,-160,-165,-143,-178,-113,-173,82,-177,151,-688,129,-307,37,-116,-43,-91,-151,-151,-24,-4,-96,7,-33,-1,-49,-40,-4,-47,7,-46,-12,-40,-131,-184]]]
