2800866	r	3.7004,50.6105,5.0563,51.197	[[[37004,507865,981,-771,1769,-130,137,19,4546,-878,1464,150,68,43,456,216,4138,685,-765,3903,-10,6,-244,111,-254,100,-232,79,77,45,-123,172,-145,172,-162,165,-19,18,-5493,-923,-786,-820,-2913,528,-2490,-2890]]]
2803138	r	3.8639,51.0227,5.0494,51.4962	[[[38639,512058,855,-1303,2913,-528,786,820,6593,1108,708,914,-80,215,-126,262,-153,256,-179,250,-190,223,-195,-165,-252,-154,-216,-37,-386,111,-184,31,-700,15,-212,58,57,120,113,10,436,-127,-73,174,45,151,62,144,-22,150,-103,85,-168,69,-181,44,-145,8,-168,-54,-9,-14,-125,-39,3,11,-31,-10,-537,-413,-236,-181,-103,-48,-135,-32,-155,-6,-319,50,-288,-33,-133,8,-191,85,19,98,84,125,14,167,-80,83,-126,15,-295,-31,-537,-123,-199,-73,-324,-118,121,-83,-20,-71,-66,-78,-7,-102,78,-90,224,-167,61,-98,-50,-173,-190,-63,-330,13,90,44,-6,8,-168,18,-97,-11,-66,200,-1169,-37,26,-54,11,-23,-3,-24,-75,-233,-56,-99,-128,-110,-265,-227,-496,-245,-1240,-392,-455,-224,-225,-45,-631,-5],[42443,513525,176,-111,90,-98,37,-169,-20,11,-165,126,-71,183,-47,58],[42967,512676,20,20,67,70,27,70,-14,61,-26,45,36,-12,96,-47,22,-27,0,-33,-23,-44,-4,-5,-10,-10,-74,-52,-117,-36]]]
2797656	r	3.4014,50.7864,3.9494,51.2904	[[[34014,510445,178,-427,2539,-2071,273,-82,2490,2890,-855,1303,-552,-5,-124,35,-149,111,-17,104,17,111,-52,131,-189,78,-1222,255,-256,26,-111,-4,-1970,-2455]]]
2800481	r	3.9754,50.1003,4.7488,50.6984	[[[39754,506964,950,-2274,115,-18,-11,-18,-41,14,-35,-44,-33,-39,59,-11,-22,-14,11,-8,17,10,26,-16,-24,-14,-13,0,61,-42,2,1,19,-13,16,-16,-33,-7,11,-9,23,1,-25,-8,3,-3,-16,-9,1,-2,-17,-7,-27,4,-16,-17,21,-7,14,10,14,-11,10,11,8,1,712,-1705,94,26,86,-20,4,-1,134,-54,124,-70,61,-65,-24,-105,-98,-72,-236,-118,-106,-98,-46,-82,-53,-182,-39,-81,-23,-113,49,-26,257,-118,268,-107,279,-96,288,-83,295,-72,303,-59,307,-46,312,-33,314,-20,316,-6,316,6,314,20,312,33,307,46,303,59,295,72,288,83,279,96,268,107,257,118,148,78,-1586,4534,-1464,-150,-4546,878,-137,-19]]]
2792413	r	5.1092,50.3035,6.2522,50.8097	[[[51092,506982,681,-1555,847,-1935,217,-87,250,-85,258,-75,265,-63,271,-53,275,-41,279,-29,282,-18,283,-6,283,6,282,18,279,29,275,41,271,53,265,63,258,75,62,21,-6,83,22,-7,258,-62,263,-51,268,-40,271,-28,274,-18,275,-5,275,5,274,18,271,28,268,40,263,51,258,62,251,73,242,83,234,93,223,102,213,112,201,120,188,128,174,136,161,143,145,149,130,155,113,161,37,63,-12,-8,-338,-67,-99,3,-80,41,-85,114,-81,48,80,86,-117,6,-81,22,-13,45,78,77,-166,134,184,184,315,167,223,84,0,37,114,87,70,89,-22,60,-691,11,-206,69,-116,144,133,54,-609,591,-192,122,-166,10,-396,-69,-132,9,-40,84,37,105,-5,97,-166,55,-15,18,-1,19,7,18,16,18,-201,-24,-726,15,-109,22,-114,23,-867,-14,-103,46,-138,97,-66,46,-101,24,-88,-43,-108,-102,-50,-47,-104,-14,-108,14,-182,66,103,230,18,118,-156,29,-216,66,-59,25,-46,21,-1378,-113,-2108,-645,-1949,-356,-1,-1]]]
2803201	p	2800866
2787149	p	2800866
2800931	r	3.0647,51.0445,3.5984,51.3752	[[[30647,510962,3367,-517,1970,2455,-136,-5,-398,-56,-160,-6,-147,-23,-109,-70,-19,-116,26,-127,-29,-94,-473,-47,-320,24,-231,67,-71,21,-243,167,-142,251,7,233,42,248,-87,385,-4,-1,-1220,-247,2,3,-35,80,-46,22,-207,24,-119,-6,-35,-15,-121,-78,-17,-33,32,-60,-21,-52,-455,-92,-414,-172,-187,-2163]]]
2790471	r	4.59,50.1468,5.2882,50.7199	[[[45901,506255,1586,-4534,58,-166,171,-25,141,-15,29,19,270,79,38,-127,176,-11,215,-5,42,6,8,-7,65,-1,330,7,328,20,326,35,321,48,316,61,309,75,301,87,291,100,280,112,269,123,255,134,241,144,225,155,210,163,180,161,-1791,4090,-528,216,-4138,-685,-456,-216,-68,-43]]]
2792482	p	2800866
2791018	p	2800866
2790869	r	3.6246,50.1606,4.1535,50.7094	[[[36246,504665,35,-21,163,-189,84,-387,1,-466,88,-409,352,-211,39,65,14,6,17,-10,45,20,27,30,44,84,179,195,81,59,135,32,437,22,415,-33,207,-67,171,-77,179,-55,227,2,635,171,212,15,194,-60,332,-235,213,-80,207,-118,274,-377,184,-55,73,47,-12,68,5,64,31,9,-712,1705,-8,-1,-10,-11,-14,11,-14,-10,-21,7,16,17,27,-4,17,7,-1,2,16,9,-3,3,25,8,-23,-1,-11,9,33,7,-16,16,-19,13,-2,-1,-61,42,13,0,24,14,-26,16,-17,-10,-11,8,22,14,-59,11,33,39,35,44,41,-14,11,18,-115,18,-950,2274,-1769,130,-1739,-2429]],[[41350,501606,17,4,35,10,10,49,23,113,-85,-176]]]
2795011	p	2800866
2785123	p	2800866
2799478	p	2803138
2796491	r	4.982,50.6983,5.515,51.2083	[[[49820,510990,743,-3791,528,-216,1951,356,2108,645,-935,1493,-1,-1,-65,-39,-141,105,-61,-4,-74,34,-30,23,92,54,142,47,-1496,2387,-52,-5,-284,-42,-280,-54,-273,-65,-266,-77,-258,-87,-248,-98,-237,-108,-226,-118,-213,-126,-200,-136,-185,-143,-39,-34]]]
2803448	p	2800866
2791537	p	2800866
2793508	p	2800481
2794055	r	3.0733,50.731,3.6731,51.0018	[[[30733,508293,1421,-378,-9,-4,12,-9,-16,-14,-47,-15,22,-22,-69,-27,-3,-26,-34,-27,7,-14,-9,-6,1,-10,34,-3,60,-26,9,-25,-13,-42,7,-12,21,-15,1,1,71,39,2,-1,5,2,9,-9,13,4,15,-6,34,3,10,-14,112,-57,7,-16,75,10,44,-32,63,-24,61,-12,126,2,63,12,52,-3,-3,-19,33,-4,28,7,-4,8,26,20,41,3,45,15,151,-140,35,-20,-16,-16,16,-6,-14,-7,21,-26,41,-22,14,7,16,-6,5,13,15,2,14,-9,13,9,45,-7,18,10,-27,12,-4,16,-15,12,-1,27,18,9,-2,9,38,-23,39,-10,22,4,32,-13,61,26,-27,23,-57,17,-2,15,-26,-6,-74,6,-13,-5,-20,16,-27,8,-70,62,-15,26,8,4,-53,45,13,21,921,-245,2582,562,-2539,2071,-3459,-1725]]]
2785341	r	3.2344,50.4665,3.7985,50.7947	[[[32344,506388,35,-123,264,-563,16,-319,51,-114,158,-128,131,-66,437,-146,175,-31,243,18,438,102,135,67,99,64,103,42,142,8,144,-28,65,-52,-15,-81,-98,-111,124,-59,646,-3,227,-30,219,-70,163,-100,1739,2429,-981,771,-273,82,-2582,-562,-1369,-756,-13,-5,-6,-6,-63,-35,-17,6,-16,-7,-63,-1,-2,-10,-32,0,-5,8,-49,-32,-12,-3,-6,5,-44,-35,37,-16,6,-24,-3,-5,-148,-81]]]
2789786	r	2.5258,50.9853,3.0834,51.3125	[[[25258,510894,107,-126,157,-160,174,-152,188,-145,203,-137,217,-128,230,-119,164,-74,3949,1109,187,2163,-1598,-660,-2079,-770,-1358,-647,-379,-79,-162,-75]]]
2786578	p	2803138
2797670	r	5.2483,50.7984,5.846,51.2701	[[[52483,512240,1594,-2544,-142,-47,-92,-54,30,-23,74,-34,61,4,141,-105,65,39,1,1,935,-1493,1378,113,-121,53,-162,153,-22,224,244,172,-25,14,71,38,16,-9,416,295,19,5,-6,16,7,28,30,22,54,11,44,-3,51,-31,32,7,48,25,129,123,172,232,115,122,-97,37,-96,1,-223,-38,393,398,159,244,-136,116,24,132,51,97,81,32,19,-10,98,-53,76,65,54,71,75,137,-28,40,-16,31,-25,72,110,-7,108,10,101,26,92,39,-228,153,32,115,141,87,-25,48,-89,128,-49,2,1,1,-122,5,-307,-49,-133,71,-209,181,-164,62,-128,8,-418,-54,-172,-1,-108,49,-97,69,-135,60,-566,108,-170,91,-59,31,-32,228,-71,193,-92,76,-260,5,-310,-6,-308,-19,-251,-27,-32,-14,-208,-48,-157,4,-256,-49,-290,-69,-282,-81,-273,-93,-150,-59]]]
2786824	p	2792413
2783476	p	2800866
2798139	p	2800866
2787889	r	2.6883,50.7796,3.4192,51.0963	[[[26883,509500,9,-179,28,-178,46,-177,64,-175,82,-171,100,-168,116,-163,134,-158,149,-152,164,-146,49,-37,2909,497,3459,1725,-178,427,-3367,517,-3711,-1043,-16,-62,-28,-178,-9,-179]]]
2784821	p	2792413
2794914	p	2800866
2790595	r	2.7378,50.6388,3.4149,50.8294	[[[27379,507698,59,-36,57,-66,135,-202,52,-62,185,-98,800,-233,46,-13,156,-22,132,65,301,331,182,125,230,91,524,105,795,158,259,-50,170,-102,166,-190,54,-61,51,12,49,33,47,0,-2,4,15,3,20,-18,-6,-28,23,-42,18,-8,21,2,1,-1,15,-12,33,-11,-35,-38,-9,-33,-71,-48,-15,-20,53,-82,79,-59,141,-12,134,-28,80,-93,114,-238,-140,-167,46,-166,148,81,3,5,-6,24,-37,16,44,35,6,-5,12,3,49,32,5,-8,32,0,2,10,63,1,16,7,17,-6,63,35,6,6,13,5,1369,756,-921,245,-13,-21,53,-45,-8,-4,15,-26,70,-62,27,-8,20,-16,13,5,74,-6,26,6,2,-15,57,-17,27,-23,-61,-26,-32,13,-22,-4,-39,10,-38,23,2,-9,-18,-9,1,-27,15,-12,4,-16,27,-12,-18,-10,-45,7,-13,-9,-14,9,-15,-2,-5,-13,-16,6,-14,-7,-41,22,-21,26,14,7,-16,6,16,16,-35,20,-151,140,-45,-15,-41,-3,-26,-20,4,-8,-28,-7,-33,4,3,19,-52,3,-63,-12,-126,-2,-61,12,-63,24,-44,32,-75,-10,-7,16,-112,57,-10,14,-34,-3,-15,6,-13,-4,-9,9,-5,-2,-2,1,-71,-39,-1,-1,-21,15,-7,12,13,42,-9,25,-60,26,-34,3,-1,10,9,6,-7,14,34,27,3,26,69,27,-22,22,47,15,16,14,-12,9,9,4,-1421,378,-2909,-497,-441,-76,-4,-22]]]
2787413	p	2800866
