2357048	r	-1.9102,11.9961,-0.8265,12.9436	[[[-19102,123700,8,-245,24,-243,41,-241,56,-239,73,-234,87,-229,103,-223,117,-216,132,-207,144,-199,158,-189,170,-179,182,-167,192,-155,203,-143,211,-129,219,-116,227,-101,233,-86,238,-71,242,-55,246,-40,247,-24,249,-8,249,8,247,24,246,40,242,55,238,71,233,86,227,101,219,116,211,129,203,143,192,155,182,167,170,179,158,189,144,199,132,207,117,216,103,223,3,8,698,-730,180,80,273,144,264,161,251,177,240,193,226,208,212,222,196,236,181,247,111,176,594,1494,2,7,50,301,31,303,10,304,-10,304,-31,303,-50,301,-48,203,-6135,2525,-2046,-599,-171,-205,-181,-247,-164,-259,-101,-186,672,-702,-225,-83,-227,-101,-219,-116,-211,-129,-203,-143,-192,-155,-182,-167,-170,-179,-158,-189,-144,-199,-132,-207,-117,-216,-103,-223,-87,-229,-73,-234,-56,-239,-41,-241,-24,-243,-8,-245]]]
2362344	n	-4.5189,10.9539,-4.0611,11.4061	[[[-45189,111800,11,-222,33,-219,54,-215,76,-209,96,-201,116,-190,133,-178,151,-165,167,-149,180,-132,193,-114,203,-95,211,-75,218,-54,223,-32,224,-11,224,11,223,32,218,54,211,75,203,95,193,114,180,132,167,149,151,165,133,178,116,190,96,201,76,209,54,215,33,219,11,222,-11,222,-33,219,-54,215,-76,209,-96,201,-116,190,-133,178,-151,165,-167,149,-180,132,-193,114,-203,95,-211,75,-218,54,-223,32,-224,11,-224,-11,-223,-32,-218,-54,-211,-75,-203,-95,-193,-114,-180,-132,-167,-149,-151,-165,-133,-178,-116,-190,-96,-201,-76,-209,-54,-215,-33,-219,-11,-222]]]
2358946	r	-2.6696,11.9553,-2.0703,12.5447	[[[-26696,122500,7,-193,19,-192,32,-190,44,-188,57,-184,69,-181,81,-176,93,-170,103,-163,114,-157,125,-149,134,-141,143,-132,151,-122,160,-113,166,-101,173,-91,179,-80,183,-68,188,-56,191,-44,193,-31,195,-19,196,-6,196,6,195,19,193,31,191,44,188,56,183,68,179,80,173,91,166,101,160,113,151,122,143,132,134,141,125,149,114,157,103,163,93,170,81,176,69,181,57,184,44,188,32,190,19,192,7,193,-7,193,-19,192,-32,190,-44,188,-57,184,-69,181,-81,176,-93,170,-103,163,-114,157,-125,149,-134,141,-143,132,-151,122,-160,113,-166,101,-173,91,-179,80,-183,68,-188,56,-191,44,-193,31,-195,19,-196,6,-196,-6,-195,-19,-193,-31,-191,-44,-188,-56,-183,-68,-179,-80,-173,-91,-166,-101,-160,-113,-151,-122,-143,-132,-134,-141,-125,-149,-114,-157,-103,-163,-93,-170,-81,-176,-69,-181,-57,-184,-44,-188,-32,-190,-19,-192,-7,-193]]]
2356157	p	2357048
2357043	n	-2.651,13.3539,-2.189,13.8061	[[[-26510,135800,11,-222,33,-219,55,-215,76,-209,97,-201,117,-190,135,-178,152,-165,168,-149,182,-132,195,-114,205,-95,213,-75,220,-54,225,-32,226,-11,226,11,225,32,220,54,213,75,205,95,195,114,182,132,168,149,152,165,135,178,117,190,97,201,76,209,55,215,33,219,11,222,-11,222,-33,219,-55,215,-76,209,-97,201,-117,190,-135,178,-152,165,-168,149,-182,132,-195,114,-205,95,-213,75,-220,54,-225,32,-226,11,-226,-11,-225,-32,-220,-54,-213,-75,-205,-95,-195,-114,-182,-132,-168,-149,-152,-165,-135,-178,-117,-190,-97,-201,-76,-209,-55,-215,-33,-219,-11,-222]]]
2359608	n	-1.3106,12.8638,-0.8494,13.3161	[[[-13106,130900,11,-222,34,-219,55,-215,76,-209,97,-201,116,-190,135,-178,152,-165,167,-149,182,-132,194,-114,205,-95,213,-75,219,-54,224,-32,226,-11,226,11,224,32,219,54,213,75,205,95,194,114,182,132,167,149,152,165,135,178,116,190,97,201,76,209,55,215,34,219,11,222,-11,222,-34,219,-55,215,-76,209,-97,201,-116,190,-135,178,-152,165,-167,149,-182,132,-194,114,-205,95,-213,75,-219,54,-224,32,-226,11,-226,-11,-224,-32,-219,-54,-213,-75,-205,-95,-194,-114,-182,-132,-167,-149,-152,-165,-135,-178,-116,-190,-97,-201,-76,-209,-55,-215,-34,-219,-11,-222]]]
2362909	r	-5.2261,10.1689,-4.2739,11.1105	[[[-52261,106400,11,-308,30,-307,51,-304,71,-300,90,-295,110,-289,128,-280,147,-272,165,-262,181,-251,198,-238,213,-225,227,-211,241,-195,253,-180,265,-162,274,-146,284,-127,292,-109,298,-89,303,-70,308,-50,310,-30,311,-11,311,11,310,30,308,50,303,70,298,89,292,109,284,127,274,146,265,162,253,180,241,195,227,211,213,225,198,238,181,251,165,262,147,272,128,280,110,289,90,295,71,300,51,304,30,307,11,308,-11,308,-30,307,-23,136,-4864,3954,-144,-5,-310,-30,-308,-50,-303,-70,-298,-89,-292,-109,-284,-127,-274,-146,-265,-162,-253,-180,-241,-195,-227,-211,-213,-225,-198,-238,-181,-251,-165,-262,-147,-272,-128,-280,-110,-289,-90,-295,-71,-300,-51,-304,-30,-307,-11,-308]]]
2356300	n	-0.6599,12.0239,-0.2002,12.4761	[[[-6598,122500,11,-222,33,-219,55,-215,76,-209,96,-201,116,-190,135,-178,151,-165,167,-149,181,-132,194,-114,204,-95,212,-75,219,-54,223,-32,225,-11,225,11,223,32,219,54,212,75,204,95,194,114,181,132,167,149,151,165,135,178,116,190,96,201,76,209,55,215,33,219,11,222,-11,222,-33,219,-55,215,-76,209,-96,201,-116,190,-135,178,-151,165,-167,149,-181,132,-194,114,-204,95,-212,75,-219,54,-223,32,-225,11,-225,-11,-223,-32,-219,-54,-212,-75,-204,-95,-194,-114,-181,-132,-167,-149,-151,-165,-135,-178,-116,-190,-96,-201,-76,-209,-55,-215,-33,-219,-11,-222]]]
2360073	r	-4.0988,10.8615,-2.8729,12.0054	[[[-40988,117851,3899,-8953,214,-64,413,-95,417,-68,422,-41,423,-14,423,14,422,41,417,68,413,95,405,121,396,147,386,173,373,197,360,220,344,243,327,265,309,286,290,305,268,323,247,339,224,355,199,369,175,380,149,391,123,400,96,407,69,412,42,415,14,418,-14,418,-42,415,-69,412,-96,407,-123,400,-149,391,-175,380,-199,369,-224,355,-247,339,-268,323,-290,305,-35,33,-8493,507,-313,-254,-309,-286,-290,-305,-268,-323,-247,-339,-224,-355,-184,-341]]]
2360886	n	0.1303,11.8339,0.5896,12.2861	[[[1304,120600,11,-222,33,-219,54,-215,76,-209,97,-201,116,-190,134,-178,151,-165,167,-149,181,-132,193,-114,204,-95,212,-75,219,-54,223,-32,225,-11,225,11,223,32,219,54,212,75,204,95,193,114,181,132,167,149,151,165,134,178,116,190,97,201,76,209,54,215,33,219,11,222,-11,222,-33,219,-54,215,-76,209,-97,201,-116,190,-134,178,-151,165,-167,149,-181,132,-193,114,-204,95,-212,75,-219,54,-223,32,-225,11,-225,-11,-223,-32,-219,-54,-212,-75,-204,-95,-193,-114,-181,-132,-167,-149,-151,-165,-134,-178,-116,-190,-97,-201,-76,-209,-54,-215,-33,-219,-11,-222]]]
2357109	p	2357048
2361477	r	-3.7266,12.1979,-3.1934,12.7221	[[[-37266,124600,5,-171,17,-171,29,-169,39,-167,51,-165,62,-160,72,-156,82,-152,92,-145,102,-140,110,-132,120,-126,127,-117,135,-109,142,-100,148,-90,154,-81,159,-71,163,-60,167,-50,170,-39,172,-28,174,-17,174,-5,174,5,174,17,172,28,170,39,167,50,163,60,159,71,154,81,148,90,142,100,135,109,127,117,120,126,110,132,102,140,92,145,82,152,72,156,62,160,51,165,39,167,29,169,17,171,5,171,-5,171,-17,171,-29,169,-39,167,-51,165,-62,160,-72,156,-82,152,-92,145,-102,140,-110,132,-120,126,-127,117,-135,109,-142,100,-148,90,-154,81,-159,71,-163,60,-167,50,-170,39,-172,28,-174,17,-174,5,-174,-5,-174,-17,-172,-28,-170,-39,-167,-50,-163,-60,-159,-71,-154,-81,-148,-90,-142,-100,-135,-109,-127,-117,-120,-126,-110,-132,-102,-140,-92,-145,-82,-152,-72,-156,-62,-160,-51,-165,-39,-167,-29,-169,-17,-171,-5,-171]]]
2354675	r	-0.6432,11.5107,-0.0968,12.0308	[[[-6432,117800,5,-176,18,-176,29,-173,41,-172,52,-169,63,-165,73,-160,85,-156,94,-149,104,-143,114,-137,122,-128,130,-121,139,-112,145,-102,152,-93,157,-83,163,-73,168,-62,171,-51,174,-40,176,-29,178,-17,179,-6,179,6,178,17,176,29,174,40,171,51,168,62,163,73,157,83,152,93,145,102,139,112,130,121,122,128,114,137,104,143,94,149,85,156,73,160,63,165,52,169,41,172,29,173,18,176,5,176,-5,176,-18,176,-29,173,-41,172,-52,169,-63,165,-73,160,-85,156,-94,149,-104,143,-114,137,-122,128,-130,121,-139,112,-145,102,-152,93,-157,83,-163,73,-53,20,-2575,-314,-81,-57,-139,-112,-130,-121,-122,-128,-114,-137,-104,-143,-94,-149,-85,-156,-73,-160,-63,-165,-52,-169,-41,-172,-29,-173,-18,-176,-5,-176]]]
2361177	r	-2.1863,13.674,-1.0737,14.6259	[[[-21863,141000,10,-275,2748,-3985,7163,888,55,65,212,289,192,302,172,314,150,323,129,333,105,340,83,346,59,351,36,354,12,355,-12,355,-36,354,-59,351,-83,346,-105,340,-129,333,-150,323,-172,314,-192,302,-212,289,-231,274,-249,260,-265,243,-282,225,-296,207,-309,188,-321,168,-331,146,-341,125,-348,104,-54,12,-2055,-1298,-698,-129,-703,-36,-821,63,-479,-22,-301,-130,-79,-265,-184,-2456,-39,-105,-86,-69,-491,-215,-193,-85,-155,-24,-321,73,-297,138,-35,-344,-12,-355]]]
2359142	n	-1.7608,13.1039,-1.2992,13.5561	[[[-17608,133300,11,-222,33,-219,55,-215,77,-209,97,-201,116,-190,135,-178,152,-165,168,-149,182,-132,194,-114,205,-95,213,-75,220,-54,224,-32,226,-11,226,11,224,32,220,54,213,75,205,95,194,114,182,132,168,149,152,165,135,178,116,190,97,201,77,209,55,215,33,219,11,222,-11,222,-33,219,-55,215,-77,209,-97,201,-116,190,-135,178,-152,165,-168,149,-182,132,-194,114,-205,95,-213,75,-220,54,-224,32,-226,11,-226,-11,-224,-32,-220,-54,-213,-75,-205,-95,-194,-114,-182,-132,-168,-149,-152,-165,-135,-178,-116,-190,-97,-201,-77,-209,-55,-215,-33,-219,-11,-222]]]
2358382	r	-2.6212,10.9849,-1.5988,11.6051	[[[-26212,111000,11,-330,32,-329,55,-326,33,-143,1683,17,821,8,21,1,1577,15,30,0,635,-54,2226,-10,-4,92,1551,15,1445,14,10,45,55,326,32,329,11,330,-11,330,-32,329,-55,326,-76,322,-97,317,-118,309,-138,301,-158,291,-176,281,-195,269,-212,255,-229,241,-244,226,-259,210,-272,193,-284,174,-295,156,-305,136,-313,117,-320,96,-326,75,-330,54,-333,32,-334,11,-334,-11,-333,-32,-330,-54,-326,-75,-320,-96,-313,-117,-305,-136,-295,-156,-284,-174,-272,-193,-259,-210,-244,-226,-229,-241,-212,-255,-195,-269,-176,-281,-158,-291,-138,-301,-118,-309,-97,-317,-76,-322,-55,-326,-32,-329,-11,-330]]]
2361082	r	-0.6435,13.4308,0.543,14.6292	[[[-6435,140300,14,-392,39,-390,65,-387,91,-382,117,-375,141,-367,166,-357,189,-346,212,-333,234,-319,255,-303,274,-286,293,-268,310,-249,327,-228,341,-207,354,-185,365,-162,376,-138,384,-114,391,-89,396,-64,400,-38,401,-13,401,13,400,38,396,64,391,89,384,114,376,138,365,162,354,185,341,207,327,228,310,249,293,268,274,286,255,303,234,319,212,333,189,346,166,357,61,158,-236,151,-152,138,-42,56,-79,108,-85,185,-78,86,-209,135,-62,72,-5,105,82,180,4,88,-108,117,-175,89,-165,109,-80,177,-20,177,-105,88,-130,62,-92,103,-1,88,82,160,12,65,-43,85,-55,53,-62,47,-62,68,-127,186,-44,115,43,117,239,363,48,118,52,310,37,91,95,119,10,83,-28,57,-424,560,-1440,1279,-137,123,-299,483,-59,506,179,494,-36,13,-384,114,-391,89,-396,64,-400,38,-401,13,-401,-13,-400,-38,-396,-64,-391,-89,-384,-114,-376,-138,-365,-162,-354,-185,-341,-207,-327,-228,-310,-249,-293,-268,-274,-286,-255,-303,-234,-319,-212,-333,-189,-346,-166,-357,-141,-367,-117,-375,-91,-382,-65,-387,-39,-390,-14,-392]]]
2353257	p	2357048
2358100	r	-1.4372,11.298,-0.704,12.022	[[[-14372,116600,8,-237,24,-236,39,-233,54,-231,70,-227,85,-221,99,-216,113,-209,127,-201,140,-193,152,-183,165,-173,175,-162,186,-150,195,-138,204,-125,212,-112,219,-98,225,-83,230,-69,234,-54,237,-38,239,-24,240,-7,240,7,239,24,237,38,234,54,230,69,225,83,219,98,212,112,204,125,195,138,186,150,175,162,165,173,152,183,140,193,127,201,113,209,99,216,85,221,70,227,54,231,39,233,19,188,-321,1789,-45,97,-113,209,-127,201,-140,193,-152,183,-165,173,-175,162,-186,150,-195,138,-204,125,-212,112,-219,98,-225,83,-230,69,-234,54,-237,38,-239,24,-240,7,-240,-7,-239,-24,-237,-38,-234,-54,-230,-69,-225,-83,-219,-98,-212,-112,-204,-125,-195,-138,-186,-150,-175,-162,-165,-173,-152,-183,-140,-193,-127,-201,-113,-209,-99,-216,-85,-221,-70,-227,-54,-231,-39,-233,-24,-236,-8,-237]]]
