727011	r	22.4528,42.2802,23.994,43.0419	[[[224528,426727,2254,-1288,1361,-777,2709,-1549,2947,191,2647,-460,241,-42,2319,2519,-47,41,-6,53,-48,48,91,5,33,52,47,3,94,82,100,4,590,640,22,100,43,325,15,326,-15,326,-43,325,-72,322,-71,226,-8771,2220,-1650,-125,10,-16,-171,-20,-373,-65,-283,-64,-78,-54,-133,-138,0,-2,-1,-1,-1,0,-130,-37,-277,-48,-117,-52,-70,-84,-62,-127,-177,-485,-59,-112,-8,-15,-118,-105,-304,-95,-304,-55,-753,150,-5,-1,-8,-6,-243,-219,-223,-231,-203,-242,-181,-250,-158,-259,-120,-235,46,-28,12,-30,3,-30,-3,-31,-12,-30,-133,-94,-35,-49,-4,-10,-87,-277,-27,-120],[232117,425857,109,67,-76,-47,-33,-20]]]
728193	r	24.4826,41.7634,25.2716,42.4568	[[[244826,419206,94,4,93,-34,86,11,103,-106,-14,-142,130,-86,65,2,98,-55,12,-83,83,64,109,-12,91,34,19,30,118,14,77,62,191,26,104,102,154,-9,111,46,150,-16,19,-11,114,-2,32,-4,13,-5,39,0,17,-2,4,-1,2,-2,11,-20,18,-10,104,-11,9,-16,6,-3,42,-54,43,-2,11,-5,15,4,11,-38,60,25,2,-1,5,4,16,6,12,-5,16,13,14,-2,12,17,46,-22,13,1,17,-7,4,-4,37,-10,-13,-40,34,11,24,-2,20,16,37,-64,1,-3,2,-2,23,-40,-1,-23,18,-6,11,-18,-8,-10,3,-9,-1,-4,-6,-3,5,0,-9,-37,60,-40,80,-172,90,-41,-122,-123,79,-47,-126,9,7,-78,-72,-22,-27,-102,-105,-8,2087,-399,-20,28,12,85,76,105,-33,42,8,59,49,62,-6,41,2,0,61,35,7,10,26,18,8,2,13,11,54,69,18,10,16,23,3,14,24,31,8,5,3,9,108,34,14,20,0,13,10,26,5,4,15,-10,4,-5,7,-2,52,-36,1,-9,11,-10,28,-47,126,-50,9,-11,54,-14,1,-16,11,-14,13,-36,-30,-32,3,-3,-21,-29,-3,-1,-12,-18,-5,-6,1,-1,-1,0,3,-1,38,-35,0,-1,2,-1,1,-1,24,-11,18,-1,11,6,5,-1,5,-10,11,8,28,-3,10,-7,6,5,37,-4,1,-2,7,1,2,-1,1,1,5,0,8,7,12,6,9,-2,34,11,18,14,6,13,23,12,2,0,9,-19,84,18,19,-17,-4,-9,17,-5,3,10,4,-3,5,-3,-11,-12,0,-8,10,-1,-6,-10,-23,-9,11,-7,-7,-5,1,-19,9,-4,-8,4,26,-12,9,-7,-3,-6,38,6,6,-8,-8,-4,9,-1,4,-9,-4,-12,14,-11,37,25,3,29,57,1,16,8,15,24,88,9,54,2,64,22,37,-4,-1,9,-32,16,-5,34,-18,2,-10,20,-13,6,-1,12,-39,13,2,7,13,4,-10,14,12,32,-3,19,7,15,26,14,0,15,22,3,8,13,17,3,10,26,86,13,14,-5,26,8,11,-3,57,26,22,23,10,-5,22,8,9,11,-10,9,3,16,23,29,29,19,-3,46,-20,32,9,39,481,350,12,49,402,1657,361,1488,-703,710,-620,-308,0,1,-95,188,-111,183,-127,177,-142,171,-157,163,-170,155,-184,147,-197,137,-207,127,-219,117,-229,106,-237,95,-245,83,-252,71,-257,58,-262,45,-265,33,-268,20,-269,6,-269,-6,-268,-20,-265,-33,-262,-45,-257,-58,-204,-58,-621,-2805,24,-16,-29,-10,-506,-2284,-17,-27]]]
726050	r	27.4116,42.8544,28.3201,43.4449	[[[274116,432092,6,-131,32,-239,53,-236,75,-233,94,-229,115,-225,135,-218,154,-211,172,-203,190,-195,208,-185,223,-175,238,-164,252,-152,266,-139,277,-127,288,-112,297,-99,306,-85,312,-69,318,-55,322,-39,325,-23,172,-4,94,53,-56,150,56,676,-36,206,-150,457,-18,224,41,111,78,72,88,66,71,93,117,411,7,0,14,65,28,20,19,97,19,42,1,1,47,16,34,51,8,129,25,33,5,42,5,12,3,26,11,13,10,69,-8,39,-22,-8,-50,55,-168,92,0,14,-3,98,31,56,36,32,43,2,5,-19,12,8,-10,12,41,26,25,3,10,-11,-6,-8,14,8,-13,8,24,22,59,3,7,-3,-1,-13,-10,-3,19,1,-6,8,8,8,29,8,49,-4,12,17,55,33,137,27,17,-7,5,-6,-10,-8,15,7,-8,10,8,7,13,2,2,-6,3,6,22,1,25,-8,14,-13,-10,-5,26,0,15,-10,-9,7,19,10,32,-9,4,-13,12,6,-11,4,-2,14,49,33,35,-6,-17,-23,36,32,37,7,-22,3,5,20,14,4,10,-8,0,10,25,13,9,-6,-19,-10,13,2,-5,-6,16,16,-7,11,4,3,-7,-1,-8,11,10,12,13,0,-11,3,8,1,0,9,-7,3,1,1,8,0,-5,2,23,12,127,153,-1,-5,4,9,5,6,559,1063,46,87,272,275,384,163,208,22,652,-22,184,32,376,140,209,31,-143,147,-24,21,-8668,-1098,-84,-204,-75,-233,-23,-106,-68,-716]]]
732770	r	26.9782,42.1306,27.8951,42.8894	[[[269782,426131,136,-2367,59,-116,138,-226,158,-219,176,-211,195,-202,212,-192,229,-181,244,-170,259,-157,272,-145,284,-131,295,-117,305,-102,313,-88,320,-72,326,-56,330,-41,333,-24,334,-8,334,8,333,24,330,41,326,56,320,72,313,88,305,102,295,117,284,131,272,145,213,129,-288,140,19,38,5,10,43,27,-245,151,-47,185,118,186,249,154,-88,53,-47,54,2,55,58,55,0,62,-159,-6,-124,-29,-117,-11,-146,46,-114,103,-61,139,12,137,95,99,-94,14,-42,25,-74,98,152,56,58,12,0,75,-111,-20,-88,12,-56,50,-18,94,-240,-122,-155,24,-98,124,-59,173,33,16,20,-3,10,10,5,51,-139,30,-99,-27,-99,-47,-140,-30,-79,33,-81,57,-85,13,-91,-103,-176,118,-57,-27,-20,-1,-5,-8,6,6,12,0,-36,-17,-5,-8,-13,1,12,-2,-74,-107,-122,-86,-47,10,-9,7,3,14,-62,20,-59,51,-17,-9,-6,3,-57,45,-37,38,-4,14,13,7,-23,-3,-29,20,-16,27,2,19,-13,-18,-19,-1,-3,-2,-32,26,-55,-160,-6,-7,-16,13,8,-4,7,4,-17,33,-19,5,28,53,-123,96,-5,149,58,59,-17,-32,28,-16,9,-2,10,16,11,1,14,24,-10,11,7,4,41,-1,14,-26,-33,-60,34,-12,39,68,53,-1,-2,-71,-15,-33,17,32,4,54,9,2,-9,1,3,13,8,-3,18,40,2,-3,-4,-31,10,-2,-1,-14,8,-4,-4,53,-8,7,92,203,70,247,121,191,27,18,13,5,24,-13,-17,13,23,13,10,-13,-8,-19,11,19,-8,11,8,7,12,4,9,-9,-5,8,14,9,10,2,7,-8,1,8,10,5,10,-4,-3,5,15,7,16,-13,-7,12,13,7,19,-16,-5,10,13,7,13,-10,41,11,28,-3,14,30,-22,5,4,26,13,5,931,-18,162,-56,-88,167,-110,279,-20,263,183,116,225,31,435,140,268,34,-154,59,-71,75,-12,92,32,109,66,139,71,60,105,16,442,-9,537,-69,512,22,24,70,4,32,0,1,-195,202,-212,192,-229,181,-244,170,-259,157,-272,145,-284,131,-295,117,-305,102,-313,88,-320,72,-326,56,-330,41,-333,24,-334,8,-334,-8,-333,-24,-330,-41,-326,-56,-320,-72,-313,-88,-305,-102,-295,-117,-284,-131,-272,-145,-259,-157,-244,-170,-229,-181,-212,-192,-195,-202,-176,-211,-158,-219,-138,-226,-118,-232,-77,-189],[274629,424375,54,-15,2,-2,-1,0,-27,-75,-28,92],[274711,424863,19,-7,-18,5,-1,2]]]
726848	r	25.0767,42.1366,26.1044,42.7568	[[[250767,424922,1246,-2129,703,-710,1786,-154,1,0,725,-63,-7,-52,61,-16,11,63,2174,-187,3577,-308,-323,2991,-2249,3211,-963,-8,-6742,-2638]]]
727523	r	25.5844,43.5341,26.3851,44.0463	[[[255844,436790,38,-45,166,-168,181,-160,194,-151,208,-141,220,-131,232,-121,241,-109,252,-97,259,-86,266,-72,273,-60,277,-47,281,-34,283,-20,285,-7,285,7,283,20,281,34,277,47,272,59,2945,2823,8,169,-9,207,-28,205,-47,204,-64,202,-83,197,-100,194,-118,188,-134,183,-150,175,-166,168,-45,40,-592,-188,-808,-151,-345,-135,-369,-299,-177,-192,-73,-155,-330,-175,126,-202,-309,-100,-182,-88,-319,-187,-34,26,12,10,-48,37,-21,-17,-100,51,-5,-4,-88,-108,-81,-142,-471,-435,-300,-125,-330,-247,-19,-38,-233,-279,-415,-131,-67,-1,-615,-14,-179,-93,-156,-108,-214,-96,-226,-70,-95,-17]]]
728203	r	23.9974,43.1769,25.269,43.8024	[[[239974,435665,1435,-3896,2887,535,62,-19,-15,-19,-1,-16,26,-20,23,-6,-13,-14,2,-6,22,13,6,-13,10,7,14,-12,60,-2,47,-11,35,-18,12,3,24,-7,14,35,22,14,48,52,69,34,55,10,76,-44,-6,-21,7,-8,60,5,29,-6,15,-16,25,0,79,-24,62,-36,46,-20,35,-4,40,-22,67,21,1,-16,48,8,40,-27,148,5,36,-2,70,-19,34,1,16,6,5,-25,16,-10,5,-13,17,-6,14,-6,2,1,197,73,0,26,26,19,91,19,15,-4,6,5,20,0,9,6,23,-4,11,33,54,5,3,12,18,4,-3,8,12,-4,14,8,28,-2,10,-19,6,16,39,-4,2,7,-74,18,5,17,-19,44,12,11,33,10,10,11,-1,13,30,-1,30,9,-2,7,-18,3,-7,7,11,0,12,25,26,-9,8,42,-11,3,13,25,41,-12,22,32,27,-6,29,31,-28,217,16,14,-19,47,23,-14,-3,-12,20,-18,11,3,26,-48,56,-34,18,-30,17,-65,-6,-63,74,2,58,-8,8,23,43,52,-18,45,-21,24,-3,21,2,18,25,49,-3,11,101,-13,-10,4,-10,17,125,24,93,42,-9,47,145,15,-12,58,124,13,14,91,125,5,6,18,-3,61,388,19,1,-5,122,-2,1,21,56,8,21,-14,1,3,104,-56,89,-36,-3,-17,3697,686,665,1064,-3,23,-69,308,-98,305,-124,300,-151,293,-177,285,-201,276,-226,266,-250,255,-54,48,-521,28,-1179,307,-2111,-108,-470,50,-438,119,-1617,438,-338,29,-351,-82,-557,-303,-173,-39,-215,-7,-1773,-64,-73,14,-241,-188,-271,-242,-250,-255,-226,-266,-201,-276,-177,-285,-151,-293,-30,-73]]]
727079	r	25.8472,42.4357,26.9339,43.0411	[[[258472,427568,2249,-3211,1001,436,1,-17,53,-13,24,-46,-98,-187,96,-15,-27,-23,54,10,-6,-58,115,4,9,81,54,-4,10,30,229,-11,88,154,61,-22,84,48,156,-72,23,-51,70,10,1,-88,153,-6,-15,82,151,-22,18,-90,131,1,-12,20,73,32,36,-45,153,46,-69,46,48,61,228,-25,-27,25,-4,127,112,8,83,171,67,-11,201,32,55,108,-60,69,-64,28,-9,116,-42,28,-10,73,70,5,142,82,4,52,-36,32,127,41,9,31,-46,13,76,89,88,-49,51,-81,214,-109,166,29,10,34,116,23,59,-15,-14,28,67,91,153,44,-37,42,88,5,14,-52,283,-50,318,148,-59,18,-30,89,257,34,-5,18,109,43,31,208,80,30,106,-11,18,-39,-83,10,-78,-94,266,-24,-1,66,150,-5,-30,145,74,5,4,51,78,0,-43,221,34,112,-29,61,-173,0,-84,32,-20,34,2929,1276,-1499,820,-3286,757,-1330,307,-1,0,-1806,417,-2945,-2843]]]
728330	p	727011
727233	r	26.7293,42.9334,27.3792,43.6046	[[[267293,434077,455,-4283,31,-294,233,-51,292,-50,297,-36,299,-22,300,-7,300,7,299,22,297,36,292,50,288,64,281,77,274,91,265,104,255,116,244,129,232,139,220,151,205,161,191,170,175,179,158,187,142,194,124,201,106,206,87,211,68,214,49,218,30,219,10,220,-10,220,-30,219,-49,218,-68,214,-87,211,-106,206,-124,201,-142,194,-158,187,-175,179,-191,170,-205,161,-220,151,-232,139,-244,129,-255,116,-265,104,-274,91,-281,77,-288,64,-292,50,-297,36,-126,9,-2380,-1969]]]
726418	r	27.3972,43.3449,28.2628,43.8758	[[[273972,435600,9,-207,28,-205,46,-204,65,-201,82,-198,100,-193,116,-189,134,-182,149,-175,165,-168,180,-160,89,-69,3190,404,3949,500,24,39,100,193,82,198,65,201,46,204,28,205,9,207,-9,207,-28,205,-46,204,-65,201,-82,198,-100,193,-116,189,-134,182,-149,175,-165,168,-180,160,-194,151,-192,131,-1020,336,-338,193,-28,72,-91,25,-271,60,-276,47,-279,33,-282,21,-283,7,-283,-7,-282,-21,-279,-33,-276,-47,-271,-60,-265,-73,-258,-85,-250,-98,-240,-109,-231,-120,-219,-131,-206,-141,-194,-151,-180,-160,-165,-168,-149,-175,-134,-182,-116,-189,-100,-193,-82,-198,-65,-201,-46,-204,-28,-205,-9,-207]]]
733191	r	22.77,41.5342,23.7481,42.3304	[[[227700,420440,6,0,103,-8,44,-41,24,-65,34,-68,78,-46,71,2,153,40,57,-3,112,-56,55,-50,19,-71,2,-5,8,-133,3,-1,79,-109,23,-107,18,-240,74,-230,108,-229,15,-70,-4,-147,26,-76,13,-11,29,-24,117,-48,47,-40,63,-118,106,-343,214,-376,62,-74,110,-36,236,-10,107,-37,177,-211,1,-32,6,-203,-110,-233,-132,-159,-88,-106,-65,-146,-31,-50,-55,-25,-157,-34,-49,-35,-48,-114,-31,-139,-9,-143,16,-134,32,-57,95,-112,23,-67,-8,-59,-20,-67,274,-48,419,-52,423,-31,425,-11,425,11,423,31,419,52,414,72,407,92,397,112,387,131,375,150,361,168,346,185,328,202,310,217,291,232,269,246,248,258,224,270,201,281,175,289,150,298,123,304,97,309,69,314,42,316,0,2,-680,2497,-177,248,-178,215,-2647,460,-2947,-191,-3152,-2673]]]
730435	r	25.1953,41.6897,25.9279,42.1929	[[[251953,418938,13,-58,3566,-1302,15,0,81,-20,46,15,81,4,76,15,81,25,3,-20,-37,-74,14,-13,12,-1,-7,-19,38,-8,26,-26,8,2,17,-9,21,19,5,-5,15,3,2,-13,22,-6,14,-43,36,-18,34,0,40,-29,22,-7,6,-14,54,-6,35,-20,28,4,-3,-22,1081,-395,42,17,204,95,196,105,186,114,176,123,164,132,153,139,140,147,127,153,114,159,99,164,85,169,70,173,54,175,40,178,23,180,8,180,-8,180,-23,180,-40,178,-54,175,-70,173,-85,169,-99,164,-114,159,-127,153,-140,147,-153,139,-164,132,-176,123,-186,114,-196,105,-177,83,-2174,187,-11,-63,-61,16,7,52,-725,63,-86,-20,-225,-63,-219,-75,-213,-85,-204,-95,-196,-105,-186,-114,-176,-123,-164,-132,-153,-139,-140,-147,-127,-153,-59,-83,-402,-1657]]]
725578	r	26.0968,42.1786,26.9059,42.7249	[[[260968,424464,7,-57,44,-195,60,-192,77,-189,94,-184,109,-180,125,-174,141,-168,154,-160,169,-152,182,-144,193,-135,206,-125,216,-115,225,-104,235,-93,242,-82,248,-69,254,-57,259,-45,262,-32,265,-20,265,-6,265,6,265,20,262,32,259,45,254,57,248,69,242,82,235,93,225,104,216,115,206,125,193,135,182,144,169,152,154,160,141,168,125,174,109,180,94,184,77,189,60,192,44,195,26,196,8,197,-8,197,-26,196,-44,195,-60,192,-77,189,-94,184,-109,180,-125,174,-141,168,-154,160,-169,152,-182,144,-193,135,-206,125,-108,58,-953,-415,20,-34,84,-32,173,0,29,-61,-34,-112,43,-221,-78,0,-4,-51,-74,-5,30,-145,-150,5,1,-66,-266,24,78,94,83,-10,-18,39,-106,11,-80,-30,-31,-208,-109,-43,5,-18,-257,-34,30,-89,59,-18,-318,-148,-283,50,-14,52,-88,-5,37,-42,-153,-44,-67,-91,14,-28,-59,15,-116,-23,-10,-34,-166,-29,-214,109,-51,81,-88,49,-76,-89,46,-13,-9,-31,-127,-41,36,-32,-4,-52,-142,-82,-70,-5,10,-73,42,-28,9,-116,64,-28,60,-69,-55,-108,-201,-32,-67,11,-83,-171,-112,-8,4,-127,27,-25,-228,25,-48,-61,69,-46,-153,-46,-36,45,-73,-32,12,-20,-131,-1,-18,90,-151,22,15,-82,-153,6,-1,88,-70,-10,-23,51,-156,72,-84,-48,-61,22,-88,-154,-229,11,-10,-30,-54,4,-9,-81,-115,-4,6,58,-54,-10,27,23,-96,15,98,187,-24,46,-53,13,-1,17,-754,-329]]]
725993	r	25.2616,42.8049,26.0089,43.3587	[[[252616,431445,4276,-3396,147,18,242,41,237,53,232,65,226,75,219,86,210,96,202,106,192,116,180,125,170,133,157,141,145,148,131,155,117,161,102,166,87,170,72,175,57,177,40,180,24,182,8,182,-8,182,-24,182,-40,180,-57,177,-72,175,-87,170,-102,166,-117,161,-131,155,-145,148,-157,141,-170,133,-180,125,-192,116,-202,106,-210,96,-219,86,-226,75,-232,65,-237,53,-242,41,-244,30,-247,18,-248,6,-248,-6,-247,-18,-244,-30,-242,-41,-237,-53,-232,-65,-226,-75,-219,-86,-210,-96,-202,-106,-192,-116,-180,-125,-170,-133,-157,-141,-145,-148,-131,-155,-117,-161,-102,-166,-87,-170,-72,-175,-24,-76]]]
728378	r	23.6687,41.6633,24.6427,42.7588	[[[236687,422802,114,-421,680,-2497,0,-1,132,-485,-60,-106,67,-71,46,-17,128,-472,-21,-38,41,-71,13,-10,62,-231,-25,-58,44,-10,457,-1681,1737,563,-21,-52,72,-67,96,-33,43,-61,56,65,128,-56,18,-79,-69,-47,160,-53,26,-48,39,-5,28,-75,153,116,1,0,104,45,66,83,-38,7,3,34,93,15,86,48,-68,79,166,-28,42,50,86,36,70,-37,-13,53,65,40,113,39,44,-33,96,170,64,-18,-5,-111,112,-69,59,-1,1,28,78,-39,287,20,59,-77,81,-9,32,-55,2,0,40,54,53,-35,88,-11,62,102,198,28,2,4,1,2,23,83,-25,104,44,21,12,59,31,29,4,9,9,2,3,3,6,6,15,13,48,0,3,0,1,0,3,-1,3,-8,23,-33,75,47,28,17,-27,68,-92,76,-15,99,31,10,18,78,35,27,-26,65,27,71,113,117,-23,102,27,44,117,-8,166,285,94,-22,64,16,-9,23,43,30,181,-2,160,71,7,0,33,-2,28,-2,-26,51,15,53,49,28,-23,53,144,91,63,1,-36,44,82,8,5,0,-26,35,-84,15,26,62,-75,48,38,35,-49,-1,-13,33,-39,1,65,51,33,-1,7,-26,40,20,-1,1,-15,38,-66,9,65,22,87,-70,42,-99,118,23,78,-37,103,6,17,27,506,2284,29,10,-24,16,621,2805,451,2037,-74,16,-4,1,-2177,491,-3,1,-3076,694,-1232,-1339,-590,-640,-100,-4,-94,-82,-47,-3,-33,-52,-91,-5,48,-48,6,-53,47,-41,-2319,-2519]]]
733618	p	728193
725712	r	23.0968,42.8126,24.1409,43.6903	[[[230968,430419,8771,-2220,285,-73,189,114,334,230,313,245,178,159,371,2895,-1435,3896,-205,555,-282,149,-389,177,-404,158,-417,139,-218,60,-7091,-6484]]]
731549	r	24.7954,42.4943,25.7509,43.2051	[[[247954,427212,51,-100,152,-247,173,-240,195,-230,214,-221,233,-210,252,-198,269,-185,284,-173,299,-158,313,-143,324,-128,107,-36,6689,2617,-617,489,-5040,4002,-3898,-4839]]]
729114	r	22.5292,43.0294,23.8028,43.8563	[[[225292,434672,34,-24,332,-115,69,-51,141,-138,95,-52,106,-18,216,9,93,-19,76,-61,111,-171,24,-19,58,-46,95,-26,190,8,97,-9,165,-53,49,-26,87,-46,715,-525,126,-135,37,-80,31,-182,31,-79,62,-68,241,-177,265,-263,140,-103,177,-81,492,-78,167,-54,15,-117,17,-127,-106,-334,-184,-329,-203,-227,-82,-45,-169,-58,-85,-56,-50,-70,-72,-183,-53,-77,-15,-11,491,-62,1650,125,7059,6455,-44,52,-265,271,-289,257,-311,243,-332,227,-352,211,-370,194,-85,39,-52,6,-471,189,-9973,-3145,-1,-1,-103,-325,-74,-328,-13,-92]]]
729730	r	22.345,42.0424,23.0447,42.5439	[[[223450,423134,986,-990,378,-211,133,-287,122,-157,33,-41,209,-157,867,-464,94,-36,487,-185,298,-47,46,-29,37,-44,44,-41,67,-20,449,15,2746,2329,1,31,-8,173,-22,172,-38,170,-26,83,-3571,2041,-114,-3,-231,-17,-229,-28,-226,-39,-222,-50,-217,-61,-212,-71,-128,-52,46,-41,76,-141,0,-2,40,-150,-34,-208,-136,-367,-107,-160,-112,-57,-125,-20,-153,-55,-154,-149,-159,-367,-145,-142,-182,-43,-417,-6,-191,-76]]]
729794	r	25.0448,41.2381,25.9514,41.8889	[[[250448,415889,222,-989,138,10,24,61,-38,34,54,26,-18,28,74,107,132,101,200,-69,70,-54,116,4,114,-122,133,-33,6,-80,52,-69,-84,-174,11,-89,-122,-116,-26,-82,-37,-14,53,-23,131,38,103,-21,2,-53,-74,19,-23,-30,17,-69,93,-33,-93,-65,-79,20,-44,-16,-38,-104,58,-5,6,-148,29,-23,-75,-88,-82,-33,-34,13,-13,-146,-113,-31,-24,-51,31,-31,-31,-15,91,-68,222,-35,5,-45,64,-14,71,-43,6,-36,64,-22,1,-111,-92,34,-50,-28,-52,75,-83,-29,-82,77,-107,0,-98,110,36,83,-149,2,-81,-72,14,-11,77,-99,39,-35,373,-132,41,-14,192,-122,426,-442,32,-14,162,-74,127,-15,105,-13,234,13,799,195,10,11,43,3,0,-1,612,150,36,10,4,0,129,31,0,1,13,14,77,2,8,1,11,5,10,19,37,-9,53,0,19,22,7,29,24,8,94,-17,14,1,26,15,67,-24,65,8,35,-13,28,0,73,-18,86,80,65,111,78,94,135,35,31,-2,3,2,25,1,23,17,8,17,76,-18,64,17,48,-39,61,-13,544,-28,98,-26,209,-93,95,-20,112,12,68,35,61,46,11,8,79,44,44,24,5,2,107,28,184,10,56,3,22,14,279,196,261,210,243,222,222,234,202,244,180,254,158,261,134,269,111,275,87,280,62,284,26,198,-2116,772,-1010,369,-71,26,3,22,-28,-4,-35,20,-54,6,-6,14,-22,7,-40,29,-34,0,-36,18,-14,43,-22,6,-2,13,-15,-3,-5,5,-21,-19,-17,9,-8,-2,-26,26,-38,8,7,19,-12,1,-14,13,37,74,-3,20,-81,-25,-76,-15,-81,-4,-46,-15,-81,20,-15,0,-3109,1135,-482,176,-481,-350,-9,-39,20,-32,3,-46,-29,-19,-23,-29,-3,-16,10,-9,-9,-11,-22,-8,-10,5,-22,-23,-57,-26,-11,3,-26,-8,-14,5,-86,-13,-10,-26,-17,-3,-8,-13,-22,-3,0,-15,-26,-14,-7,-15,3,-19,-12,-32,11,-14,-14,-4,-2,-7,39,-13,1,-12,13,-6,10,-19,18,-3,5,-34,32,-16,1,-9,-37,4,-64,-22,-54,-2,-88,-9,-15,-24,-16,-8,-57,-1,-3,-29,-37,-25,-14,11,4,12,-4,9,-9,1,8,4,-6,8,-38,-6,3,6,-9,7,-26,12,8,-4,3,-8,-71,-70,-19,-60,-89,-72,-45,-237,58,-124,122,28,6,-58,81,-68,-95,-109,46,-36,20,-120,57,-50,-35,-108,33,-28,87,-5,-72,-56,94,-175,-60,-173,28,-34,58,-6,53,-162,-39,2,27,-38,-36,-40,-31,37,-18,-56,-111,-3,-72,-77,-87,-16,26,-43,-74,24,10,-56,-56,26,-28,-73,-56,-7],[251383,417473,25,-4,0,-1,-25,5],[251649,417487,2,8,-1,-8,-1,0],[252027,417526,7,-7,48,-6,-48,5,-7,8],[252128,417500,1,0,12,-29,-13,29],[252159,417400,10,-11,-1,0,-9,11],[252165,417352,3,35,-2,-35,11,-7,-12,7],[252434,417233,21,3,25,53,-25,-54,-21,-2],[252686,417328,1,0,1,-30,-2,30],[252708,416553,10,10,38,12,-38,-13,-10,-9],[253289,417172,7,2,1,0,-8,-2],[253425,417020,7,-12,-1,0,-6,12],[253567,417035,19,-4,12,28,-12,-29,-19,5],[253634,417118,1,0,20,-31,-21,31],[254067,417853,8,-4,-1,0,-7,4],[254132,417701,10,-27,0,-1,-10,28],[254376,415996,0,1,15,16,-15,-17],[254498,417914,1,0,6,-7,0,-1,-7,8],[254999,416005,50,83,227,69,-226,-69,-51,-83],[255182,416323,16,-34,34,-43,-35,44,-15,33],[255210,416363,19,7,93,14,-92,-14,-20,-7],[255354,417561,8,4,-7,-4,3,-7,-4,7],[256321,417069,3,15,-2,-15,19,-39,-20,39],[256340,417119,1,0,16,-10,-17,10]]]
725905	r	22.4141,43.6525,23.3233,44.2284	[[[224141,439900,10,-221,29,-220,50,-217,69,-216,89,-211,107,-207,126,-201,144,-194,161,-188,177,-180,194,-170,208,-161,223,-151,236,-141,247,-128,259,-117,269,-104,278,-91,285,-78,292,-64,297,-50,301,-36,303,-22,305,-7,209,5,3056,964,30,20,208,161,194,170,177,180,161,188,144,194,126,201,107,207,21,49,-888,-91,-375,-145,-351,-55,-301,-94,-792,-51,-1330,-86,-308,53,-254,159,-124,190,-5,226,166,513,56,129,44,135,59,96,76,52,358,109,-39,53,40,5,398,94,218,21,349,139,171,307,-91,308,-227,73,-202,66,-455,45,-362,114,-2148,1055,-428,-144,-88,-67,-152,-179,-162,-135,-24,-13,-13,-61,11,-54,20,-31,14,-1,-103,-296,-20,-112,10,-98,65,-211,1,-88,-117,-155,-178,-25,-206,10,-204,-52,-116,-125,-77,-144,-112,-104,-223,-5,-155,-18,-316,-36,-194,-61,-8,-179]]]
726174	r	26.1478,42.9406,26.7748,43.4077	[[[261478,432500,9,-203,27,-201,45,-200,63,-197,80,-194,97,-190,114,-184,130,-179,146,-172,161,-165,176,-156,188,-148,202,-139,214,-128,94,-50,2553,-588,199,4,275,20,273,33,269,46,264,59,259,71,251,84,181,71,-455,4283,-5567,-535,-24,-47,-80,-194,-63,-197,-45,-200,-27,-201,-9,-203]]]
727030	r	23.7588,41.31,25.1793,41.9383	[[[237588,415135,48,-373,102,-465,11,-34,22,27,150,55,176,-7,212,18,207,40,161,59,271,188,81,-8,470,-259,148,8,166,125,56,28,55,9,47,24,36,71,221,-110,119,-18,112,42,61,75,5,85,-27,221,-24,321,102,36,-2,-2,28,-73,33,50,119,43,15,105,-8,-58,5,2,399,-26,298,-66,77,-47,44,-58,44,-43,74,-4,29,37,3,9,-11,1,146,-10,74,59,-44,103,53,11,23,62,37,-4,86,52,-10,51,36,36,168,-56,115,107,-1,49,51,8,-18,-3,69,7,161,-137,195,-94,9,-88,-22,-84,17,-56,93,-23,42,10,46,-59,22,24,80,5,19,49,110,17,170,-15,89,7,46,11,31,-38,82,13,-12,46,58,8,6,8,125,28,154,12,211,-27,90,15,12,-4,21,10,26,4,12,14,7,3,93,-76,130,67,-21,100,29,63,58,2,63,73,53,9,79,23,-55,20,109,-39,44,51,105,-2,27,18,187,-128,124,-262,32,-277,29,-82,42,-46,51,-39,54,-58,36,-30,95,-45,39,-34,11,-49,-25,-111,7,-37,154,-107,132,-25,85,-33,45,34,223,3,-61,-100,215,0,-16,93,20,-112,12,30,-4,-11,4,0,196,-22,183,-65,195,-133,339,-329,218,-147,199,-7,26,45,53,-50,107,22,38,55,9,95,-31,63,83,150,-17,82,210,11,127,34,140,-71,68,26,65,-11,36,61,21,14,292,-136,900,-288,734,-235,138,22,9,-18,36,-5,43,8,86,76,149,-2,-36,-83,98,-110,107,0,82,-77,83,29,52,-75,50,28,92,-34,-1,111,-64,22,-6,36,-71,43,-64,14,-5,45,-222,35,-91,68,31,15,-31,31,24,51,113,31,13,146,34,-13,82,33,75,88,-29,23,-6,148,-58,5,38,104,44,16,79,-20,93,65,-93,33,-17,68,0,1,23,30,74,-19,-2,53,-103,21,-131,-38,-53,23,37,14,26,82,122,116,-12,89,57,117,28,57,-22,29,-30,40,-6,80,-133,33,-114,122,-116,-4,-70,54,-200,69,-132,-102,-74,-106,18,-28,-54,-26,38,-34,-24,-61,-138,-10,-222,988,0,1,56,7,28,73,56,-26,-10,56,74,-24,-26,43,87,16,72,77,111,3,18,56,31,-37,36,40,-27,38,39,-2,-53,162,-58,6,-28,34,60,173,-94,175,70,55,-85,6,-33,28,35,108,-57,50,-20,120,-46,36,95,109,-82,68,-5,58,-122,-28,-58,124,45,237,89,72,19,60,71,70,-3,8,-9,4,-1,19,-4,12,19,26,0,2,11,12,-5,3,-4,3,-3,-10,-17,5,4,9,-19,17,-84,-18,-9,19,-2,0,-23,-12,-6,-13,-18,-14,-34,-11,-9,2,-12,-6,-8,-7,-5,0,-1,-1,-2,1,-7,-1,-1,2,-37,4,-6,-5,-10,7,-28,3,-11,-8,-5,10,-5,1,-11,-6,-18,1,-24,11,-1,1,-2,1,0,1,-38,35,-3,1,1,0,-1,1,5,6,12,18,3,1,21,29,-3,3,30,32,-13,36,-11,14,-1,16,-54,14,-9,11,-126,50,-28,47,-11,10,-1,9,-52,36,-7,2,-4,5,-15,10,-5,-4,-10,-26,0,-13,-14,-20,-108,-34,-3,-9,-8,-5,-24,-31,-3,-14,-16,-23,-18,-10,-54,-69,-13,-11,-8,-2,-26,-18,-7,-10,-61,-35,-2,0,6,-41,-49,-62,-8,-59,33,-42,-76,-105,-12,-85,20,-28,-2087,399,105,8,27,102,72,22,-7,78,126,-9,-79,47,122,123,-90,41,-80,172,-60,40,9,37,-5,0,6,3,1,4,-3,9,8,10,-11,18,-18,6,1,23,-23,40,-2,2,-1,3,-37,64,-20,-16,-24,2,-34,-11,13,40,-37,10,-4,4,-17,7,-13,-1,-46,22,-12,-17,-14,2,-16,-13,-12,5,-16,-6,-5,-4,-2,1,-60,-25,-11,38,-15,-4,-11,5,-43,2,-42,54,-6,3,-9,16,-104,11,-18,10,-11,20,-2,2,-4,1,-17,2,-39,0,-13,5,-32,4,-114,2,-19,11,-150,16,-111,-46,-154,9,-104,-102,-191,-26,-77,-62,-118,-14,-19,-30,-91,-34,-109,12,-83,-64,-12,83,-98,55,-65,-2,-130,86,14,142,-103,106,-86,-11,-93,34,-197,-10,-78,37,-118,-23,-42,99,-87,70,-65,-22,66,-9,16,-39,-40,-20,-7,26,-33,1,-65,-51,39,-1,13,-33,49,1,-38,-35,75,-48,-26,-62,84,-15,26,-35,-87,-8,36,-44,-63,-1,-144,-91,23,-53,-49,-28,-15,-53,26,-51,-68,4,-160,-71,-181,2,-43,-30,9,-23,-64,-16,-94,22,-166,-285,-117,8,-27,-44,23,-102,-113,-117,-27,-71,26,-65,-35,-27,-18,-78,-31,-10,15,-99,92,-76,27,-68,-28,-17,-75,-47,-23,33,-3,8,-3,0,-1,1,-3,-1,-48,1,-15,-13,-6,-6,-3,-3,-9,-2,-4,-9,-31,-29,-12,-59,-44,-21,25,-104,-23,-83,-3,-8,0,2,-198,-28,-62,-102,-88,11,-53,35,-40,-55,-2,1,-32,55,-81,9,-59,77,-287,-20,-78,39,-1,-28,-59,1,-112,69,5,111,-64,18,-96,-170,-44,33,-113,-39,-65,-40,13,-53,-70,37,-86,-36,-42,-50,-166,28,68,-79,-86,-48,-93,-15,-3,-34,38,-7,-66,-83,-104,-45,-1,0,-153,-116,-28,75,-39,5,-26,48,-160,53,69,47,-18,79,-128,56,-56,-65,-43,61,-96,33,-72,67,21,52,-1737,-563,-777,-1498],[240702,415510,36,223,31,41,-31,-42,-36,-222],[240963,416277,41,114,37,7,-37,-8,-41,-113],[241149,415934,2,-36,-1,0,-1,36],[242727,415640,27,41,1,0,-28,-41],[244165,415286,83,11,68,-25,-68,24,-83,-10],[245563,415253,16,17,1,0,-17,-17],[247930,417188,65,1,4,-29,-4,28,-65,0],[248486,416837,31,45,5,119,-5,-120,-31,-44],[249357,417440,2,2,1,0,-3,-2],[249404,417439,37,8,-36,-8,9,-48,-10,48],[249892,413767,1,0,447,-116,-448,116],[250031,415837,60,-29,0,-1,-60,30],[250216,415375,1,0,37,-106,-38,106]]]
727221	r	26.8359,43.8135,27.66,44.177	[[[268359,441200,9,-200,27,-200,45,-198,63,-195,81,-192,97,-188,115,-183,131,-177,146,-170,162,-163,176,-155,190,-147,202,-137,215,-127,226,-117,235,-106,245,-94,253,-83,260,-71,265,-58,271,-46,273,-32,277,-20,277,-6,277,6,277,20,273,32,271,46,265,58,260,71,253,83,245,94,235,106,226,117,215,127,202,137,190,147,176,155,162,163,146,170,131,177,115,183,81,155,-37,57,-229,59,-589,-135,-1907,-12,-109,56,-193,246,-119,78,-135,46,16,0,35,65,-424,110,-7,90,-49,53,-55,44,-25,49,-10,44,3,24,21,19,50,14,6,8,-75,55,-9,37,30,46,-55,41,-24,6,-28,-3,-152,-66,-3,2,-16,9,-244,-17,-211,85,-1054,153,-727,325,-260,-119,-1174,-86,-475,-203,-7,-162]]]
727696	r	26.0893,43.3534,26.9438,43.8444	[[[260893,435300,9,-206,27,-204,46,-203,64,-201,82,-197,100,-192,116,-188,133,-181,149,-175,19,-19,88,8,5567,535,2145,1775,-13,61,-64,201,-82,197,-100,192,-116,188,-133,181,-149,175,-164,167,-179,159,-192,150,-206,141,-218,130,-229,120,-239,109,-249,97,-257,85,-263,72,-270,60,-275,47,-278,33,-280,20,-282,7,-282,-7,-280,-20,-278,-33,-275,-47,-270,-60,-39,-11,-2267,-2173,-606,-581,-1,-6,-9,-206]]]
729559	r	24.1087,42.6387,25.2025,43.3738	[[[241087,429255,85,-139,208,-285,232,-274,256,-263,279,-250,301,-236,321,-221,340,-205,357,-188,374,-170,331,-131,2177,-491,212,-15,739,12,655,813,3898,4839,173,1687,-3697,-686,3,17,-89,36,-104,56,-1,-3,-21,14,-56,-8,-1,-21,-122,2,-1,5,-388,-19,3,-61,-6,-18,-125,-5,-14,-91,-124,-13,12,-58,-145,-15,9,-47,-93,-42,-125,-24,10,-17,10,-4,-101,13,3,-11,-25,-49,-2,-18,3,-21,21,-24,18,-45,-43,-52,-8,-23,-58,8,-74,-2,6,63,-17,65,-18,30,-56,34,-26,48,-11,-3,-20,18,3,12,-23,14,19,-47,-16,-14,28,-217,-29,-31,-27,6,-22,-32,-41,12,-13,-25,11,-3,-8,-42,-26,9,-12,-25,-11,0,7,-7,18,-3,2,-7,-30,-9,-30,1,1,-13,-10,-11,-33,-10,-12,-11,19,-44,-5,-17,74,-18,-2,-7,-39,4,-6,-16,-10,19,-28,2,-14,-8,-12,4,3,-8,-18,-4,-3,-12,-54,-5,-11,-33,-23,4,-9,-6,-10,0,-10,0,-6,-5,-15,4,-91,-19,-2,-2,-24,-17,0,-26,-197,-73,-2,-1,-14,6,-17,6,-5,13,-16,10,-5,25,-16,-6,-34,-1,-70,19,-36,2,-148,-5,-40,27,-48,-8,-1,16,-67,-21,-40,22,-35,4,-46,20,-62,36,-79,24,-25,0,-15,16,-29,6,-60,-5,-7,8,6,21,-76,44,-55,-10,-69,-34,-48,-52,-22,-14,-14,-35,-24,7,-12,-3,-35,18,-47,11,-60,2,-14,12,-10,-7,-6,13,-22,-13,-2,6,13,14,-23,6,-26,20,1,16,15,19,-62,19,-2887,-535,-322,-2514]]]
