2394819	r	1.9607,6.2835,2.7786,6.8037	[[[19607,62835,2661,302,459,102,343,76,1077,100,113,-14,25,-7,0,-21,6,49,34,1,-1,-8,48,-8,-42,9,-5,9,-36,2,-1,1,566,53,2179,202,5,1,1,51,4,558,24,143,0,78,15,8,37,218,35,205,34,98,185,537,21,212,-86,422,3,204,115,215,181,161,123,81,56,113,-33,461,-7,33,-59,43,-132,82,-5,0,-102,31,-85,60,-18,24,-2,2,-181,82,-186,70,-190,57,-194,45,-196,33,-197,19,-199,7,-199,-7,-197,-19,-196,-33,-194,-45,-190,-57,-186,-70,-181,-82,-175,-94,-60,-37,-146,-380,-441,-412,-30,4,-161,0,-55,-37,-31,-135,-87,-159,-7,-20,-3570,-3337,-281,-262,-6,-20],[23783,63957,51,277,-38,-211,-13,-66]]]
2395914	p	2394819
2392087	p	2394819
2392204	r	2.2426,8.9552,3.0174,9.7248	[[[22426,93400,9,-252,25,-250,41,-249,57,-245,74,-241,89,-236,105,-229,119,-222,134,-214,148,-205,161,-194,173,-184,185,-172,196,-160,206,-147,215,-133,224,-118,231,-104,237,-89,242,-73,247,-57,250,-41,253,-25,253,-8,253,8,253,25,250,41,247,57,242,73,162,61,17,488,-32,265,771,-62,134,18,96,71,85,88,106,69,108,20,141,4,79,85,161,194,148,205,134,214,119,222,105,229,89,236,74,241,57,245,41,249,25,250,9,252,-9,252,-25,250,-41,249,-57,245,-74,241,-89,236,-105,229,-119,222,-134,214,-148,205,-161,194,-173,184,-185,172,-196,160,-206,147,-215,133,-224,118,-231,104,-237,89,-242,73,-247,57,-250,41,-253,25,-253,8,-253,-8,-253,-25,-250,-41,-247,-57,-242,-73,-237,-89,-231,-104,-224,-118,-215,-133,-206,-147,-196,-160,-185,-172,-173,-184,-161,-194,-148,-205,-134,-214,-119,-222,-105,-229,-89,-236,-74,-241,-57,-245,-41,-249,-25,-250,-9,-252]]]
2394092	p	2394819
2395915	r	1.7383,6.8936,2.0643,7.4978	[[[17383,73628,28,-111,22,-45,45,-25,30,-39,39,-33,0,-47,-33,-100,0,-70,8,-55,36,-39,53,-11,31,-39,44,-95,47,-19,131,-3,22,-36,8,-64,20,-50,33,-30,50,-28,34,-31,-3,-69,22,-50,39,-25,30,-39,112,-97,22,-42,-3,-139,31,-44,116,-20,22,-44,14,-50,-48,-85,-63,-81,-68,-114,-62,-158,-67,-124,-93,-97,-100,-138,-87,-78,1834,-2228,621,191,0,1979,18,9,76,68,97,65,83,25,69,-12,-19,54,-43,188,-45,29,-28,42,-31,10,-46,68,-52,5,-44,47,-28,60,12,67,69,83,-18,57,34,74,119,96,-36,20,-187,15,0,2654,-454,148,-154,-5,-207,-21,-206,-34,-203,-47,-199,-60,-195,-73,-190,-86,-184,-98,-176,-110,-170,-121,-161,-132,-152,-143,-142,-152,-122,-148,7,-51,-9,-69]]]
2394560	r	1.3232,8.9328,2.3641,10.2298	[[[13232,95423,32,-203,101,-245,148,-150,171,83,115,-283,68,-1014,145,-398,189,-290,52,-78,799,-830,621,-648,205,-358,80,-241,54,-273,15,-1134,161,-16,512,-17,512,17,510,50,506,83,499,115,490,148,134,50,1526,3876,12,0,117,27,147,128,100,184,137,964,2251,5720,-141,262,-3580,1346,-865,-417,-5610,-2700,6,-370,18,-1093,13,-776,78,-467,-14,-122,-24,-99,3,-201,-12,-102,-62,-127,-178,-271,-41,-130]]]
2395049	r	2.0299,6.9127,2.4592,7.483	[[[20300,69127,3668,564,103,165,120,224,105,232,90,238,74,244,58,247,41,251,25,254,8,254,-8,254,-25,254,-41,251,-58,247,-74,244,-90,238,-105,232,-120,224,-135,216,-148,207,-3,4,-3485,659,0,-2654,187,-15,36,-20,-119,-96,-34,-74,18,-57,-69,-83,-12,-67,28,-60,44,-47,52,-5,46,-68,31,-10,28,-42,45,-29,43,-188,19,-54,-69,12,-83,-25,-97,-65,-76,-68,-18,-9,0,-1979]]]
2394427	p	2394819
2392505	r	2.5666,9.441,3.6675,10.5767	[[[25666,99745,5636,-5335,24,163,192,309,72,53,161,54,75,64,610,791,11,52,-53,127,-12,68,75,246,161,49,196,-36,177,-10,325,180,70,262,-79,304,-123,308,-35,197,22,226,88,200,161,119,720,292,389,103,602,-65,177,164,263,476,324,382,101,199,62,854,65,162,155,147,146,69,125,92,91,220,8,56,27,179,-29,156,-90,126,-680,694,-142,228,-10,187,206,452,252,384,39,119,11,197,28,64,66,94,32,31,-8,8,-326,265,-343,244,-358,220,-372,198,-384,172,-395,147,-404,122,-411,95,-416,68,-312,30,-3755,-834,-355,-218,-343,-244,-326,-265,-308,-286,-288,-306,-267,-323,-246,-340,-223,-355,-199,-369,-174,-381,-148,-391,-123,-401,-96,-407,-68,-413,-42,-416,-2,-73]]]
2392837	r	2.5707,11.2537,3.6094,12.3992	[[[25707,118700,9,-274,3260,-1898,2,1,105,-6,73,115,51,31,103,-8,77,39,432,-487,463,-437,436,-269,321,-377,277,-1094,349,-393,563,-33,120,-111,152,-202,178,-116,5,-55,26,-5,34,113,91,30,55,49,12,50,-23,54,79,42,32,48,151,47,72,-15,113,69,25,-133,95,-46,101,31,105,100,51,87,97,73,2031,-1183,-997,1386,-63,115,209,8,-216,333,487,1370,389,594,125,344,330,249,-285,191,-215,88,-84,82,-14,106,23,68,122,132,6,17,3,9,11,30,-17,109,-55,22,-238,-1,-130,85,-33,96,24,194,-202,193,-189,243,-93,25,-229,-39,-64,11,-226,181,-175,4,-280,104,-272,-44,-125,33,-99,-32,-94,26,-122,156,2,80,-72,226,-4,14,-80,-5,-5,2,-21,10,-32,15,-7,-7,-124,205,-73,182,-36,163,-17,14,-1,79,1,1,-22,184,-31,53,-110,83,-17,2,-33,23,-20,59,-1530,1372,-77,43,-153,152,0,41,-144,210,-155,122,-134,310,-201,118,-2,20,-266,30,-118,42,-110,57,-82,84,-64,224,-78,123,-100,107,-203,108,-172,150,-308,271,-119,-151,-238,-9,-102,-20,-202,7,-97,-18,-110,-72,-160,-188,-92,-73,-8,-2,-244,-336,-280,-443,-250,-460,-218,-476,-187,-488,-153,-499,-121,-508,-86,-515,-52,-519,-17,-522]]]
2393693	r	2.3038,10.4543,3.7181,11.8237	[[[23038,115727,4079,-11184,1757,390,3755,834,2749,611,199,240,297,409,269,427,240,444,210,459,180,471,148,481,115,490,83,497,15,146,-16,77,0,216,56,212,7,214,-44,42,-81,4,-12,1,-94,-17,-83,14,-242,226,-795,1106,-2031,1183,-97,-73,-51,-87,-105,-100,-101,-31,-95,46,-25,133,-113,-69,-72,15,-151,-47,-32,-48,-79,-42,23,-54,-12,-50,-55,-49,-91,-30,-34,-113,-26,5,-5,55,-178,116,-152,202,-120,111,-563,33,-349,393,-277,1094,-321,377,-436,269,-463,437,-432,487,-77,-39,-103,8,-51,-31,-73,-115,-105,6,-2,-1,-2935,1708,-85,-38,-449,-237,-433,-266,-414,-293,-394,-319,-372,-344,-348,-368,-323,-389,-185,-255]]]
2393561	r	1.3133,10.0872,2.7117,11.6485	[[[13133,111325,2495,-3318,1651,-2196,2641,-3513,3580,-1346,213,-80,557,194,2847,3477,-4079,11184,-268,735,-99,23,-470,-260,-731,-588,-1316,-1321,-46,-47,-160,-75,-68,18,-38,-22,-58,14,-5,-60,-299,23,-422,161,-260,121,-122,17,-96,-63,-174,52,-191,-39,-393,-156,-189,-13,-442,31,-156,-49,-191,-90,-462,-97,-171,-89,-195,-66,-210,384,-174,-11,18,66,23,141,20,66,-285,23,-379,-351,-378,-399,-351,-423,-321,-444,-292,-464,-261,-482,-228,-497,-65,-171]]]
2392601	r	0.8429,9.9181,1.9177,10.8326	[[[8429,103182,15,-10,951,-627,576,-379,851,-562,1433,-943,1055,-696,128,-341,1,-76,6,-367,5610,2700,19,80,57,344,35,347,11,348,-10,299,-3539,4708,-100,37,-336,101,-343,79,-347,57,-350,34,-352,11,-352,-11,-350,-34,-347,-57,-343,-79,-336,-101,-330,-123,-320,-144,-311,-164,-298,-184,-286,-203,-272,-221,-257,-239,-241,-254,-223,-269,-205,-284,-186,-296,-166,-307,-145,-318,-124,-326,-102,-333,-80,-340,-57,-344,-35,-347,-5,-166]]]
2392897	r	1.566,6.2139,1.9613,6.8152	[[[15660,66781,64,-112,130,-105,109,-200,2,-78,-17,-83,-7,-93,32,-102,60,-82,79,-79,84,-67,78,-47,94,-10,98,9,73,-25,13,-115,26,-69,167,-137,63,-85,12,-101,-25,-214,22,-88,66,-54,215,-110,86,-64,257,-413,194,-751,189,-733,-208,-13,-1285,-303,-207,-109,72,-209,2649,609,762,87,6,20,-377,5297,-3285,-444,1,-2,59,-242,-41,-154,-12,-16,-13,7,-37,-23,0,-52,-16,-21,-149,-199,-83,-225]]]
2394711	r	1.6213,7.3635,2.7576,8.3674	[[[16213,79966,6,-1583,9,-1982,1,-176,0,-67,3617,-1180,454,-148,3485,-659,2838,-536,87,106,236,329,214,343,191,356,167,368,58,155,-170,202,-200,372,-53,392,23,327,96,1348,-28,144,-89,144,-240,266,-64,165,-80,143,5,19,-54,82,-5,38,-6,45,23,77,102,190,35,89,38,631,126,633,7,178,-96,153,-236,329,-257,312,-277,295,-295,276,-313,256,-329,236,-344,213,-358,191,-368,166,-380,143,-387,117,-395,92,-399,65,-403,40,-405,13,-405,-13,-403,-40,-399,-65,-395,-92,-387,-117,-380,-143,-368,-166,-358,-191,-344,-213,-329,-236,-313,-256,-295,-276,-277,-295,-257,-312,-236,-329,-214,-343,-191,-356,-33,-72,-3,-193]]]
2395568	r	1.5319,6.7708,1.9679,7.5301	[[[15319,69919,195,-710,112,-166,16,-12,149,-111,89,-108,21,-139,-75,-420,6,-170,43,-173,76,-202,3285,444,443,784,-1834,2228,87,78,100,138,93,97,67,124,62,158,68,114,63,81,48,85,-14,50,-22,44,-116,20,-31,44,3,139,-22,42,-112,97,-30,39,-39,25,-22,50,3,69,-34,31,-50,28,-33,30,-20,50,-8,64,-22,36,-131,3,-47,19,-44,95,-31,39,-53,11,-36,39,-8,55,0,70,33,100,0,47,-39,33,-30,39,-45,25,-22,45,-28,111,9,69,-9,64,-22,42,-28,108,-39,31,-27,39,-23,50,-22,105,-36,103,-30,36,-53,83,-70,70,-27,44,-17,50,-28,39,-58,150,-22,108,-37,100,-47,87,-36,33,-64,96,-14,42,-85,30,-51,94,-41,-132,-9,-61,11,-125,0,-197,-30,-178,-17,-55,-17,-122,-5,-178,11,-859,6,-55,-9,-342,2,-140,-207,252,1,-221,6,-1452,8,-1468,-21,-6,-155,5,-173,-3,-316,8,-2,-43,2,-12,-273,2]]]
2395635	r	1.9236,6.3117,2.4861,6.97	[[[19236,68152,348,-4880,178,-95,132,-60,3570,3337,7,20,87,159,31,135,55,37,161,0,30,-4,441,412,146,380,439,1137,-95,153,-149,208,-163,199,-176,188,-188,176,-57,46,-3733,-573,-621,-191,-443,-784]]]
