3911925	r	-69.0502,-17.1899,-67.008,-15.3976	[[[-690502,-158220,4511,-4116,-208,-143,-265,-211,-251,-226,-235,-242,-219,-257,-200,-269,-181,-282,-162,-292,-142,-302,-122,-311,-99,-317,-78,-323,-56,-327,-34,-331,-11,-331,11,-331,34,-331,56,-327,78,-323,99,-317,122,-311,142,-302,162,-292,181,-282,200,-269,219,-257,235,-242,251,-226,265,-211,280,-193,292,-175,303,-157,313,-136,322,-117,329,-97,335,-75,339,-54,342,-32,344,-11,344,11,342,32,339,54,335,75,329,97,322,117,313,136,303,157,292,175,280,193,265,211,251,226,235,242,219,257,200,269,107,166,3011,-2748,2862,1883,2565,4812,6,203,-24,721,-73,718,-122,712,-170,702,-217,691,-263,675,-308,657,-353,636,-394,613,-436,586,-474,558,-511,526,-545,494,-578,457,-607,420,-635,381,-659,341,-681,297,-699,254,-715,210,-728,164,-737,117,-744,71,-747,23,-747,-23,-744,-71,-737,-117,-728,-164,-715,-210,-699,-254,-681,-297,-659,-341,-635,-381,-607,-420,-578,-457,-545,-494,-511,-526,-416,-489],[-682595,-165608,297,-98,43,-15,-340,113]]]
3904906	r	-63.9052,-18.4852,-62.4548,-17.4688	[[[-639052,-177900,16,-455,46,-452,78,-449,107,-443,138,-436,167,-425,196,-415,224,-401,250,-386,277,-370,301,-352,324,-332,347,-311,366,-288,386,-265,403,-240,419,-215,432,-188,444,-160,454,-132,462,-103,468,-74,473,-45,474,-15,474,15,473,45,468,74,462,103,454,132,444,160,432,188,419,215,403,240,386,265,366,288,347,311,324,332,301,352,277,370,250,386,224,401,196,415,167,425,138,436,107,443,78,449,46,452,16,455,-16,455,-46,452,-78,449,-107,443,-138,436,-167,425,-196,415,-77,137,-13551,-1924,-66,-381,-46,-452,-16,-455]]]
3919968	r	-66.7421,-17.9745,-65.5246,-16.8206	[[[-667421,-173900,9,-265,27,-264,45,-262,63,-259,80,-254,97,-248,114,-242,130,-234,146,-225,161,-216,175,-205,189,-194,202,-181,213,-169,225,-154,234,-140,244,-125,252,-110,258,-93,264,-77,269,-61,273,-43,275,-26,276,-9,200,7,0,-1789,200,-7,200,7,0,3173,18,-1,182,-6,182,6,181,17,180,28,177,40,39,11,73,-537,-98,-1791,261,-58,332,-53,336,-32,337,-10,337,10,336,32,332,53,329,73,323,94,315,115,307,133,298,153,286,171,274,189,261,205,246,222,231,236,214,251,196,263,178,275,159,286,139,295,119,303,98,311,77,315,55,320,33,322,11,324,-11,324,-33,322,-55,320,-77,315,-98,311,-119,303,-139,295,-159,286,-178,275,-196,263,-214,251,-231,236,-246,222,-261,205,-274,189,-286,171,-298,153,-307,133,-315,115,-323,94,-329,73,-228,36,84,228,-270,139,-323,140,-331,120,-338,98,-345,77,-349,56,-352,33,-353,11,-353,-11,-352,-33,-349,-56,-345,-77,-338,-98,-331,-120,-323,-140,-311,-161,-301,-179,554,-1012,-166,-60,-252,-110,-244,-125,-234,-140,-225,-154,-213,-169,-202,-181,-189,-194,-175,-205,-161,-216,-146,-225,-130,-234,-114,-242,-97,-248,-80,-254,-63,-259,-45,-262,-27,-264,-9,-265]]]
3903987	r	-65.9532,-19.6674,-64.5605,-18.3643	[[[-659531,-189407,8938,-7267,241,70,429,153,417,180,403,205,389,231,372,253,354,277,334,297,313,318,290,337,267,354,242,370,216,384,188,397,162,408,133,417,103,424,75,430,45,434,15,435,-15,435,-45,434,-75,430,-103,424,-133,417,-162,408,-188,397,-216,384,-242,370,-267,354,-290,337,-313,318,-334,297,-354,277,-372,253,-389,231,-403,205,-417,180,-429,153,-438,127,-445,99,-452,71,-456,42,-457,14,-457,-14,-456,-42,-452,-71,-445,-99,-438,-127,-429,-153,-417,-180,-403,-205,-389,-231,-372,-253,-354,-277,-334,-297,-313,-318,-290,-337,-267,-354,-242,-370,-216,-384,-188,-397,-162,-408,-133,-417,-103,-424,-71,-406]]]
3909234	r	-67.4665,-18.3306,-66.7135,-17.6094	[[[-674665,-179700,8,-236,24,-235,40,-232,56,-230,72,-226,86,-221,102,-215,116,-208,130,-200,144,-192,156,-182,169,-173,179,-161,191,-150,200,-137,209,-125,218,-111,224,-97,231,-83,236,-69,239,-54,244,-38,245,-23,246,-8,246,8,245,23,244,38,239,54,236,69,231,83,224,97,218,111,209,125,200,137,191,150,179,161,169,173,156,182,144,192,130,200,116,208,102,215,86,221,72,226,56,230,40,232,24,235,8,236,-8,236,-24,235,-40,232,-56,230,-72,226,-86,221,-102,215,-116,208,-130,200,-144,192,-156,182,-169,173,-179,161,-191,150,-200,137,-209,125,-218,111,-224,97,-231,83,-236,69,-239,54,-244,38,-245,23,-246,8,-246,-8,-245,-23,-244,-38,-239,-54,-236,-69,-231,-83,-224,-97,-218,-111,-209,-125,-200,-137,-191,-150,-179,-161,-169,-173,-156,-182,-144,-192,-130,-200,-116,-208,-102,-215,-86,-221,-72,-226,-56,-230,-40,-232,-24,-235,-8,-236]]]
3906194	p	3919968
3906791	p	3919968
3903320	r	-65.4522,-22.2053,-64.0209,-20.8637	[[[-654522,-215400,15,-442,47,-441,77,-436,107,-431,137,-424,167,-414,195,-403,223,-391,249,-375,275,-360,300,-342,323,-323,345,-303,365,-281,318,-213,1175,13,1879,-409,702,-369,394,-89,92,16,185,75,23,4,55,9,84,-25,212,-30,191,-133,224,-105,145,-31,127,20,460,100,452,129,443,156,430,182,293,147,3604,7194,-8,44,-107,431,-137,424,-167,414,-195,403,-223,391,-249,375,-275,360,-300,342,-323,323,-345,303,-365,281,-385,257,-401,234,-417,209,-430,182,-443,156,-452,129,-460,100,-466,72,-471,44,-472,14,-472,-14,-471,-44,-466,-72,-460,-100,-452,-129,-443,-156,-430,-182,-417,-209,-401,-234,-385,-257,-365,-281,-345,-303,-323,-323,-300,-342,-275,-360,-249,-375,-223,-391,-195,-403,-167,-414,-137,-424,-107,-431,-77,-436,-47,-441,-15,-442]]]
3907584	r	-66.3372,-20.1369,-65.163,-19.0304	[[[-663371,-195800,12,-364,38,-363,63,-359,87,-355,111,-349,136,-341,158,-332,181,-322,203,-309,224,-296,244,-282,262,-266,281,-249,297,-231,312,-213,326,-192,339,-172,350,-150,360,-129,367,-105,375,-83,379,-60,382,-35,384,-12,384,12,382,35,379,60,375,83,367,105,360,129,350,150,339,172,326,192,312,213,297,231,281,249,262,266,244,282,224,296,203,309,181,322,158,332,136,341,111,349,87,355,63,359,38,363,11,333,-6798,5527,-217,-34,-375,-83,-367,-105,-360,-129,-350,-150,-339,-172,-326,-192,-312,-213,-297,-231,-281,-249,-262,-266,-244,-282,-224,-296,-203,-309,-181,-322,-158,-332,-136,-341,-111,-349,-87,-355,-63,-359,-38,-363,-12,-364]]]
3906466	r	-67.4119,-12.3755,-65.0032,-9.733	[[[-674119,-107837,38,-4755,29,-172,205,-870,263,-855,318,-837,373,-814,427,-788,477,-758,527,-727,573,-691,619,-652,659,-611,699,-566,735,-521,768,-472,798,-421,823,-369,846,-315,866,-259,880,-203,892,-145,900,-88,904,-29,904,29,900,88,892,145,880,203,866,259,846,315,823,369,798,421,768,472,735,521,699,566,659,611,619,652,79,97,-14,23,-99,46,-34,2,-102,47,-56,91,-48,213,-7,98,18,203,-11,97,-48,111,-130,220,-93,325,-155,96,-181,73,-144,136,31,226,-29,94,-145,-40,-61,-80,-40,-127,-55,-485,-80,-93,-130,33,-180,131,-137,149,-57,138,-4,365,20,95,90,151,20,98,-41,247,25,92,235,77,-66,90,-214,143,-120,46,-71,1,-47,30,-42,134,-2,132,76,179,0,99,-67,127,-103,91,-246,130,-349,-94,-270,283,-335,858,-18,82,11,100,62,116,174,203,37,127,-84,66,-191,106,-206,148,-128,182,-13,244,100,112,125,80,61,152,-83,134,-169,118,-129,156,34,246,150,170,387,298,77,181,-37,208,-57,171,7,178,156,234,86,74,81,54,67,59,39,86,-5,124,-49,77,-56,55,-27,55,-62,856,-81,149,-151,156,-181,123,-394,103,-50,131,149,454,75,382,12,175,-57,286,-140,140,-178,110,-171,187,1,150,64,494,-28,107,-39,37,-34,88,-23,104,-9,84,10,60,48,93,10,49,-22,66,-121,177,0,68,246,50,145,139,236,425,-41,32,-17,33,-16,78,1,3,44,181,110,226,142,192,372,178,122,231,102,491,173,260,33,94,-20,103,-100,232,-23,103,-24,433,-41,213,-185,520,-88,380,-39,412,35,404,81,217,216,406,5,26,-560,345,-798,421,-800,358,-25,-91,-40,-93,-99,-146,-115,-127,-40,-18,-120,-22,-52,-29,-19,-39,-7,-98,-13,-30,-52,-74,-23,-66,-46,-44,-121,-8,-183,41,-145,70,-296,195,-52,45,-89,103,-64,32,-46,-5,-108,-38,-27,-6,-80,10,-80,-9,-42,30,36,125,37,227,-155,-8,-377,-155,-92,35,-49,54,-27,74,-22,97,-64,133,-59,-47,-81,-196,-13,-75,2,-107,-27,-89,-101,-16,-56,42,-53,78,-43,87,-24,70,-163,-170,-121,-65,-119,5,-409,96,-140,14,-177,-11,-187,-54,-447,-273,-191,-42,-133,34,-265,148,-124,44,-53,12,-150,-29,-41,-30,-70,-120,-51,-36,-54,9,-43,39,-38,42,-38,18,-552,-56,-173,-73,-310,-200,-183,-68,-980,-147,-164,-63,-416,-233,-194,-69,-202,-26,-609,48,-1181,-204,-107,-36,-63,-80,-36,-102,-23,-111,-53,-81,-99,-62,-816,-311,-190,-100,-1321,-1005,-1616,-1638,-457,-257,-107,-19,-211,-11,-99,-34,-74,-81,-58,-114,-74,-111,-124,-71,-171,-1,-382,101,-66,-105,-427,-788,-373,-814,-318,-837,-263,-855,-205,-870,-67,-401]]]
3910027	r	-63.6575,-17.6116,-62.8425,-16.9484	[[[-636575,-173400,9,-256,26,-255,43,-253,61,-250,77,-245,94,-240,110,-233,126,-226,141,-218,155,-208,169,-198,131,-134,6558,931,30,53,110,233,94,240,77,245,61,250,43,253,26,255,9,256,-9,256,-26,255,-43,253,-61,250,-77,245,-94,240,-110,233,-126,226,-141,218,-155,208,-169,198,-183,187,-194,175,-206,163,-217,149,-227,135,-235,121,-243,106,-249,90,-255,75,-260,58,-263,42,-265,25,-267,8,-267,-8,-265,-25,-263,-42,-260,-58,-255,-75,-249,-90,-243,-106,-235,-121,-227,-135,-217,-149,-206,-163,-194,-175,-183,-187,-169,-198,-155,-208,-141,-218,-126,-226,-110,-233,-94,-240,-77,-245,-61,-250,-43,-253,-26,-255,-9,-256]]]
3901742	p	3911925
3902377	n	-65.1323,-15.0561,-64.6677,-14.6039	[[[-651323,-148300,11,-222,33,-219,56,-215,77,-209,97,-201,117,-190,136,-178,153,-165,169,-149,183,-132,196,-114,206,-95,215,-75,221,-54,225,-32,228,-11,228,11,225,32,221,54,215,75,206,95,196,114,183,132,169,149,153,165,136,178,117,190,97,201,77,209,56,215,33,219,11,222,-11,222,-33,219,-56,215,-77,209,-97,201,-117,190,-136,178,-153,165,-169,149,-183,132,-196,114,-206,95,-215,75,-221,54,-225,32,-228,11,-228,-11,-225,-32,-221,-54,-215,-75,-206,-95,-196,-114,-183,-132,-169,-149,-153,-165,-136,-178,-117,-190,-97,-201,-77,-209,-56,-215,-33,-219,-11,-222]]]
3901178	r	-64.5296,-22.8619,-62.5705,-20.9836	[[[-645296,-224279,39,-51,179,-110,38,-59,59,-229,144,-184,554,-511,-15,-148,-75,-103,-82,-88,-39,-109,-11,-100,-33,-137,-14,-59,-10,-113,25,-149,65,-58,90,-32,99,-71,266,-534,109,-81,218,-92,133,-222,34,-272,-77,-239,123,-140,27,-326,184,-123,-3,27,234,769,89,194,5,620,1,100,432,1502,145,240,516,455,242,327,743,1806,73,73,201,103,78,111,312,738,154,561,88,164,52,36,69,19,77,36,77,73,35,80,36,194,95,224,6,59,33,32,144,58,268,46,933,-58,201,-85,412,-342,114,-49,439,364,3,-9,27,20,16,-2,11,17,22,1,5,-18,-13,-24,2,-15,17,-17,-5,-23,7,-18,-7,-8,11,-7,-7,-3,2,-8,19,-8,-7,-10,17,-1,3,-12,11,-6,10,-19,-8,-9,2,-12,-14,5,-12,-16,2,-20,-15,-24,17,-17,-15,-3,20,-31,-4,-21,9,-21,-5,-9,10,-5,-5,-52,24,10,9,20,19,6,-18,33,23,10,14,17,-13,27,24,20,22,-1,-7,15,3,12,-16,1,-7,10,13,4,1,32,13,12,3,18,35,25,-12,47,15,31,17,12,6,38,-30,12,0,14,31,62,11,43,149,24,3668,0,2524,-14,214,-1,5,1,296,15,1500,4,117,-21,142,-32,30,-94,64,-377,-1,-99,-27,-83,67,-122,2,-316,74,-177,141,-138,474,-215,427,-286,118,-117,43,-90,14,-90,28,-72,86,-28,229,500,281,946,266,891,23,74,-14,412,-71,675,-119,669,-165,661,-211,649,-256,634,-300,618,-342,598,-384,576,-423,551,-461,525,-497,495,-530,463,-562,431,-591,395,-617,358,-641,320,-661,279,-681,239,-695,197,-708,154,-717,111,-723,66,-726,22,-726,-22,-572,-52,-2111,-4215,-3604,-7194,-1483,-2960]]]
3902949	p	3919968
3901435	p	3919968
3919902	p	3919968
3919998	r	-69.2567,-11.511,-68.2833,-10.9529	[[[-692567,-110300,10,-315,32,-313,51,-310,73,-307,92,-301,112,-295,132,-286,150,-278,168,-267,186,-256,202,-243,217,-230,233,-215,246,-200,259,-183,270,-166,281,-149,290,-129,299,-111,304,-92,310,-71,315,-51,317,-31,318,-11,318,11,317,31,315,51,310,71,304,92,299,111,290,129,281,149,270,166,259,183,246,200,233,215,217,230,202,243,186,256,168,267,150,278,132,286,112,295,92,301,73,307,51,310,32,313,10,315,-10,315,-26,259,-64,-64,-205,-144,-173,-71,-472,-45,-181,-94,-318,-293,-142,-40,-173,29,-169,0,-167,-26,-428,-141,-519,-371,-277,-139,-953,-191,0,8,-25,36,-10,29,-17,11,-16,37,-20,26,-27,16,-10,31,15,31,-8,43,-32,3,-18,12,-26,50,-14,3,-18,32,-23,13,-27,-1,-18,-8,1,-32,-6,-2,-29,13,-27,2,3,17,-19,5,-7,32,-54,35,-12,29,-23,28,-9,17,4,12,12,9,3,17,-45,26,-32,44,-5,23,-13,7,11,8,0,11,11,18,-2,13,11,3,1,8,22,23,-1,10,7,3,-7,14,4,2,-21,4,-1,9,-9,-1,1,13,-15,9,5,8,-9,10,12,10,-5,22,18,5,0,6,10,-7,-1,6,7,0,-3,13,7,8,-7,15,9,-2,-5,10,6,-1,2,17,3,-7,3,9,15,8,5,-6,3,10,15,7,23,0,2,-10,5,7,7,-6,4,4,-6,10,15,12,-5,6,8,5,-9,-2,-3,9,-9,2,6,2,8,23,-14,3,-6,6,6,10,-6,2,22,4,0,18,-12,11,2,14,6,4,-5,5,-6,-6,-3,9,-9,-8,-8,9,12,10,16,1,5,13,18,-5,9,9,1,17,-20,-4,-9,18,5,21,34,45,-4,15,-21,11,-33,-2,-44,-32,-2,-4,-30,16,27,0,14,10,-25,54,5,18,16,8,-4,14,-20,-2,-31,-27,-61,-36,-57,28,-48,15,9,29,-10,9,-19,-4,-12,-25,-162,47,0,3,67,42,1,15,-8,5,-59,-1,-26,-42,-10,-5,-92,4,-3,-13,3,-5,-152,-32,7,23,-5,9,-45,18,-23,19,-9,-2,-34,-87,-13,-7,-26,2,-38,21,-6,10,10,11,30,-7,8,6,2,15,-11,37,-18,10,-26,-2,-37,-13,-16,-41,-24,-35,-23,-21,-39,-20,13,-58,-122,-29,-6,5,-3,31,-7,10,-57,-3,-44,7,-21,-19,-7,-15,15,-46,-43,6,1,41,-73,57,-8,-2,-10,-20,-69,-45,-4,-11,-33,4,-238,65,-1,6,-12,15,-38,6,-8,-11,-176,48,-19,-1,-2,11,30,38,19,44,0,14,-9,4,-83,-32,-13,5,-39,47,-44,-6,-24,-12,-63,-66,-38,-14,-34,-5,-5,-19,5,-23,2,-4,-54,0,-45,7,-743,317,-156,28,-346,-34,-370,85,-783,92,-134,-5,-23,-138,-32,-313,-10,-315],[-688806,-110156,2,31,7,6,12,-1,24,-25,-45,-11],[-688315,-110003,8,5,16,0,-24,-5],[-687621,-110183,32,45,-4,-26,-11,-15,-15,-5,-2,1]]]
