625144	r	26.6946,53.454,28.2686,54.3857	[[[266946,537967,132,-337,170,-332,206,-324,241,-316,275,-305,309,-295,340,-281,370,-268,400,-253,426,-237,451,-220,329,-139,9908,-120,156,58,475,201,451,220,426,237,400,253,275,199,-2196,2958,16,-10,66,-32,36,20,-35,47,7,-2,10,15,-8,5,6,3,31,-10,59,15,29,20,52,-10,7,3,33,12,-38,27,29,12,-17,13,-448,311,-222,137,-29,-15,-1376,1853,0,1,-2061,2776,-9691,-5889,0,-1],[280096,539198,108,-71,-40,-22,-68,93]]]
627907	r	30.5772,52.0516,31.5954,52.8103	[[[305772,527171,2175,-6498,250,-46,394,-57,400,-40,223,-14,-26,76,156,105,249,50,1370,49,385,-29,244,-86,27,-14,172,32,380,88,369,102,357,118,345,131,329,145,314,158,295,170,277,182,258,192,236,202,214,212,191,219,167,227,143,233,15,29,-7,7,14,8,96,194,92,242,66,246,12,73,-50,41,-75,110,4,255,61,297,-15,246,-224,100,-125,96,-24,97,76,81,177,47,-123,124,-43,34,128,7,-55,110,-143,233,-167,227,-191,219,-214,212,-236,202,-258,192,-277,182,-295,170,-314,158,-329,145,-345,131,-357,118,-369,102,-380,88,-388,72,-394,57,-400,40,-404,25,-405,8,-405,-8,-404,-25,-400,-40,-394,-57,-388,-72,-380,-88,-369,-102,-357,-118,-345,-131,-329,-145,-187,-94,-70,-52]]]
627904	r	23.4863,53.3613,24.3644,53.9489	[[[234863,539238,6,-138,103,-245,132,-230,103,-252,92,-531,105,-206,243,-212,1,0,23,-614,238,-697,849,-1556,471,-586,199,-313,174,-18,348,-20,350,-7,350,7,348,20,345,34,340,48,335,60,327,74,319,86,308,98,297,110,284,122,271,132,255,143,239,152,222,161,204,169,184,178,165,183,145,190,123,196,101,199,80,203,57,206,34,208,11,208,-11,208,-34,208,-57,206,-80,203,-101,199,-123,196,-145,190,-165,183,-184,178,-204,169,-222,161,-239,152,-255,143,-271,132,-284,122,-106,39,-414,-132,-295,-48,-641,-5,-164,23,-295,112,-156,39,-151,-17,-764,-260,-77,-8,-85,15,-180,63,-69,8,-154,-36,-174,-75,-625,-53,-493,-125,-155,-8,-171,36,-899,322,-94,14,-60,-26,-184,-90]]]
620127	r	29.5633,54.829,30.8367,55.556	[[[295633,551900,13,-239,41,-239,68,-236,95,-233,121,-229,146,-224,172,-219,197,-211,220,-203,242,-195,265,-185,285,-175,304,-163,322,-152,338,-140,354,-126,368,-113,379,-99,390,-84,399,-70,406,-54,224,-21,4186,436,16,5,354,126,338,140,322,152,304,163,285,175,265,185,242,195,220,203,197,211,172,219,146,224,121,229,95,233,68,236,41,239,13,239,-13,239,-41,239,-68,236,-9,23,-22,7,-173,86,-98,125,29,188,42,57,-131,200,-172,219,-197,211,-220,203,-242,195,-265,185,-285,175,-304,163,-322,152,-338,140,-354,126,-368,113,-379,99,-390,84,-399,70,-406,54,-411,39,-415,24,-416,8,-416,-8,-415,-24,-411,-39,-406,-54,-399,-70,-390,-84,-379,-99,-368,-113,-354,-126,-338,-140,-322,-152,-304,-163,-285,-175,-265,-185,-242,-195,-220,-203,-197,-211,-172,-219,-146,-224,-121,-229,-95,-233,-68,-236,-41,-239,-13,-239]]]
625665	r	29.7604,53.5662,30.9196,54.2199	[[[297604,539100,12,-225,37,-224,62,-222,86,-219,110,-215,134,-211,156,-204,179,-199,200,-191,221,-183,241,-174,259,-164,277,-154,293,-142,309,-131,322,-119,334,-106,346,-93,355,-79,363,-65,369,-52,374,-36,378,-22,379,-8,379,8,378,22,374,36,369,52,363,65,355,79,346,93,334,106,322,119,309,131,293,142,277,154,259,164,241,174,221,183,200,191,179,199,156,204,134,211,110,215,86,219,62,222,37,224,12,225,-12,225,-37,224,-62,222,-86,219,-110,215,-134,211,-156,204,-179,199,-200,191,-221,183,-241,174,-259,164,-277,154,-293,142,-309,131,-114,43,-5609,198,-61,-16,-334,-106,-322,-119,-309,-131,-293,-142,-277,-154,-259,-164,-241,-174,-221,-183,-200,-191,-179,-199,-156,-204,-134,-211,-110,-215,-86,-219,-62,-222,-37,-224,-12,-225]]]
629634	r	23.2359,51.7882,24.1442,52.4318	[[[232359,522277,483,-80,154,37,131,-81,621,-144,210,-13,0,-62,-73,-92,29,-17,143,34,125,-34,90,-57,95,-11,138,102,39,-44,99,-51,66,-48,168,100,38,-75,-28,-120,-40,-35,278,-342,194,-38,369,7,0,-9,-34,-41,24,-6,22,3,90,42,80,-30,34,2,78,-29,66,-77,51,-82,59,-63,23,-6,44,-21,47,-15,34,-7,69,-29,40,-116,10,-115,4,-7,-11,-3,-6,-14,12,-12,28,-4,56,-85,141,-377,115,-171,-157,-72,-131,-128,-189,-278,-65,-184,-8,-323,-65,-113,39,-10,18,-1,7,-12,5,-46,-119,-41,-42,-217,-111,-83,157,-181,184,-154,-75,-157,309,-31,339,-21,340,-7,340,7,339,21,336,34,332,48,326,61,318,74,311,87,300,99,289,112,277,122,263,134,249,144,232,153,217,163,112,97,-2114,4797,-136,38,-318,74,-326,61,-332,48,-336,34,-339,21,-340,7,-340,-7,-339,-21,-336,-34,-332,-48,-326,-61,-318,-74,-311,-87,-300,-99,-289,-112,-277,-122,-263,-134,-249,-144,-232,-153,-217,-163,-198,-171,-180,-179,-160,-186,-141,-192,-33,-54]]]
630468	r	28.6867,52.84,29.7133,53.46	[[[286867,531500,11,-203,32,-202,55,-200,76,-197,98,-194,118,-190,139,-185,158,-179,178,-172,195,-165,213,-157,230,-148,245,-138,260,-129,273,-118,285,-107,297,-96,306,-84,314,-71,321,-59,328,-46,331,-33,334,-20,336,-7,336,7,334,20,331,33,328,46,321,59,314,71,76,21,1013,373,2072,2316,8,154,-11,203,-32,202,-55,200,-76,197,-98,194,-118,190,-139,185,-158,179,-178,172,-195,165,-213,157,-230,148,-245,138,-260,129,-273,118,-285,107,-297,96,-306,84,-314,71,-321,59,-328,46,-331,33,-334,20,-336,7,-336,-7,-334,-20,-331,-33,-328,-46,-321,-59,-314,-71,-306,-84,-297,-96,-285,-107,-273,-118,-260,-129,-245,-138,-230,-148,-213,-157,-195,-165,-178,-172,-158,-179,-139,-185,-118,-190,-98,-194,-76,-197,-55,-200,-32,-202,-11,-203]]]
630429	r	25.5173,52.8324,26.5026,53.4276	[[[255174,531300,11,-195,31,-193,53,-193,73,-189,93,-186,114,-183,133,-177,152,-172,170,-165,188,-158,204,-151,221,-142,235,-133,249,-124,262,-113,274,-103,284,-92,294,-80,302,-69,308,-56,314,-44,318,-32,321,-19,322,-7,322,7,321,19,318,32,314,44,308,56,302,69,294,80,284,92,274,103,262,113,249,124,235,133,221,142,204,151,188,158,170,165,152,172,133,177,114,183,93,186,73,189,53,193,31,193,11,195,-11,195,-31,193,-53,193,-73,189,-93,186,-114,183,-133,177,-152,172,-170,165,-188,158,-204,151,-221,142,-235,133,-249,124,-262,113,-274,103,-284,92,-294,80,-302,69,-308,56,-314,44,-318,32,-321,19,-322,7,-322,-7,-321,-19,-318,-32,-314,-44,-308,-56,-302,-69,-294,-80,-284,-92,-274,-103,-262,-113,-249,-124,-235,-133,-221,-142,-204,-151,-188,-158,-170,-165,-152,-172,-133,-177,-114,-183,-93,-186,-73,-189,-53,-193,-31,-193,-11,-195]]]
630376	r	28.0353,53.9902,29.0016,54.5252	[[[280353,543410,4152,-1924,3106,-1440,310,-144,133,56,253,123,240,132,224,141,209,149,191,157,173,164,155,170,135,176,116,181,95,185,75,188,53,191,32,192,11,193,-11,193,-32,192,-53,191,-75,188,-95,185,-116,181,-135,176,-155,170,-173,164,-191,157,-209,149,-224,141,-240,132,-253,123,-267,113,-279,102,-289,91,-299,79,-308,68,-314,56,-319,44,-324,32,-327,19,-328,6,-328,-6,-327,-19,-324,-32,-319,-44,-314,-56,-308,-68,-299,-79,-289,-91,-279,-102,-267,-113,-253,-123,-240,-132,-224,-141,-208,-149,-192,-157,-173,-164,-155,-170,-135,-176,-13,-20],[284982,542690,21,-33,-1,0,-20,33]]]
623549	r	25.6064,51.8549,26.5336,52.4066	[[[256064,521200,10,-187,29,-187,50,-185,69,-183,88,-179,107,-176,125,-171,143,-165,160,-159,177,-153,192,-145,106,-69,359,44,2132,-250,695,13,302,-41,646,-359,299,-81,706,-18,15,3,277,78,267,88,258,99,246,109,235,119,221,128,208,137,192,145,177,153,160,159,143,165,125,171,107,176,88,179,69,183,50,185,29,187,10,187,-10,187,-29,187,-50,185,-69,183,-88,179,-107,176,-125,171,-143,165,-160,159,-177,153,-192,145,-208,137,-221,128,-235,119,-246,109,-258,99,-267,88,-277,78,-284,66,-290,54,-296,43,-299,30,-302,19,-303,6,-303,-6,-302,-19,-299,-30,-296,-43,-290,-54,-284,-66,-277,-78,-267,-88,-258,-99,-246,-109,-235,-119,-221,-128,-208,-137,-192,-145,-177,-153,-160,-159,-143,-165,-125,-171,-107,-176,-88,-179,-69,-183,-50,-185,-29,-187,-10,-187]]]
625324	r	28.75,51.7489,29.69,52.3311	[[[287500,520400,10,-190,30,-190,50,-188,70,-185,89,-183,109,-178,126,-173,145,-168,163,-162,179,-155,195,-147,210,-139,225,-130,238,-121,250,-111,261,-101,271,-90,280,-78,288,-67,294,-56,300,-43,303,-31,307,-19,307,-6,307,6,307,19,303,31,300,43,294,56,288,67,280,78,271,90,261,101,250,111,238,121,225,130,210,139,195,147,179,155,163,162,145,168,126,173,109,178,89,183,70,185,50,188,30,190,10,190,-10,190,-30,190,-50,188,-70,185,-89,183,-109,178,-126,173,-145,168,-163,162,-179,155,-195,147,-210,139,-225,130,-238,121,-250,111,-261,101,-271,90,-280,78,-288,67,-294,56,-300,43,-303,31,-307,19,-307,6,-307,-6,-307,-19,-303,-31,-300,-43,-294,-56,-288,-67,-280,-78,-271,-90,-261,-101,-250,-111,-238,-121,-225,-130,-210,-139,-195,-147,-179,-155,-163,-162,-145,-168,-126,-173,-109,-178,-89,-183,-70,-185,-50,-188,-30,-190,-10,-190]]]
626081	r	24.7882,53.5763,25.8119,54.1837	[[[247882,538800,11,-199,33,-197,55,-197,76,-193,97,-190,118,-186,138,-181,158,-176,177,-168,195,-162,212,-154,229,-145,245,-135,259,-127,272,-115,284,-105,296,-94,305,-82,313,-70,320,-58,327,-45,330,-32,333,-20,335,-6,335,6,333,20,330,32,327,45,320,58,313,70,305,82,296,94,284,105,272,115,259,127,245,135,229,145,212,154,195,162,177,168,158,176,138,181,118,186,97,190,76,193,55,197,33,197,11,199,-11,199,-33,197,-55,197,-76,193,-97,190,-118,186,-138,181,-158,176,-177,168,-195,162,-212,154,-229,145,-245,135,-259,127,-272,115,-14,6,-399,39,-270,78,-227,127,-17,40,-271,61,-320,58,-327,45,-330,32,-333,20,-335,6,-335,-6,-333,-20,-330,-32,-327,-45,-200,-36,-319,-210,-436,-166,-449,-43,-146,33,-240,-102,-259,-127,-245,-135,-229,-145,-212,-154,-195,-162,-177,-168,-158,-176,-138,-181,-118,-186,-97,-190,-76,-193,-55,-197,-33,-197,-11,-199]]]
624079	r	29.9105,54.2239,30.8895,54.7961	[[[299105,545100,11,-187,31,-186,52,-185,73,-182,93,-180,113,-175,132,-170,151,-166,169,-159,187,-152,203,-144,219,-137,234,-128,247,-119,261,-109,272,-99,282,-88,292,-77,300,-66,306,-55,312,-42,316,-31,319,-18,320,-6,320,6,319,18,316,31,312,42,306,55,300,66,292,77,282,88,272,99,261,109,247,119,234,128,219,137,203,144,187,152,169,159,151,166,132,170,113,175,93,180,73,182,52,185,31,186,11,187,-11,187,-31,186,-52,185,-73,182,-93,180,-113,175,-132,170,-151,166,-169,159,-187,152,-203,144,-219,137,-234,128,-247,119,-261,109,-272,99,-282,88,-292,77,-300,66,-306,55,-312,42,-316,31,-319,18,-320,6,-320,-6,-319,-18,-316,-31,-312,-42,-306,-55,-300,-66,-292,-77,-282,-88,-272,-99,-261,-109,-247,-119,-234,-128,-219,-137,-203,-144,-187,-152,-169,-159,-151,-166,-132,-170,-113,-175,-93,-180,-73,-182,-52,-185,-31,-186,-11,-187]]]
622428	r	27.0288,52.4787,28.0512,52.905	[[[270288,527900,11,-204,32,-202,55,-201,76,-199,97,-195,118,-190,138,-186,158,-179,176,-173,195,-166,212,-157,229,-149,244,-139,259,-129,272,-119,284,-108,295,-96,305,-84,313,-71,320,-60,326,-46,330,-33,333,-20,334,-7,334,7,333,20,330,33,326,46,320,60,313,71,305,84,295,96,284,108,272,119,259,129,244,139,229,149,212,157,195,166,176,173,158,179,138,186,118,190,97,195,76,199,55,201,32,202,11,204,-11,204,-32,202,-55,201,-76,199,-97,195,-92,149,-9498,0,-92,-149,-97,-195,-76,-199,-55,-201,-32,-202,-11,-204]]]
624784	r	28.0493,55.224,28.8531,55.8381	[[[280493,555300,12,-201,35,-201,57,-199,81,-196,102,-193,125,-189,146,-184,167,-177,187,-172,206,-163,224,-156,242,-147,258,-138,274,-128,287,-118,301,-106,312,-95,322,-83,331,-71,339,-59,344,-46,349,-32,93,-6,63,113,1494,2648,15,-26,78,36,47,-56,21,5,55,-11,12,-23,108,11,26,20,-58,64,-33,69,-68,75,-65,43,-17,8,1566,2774,-240,73,-322,83,-331,71,-339,59,-344,46,-349,32,-352,20,-354,7,-354,-7,-352,-20,-349,-32,-344,-46,-339,-59,-331,-71,-322,-83,-312,-95,-301,-106,-287,-118,-274,-128,-258,-138,-242,-147,-224,-156,-206,-163,-187,-172,-167,-177,-146,-184,-125,-189,-102,-193,-81,-196,-57,-199,-35,-201,-12,-201]]]
625625	r	26.3741,54.0406,27.3259,54.5994	[[[263741,543200,11,-183,30,-182,51,-180,71,-178,90,-175,110,-171,128,-167,147,-161,164,-155,182,-149,197,-141,213,-134,227,-125,241,-116,253,-106,265,-97,274,-86,284,-76,291,-64,298,-53,304,-42,307,-29,310,-18,311,-6,311,6,310,18,307,29,304,42,298,53,291,64,284,76,274,86,265,97,253,106,241,116,227,125,213,134,197,141,182,149,164,155,147,161,128,167,110,171,90,175,71,178,51,180,30,182,11,183,-11,183,-30,182,-51,180,-71,178,-90,175,-110,171,-128,167,-147,161,-164,155,-182,149,-197,141,-213,134,-227,125,-241,116,-253,106,-265,97,-274,86,-284,76,-291,64,-298,53,-304,42,-307,29,-310,18,-311,6,-311,-6,-310,-18,-307,-29,-304,-42,-298,-53,-291,-64,-284,-76,-274,-86,-265,-97,-253,-106,-241,-116,-227,-125,-213,-134,-197,-141,-182,-149,-164,-155,-147,-161,-128,-167,-110,-171,-90,-175,-71,-178,-51,-180,-30,-182,-11,-183]]]
623317	r	28.535,55.1967,29.3043,55.7816	[[[285350,552353,275,-84,307,-79,315,-68,322,-55,328,-44,332,-31,335,-19,336,-6,336,6,335,19,332,31,328,44,322,55,315,68,307,79,296,91,286,101,274,112,260,122,245,131,230,140,214,148,196,156,178,163,158,170,139,174,119,180,97,184,77,187,55,189,33,191,11,192,-11,192,-33,191,-55,189,-77,187,-97,184,-119,180,-139,174,-158,170,-178,163,-196,156,-214,148,-230,140,-245,131,-260,122,-274,112,-286,101,-296,91,-307,79,-315,68,-322,55,-328,44,-332,31,-138,8,-1468,-2600,17,-8,65,-43,68,-75,33,-69,58,-64,-26,-20,-108,-11,-12,23,-55,11,-21,-5,-47,56,-78,-36,-15,26,-1494,-2648]]]
618806	r	29.5629,52.6361,30.4771,53.1676	[[[295629,528900,5,-92,6373,-2432,38,-15,176,49,264,86,254,96,243,105,232,116,218,124,204,132,190,141,174,148,158,154,141,160,124,166,105,170,87,173,68,177,48,180,30,180,10,182,-10,182,-30,180,-48,180,-68,177,-87,173,-105,170,-124,166,-141,160,-158,154,-174,148,-190,141,-204,132,-218,124,-232,116,-243,105,-254,96,-264,86,-272,75,-280,64,-286,53,-291,41,-295,30,-298,17,-299,6,-299,-6,-298,-17,-295,-30,-291,-41,-286,-53,-280,-64,-272,-75,-264,-86,-254,-96,-243,-105,-232,-116,-218,-124,-204,-132,-190,-141,-174,-148,-158,-154,-141,-160,-124,-166,-105,-170,-87,-173,-68,-177,-48,-180,-30,-180,-10,-182]]]
622794	r	29.9521,52.0908,30.7484,52.6292	[[[299521,523600,10,-176,28,-175,46,-174,66,-172,83,-168,101,-165,118,-161,135,-155,151,-150,167,-143,182,-136,196,-129,209,-120,221,-112,233,-102,244,-93,252,-84,261,-72,269,-62,274,-51,279,-40,282,-29,286,-17,286,-6,286,6,286,17,282,29,279,40,274,51,269,62,261,72,252,84,244,93,233,102,221,112,209,120,196,129,182,136,110,95,-1283,3833,-112,42,-252,84,-261,72,-269,62,-274,51,-279,40,-282,29,-286,17,-286,6,-286,-6,-286,-17,-282,-29,-279,-40,-274,-51,-269,-62,-261,-72,-107,-36,-2274,-1940,-23,-88,-28,-175,-10,-176]]]
618800	r	27.8698,53.8281,28.7611,54.3246	[[[278698,541080,1376,-1853,29,15,222,-137,448,-311,17,-13,-29,-12,38,-27,-33,-12,231,-85,266,-84,274,-73,282,-63,289,-52,293,-40,298,-29,300,-17,301,-6,301,6,300,17,298,29,293,40,289,52,282,63,274,73,266,84,256,94,245,104,233,113,220,121,206,130,191,138,176,144,159,151,142,157,124,162,56,87,-6905,3200,-210,-89,-233,-113,-220,-121,-206,-130,-191,-138,-176,-144,-159,-151,-142,-157,-124,-162,-107,-167,-87,-170,-69,-174,-49,-175,-29,-177,-6,-98]]]
621074	r	29.2789,52.3482,30.2011,52.8863	[[[292789,526300,10,-184,29,-184,49,-182,69,-179,88,-177,106,-172,124,-168,143,-163,159,-156,176,-150,191,-143,206,-134,221,-127,233,-116,245,-108,256,-97,267,-87,274,-76,283,-65,289,-54,293,-42,298,-30,300,-18,302,-6,302,6,300,18,298,30,293,42,289,54,283,65,24,7,393,335,2274,1940,143,122,2,15,10,184,-4,76,-6373,2432,-143,55,-130,-36,-267,-87,-256,-97,-245,-108,-233,-116,-221,-127,-206,-134,-191,-143,-176,-150,-159,-156,-143,-163,-124,-168,-106,-172,-88,-177,-69,-179,-49,-182,-29,-184,-10,-184]]]
621741	r	27.0695,52.905,28.0105,53.3049	[[[270695,530200,10,-186,30,-186,51,-184,69,-181,90,-179,108,-174,45,-60,8604,0,45,60,108,174,90,179,69,181,51,184,30,186,10,186,-10,186,-30,186,-51,184,-69,181,-90,179,-108,174,-127,170,-145,165,-163,158,-179,152,-196,144,-210,136,-225,127,-238,119,-250,108,-262,99,-271,87,-281,77,-288,66,-294,54,-300,43,-304,30,-306,18,-308,6,-308,-6,-306,-18,-304,-30,-300,-43,-294,-54,-288,-66,-281,-77,-271,-87,-262,-99,-250,-108,-238,-119,-225,-127,-210,-136,-196,-144,-179,-152,-163,-158,-145,-165,-127,-170,-108,-174,-90,-179,-69,-181,-51,-184,-30,-186,-10,-186]]]
627145	r	23.9658,51.9394,24.7987,52.4806	[[[239658,523285,1516,-3439,233,-90,253,-83,261,-73,269,-63,275,-51,279,-40,283,-29,286,-17,287,-6,287,6,286,17,283,29,279,40,275,51,269,63,261,73,253,83,244,94,233,103,222,112,210,121,196,130,182,137,167,144,152,150,135,156,119,161,101,166,83,170,65,172,47,175,28,176,10,177,-10,177,-28,176,-47,175,-65,172,-83,170,-101,166,-119,161,-135,156,-152,150,-167,144,-182,137,-196,130,-210,121,-222,112,-233,103,-244,94,-253,83,-261,73,-269,63,-275,51,-279,40,-283,29,-286,17,-287,6,-287,-6,-286,-17,-283,-29,-279,-40,-275,-51,-269,-63,-261,-73,-253,-83,-244,-94,-233,-103,-222,-112,-210,-121,-196,-130,-182,-137,-167,-144,-152,-150,-135,-156,-8,-12]]]
