6167865	r	-79.7364,43.4463,-79.0078,44.0144	[[[-797364,439202,257,-458,131,-226,27,-19,-9,-12,4,-6,498,-858,45,-101,12,-15,8,-8,15,-16,353,-605,135,-232,-199,-182,15,-18,42,1,49,-16,23,0,35,17,40,-23,30,-53,-8,-18,10,-35,-10,-23,6,-7,104,-34,49,15,18,-2,15,14,30,-4,2,-30,-18,-4,-1,-28,-13,-11,4,-27,-14,-11,-4,-23,16,-10,22,0,6,-8,-33,-19,1,-15,23,-8,1,-13,22,-4,61,-40,6,-29,22,-15,-2,-25,51,-9,-7,-42,30,-17,-18,-20,37,-19,-3,-32,12,-14,29,-9,-10,32,140,42,116,-22,103,12,187,187,2,1,1195,-1115,934,-469,1024,141,-27,40,953,344,712,257,-1656,2042,44,250,191,41,255,218,112,134,-21,18,-22,-5,-35,3,8,14,-14,13,-27,2,1,15,-11,11,-17,-1,-42,18,-40,-12,17,23,-8,16,4,22,-22,14,-19,-8,-42,20,-37,6,-2,12,-57,30,-184,412,-440,975,-32,96,-166,-35,-254,554,-956,-686,-352,-38,-21,91,-6,74,0,192,-169,-43,-757,-159,61,-251,-659,-71,-1883,164,-28,-215]]]
6077243	r	-74.1169,45.1821,-73.0881,46.0563	[[[-741169,454878,121,-28,442,-7,643,85,171,56,145,98,82,79,107,79,116,59,247,48,71,61,98,183,277,311,-2156,-774,-364,-250]],[[-739742,454664,251,-103,-132,-72,-113,-43,11,-13,15,-30,9,-14,18,-18,97,-61,32,-8,122,9,183,-11,745,189,384,150,114,28,58,5,361,-12,83,-49,58,44,247,-9,-47,-34,39,-124,-16,0,30,-94,-8,-1,-29,-175,112,2,-11,-6,-218,-28,-102,-63,-223,-240,-87,-68,-560,-259,-164,-116,-92,-39,-225,10,-92,-40,-11,-10,170,-109,253,-132,270,-114,284,-95,89,-22,7,10,220,-93,284,-95,296,-75,305,-54,311,-32,48,-2,-303,-660,115,-43,75,-24,2546,1781,-3,1,-2,14,13,19,-22,48,-8,46,-23,3,21,30,80,77,20,126,-4,33,29,-2,26,16,-133,92,89,-4,-17,30,165,-115,92,-49,90,-76,1371,959,341,159,-552,1196,1479,3074,-47,47,-187,160,-202,151,-215,141,-227,132,-101,50,-143,-142,-71,-112,-12,-198,26,-181,-5,-171,-108,-168,-420,-447,-1535,-1026,-87,-88,2,4,-3,58,24,49,257,274,-62,26,-7,5,279,269,166,303,214,131,446,205,276,271,582,813,86,173,-44,22,-250,109,-260,98,-268,85,-276,73,-282,60,-287,47,-290,34,-294,20,-294,7,-294,-7,-294,-20,-290,-34,-287,-47,-282,-60,-276,-73,-268,-85,-260,-98,-8,-3,-70,164,-371,-757,0,-2635,-332,-135,76,-84,-39,-16,-10,-42,-35,-23,-124,-109,-90,-60,-16,-27,-17,-62,-60,-21,-34,-23,-4,-76,-31,-27,-33,-44,-30,-17,-109,-39,-16,0,-76,-27,-41,9,-27,-3,-12,-21,-1,-40,-16,-9,-209,-171,-149,-162,-8,-20,26,12,-125,-60,-82,-8,-27,-26,-4,-15,7,-12,-5,-67,21,-96,26,-23,-50,-48,-98,-50,-57,-13,-88,-49,-1,-1,-238,-73,-43,-21,-51,-33,-37,-44,-3,-38,-1,-12,9,-13,-33,-26,-52,-57,-28,-50,-92,-122,-73,-50],[-736873,454554,19,21,147,-33,-12,-12,-56,-7,-98,31],[-736496,454494,60,-13,5,2,-17,-8,-48,19],[-736408,454474,24,-5,-4,-2,-20,7],[-735922,457174,104,11,-14,-22,-90,11],[-735592,454158,91,17,106,40,-3,65,101,92,87,3,92,-17,-72,-95,-89,-48,-151,-52,-143,-20,-19,15],[-735558,457007,132,-19,-12,-2,-120,21],[-735291,454917,100,34,-7,14,9,3,57,-118,36,-73,-141,2,-19,89,-35,49],[-735257,455189,20,-7,-1,-44,2,-14,-21,65],[-735237,454471,12,32,-7,-24,-5,-8],[-735196,454606,5,24,0,-7,-5,-17],[-735195,454680,3,-8,0,-9,-3,17],[-735018,456032,13,62,-10,2,19,172,19,48,8,21,121,-19,72,134,-9,71,-75,92,66,168,29,110,57,122,63,22,36,1,22,27,146,120,100,97,-147,-237,-81,-321,100,-302,-50,-66,-15,-59,-29,-115,-43,-101,-83,-84,-189,-137,-30,7,-79,-13,-31,178],[-734987,457275,33,4,75,37,47,-23,20,-86,-6,-36,7,-30,-60,-14,-8,42,-50,36,-4,-13,-37,28,0,42,-17,13]],[[-739667,454148,7,-13,134,-201,162,-190,80,-76,136,-6,84,11,57,16,223,103,65,16,138,10,2,35,-2,36,-43,7,-134,44,-132,27,-39,16,-99,65,-45,21,-100,31,-494,48]]]
5913490	r	-114.814,50.5854,-113.346,51.2398	[[[-1148140,510500,15,-304,47,-302,79,-300,109,-296,139,-291,169,-285,199,-277,226,-268,254,-258,279,-247,305,-235,329,-222,350,-208,371,-193,391,-177,408,-160,423,-144,438,-125,450,-107,459,-88,468,-70,474,-49,478,-30,480,-10,480,10,478,30,474,49,468,70,459,88,450,107,438,125,423,144,408,160,391,177,371,193,350,208,329,222,305,235,279,247,254,258,226,268,199,277,169,285,139,291,109,296,79,300,47,302,15,304,-15,304,-46,290,-5596,522,0,220,-901,-1,-5,-74,-2,292,-107,-1,0,73,-1163,-3,0,-144,-118,-1,0,-9,-112,1,0,8,-122,0,1,-7,-34,0,0,7,-431,1,0,-82,-2867,267,-2518,235,-86,-120,-169,-285,-139,-291,-109,-296,-79,-300,-47,-302,-15,-304]]]
6094817	r	-76.6747,44.7211,-74.7309,45.9768	[[[-766747,454100,20,-451,63,-448,104,-445,145,-439,185,-432,224,-421,264,-411,300,-398,337,-383,372,-366,404,-349,436,-329,299,-198,5826,-1796,130,-9,638,-14,638,14,634,45,630,73,567,93,1113,731,716,471,1406,614,540,103,169,55,438,250,163,64,584,153,207,100,300,295,337,383,300,398,264,411,224,421,185,432,145,439,104,445,27,196,-491,1053,-2180,0,3,25,15,325,-15,325,-45,324,-75,320,-105,317,-133,311,-163,304,-190,296,-217,287,-243,276,-268,265,-292,251,-315,237,-336,222,-356,207,-375,189,-391,172,-406,153,-420,134,-431,115,-440,94,-449,74,-454,53,-459,32,-460,10,-460,-10,-459,-32,-454,-53,-449,-74,-440,-94,-431,-115,-420,-134,-406,-153,-391,-172,-375,-189,-356,-207,-336,-222,-315,-237,-292,-251,-268,-265,-243,-276,-217,-287,-190,-296,-163,-304,-133,-311,-105,-317,-75,-320,-45,-324,-15,-325,15,-325,3,-25,-2711,0,-16,-350]]]
5946768	r	-114.1309,53.081,-112.7984,53.9231	[[[-1141309,536300,11,-192,31,-191,53,-189,73,-186,93,-184,113,-179,133,-175,151,-169,170,-163,187,-156,204,-148,219,-140,235,-131,248,-122,261,-112,273,-101,283,-90,293,-79,300,-68,27,-5,-1728,-1712,149,-73,422,-181,441,-164,458,-147,473,-128,486,-109,496,-90,506,-71,352,-35,651,1519,49,-14,319,-72,327,-59,332,-46,337,-34,340,-20,341,-6,341,6,340,20,337,34,332,46,327,59,319,72,311,85,301,96,290,108,278,119,263,129,250,140,233,149,216,158,199,166,181,174,160,180,141,186,121,191,99,196,77,199,56,201,33,204,11,204,-11,204,-33,204,-56,201,-77,199,-99,196,-121,191,-141,186,-160,180,-181,174,-199,166,-216,158,-233,149,-250,140,-263,129,-278,119,-290,108,-301,96,-311,85,-319,72,-327,59,-332,46,-337,34,-164,9,326,760,-653,-647,-154,85,-248,122,-261,112,-273,101,-283,90,-293,79,-300,68,-308,56,-312,43,-317,31,-320,19,-321,7,-321,-7,-320,-19,-317,-31,-312,-43,-308,-56,-300,-68,-293,-79,-283,-90,-273,-101,-261,-112,-248,-122,-235,-131,-219,-140,-204,-148,-187,-156,-170,-163,-151,-169,-133,-175,-113,-179,-93,-184,-73,-186,-53,-189,-31,-191,-11,-192]]]
6183235	r	-97.7659,49.4804,-96.5341,50.2796	[[[-977659,498800,13,-261,40,-261,65,-258,92,-254,117,-250,142,-245,166,-238,190,-231,213,-222,235,-212,256,-203,275,-190,294,-179,312,-166,327,-152,343,-138,355,-124,367,-107,377,-93,386,-75,392,-60,398,-42,401,-26,403,-9,403,9,401,26,398,42,392,60,386,75,377,93,367,107,355,124,343,138,327,152,312,166,294,179,275,190,256,203,235,212,213,222,190,231,166,238,142,245,117,250,92,254,65,258,40,261,13,261,-13,261,-40,261,-65,258,-92,254,-117,250,-142,245,-166,238,-190,231,-213,222,-235,212,-256,203,-275,190,-294,179,-312,166,-327,152,-343,138,-355,124,-367,107,-377,93,-386,75,-392,60,-398,42,-401,26,-403,9,-403,-9,-401,-26,-398,-42,-392,-60,-386,-75,-377,-93,-367,-107,-355,-124,-343,-138,-327,-152,-312,-166,-294,-179,-275,-190,-256,-203,-235,-212,-213,-222,-190,-231,-166,-238,-142,-245,-117,-250,-92,-254,-65,-258,-40,-261,-13,-261]]]
6075357	r	-79.8103,43.479,-79.3674,43.7371	[[[-798103,435881,10,-22,26,-24,367,-268,74,-46,69,-59,104,-76,99,-54,78,-28,28,-20,97,-65,177,-137,157,146,566,-414,52,-24,120,29,78,103,18,155,-2,22,2311,-166,-1195,1115,-2,-1,-187,-187,-103,-12,-116,22,-140,-42,10,-32,-29,9,-12,14,3,32,-37,19,18,20,-30,17,7,42,-51,9,2,25,-22,15,-6,29,-61,40,-22,4,-1,13,-23,8,-1,15,33,19,-6,8,-22,0,-16,10,4,23,14,11,-4,27,13,11,1,28,18,4,-2,30,-30,4,-15,-14,-18,2,-49,-15,-104,34,-6,7,10,23,-10,35,8,18,-30,53,-40,23,-35,-17,-23,0,-49,16,-42,-1,-15,18,199,182,-135,232,-1,0,-279,475,-19,-4,-19,-17,-53,39,-337,-302,5,-60,-45,-57,-136,-265,-169,-150,-255,-139,-279,-252,-171,-51,-118,-77,20,-15,-67,-12,-18,-7,-40,-20,-80,-66,-19,-17]]]
6173331	r	-123.536,49.1989,-122.8552,49.5781	[[[-1235360,493887,24,-2,174,32,163,82,175,142,-238,79,-18,-16,-161,-171,-119,-146]],[[-1234294,493468,32,-67,102,-29,313,-17,88,16,165,58,153,129,75,88,6,7,53,76,41,86,-35,0,0,27,47,54,62,97,40,141,-111,71,-237,-30,-197,-61,-150,-74,-220,-152,-114,-79,-77,-134,-12,-121,-24,-86]],[[-1233932,494670,38,4,148,-39,72,-97,-84,-154,331,45,189,190,13,242,-195,202,-61,-38,-176,-123,-164,-131,-111,-101]],[[-1232939,493701,103,-68,70,-118,28,-69,38,-92,151,29,265,52,164,-7,1097,-206,641,-121,175,-33,268,62,1088,1218,30,103,-3,35,36,77,236,799,-181,74,-227,79,-235,70,-241,59,-246,49,-251,39,-254,27,-256,17,-257,5,-257,-5,-256,-17,-254,-27,-251,-39,-246,-49,-241,-59,-205,-61,-101,-295,-11,-111,121,-702,-10,-155,-44,-150,-110,-145,-273,-140,-101,-125]],[[-1232469,492746,110,-246,249,-134,29,-10,-5,-3,-113,43,-23,-37,134,-80,15,-30,37,-17,-17,-11,140,-24,95,-40,127,-9,51,-14,60,-26,66,-54,31,-5,64,-26,19,-21,2,0,72,-13,17,3,58,9,77,38,40,8,111,-5,92,6,172,35,131,-31,204,-3,7,-2,21,-7,47,-15,3,-1,6,-2,105,-16,-6,100,7,694,2,2,1,135,-1,0,0,8,-134,10,-19,3,-9,1,-12,-1,-577,38,-430,166,-232,0,1,-342,-575,8,-28,-95,15,51,-237,-38]]]
5907364	r	-79.8888,43.6018,-79.6023,43.8481	[[[-798888,436749,989,-731,118,77,171,51,279,252,255,139,169,150,136,265,45,57,-5,60,337,302,53,-39,19,17,19,4,279,-475,1,0,-353,605,-23,24,-12,15,-45,101,-498,858,-629,-558,-166,-126,-42,-51,-406,-360,-54,41,-106,-98,57,-39,-286,-260,-157,-157,-145,-124]]]
5969782	r	-80.2486,42.8551,-79.5316,43.4707	[[[-802486,433335,102,-270,394,-967,1633,-594,1,-1,1503,-2455,845,-497,1782,1846,376,390,44,45,24,87,466,1656,-1,0,-237,94,-1196,474,-1,0,-76,2,-894,31,-202,-165,-72,-36,10,10,-32,-15,-18,33,-8,-3,34,24,2,1,-40,82,-24,17,-52,10,-5,-2,-87,-25,-57,-28,-10,4,-7,-13,-28,3,-18,-12,-51,-11,-11,-6,5,-7,-41,-11,-20,-16,9,-7,-10,-4,11,-9,-21,15,-78,-36,-98,-66,-24,-22,-20,-18,-32,11,-23,-5,-17,16,-17,-5,-1,0,-65,3,-20,-4,-1,0,-1,12,-14,4,2,7,-38,29,-214,153,290,214,32,-17,39,9,28,16,27,27,11,11,31,14,8,14,4,8,29,23,14,11,0,2,16,36,-4,19,-682,482,-497,350,-90,65,-469,339,-500,-356,36,-117,16,-53,-22,-4,-1256,-205,30,-92,6,1,53,-178,-6,-1,88,-267,-593,-100]]]
6159905	r	-122.9601,48.9925,-122.4593,49.2515	[[[-1229601,492015,91,-71,-63,-31,0,-163,180,61,199,133,53,-18,-87,-155,326,0,-2,-900,0,-244,-667,-529,-1,-77,1116,0,1,124,223,-75,196,31,134,44,-1,-124,295,0,13,-9,12,-16,53,-71,2797,0,139,664,1,295,-13,321,-2189,510,0,156,-61,-18,-66,-10,-154,-13,-67,12,-62,24,-22,19,-27,68,-10,65,-47,98,-87,19,-111,18,-204,-18,-76,7,-166,27,-82,35,-15,0,-378,-5,-238,9,-97,-9,1,101,13,11,-62,36,-1,0,0,1,-57,12,-27,0,-25,20,-1,-1,-2,2,-4,134,4,-137,-2,-1,-21,3,-8,-24,-20,-4,-402,-217,-82,-45,-60,-32,-80,-43],[-1227840,490166,22,7,10,-7,-32,0]]]
6325494	r	-71.8823,46.3189,-70.4819,47.2664	[[[-718823,468100,14,-298,43,-298,70,-294,99,-291,2,-5,193,-44,275,-33,94,-21,204,-94,109,-21,518,0,262,43,498,188,513,76,781,239,516,98,919,38,128,-85,-334,-92,-177,-28,-297,-19,-277,-40,-79,-14,-440,-124,133,-87,-2086,-572,-464,20,-421,154,-216,118,-214,69,-35,-3,20,-47,153,-279,179,-272,204,-264,229,-253,253,-243,275,-231,296,-218,316,-204,335,-190,352,-174,369,-157,382,-141,394,-123,406,-105,36,-8,-124,-230,373,-97,437,-91,445,-72,451,-51,454,-31,457,-10,457,10,454,31,451,51,445,72,437,91,428,111,416,130,403,148,388,167,371,183,353,200,333,215,313,230,289,243,267,256,241,267,215,278,189,287,161,294,132,302,104,306,74,311,45,313,15,315,-15,315,-45,313,-74,311,-104,306,-132,302,-161,294,-137,208,-63,-26,-452,-52,-1270,-407,-168,-95,-213,-241,-90,-63,-93,-18,-219,22,-98,-4,-105,-48,-184,-134,-127,-29,-102,12,-225,51,-123,12,-178,-53,-539,-357,-455,-104,-962,19,-411,-121,-3,0,-142,9,372,392,-106,46,-22,30,1896,1317,366,165,1286,352,411,194,356,258,239,257,-286,184,-353,200,-371,183,-388,167,-403,148,-416,130,-428,111,-26,5,-126,-234,-363,94,-415,87,-422,68,-428,49,-431,29,-433,10,-433,-10,-431,-29,-428,-49,-422,-68,-415,-87,-406,-105,-394,-123,-382,-141,-369,-157,-352,-174,-335,-190,-316,-204,-296,-218,-275,-231,-253,-243,-229,-253,-204,-264,-179,-272,-153,-279,-125,-286,-99,-291,-70,-294,-43,-298,-14,-298]],[[-711247,468770,107,-176,422,-13,406,48,787,326,612,362,170,53,124,90,339,410,127,121,56,143,-60,102,-128,65,-148,31,-421,-66,-387,-234,-694,-532,-916,-443,-396,-287]]]
6324729	r	-64.0396,44.4407,-63.2688,44.7112	[[[-640396,445725,63,-195,89,-211,103,-195,28,-11,-137,394,-117,202,-29,16]],[[-639425,445340,131,-227,74,-58,98,-45,117,-29,127,-10,138,15,203,57,136,2,-44,104,-23,38,128,58,80,-40,61,-67,78,-25,68,33,122,117,83,55,-192,-286,-54,-131,35,-135,125,-82,101,95,90,157,94,109,13,-131,52,-100,91,-71,124,-45,83,52,45,-55,33,-88,49,-46,103,21,29,48,19,46,79,22,348,54,165,7,138,-61,-42,-37,-70,-77,-47,-88,23,-71,86,-18,69,52,52,68,108,103,53,139,84,105,169,-34,-4,-37,-49,-53,-23,-59,76,-56,59,7,193,61,55,29,153,157,95,143,5,149,-232,320,-16,113,24,128,5,191,-34,96,-64,138,73,103,50,7,-33,32,-166,229,-255,112,-64,63,-71,39,-100,26,-103,44,-183,169,-186,121,-58,-26,5,-9,-30,-17,10,-12,-39,0,-8,-13,-72,-4,8,-15,-7,-3,-5,8,-12,-3,-21,9,-4,10,-27,-1,21,-9,8,-4,0,-9,-39,7,4,-6,3,-6,-43,-16,16,-28,-9,-5,12,-11,-26,-12,-14,11,-41,-14,-271,-124,79,-243,49,-17,-852,0,-1395,-465,60,-85,66,-67,-197,-390,-8,-203]],[[-635232,446350,130,-109,341,-107,197,-127,174,-44,173,175,63,198,-52,147,-87,67,-721,0,11,-24,-181,-36,33,-18,-19,-3,39,-31,-44,-38,-2,19,7,6,-21,-1,11,-7,3,-19,-55,-48]],[[-634147,446550,256,-119,720,-70,320,-87,38,161,125,115,-1459,0]]]
6050610	p	6077243
6058560	r	-81.7606,42.5892,-80.7492,43.3708	[[[-817606,429800,11,-256,34,-254,57,-253,78,-249,101,-244,123,-240,143,-233,164,-225,183,-217,202,-208,220,-198,238,-187,253,-175,269,-162,282,-149,295,-135,306,-120,316,-106,325,-90,333,-74,338,-58,342,-42,346,-25,347,-8,347,8,346,25,342,42,338,58,333,74,325,90,316,106,306,120,295,135,282,149,169,102,1409,3724,-248,743,-2956,2256,-231,51,-338,58,-342,42,-346,25,-347,8,-347,-8,-346,-25,-342,-42,-338,-58,-333,-74,-325,-90,-316,-106,-306,-120,-295,-135,-282,-149,-269,-162,-253,-175,-238,-187,-220,-198,-202,-208,-183,-217,-164,-225,-143,-233,-123,-240,-101,-244,-78,-249,-57,-253,-34,-254,-11,-256]]]
5950268	p	6167865
6066513	p	6167865
6173577	p	6167865
5959974	p	6094817
6174041	r	-123.7537,48.3061,-123.2808,48.4868	[[[-1237537,484400,9,-176,26,-176,43,-174,60,-172,77,-169,24,-43,244,-110,204,-58,172,-146,139,-33,139,25,275,101,169,10,3,-179,231,-39,216,70,-40,148,91,87,176,117,81,70,41,94,6,91,40,67,149,27,160,91,268,413,161,110,455,-250,-63,-88,154,35,38,-20,5,-19,17,-13,40,0,1,0,156,-85,266,42,279,95,154,98,63,235,-17,1,-100,79,-35,-11,-246,134,-18,-345,-67,3,10,51,-46,2,3,91,-157,2,1,22,-315,-36,-51,26,-76,-68,-43,16,-28,19,-106,33,-34,2,-60,26,-33,-6,-14,32,43,58,-3,12,-13,3,0,15,26,56,-42,0,-5,-18,-11,21,-22,-9,-10,20,-88,-48,-69,30,-9,-23,-41,17,-44,-44,-7,2,-12,26,6,16,-24,30,2,155,-2959,-251,-6,-41,-9,-176]]]
6141256	r	-107.2159,51.7926,-106.1241,52.4674	[[[-1072159,521300,12,-221,35,-219,58,-218,81,-215,104,-211,126,-207,147,-201,168,-195,189,-187,208,-180,227,-171,244,-161,261,-151,276,-140,290,-128,304,-117,315,-104,325,-91,334,-78,342,-64,348,-50,352,-36,356,-22,357,-7,357,7,356,22,352,36,348,50,342,64,334,78,325,91,315,104,304,117,290,128,276,140,261,151,244,161,227,171,208,180,189,187,168,195,147,201,126,207,104,211,81,215,58,218,35,219,12,221,-12,221,-35,219,-58,218,-81,215,-104,211,-126,207,-147,201,-168,195,-189,187,-208,180,-227,171,-244,161,-261,151,-276,140,-290,128,-304,117,-315,104,-325,91,-334,78,-342,64,-348,50,-352,36,-356,22,-357,7,-357,-7,-356,-22,-352,-36,-348,-50,-342,-64,-334,-78,-325,-91,-315,-104,-304,-117,-290,-128,-276,-140,-261,-151,-244,-161,-227,-171,-208,-180,-189,-187,-168,-195,-147,-201,-126,-207,-104,-211,-81,-215,-58,-218,-35,-219,-12,-221]]]
5992996	r	-80.9523,43.1415,-80.3657,43.5068	[[[-809523,434042,2,-54,29,-211,47,-209,66,-207,84,-202,102,-199,120,-193,136,-187,153,-180,169,-172,184,-164,198,-155,212,-145,224,-134,236,-124,201,-91,2210,852,909,1413,110,20,107,176,43,32,197,109,-42,103,-204,41,-61,47,-5,11,42,5,17,9,4,2,6,3,0,3,7,28,-6,22,-66,44,-10,31,28,29,20,11,20,10,21,19,72,37,19,30,47,-64,86,31,59,41,28,8,45,71,-327,-30,-51,10,-74,0,-41,11,-51,31,-9,21,-27,41,-24,17,-12,23,49,59,-1,26,-16,12,-85,12,-135,-53,-90,4,-31,55,-19,13,-26,11,-21,-7,-7,10,-23,-9,-19,26,-12,-4,-22,32,1,29,63,45,23,33,-22,52,-50,9,-21,-14,-57,-13,19,-32,-35,-8,-4,-13,3,-96,-31,-39,-32,-13,-16,7,8,-20,16,-12,-53,-3,-24,-8,-11,7,-25,-3,21,-40,34,-8,10,-15,-52,-17,12,-12,-10,-3,9,-7,-54,-20,25,-22,-33,-18,9,-14,-115,-43,-24,-3,-47,-17,-21,-18,-55,-12,4,-8,-72,-26,-5,9,-67,-24,24,-21,-38,-13,15,-20,-19,-5,-21,10,-23,-29,-263,-89,-73,66,-3715,-347]]]
5911606	r	-123.0241,49.1803,-122.8644,49.4348	[[[-1230241,492106,7,-113,191,-59,28,-20,3,-2,68,-49,78,-40,2,-1,7,-4,36,-11,6,-2,49,-2,4,1,1,0,60,13,57,55,71,38,0,3,63,31,-91,71,80,43,60,32,82,45,402,217,20,4,8,24,21,-3,2,1,-4,137,-5,190,291,1,-127,1006,-154,-375,-294,-342,-104,-46,-115,30,-163,-31,-268,49,-103,-36,-258,-14,-2,-145,-2,-2,-6,-636,-1,-58]],[[-1229939,493130,558,128,557,784,7,33,-34,273,-1088,-1218]]]
6182962	r	-83.1595,41.9691,-82.5757,42.522	[[[-831595,420463,25,-459,70,-166,150,-34,283,-49,287,-36,289,-21,291,-7,291,7,289,21,287,36,283,49,278,63,272,76,265,89,257,102,247,115,236,126,225,137,212,148,199,158,184,168,170,176,153,184,137,191,120,197,103,202,84,208,66,210,47,214,29,216,9,216,-9,216,-29,216,-47,214,-66,210,-84,208,-103,202,-120,197,-137,191,-153,184,-170,176,-184,168,-48,38,-37,-29,-1057,-1011,-327,-200,-971,-373,58,-89,-85,-20,-141,-42,-124,-62,-297,-70,-302,-30,-443,-116,-162,-91,-173,-187,-37,-74,-93,-103,-187,-323,-74,-397,-37,-844,-199,-696]]]
6059891	p	6077243
6119109	r	-105.1336,50.1208,-104.1063,50.7793	[[[-1051336,504500,11,-215,33,-215,55,-212,76,-210,98,-206,118,-202,139,-196,158,-190,178,-183,195,-175,214,-167,229,-157,246,-147,259,-137,274,-126,285,-113,296,-102,307,-89,314,-76,322,-62,327,-49,332,-35,334,-21,336,-7,336,7,334,21,332,35,327,49,322,62,314,76,307,89,296,102,285,113,274,126,259,137,246,147,229,157,214,167,195,175,178,183,158,190,139,196,118,202,98,206,76,210,55,212,33,215,11,215,-11,215,-33,215,-55,212,-76,210,-98,206,-118,202,-139,196,-158,190,-178,183,-195,175,-214,167,-229,157,-246,147,-259,137,-274,126,-285,113,-296,102,-307,89,-314,76,-322,62,-327,49,-332,35,-334,21,-336,7,-336,-7,-334,-21,-332,-35,-327,-49,-322,-62,-314,-76,-307,-89,-296,-102,-285,-113,-274,-126,-259,-137,-246,-147,-229,-157,-214,-167,-195,-175,-178,-183,-158,-190,-139,-196,-118,-202,-98,-206,-76,-210,-55,-212,-33,-215,-11,-215]]]
6092122	r	-79.8111,43.2575,-79.274,43.5284	[[[-798110,434348,614,-440,164,-124,87,-66,106,-69,-11,-9,399,-497,1,0,1164,-461,269,-107,2577,1889,-934,469,-2311,166,2,-22,-18,-155,-78,-103,-120,-29,-52,24,-566,414,-157,-146,-177,137,-97,65,-295,-250,-192,-184,-129,16,-105,-94,-8,-28,-24,-2,-82,-72,56,-117,75,-61,-158,-144]]]
6122085	r	-123.54,48.9242,-122.9573,49.2099	[[[-1235400,489494,92,-74,437,-178,221,116,-69,23,-681,347,0,-234]],[[-1232120,491300,449,-144,437,3,423,125,404,226,-51,-104,27,23,60,32,32,10,88,14,116,32,87,-4,40,18,56,10,29,12,68,54,17,25,186,49,46,50,33,19,0,160,-71,-39,-57,-54,-56,-13,-5,0,-4,-1,-9,0,-21,-1,-12,2,-7,1,-6,2,-9,1,-15,6,-12,4,-7,4,-27,10,-26,17,-27,14,-68,49,-36,23,-186,58,-1,13,-105,16,-84,27,-204,3,-131,31,-172,-35,-60,-4,-32,-2,-111,5,-40,-8,-77,-38,-58,-9,-17,-3,-72,13,22,-45,-194,96,-228,46,-185,-43,-64,-158,46,-413,-119,-118,0,-67]]]
6122091	p	6167865
5911592	r	-79.9869,43.2863,-79.6751,43.4766	[[[-799869,434368,90,-65,492,-346,687,-486,4,-19,-16,-36,0,-2,-14,-11,-29,-23,-4,-8,-8,-14,-22,-10,-9,-4,-11,-11,-27,-27,-28,-16,-39,-9,-32,17,-290,-214,214,-153,38,-29,-2,-7,14,-4,1,-12,21,4,66,-3,17,5,17,-16,23,5,32,-11,44,41,98,65,78,36,21,-15,-11,9,10,4,-9,7,20,16,41,11,-5,7,11,6,51,11,18,12,28,-3,7,13,10,-4,57,28,92,27,52,-10,24,-17,40,-82,-36,-25,8,3,18,-33,32,15,-10,-10,72,36,202,165,244,-8,726,-25,-399,497,11,9,-106,69,-87,66,-164,124,-614,440,-90,-84,-207,145,-19,-4,-521,361,-482,-441,-33,-43,-19,-10,-112,-99,-273,195,-3,0]]]
6087029	p	6094817
6094578	r	-78.99,43.6185,-78.3294,44.2772	[[[-789900,440766,262,-489,50,11,772,-1764,69,-203,145,23,1157,-2159,564,133,2035,-7,28,18,232,181,217,191,198,201,180,210,161,217,140,226,120,231,99,236,77,241,56,244,33,246,11,247,-11,247,-26,196,-5386,3329,-124,-3,-339,-24,-336,-41,-332,-56,-52,-11,0,-1871]]]
5964700	r	-82.0376,45.7639,-80.1142,47.2161	[[[-820376,464900,22,-475,68,-473,111,-469,156,-462,199,-455,241,-445,283,-433,324,-419,362,-403,399,-386,435,-368,468,-347,501,-324,530,-302,557,-277,582,-251,605,-224,624,-196,642,-167,656,-138,667,-108,677,-77,682,-47,685,-15,685,15,682,47,677,77,667,108,656,138,642,167,624,196,605,224,582,251,557,277,53,30,2328,9712,-48,53,-399,386,-435,368,-468,347,-501,324,-530,302,-557,277,-582,251,-605,224,-624,196,-642,167,-656,138,-667,108,-677,77,-682,47,-685,15,-685,-15,-682,-47,-677,-77,-667,-108,-656,-138,-642,-167,-624,-196,-605,-224,-582,-251,-557,-277,-530,-302,-501,-324,-468,-347,-435,-368,-399,-386,-362,-403,-324,-419,-283,-433,-241,-445,-199,-455,-156,-462,-111,-469,-68,-473,-22,-475]]]
6087790	p	6159905
5962204	p	6094817
6137270	r	-71.9091,47.8593,-70.2309,48.9807	[[[-719091,484200,18,-367,53,-365,90,-362,124,-357,160,-351,193,-344,227,-334,259,-323,290,-312,320,-298,348,-284,375,-268,401,-250,425,-233,446,-214,466,-194,485,-173,500,-151,514,-129,525,-107,535,-83,542,-60,546,-36,549,-12,549,12,546,36,542,60,535,83,525,107,514,129,500,151,485,173,466,194,446,214,425,233,401,250,375,268,348,284,320,298,290,312,259,323,227,334,193,344,160,351,44,127,-327,199,-97,-48,-139,-32,-125,16,-105,201,-116,48,-137,24,-329,97,-507,47,-196,91,-147,45,-678,63,-552,-63,-947,-7,79,61,-106,1,-83,-8,-48,4,-96,37,-56,40,-42,48,-31,70,-14,84,-55,110,-70,61,-85,41,-110,27,-175,14,-117,-1,-280,-22,-85,24,-109,13,-377,109,-196,33,-582,179,-239,61,3,44,-14,36,-43,16,-3,11,14,2,1096,-157,412,-148,123,-30,105,15,101,30,114,16,254,-28,195,-74,343,-239,199,-109,156,-13,430,53,1992,-338,203,28,220,111,237,-28,857,-408,245,-82,151,-20,59,237,53,365,18,367,-18,367,-53,365,-90,362,-124,357,-160,351,-193,344,-227,334,-259,323,-290,312,-320,298,-348,284,-375,268,-401,250,-425,233,-446,214,-466,194,-485,173,-500,151,-514,129,-525,107,-535,83,-542,60,-546,36,-549,12,-549,-12,-546,-36,-542,-60,-535,-83,-525,-107,-514,-129,-500,-151,-485,-173,-466,-194,-446,-214,-425,-233,-401,-250,-375,-268,-348,-284,-320,-298,-290,-312,-259,-323,-227,-334,-193,-344,-160,-351,-124,-357,-90,-362,-53,-365,-18,-367]]]
5927690	r	-122.8935,49.2199,-122.4644,49.6331	[[[-1228935,492705,9,-324,2,-2,1,1,25,-20,27,0,57,-12,0,-1,1,0,62,-36,-13,-11,-1,-101,97,9,238,-9,378,5,0,48,-13,27,31,23,33,54,-8,7,-36,-1,-19,6,-10,11,4,32,1,1,25,11,23,10,-8,20,5,8,37,5,10,21,21,-1,-22,45,1,10,-3,5,5,28,0,11,3,10,21,12,48,2,0,174,232,0,0,110,55,-1,0,-36,278,0,0,-73,353,2,165,87,171,37,53,25,9,17,-14,31,-121,33,-47,49,-12,25,0,39,10,25,101,73,32,40,20,12,411,192,1563,2186,-169,80,-299,122,-310,109,-321,95,-329,82,-337,67,-342,52,-347,38,-350,22,-352,8,-352,-8,-117,-7,-519,-1753,5,10,93,-9,91,-65,42,-81,-20,-183,-50,-171,-144,-352,127,-1006,-291,-1]],[[-1228851,494348,34,-273,21,97,-25,279,-30,-103]]]
5894171	r	-80.1438,44.1456,-79.1962,44.7408	[[[-801438,444000,11,-223,30,-222,50,-220,71,-217,90,-213,109,-209,128,-203,146,-197,164,-189,135,-136,1826,-515,503,134,1,1,5142,1370,938,250,41,124,50,220,30,222,11,223,-11,223,-30,222,-50,220,-71,217,-90,213,-109,209,-128,203,-146,197,-164,189,-180,182,-197,172,-212,163,-226,152,-240,142,-252,130,-263,117,-274,105,-282,92,-290,79,-297,65,-302,50,-306,37,-308,22,-310,7,-310,-7,-308,-22,-306,-37,-302,-50,-297,-65,-290,-79,-282,-92,-274,-105,-263,-117,-252,-130,-240,-142,-226,-152,-212,-163,-197,-172,-180,-182,-164,-189,-146,-197,-128,-203,-109,-209,-90,-213,-71,-217,-50,-220,-30,-222,-11,-223]]]
13546323	p	6077243
13546324	p	6077243
5990579	r	-120.0859,49.4934,-118.8941,50.2666	[[[-1200859,498800,13,-253,38,-252,63,-249,89,-247,113,-242,137,-237,161,-230,184,-223,206,-215,227,-206,248,-195,266,-185,285,-173,301,-160,317,-148,331,-133,344,-119,355,-105,365,-89,374,-73,379,-58,385,-41,388,-25,390,-8,390,8,388,25,385,41,379,58,374,73,365,89,355,105,344,119,331,133,317,148,301,160,285,173,266,185,248,195,227,206,206,215,184,223,161,230,137,237,113,242,89,247,63,249,38,252,13,253,-13,253,-38,252,-63,249,-89,247,-113,242,-137,237,-161,230,-184,223,-206,215,-227,206,-248,195,-266,185,-285,173,-301,160,-317,148,-331,133,-344,119,-355,105,-365,89,-374,73,-379,58,-385,41,-388,25,-390,8,-390,-8,-388,-25,-385,-41,-379,-58,-374,-73,-365,-89,-355,-105,-344,-119,-331,-133,-317,-148,-301,-160,-285,-173,-266,-185,-248,-195,-227,-206,-206,-215,-184,-223,-161,-230,-137,-237,-113,-242,-89,-247,-63,-249,-38,-252,-13,-253]]]
6169141	r	-73.1066,46.0784,-71.9933,46.7269	[[[-731066,463400,12,-253,36,-252,59,-250,83,-246,106,-243,128,-236,150,-231,172,-223,189,-211,85,152,186,546,-85,155,805,316,695,224,733,161,319,54,447,-335,106,32,729,272,252,85,94,44,112,66,235,201,80,96,51,46,123,75,149,66,-93,-41,-455,-413,-536,-291,-422,-180,-185,-112,12,-174,0,-148,-616,-386,-273,-41,-854,-306,-323,-53,-334,-10,-232,88,-223,-137,-236,-149,-151,-94,20,-19,231,-196,88,-65,8871,630,46,52,172,223,150,231,128,236,106,243,83,246,59,250,36,252,12,253,-12,253,-36,252,-59,250,-83,246,-106,243,-128,236,-150,231,-172,223,-192,215,-66,64,-86,-11,-875,-340,-101,-103,-47,-153,-114,-210,-255,-361,-327,-229,-1238,-242,-568,-247,-229,-32,-42,-19,33,29,149,99,126,54,206,43,218,75,-238,166,400,60,352,175,203,68,403,75,388,199,63,114,153,539,85,172,154,76,706,197,230,36,-126,108,-249,184,-266,174,-282,160,-296,148,-309,133,-321,120,-332,104,-341,89,-348,74,-355,57,-360,41,-362,25,-364,9,-364,-9,-362,-25,-360,-41,-355,-57,-348,-74,-341,-89,-332,-104,-321,-120,-309,-133,-296,-148,-282,-160,-266,-174,-249,-184,-231,-196,-212,-206,-192,-215,-172,-223,-150,-231,-128,-236,-106,-243,-83,-246,-59,-250,-36,-252,-12,-253]]]
5967629	r	-80.5661,43.4308,-80.0758,43.8372	[[[-805661,437770,2063,-3128,195,-24,50,27,187,65,103,13,36,-38,49,-119,2102,-258,118,698,-853,609,104,95,64,-45,56,48,-9,6,110,94,-57,42,295,262,-686,1173,-2749,1082,-48,-15,-252,-99,-242,-110,-232,-121,-221,-132,-183,-125]]]
6325521	p	6325494
13546319	p	6077243
5881791	r	-122.4733,48.9925,-122.0037,49.3129	[[[-1224733,489925,4696,0,-418,532,-274,0,-1,114,-39,8,23,23,-57,0,0,460,-158,166,-28,42,34,58,0,1,-52,1,0,-19,-28,0,0,-18,-28,0,0,-47,-4,-7,-3,0,-152,193,-40,26,15,6,-1309,1665,-1523,-1555,-117,88,-65,25,-98,20,-166,12,-100,-8,1,-24,31,-803,-1,-295,-139,-664],[-1221030,491229,7,15,25,8,7,-7,-39,-16],[-1221027,491227,38,16,7,-8,-15,-13,-10,-4,-20,9]]]
6180170	r	-79.0474,43.5967,-78.7445,44.0766	[[[-790473,440092,290,-647,0,-1,97,-218,158,-377,2,-3,280,-672,138,22,1434,-2229,566,204,63,14,-1157,2159,-145,-23,-69,203,-772,1764,-50,-11,-262,489,-123,-574,-450,-100]]]
6155721	r	-79.5806,43.0741,-79.0532,43.4606	[[[-795806,430832,3718,-91,332,376,-17,289,203,72,2,-28,111,5,925,1048,-6,101,-46,174,-332,647,-800,1180,-1024,-141,-2577,-1889,1,0,-466,-1656,-24,-87]]]
5882725	p	6077243
13546325	p	6077243
6074377	r	-80.1611,43.4173,-79.7248,43.6288	[[[-801611,435615,853,-609,-118,-698,60,-76,14,2,-36,117,500,356,469,-339,3,0,273,-195,112,99,19,10,33,43,482,441,521,-361,19,4,207,-145,90,84,158,144,-75,61,-56,117,82,72,24,2,8,28,105,94,129,-16,192,184,295,250,-28,20,-78,28,-99,54,-104,76,-69,59,-74,46,-367,268,-26,24,-10,22,-492,-440,-31,-20,-43,35,-14,-13,-267,199,-441,-396,-537,383,-926,659,-489,-433,57,-42,-110,-94,9,-6,-56,-48,-64,45,-104,-95]]]
6049429	p	6159905
5992500	r	-76.9883,43.735,-75.8283,44.7564	[[[-769882,446074,1174,-8216,260,-117,421,-162,435,-142,321,-87,156,200,428,549,428,549,429,548,428,549,428,549,428,548,246,191,799,484,57,65,30,76,43,79,93,78,106,36,1106,323,208,83,165,167,-4,53,-84,244,-6,65,289,259,825,435,1686,520,284,86,146,134,103,170,145,253,26,22,-198,267,-252,292,-278,280,-303,267,-326,251,-349,236,-369,218,-388,201,-406,182,-421,162,-435,142,-447,122,-456,100,-465,78,-472,56,-475,34,-477,11,-477,-11,-475,-34,-472,-56,-465,-78,-456,-100,-447,-122,-435,-142,-421,-162,-406,-182,-388,-201,-369,-218,-271,-184]]]
5913695	r	-80.515,43.2267,-80.0808,43.4723	[[[-805150,432267,2992,243,-226,555,-102,270,593,100,-88,267,6,1,-53,178,-6,-1,-30,92,1256,205,-8,55,-60,76,-2102,258,-49,119,-36,38,-103,-13,-187,-65,-50,-27,-195,24,-59,-53,-45,-71,-28,-8,-59,-41,-86,-31,-47,64,-19,-30,-72,-37,-21,-19,-40,-21,-28,-29,10,-31,66,-44,6,-22,-7,-31,-27,-14,-42,-5,5,-11,61,-47,204,-41,42,-103,-197,-109,-43,-32,-107,-176,-110,-20,-909,-1413]]]
6146143	r	-72.315,45.011,-71.3287,45.8038	[[[-723150,451228,111,-83,272,-181,289,-168,304,-154,318,-139,329,-125,341,-109,350,-93,306,-66,502,3,997,5,998,4,635,4,234,50,350,93,341,109,329,125,318,139,304,154,289,168,272,181,256,192,237,205,218,214,137,157,47,136,-161,123,-263,97,102,66,439,80,137,93,233,220,97,227,85,257,61,261,36,263,13,264,-13,264,-36,263,-61,261,-85,257,-109,253,-131,247,-155,241,-176,233,-197,225,-218,214,-237,205,-256,192,-272,181,-289,168,-304,154,-318,139,-329,125,-341,109,-350,93,-357,77,-365,60,-368,43,-372,26,-368,8,-4156,-2343,0,-4467]]]
8556295	p	6094817
6094835	p	6094817
6138671	n	-73.8449,45.6773,-73.72,45.8272	[[[-738448,457210,614,-407,18,13,9,-8,21,8,14,15,-4,25,53,-38,53,40,79,-56,21,14,38,-43,332,135,0,1143,-204,6,-69,43,-83,17,2,17,-145,34,-9,-65,-59,2,-28,45,-182,122,-27,-5,-91,-65,-31,1,-125,-27,950,-631,-210,-38,54,-183,-52,3,-14,-22,-53,-8,-13,-12,27,-106,-30,-27,-56,-20,-125,5,-90,20,-31,-3,-48,20,-31,-12,-41,31,-201,6,-97,10,-46,12,-90,-11]]]
5882873	r	-79.1734,43.5493,-78.8074,43.9226	[[[-791734,437288,1456,-1795,249,6,270,19,267,32,264,45,260,57,81,22,813,293,-1434,2229,-138,-22,-280,672,-2,3,-158,377,-797,-183,3,-8,10,2,44,-110,52,20,76,-187,-90,-53,82,-164,8,10,33,-3,56,-130,50,23,43,12,113,-257,51,-140,-780,-127,-112,-134,-255,-218,-191,-41,-44,-250]]]
6136944	r	-123.8961,48.4334,-123.0656,48.8896	[[[-1238961,485500,12,-229,33,-229,56,-226,79,-223,36,-79,1223,103,2959,251,-2,-155,24,-30,-6,-16,12,-26,7,-2,44,44,41,-17,9,23,69,-30,88,48,10,-20,22,9,11,-21,5,18,42,0,-26,-56,0,-15,13,-3,3,-12,-43,-58,14,-32,33,6,60,-26,34,-2,106,-33,28,-19,43,-16,76,68,51,-26,315,36,-1,-22,157,-2,-3,-91,46,-2,-10,-51,67,-3,18,345,246,-134,35,11,100,-79,17,-1,93,-6,75,11,28,14,-3,70,-45,18,-37,32,-28,41,-150,80,-18,20,-55,5,-27,27,0,4,14,103,-36,33,-35,52,-20,12,-24,2,-10,-12,-13,-3,-21,21,-26,7,-31,-5,-22,-34,-29,3,-29,3,-7,5,23,1,-130,100,-87,154,-95,373,-347,597,-32,92,45,52,-16,114,-39,109,-22,39,-4,129,-24,76,-62,48,-114,48,-115,14,-177,-4,-170,-25,-90,-47,2,-125,100,-92,245,-131,-416,-136,39,-153,-35,-304,65,-158,-416,-274,-219,-75,-54,144,61,109,89,67,83,83,39,150,-33,154,-83,99,-94,74,-62,84,-14,138,53,73,71,71,32,133,-42,70,-211,204,-89,67,-707,300,-192,110,0,69,142,39,190,-6,188,-48,138,-88,120,-35,64,145,13,202,-30,132,-68,41,-74,-4,-79,-23,-83,-14,-36,32,18,71,44,70,42,32,120,70,-139,154,-295,201,-97,-35,-293,-121,-279,-134,-267,-145,-251,-157,-235,-167,-219,-178,-200,-186,-182,-195,-162,-202,-142,-209,-121,-215,-100,-220,-79,-223,-56,-226,-33,-229,-12,-229]],[[-1235715,488498,17,-174,164,-177,199,-137,0,-69,-133,-102,-29,-132,33,-134,55,-110,98,-119,107,-57,115,-46,127,-85,141,-34,211,32,206,67,128,75,-9,87,-230,212,-69,79,508,-133,253,21,133,180,-1030,541,-240,172,-40,39,12,69,43,47,59,13,63,-30,110,-82,125,-62,136,-32,141,2,-690,477,-61,-10,-329,-66,-253,-63,172,-133,-243,-126]],[[-1233386,486465,67,-121,-8,-49,-53,47,13,-31,114,-118,126,-108,98,-115,149,-57,77,100,-28,100,-38,14,-77,19,-107,42,-117,102,-98,110,-107,84,-11,-19]],[[-1233226,488057,113,-84,0,-256,43,-71,155,-84,340,-170,170,-28,156,-15,254,-28,128,43,43,71,-57,127,-142,28,-169,29,-213,0,-99,42,14,113,-28,128,-142,98,-212,128,-114,28,-141,15,-99,-43,0,-71]],[[-1232222,488234,1,-7,57,-28,85,-43,42,-71,0,-240,184,-99,142,-57,127,-56,213,13,169,0,185,-27,127,56,113,85,71,28,50,13,-1566,433]]]
6165683	p	6167865
13546322	p	6077243
6163012	p	6077243
6325488	p	6325494
6324733	r	-53.4058,47.1004,-52.6128,47.9984	[[[-534058,475600,15,-309,45,-308,74,-305,104,-301,132,-296,160,-290,188,-282,215,-272,240,-263,265,-252,289,-239,311,-225,333,-212,352,-196,370,-180,386,-164,402,-145,414,-128,427,-109,435,-90,187,-29,26,10,94,138,64,190,47,324,23,68,49,46,49,57,43,198,95,166,75,227,94,79,36,80,-122,146,317,88,139,68,90,111,-111,-10,-107,4,-100,24,-91,51,148,45,330,29,142,62,53,79,34,-11,100,256,286,412,427,380,-2,167,-265,60,-155,97,63,34,355,-84,-3,216,191,-7,132,351,40,108,-435,172,-21,141,-17,113,130,255,18,148,-111,15,15,414,-26,84,-92,32,-263,-35,-158,15,-91,88,173,323,32,118,-68,413,-63,53,-416,118,-48,59,-86,166,-70,54,-259,-128,-201,-446,-229,-935,-75,-205,-123,-212,-152,-201,-165,-173,-188,-147,-601,-296,-662,-423,-401,-144,-357,-394,-156,-138,22,44,53,160,-223,65,-120,-32,-112,-65,-200,-35,-78,66,139,150,320,261,-44,81,7,39,37,92,-134,12,-134,-84,-138,-118,-146,-90,16,128,61,98,73,86,55,98,18,111,-18,373,-330,-125,-114,-18,-122,23,-123,49,-69,48,41,23,208,48,276,120,247,158,122,158,-401,-199,-202,-67,-216,-14,87,114,258,129,133,105,-134,-9,-122,-25,-113,-44,-109,-64,-98,124,103,112,194,81,179,30,198,69,229,314,157,89,-43,92,-62,43,-80,-7,-94,-54,96,139,114,135,-278,62,-25,-3,-85,52,-56,63,60,31,50,11,98,52,63,11,80,31,103,69,89,77,38,53,70,216,166,168,372,267,178,192,79,159,19,182,-2,258,75,190,178,158,374,233,188,154,98,113,-65,-17,-414,-128,-402,-145,-386,-164,-370,-180,-352,-196,-333,-212,-311,-225,-289,-239,-265,-252,-240,-263,-215,-272,-188,-282,-160,-290,-132,-296,-104,-301,-74,-305,-45,-308,-15,-309]],[[-530303,475992,241,-57,297,34,301,215,300,161,-24,181,-377,22,-627,-358,-111,-198]]]
6166142	r	-89.8575,47.9805,-88.6425,48.7862	[[[-898575,483800,13,-266,39,-264,65,-263,90,-258,115,-255,140,-249,164,-242,188,-234,210,-226,231,-216,252,-206,272,-194,290,-181,308,-169,323,-155,337,-140,351,-125,362,-110,372,-94,381,-77,387,-60,95,-11,186,37,949,370,1502,587,1907,744,1225,478,1035,405,39,68,115,255,90,258,65,263,39,264,13,266,-13,266,-39,264,-65,263,-90,258,-115,255,-140,249,-164,242,-188,234,-210,226,-231,216,-252,206,-272,194,-290,181,-308,169,-323,155,-337,140,-351,125,-362,110,-372,94,-381,77,-387,60,-392,44,-396,26,-397,8,-397,-8,-396,-26,-392,-44,-387,-60,-381,-77,-372,-94,-362,-110,-351,-125,-337,-140,-323,-155,-308,-169,-290,-181,-272,-194,-252,-206,-231,-216,-210,-226,-188,-234,-164,-242,-140,-249,-115,-255,-90,-258,-65,-263,-39,-264,-13,-266]]]
13589045	p	6325494
6354908	r	-60.5744,45.8548,-59.8105,46.3337	[[[-605744,461300,9,-180,18,-133,1244,780,466,415,179,56,444,22,205,42,208,79,-39,-194,-136,-99,-193,-37,-209,-5,-201,-76,-305,-332,-115,-76,-147,-68,-580,-479,-183,-108,-558,-238,27,-81,75,-173,91,-168,107,-164,121,-159,137,-153,150,-146,22,-19,272,168,432,158,208,48,-169,-218,-288,-223,-225,-119,88,-66,189,-123,199,-114,210,-105,219,-95,228,-85,235,-74,241,-64,247,-52,252,-41,254,-29,257,-18,258,-6,258,6,116,8,153,133,864,32,118,31,235,74,176,65,33,59,44,53,54,45,67,43,178,-33,105,53,199,114,189,123,176,132,164,139,150,146,137,153,75,99,-12,8,-77,20,-185,3,-400,-85,-224,-23,-164,71,-126,139,-82,119,37,83,450,62,133,82,240,234,614,342,0,74,-187,-37,-219,-71,-203,-103,-142,-136,32,308,190,251,269,195,260,140,-717,68,-192,-43,-324,-139,-139,39,35,338,-472,107,-997,39,540,130,-216,138,-245,86,-262,44,-267,12,-160,-61,-218,-150,-193,-190,-84,-179,23,-101,41,-83,-158,-25,-9,-161,9,-55,31,-65,26,-24,-68,28,-93,172,-139,104,-84,35,-125,4,-50,-36,-73,-71,-97,-69,-121,-29,783,677,73,179,-549,373,-200,382,-39,102,-675,-154,-1244,-786,-191,-155,-81,-171,-688,-515,-22,-24,-8,-170]],[[-605711,461655,959,863,332,188,151,134,63,187,23,125,26,87,-32,59,-154,39,-83,-12,-101,-39,-62,-40,-176,-132,-164,-139,-150,-146,-137,-153,-121,-159,-107,-164,-91,-168,-75,-173,-58,-175,-42,-178,-1,-4]]]
13546316	p	6077243
6176823	r	-80.9362,43.4066,-80.3598,43.7723	[[[-809362,434700,9,-199,26,-198,45,-196,13,-41,3461,323,73,-66,263,89,23,29,21,-10,19,5,-15,20,38,13,-24,21,67,24,5,-9,72,26,-4,8,55,12,21,18,47,17,24,3,115,43,-9,14,33,18,-25,22,54,20,-9,7,10,3,-12,12,52,17,-10,15,-34,8,-21,40,25,3,11,-7,24,8,53,3,-16,12,-8,20,16,-7,32,13,31,39,-3,96,4,13,35,8,-19,32,57,13,21,14,50,-9,22,-52,-23,-33,-63,-45,-1,-29,22,-32,12,4,19,-26,23,9,7,-10,21,7,26,-11,19,-13,31,-55,90,-4,135,53,85,-12,16,-12,1,-26,-49,-59,12,-23,24,-17,27,-41,9,-21,51,-31,41,-11,74,0,51,-10,327,30,59,53,-2033,3081,-112,-8,-269,-32,-265,-45,-261,-58,-255,-70,-248,-82,-240,-94,-232,-105,-221,-116,-210,-126,-199,-136,-186,-146,-173,-154,-159,-161,-144,-169,-128,-176,-113,-181,-96,-186,-79,-191,-61,-194,-45,-196,-26,-198,-9,-199]]]
13546317	p	6077243
5907990	r	-80.6912,42.9181,-79.9187,43.251	[[[-806912,431300,9,-202,27,-202,45,-200,62,-197,43,-105,2349,-401,653,102,-9,15,1300,207,579,-207,210,-585,2012,-344,99,78,175,157,160,164,11,13,-1170,1911,-1633,594,-168,412,-2992,-243,-1741,-672,-12,-93,-9,-202]]]
5989045	r	-120.992,50.2412,-119.648,51.0988	[[[-1209920,506700,14,-280,43,-280,72,-277,100,-273,128,-268,155,-263,181,-256,207,-247,233,-238,256,-228,279,-217,300,-205,321,-192,340,-178,358,-163,373,-148,388,-133,400,-116,412,-98,421,-82,428,-64,434,-45,437,-28,440,-9,440,9,437,28,434,45,428,64,421,82,412,98,400,116,388,133,373,148,358,163,340,178,321,192,300,205,279,217,256,228,233,238,207,247,181,256,155,263,128,268,100,273,72,277,43,280,14,280,-14,280,-43,280,-72,277,-100,273,-128,268,-155,263,-181,256,-207,247,-233,238,-256,228,-279,217,-300,205,-321,192,-340,178,-358,163,-373,148,-388,133,-400,116,-412,98,-421,82,-428,64,-434,45,-437,28,-440,9,-440,-9,-437,-28,-434,-45,-428,-64,-421,-82,-412,-98,-400,-116,-388,-133,-373,-148,-358,-163,-340,-178,-321,-192,-300,-205,-279,-217,-256,-228,-233,-238,-207,-247,-181,-256,-155,-263,-128,-268,-100,-273,-72,-277,-43,-280,-14,-280]]]
6053154	r	-113.3207,49.374,-112.3193,50.0261	[[[-1133207,497000,11,-213,32,-213,53,-210,75,-208,95,-204,115,-200,135,-194,155,-188,173,-181,191,-174,208,-165,224,-155,239,-146,253,-136,266,-124,279,-113,288,-100,299,-88,307,-75,313,-62,319,-49,323,-35,327,-20,327,-7,327,7,327,20,323,35,319,49,313,62,307,75,299,88,288,100,279,113,266,124,253,136,239,146,224,155,208,165,191,174,173,181,155,188,135,194,115,200,95,204,75,208,53,210,32,213,11,213,-11,213,-32,213,-53,210,-75,208,-95,204,-115,200,-135,194,-155,188,-173,181,-191,174,-208,165,-224,155,-239,146,-253,136,-266,124,-279,113,-288,100,-299,88,-307,75,-313,62,-319,49,-323,35,-327,20,-327,7,-327,-7,-327,-20,-323,-35,-319,-49,-313,-62,-307,-75,-299,-88,-288,-100,-279,-113,-266,-124,-253,-136,-239,-146,-224,-155,-208,-165,-191,-174,-173,-181,-155,-188,-135,-194,-115,-200,-95,-204,-75,-208,-53,-210,-32,-213,-11,-213]]]
6179830	p	6159905
5937615	r	-123.4871,48.7801,-122.8902,49.1944	[[[-1234871,489242,498,-202,428,-316,98,-41,192,-53,231,68,150,-58,103,58,27,125,-74,143,-127,64,-315,41,-249,131,-379,95,-283,36,-79,25,-221,-116]],[[-1232235,488327,13,-93,1566,-433,120,30,113,14,-15,43,-98,70,-368,29,-510,28,-382,141,-241,142,-198,29]],[[-1231430,490609,42,-71,142,-70,62,-50,101,-81,28,-45,25,-41,18,-28,3,-5,4,-6,20,-47,48,-114,7,-30,25,-96,552,0,32,27,-37,69,-83,152,-45,179,158,154,815,324,213,39,234,14,162,-12,2,900,-326,0,87,155,-53,18,-199,-133,-180,-61,-33,-19,-46,-50,-186,-49,-17,-25,-68,-54,-29,-12,-50,-9,-6,-1,-2,-1,-38,-17,-87,4,-116,-32,-88,-14,-32,-10,-60,-32,-17,-15,-10,-8,-85,-174,-214,-175,-333,-193,-205,-117,-135,-138],[-1231090,490864,72,42,-6,-8,-41,-29,-19,-4,-6,-1]]]
5921356	r	-122.2556,48.9925,-121.3803,49.545	[[[-1222556,493129,1309,-1665,-15,-6,40,-26,152,-193,3,0,4,7,0,47,28,0,0,18,28,0,0,19,52,-1,0,-1,-34,-58,28,-42,158,-166,0,-460,57,0,-23,-23,39,-8,1,-114,274,0,418,-532,5552,0,94,116,154,224,131,230,109,234,84,239,61,243,37,244,12,245,-12,245,-37,244,-61,243,-84,239,-109,234,-131,230,-154,224,-175,216,-197,208,-217,200,-237,190,-255,179,-272,167,-288,156,-303,143,-317,130,-328,115,-340,101,-349,87,-357,71,-363,56,-367,40,-371,24,-373,8,-373,-8,-371,-24,-367,-40,-363,-56,-357,-71,-349,-87,-340,-101,-230,-81,-306,-1853]]]
5935277	r	-63.7951,44.6277,-63.1693,44.8749	[[[-637951,446550,852,0,-49,17,-79,243,271,124,41,14,14,-11,26,12,-12,11,9,5,-16,28,43,16,-3,6,-1097,-465]],[[-636818,447030,1,-3,21,-9,12,3,5,-8,7,3,-8,15,72,4,8,13,39,0,-10,12,30,17,-5,9,53,24,-6,13,-219,-93]],[[-636485,447172,44,1,115,-43,117,-95,-6,-10,-187,-34,183,-169,103,-44,100,-26,71,-39,64,-63,255,-112,166,-229,33,-32,136,26,27,16,19,1,2,21,66,57,-3,19,-11,7,21,1,-7,-6,2,-19,44,38,-39,31,19,3,-33,18,181,36,-11,24,721,0,-56,43,-209,91,389,145,179,-9,114,-136,-90,-13,-60,-25,-128,-93,7,-3,1459,0,191,177,130,162,-117,88,-48,138,34,144,131,114,44,-106,161,-235,44,-134,-23,-68,2,-18,114,15,193,89,100,295,39,18,-13,54,-62,191,-79,187,-96,183,-113,178,-129,172,-144,167,-159,159,-173,151,-103,78,-3721,-1577],[-636042,446780,14,30,26,11,-22,-13,5,-6,-8,-7,16,0,-11,-10,12,-2,-1,-4,-31,1]]]
6118158	r	-114.2986,51.9628,-113.3014,52.5772	[[[-1142986,522700,10,-201,32,-200,53,-198,74,-196,95,-192,115,-189,135,-183,154,-177,172,-171,190,-163,207,-156,223,-146,238,-138,252,-127,266,-117,277,-107,288,-94,297,-83,305,-71,312,-58,318,-46,322,-33,325,-20,326,-6,326,6,325,20,322,33,318,46,312,58,305,71,297,83,288,94,277,107,266,117,252,127,238,138,223,146,207,156,190,163,172,171,154,177,135,183,115,189,95,192,74,196,53,198,32,200,10,201,-10,201,-32,200,-53,198,-74,196,-95,192,-115,189,-135,183,-154,177,-172,171,-190,163,-207,156,-223,146,-238,138,-252,127,-266,117,-277,107,-288,94,-297,83,-305,71,-312,58,-318,46,-322,33,-325,20,-326,6,-326,-6,-325,-20,-322,-33,-318,-46,-312,-58,-305,-71,-297,-83,-288,-94,-277,-107,-266,-117,-252,-127,-238,-138,-223,-146,-207,-156,-190,-163,-172,-171,-154,-177,-135,-183,-115,-189,-95,-192,-74,-196,-53,-198,-32,-200,-10,-201]]]
6087892	r	-79.2088,42.8783,-78.9091,43.2503	[[[-792088,430741,401,-280,-1,-334,-7,0,-3,-95,7,-412,19,0,0,-27,519,1,2,38,-74,-3,-1,46,306,-3,353,5,1279,-894,98,109,99,410,-20,57,-81,112,-32,20,20,15,-159,94,-237,62,-235,99,-249,149,-128,106,-22,147,116,129,65,180,57,88,-78,99,-288,52,-57,44,-136,124,-74,86,-2,7,52,99,-22,68,-25,22,-31,18,0,23,14,33,49,30,23,5,30,24,46,57,58,33,14,53,-4,42,-87,-1,21,120,7,108,-46,797,-925,-1048,-111,-5,-2,28,-203,-72,17,-289,-332,-376]]]
6138610	p	6077243
6138495	r	-73.709,45.0037,-72.8872,45.5009	[[[-737090,451318,31,-41,178,-202,196,-194,214,-185,230,-174,246,-163,260,-151,274,-139,72,-32,400,2,997,5,479,2,519,3,997,5,997,5,997,5,255,1,9,4,274,139,260,151,246,163,87,66,-1358,3732,-1578,689,-341,-159,-1371,-959,34,-29,-124,105,-92,49,-165,115,17,-30,-89,4,133,-92,-26,-16,-29,2,4,-33,-20,-126,-80,-77,-21,-30,23,-3,8,-46,22,-48,-13,-19,2,-14,3,-1,-2871,-2009,-286,-275]]]
5921719	p	6077243
6104111	r	-79.2594,43.7931,-78.99,44.2465	[[[-792594,440144,254,-554,166,35,32,-96,440,-975,184,-412,57,-30,2,-12,37,-6,42,-20,19,8,22,-14,-4,-22,8,-16,-17,-23,40,12,42,-18,17,1,11,-11,-1,-15,27,-2,14,-13,-8,-14,35,-3,22,5,21,-18,780,127,-51,140,-113,257,-43,-12,-50,-23,-56,130,-33,3,-8,-10,-82,164,90,53,-76,187,-52,-20,-44,110,-10,-2,-3,8,797,183,-97,218,0,1,-290,647,450,100,123,574,0,1606,-143,31,-310,52,-79,10,-2095,-2215,-67,-106]]]
6087701	r	-79.84,44.0161,-79.1239,44.2961	[[[-798400,441082,618,-832,2771,0,17,-89,404,89,4,0,469,105,24,-105,1566,0,1288,1362,-63,100,-117,159,-131,152,-145,146,-157,138,-169,131,-181,123,-192,114,-201,104,-211,95,-219,84,-7,3,-5142,-1370,-26,-42,-87,-168,-72,-172,-41,-127]]]
6085772	r	-124.4543,48.8315,-123.54,49.5081	[[[-1244543,491700,11,-221,33,-221,55,-218,76,-216,98,-212,118,-208,139,-201,159,-196,178,-188,196,-180,213,-171,230,-162,246,-151,260,-141,274,-129,285,-117,297,-104,307,-92,315,-78,322,-64,328,-50,332,-36,335,-22,336,-7,336,7,335,22,332,36,328,50,322,64,315,78,307,92,297,104,190,78,-541,369,-149,129,-69,85,-476,225,-478,348,0,62,191,63,119,-73,102,-119,140,-76,150,16,40,83,-40,121,-89,128,224,73,-55,141,-304,269,-105,181,-71,169,-85,146,-98,74,225,-1,-140,70,-91,79,-91,11,-140,36,-119,13,-178,103,-64,115,-530,450,-18,41,-51,55,2,42,-24,33,-53,14,-143,72,-71,-5,-53,19,-6,3,-5,0,-12,5,-21,1,-279,43,-136,2,-102,55,-63,2,-99,-10,-37,2,-31,11,-11,-28,1,-29,-142,2,-132,21,-240,94,-143,21,-288,-48,-132,-5,-135,53,153,115,363,26,173,58,-497,304,-155,44,-107,-11,-130,-47,-101,-10,-1111,268,-94,39,-99,71,-211,107,-79,12,-175,-185,-159,-196,-139,-201,-118,-208,-98,-212,-76,-216,-55,-218,-33,-221,-11,-221],[-1238521,491299,18,0,0,-4,-18,4]],[[-1242175,494548,313,-78,145,77,0,96,-85,49,-170,-60,-203,-84]],[[-1239208,495081,13,-6,53,-66,38,-71,70,-76,178,-89,204,-40,585,-28,256,-50,2125,-709,-23,110,-54,38,-246,151,-260,141,-274,129,-285,117,-297,104,-307,92,-315,78,-322,64,-328,50,-332,36,-335,22,-144,3]],[[-1238705,491855,25,-22,19,-39,-13,-50,54,-108,192,-126,661,-177,272,-44,172,14,142,29,64,7,60,-10,86,42,1,106,-74,83,-169,48,-473,82,-407,151,-86,65,-61,81,-99,25,-295,-49,-64,-58,-7,-50]],[[-1237027,490999,47,-178,392,-409,49,-75,210,-93,879,-709,50,40,0,153,-67,34,-237,156,-882,809,-284,358,-103,8,-54,-94]],[[-1235956,489518,18,-319,156,96,-37,18,-46,113,-36,48,-55,44]]]
5882799	r	-114.5165,51.1345,-113.5435,51.6063	[[[-1145165,513000,10,-200,31,-200,52,-197,72,-196,22,-44,2867,-267,0,82,431,-1,0,-7,34,0,-1,7,122,0,0,-8,112,-1,0,9,118,1,0,144,1163,3,0,-73,107,1,2,-292,5,74,901,1,0,-220,2908,-271,123,124,150,176,131,183,112,188,93,191,72,196,52,197,31,200,10,200,-10,200,-31,200,-52,197,-72,196,-93,191,-112,188,-131,183,-150,176,-169,171,-185,162,-202,155,-218,147,-232,137,-246,127,-259,117,-270,105,-281,95,-290,83,-298,70,-305,58,-310,46,-314,32,-317,20,-318,7,-318,-7,-317,-20,-314,-32,-310,-46,-305,-58,-298,-70,-290,-83,-281,-95,-270,-105,-259,-117,-246,-127,-232,-137,-218,-147,-202,-155,-185,-162,-169,-171,-150,-176,-131,-183,-112,-188,-93,-191,-72,-196,-52,-197,-31,-200,-10,-200]]]
5989117	p	6094817
11838435	p	6325494
6090785	p	6173331
13546320	p	6077243
13546318	p	6077243
6076211	r	-65.2638,45.7662,-64.3362,46.4138	[[[-652638,460900,10,-212,30,-211,49,-209,69,-206,88,-203,107,-198,125,-193,143,-187,161,-180,176,-172,193,-164,207,-155,222,-145,235,-134,246,-124,258,-112,268,-99,276,-88,284,-75,291,-61,295,-48,300,-35,302,-20,303,-7,303,7,302,20,300,35,295,48,291,61,208,55,169,116,278,255,130,348,-63,120,-229,179,-118,116,-127,298,-93,132,-168,56,-44,21,-75,120,-45,57,-246,177,-105,111,-43,86,23,99,91,147,-137,170,-546,377,162,26,226,-108,221,-169,142,-159,46,-101,22,-107,7,-239,35,-106,88,-79,212,-125,190,-161,574,-689,115,-69,125,49,169,186,-43,-284,-4,-123,47,-145,85,-73,86,-48,202,116,222,145,207,155,193,164,176,172,161,180,143,187,125,193,107,198,88,203,69,206,49,209,30,211,10,212,-10,212,-30,211,-49,209,-69,206,-88,203,-107,198,-64,99,-27,0,-69,29,-117,94,-62,20,-1086,13,-210,-44,-244,-112,-42,559,83,189,269,71,50,159,-131,299,-143,114,-97,43,-194,-192,50,-93,-140,-33,-388,-18,-195,-92,-100,-34,-80,28,-74,36,-108,11,-206,-10,211,76,193,16,181,37,178,138,89,138,42,142,1,44,-80,26,-284,75,-291,61,-295,48,-300,35,-302,20,-303,7,-303,-7,-302,-20,-300,-35,-295,-48,-291,-61,-284,-75,-276,-88,-268,-99,-258,-112,-246,-124,-235,-134,-222,-145,-207,-155,-193,-164,-176,-172,-161,-180,-143,-187,-125,-193,-107,-198,-88,-203,-69,-206,-49,-209,-30,-211,-10,-212]]]
6101645	r	-78.7492,43.9908,-77.8908,44.6092	[[[-787492,443000,9,-202,28,-202,46,-199,63,-197,82,-194,99,-189,4,-6,777,-480,2153,-1331,194,-33,277,-33,279,-20,281,-6,281,6,279,20,277,33,274,46,269,59,262,71,256,83,248,96,238,107,229,118,217,128,205,138,192,148,178,156,164,165,148,172,132,178,116,185,99,189,82,194,63,197,46,199,28,202,9,202,-9,202,-28,202,-46,199,-63,197,-82,194,-99,189,-116,185,-132,178,-148,172,-164,165,-178,156,-192,148,-205,138,-217,128,-229,118,-238,107,-248,96,-256,83,-262,71,-269,59,-274,46,-277,33,-279,20,-281,6,-281,-6,-279,-20,-277,-33,-274,-46,-269,-59,-262,-71,-256,-83,-248,-96,-238,-107,-229,-118,-217,-128,-205,-138,-192,-148,-178,-156,-164,-165,-148,-172,-132,-178,-116,-185,-99,-189,-82,-194,-63,-197,-46,-199,-28,-202,-9,-202]]]
6119518	p	6077243
6325485	p	6325494
6138369	p	6077243
6065686	r	-122.7213,49.1205,-122.2175,49.6142	[[[-1227213,491874,8,-8,62,-24,67,-12,154,13,66,10,61,18,0,-156,2189,-510,-18,482,-1,24,100,8,166,-12,98,-20,65,-25,117,-88,1523,1555,306,1853,75,454,-30,16,-332,156,-346,142,-360,126,-372,111,-381,95,-302,60,-346,-486,-1563,-2186,-1006,-1596]]]
6325478	p	6325494
13512549	p	6173331
6138625	p	6077243
8558534	p	6167865
6113365	r	-123.3583,53.5593,-122.1417,54.2807	[[[-1233583,539200,13,-236,39,-235,65,-233,90,-229,116,-226,140,-221,164,-215,188,-208,210,-201,232,-192,252,-182,273,-172,290,-162,308,-149,323,-138,338,-125,352,-111,362,-97,373,-83,381,-69,387,-53,393,-39,396,-23,398,-8,398,8,396,23,393,39,387,53,381,69,373,83,362,97,352,111,338,125,323,138,308,149,290,162,273,172,252,182,232,192,210,201,188,208,164,215,140,221,116,226,90,229,65,233,39,235,13,236,-13,236,-39,235,-65,233,-90,229,-116,226,-140,221,-164,215,-188,208,-210,201,-232,192,-252,182,-273,172,-290,162,-308,149,-323,138,-338,125,-352,111,-362,97,-373,83,-381,69,-387,53,-393,39,-396,23,-398,8,-398,-8,-396,-23,-393,-39,-387,-53,-381,-69,-373,-83,-362,-97,-352,-111,-338,-125,-323,-138,-308,-149,-290,-162,-273,-172,-252,-182,-232,-192,-210,-201,-188,-208,-164,-215,-140,-221,-116,-226,-90,-229,-65,-233,-39,-235,-13,-236]]]
6087844	p	6159905
6152674	p	6159905
13589046	p	6325494
5913414	r	-80.5966,43.675,-79.6949,44.2599	[[[-805965,438956,1482,-584,2749,-1082,1819,222,386,-287,642,-475,144,123,157,157,286,260,-57,39,106,98,54,-41,406,360,42,51,166,126,629,558,-4,6,9,12,-27,19,-131,226,-648,1154,391,-696,28,215,-446,833,-618,832,-278,374,-1826,515,-2230,628,-204,-80,-338,-152,-323,-168,-307,-183,-291,-198,-271,-210,-253,-223,-231,-235,-210,-245,-188,-254,-164,-263,-140,-270,-115,-277,-91,-281,-64,-284,-39,-288,-2,-32]]]
6157390	p	5969782
5924204	p	6159905
13546321	p	6077243
13589205	p	6141256
6141190	r	-82.5222,42.6156,-81.9053,43.3309	[[[-825222,426270,257,-44,319,-39,322,-23,324,-8,324,8,322,23,319,39,315,54,310,70,303,84,295,98,286,112,274,126,264,139,250,151,236,163,221,174,206,185,188,194,171,202,153,210,134,218,114,223,94,228,73,232,53,235,31,238,11,238,-11,238,-31,238,-53,235,-73,232,-94,228,-114,223,-134,218,-153,210,-171,202,-188,194,-206,185,-221,174,-236,163,-250,151,-264,139,-274,126,-286,112,-295,98,-303,84,-257,58,-157,-303,-321,-623,-322,-624,-322,-622,-322,-623,-53,-342,7,-141,-26,-5,-9,-10,-6,-14,43,5,8,-147,-70,1,57,-57,-144,-290,-8,-10,-166,-126,-75,-110,-47,-141,47,-1,-95,-289,-32,-196,-143,-289,-30,-166,117,-203,26,-76,-3,-108,-57,-183,-64,-422,-279,-726,-109,-197],[-824547,429155,22,68,47,91,25,-12,-79,-112,-12,-36,61,-29,-64,30]]]
6141439	r	-84.8276,46.1454,-83.7066,46.9518	[[[-848276,467799,112,-340,289,-887,142,-238,796,-685,1043,-898,228,-139,253,-84,290,-12,134,35,233,-22,304,362,241,115,256,-20,214,106,322,-17,167,-77,315,-69,175,0,107,15,107,64,283,326,292,130,496,-51,373,-148,-484,-932,111,-334,187,-249,236,-273,-75,-198,-62,-137,50,-186,74,-186,75,-261,0,-137,24,-124,100,-236,310,-298,348,-198,11,-62,16,6,346,149,332,165,315,179,298,193,279,207,258,218,238,230,215,240,193,249,168,257,144,265,118,270,93,276,66,278,40,282,14,282,-14,282,-40,282,-66,278,-93,276,-118,270,-144,265,-168,257,-193,249,-215,240,-238,230,-258,218,-279,207,-298,193,-315,179,-332,165,-346,149,-360,133,-372,117,-381,99,-391,82,-397,64,-402,46,-406,28,-408,9,-408,-9,-406,-28,-402,-46,-397,-64,-391,-82,-381,-99,-372,-117,-360,-133,-346,-149,-332,-165,-315,-179,-298,-193,-279,-207,-258,-218,-31,-30]]]
6138517	r	-66.6516,45.0771,-65.4867,45.6892	[[[-666516,452700,13,-274,38,-273,63,-271,88,-267,112,-262,128,-240,574,290,69,17,232,19,144,41,145,76,307,-409,-5,-69,-32,-29,-9,-69,6,-144,30,-59,71,-6,135,28,119,38,139,91,220,184,134,53,123,-16,92,17,36,148,116,130,590,56,249,118,103,235,-219,45,-333,-26,-239,26,177,150,302,38,304,-39,104,-47,3,-749,74,0,51,-16,65,-8,55,2,53,11,84,37,127,94,133,37,112,70,86,39,208,124,89,73,41,55,20,98,88,-8,89,13,57,24,87,61,34,31,24,40,17,78,54,46,32,53,71,-26,76,-10,74,4,69,18,51,-6,53,-108,55,-53,57,-28,83,-20,74,-50,95,-34,89,-9,87,12,79,25,87,46,-11,159,6,19,58,55,-2,7,263,-76,199,-27,211,36,354,191,263,87,225,184,108,48,108,-30,212,-147,90,-28,193,89,355,319,368,93,319,181,102,31,594,91,142,48,62,75,26,109,70,97,98,69,302,70,25,13,-19,56,-112,262,-137,257,-159,250,-183,242,-204,233,-226,223,-245,212,-265,200,-282,187,-300,174,-314,160,-329,145,-342,129,-352,113,-362,97,-371,80,-377,62,-382,45,-385,27,-387,9,-387,-9,-385,-27,-382,-45,-325,-54,-2816,-1178,-153,-115,-245,-212,-226,-223,-204,-233,-183,-242,-159,-250,-137,-257,-112,-262,-88,-267,-63,-271,-38,-273,-13,-274],[-661968,453338,114,103,213,78,424,92,74,-8,137,-62,56,1,53,50,7,55,-4,53,19,47,178,256,113,224,380,266,86,111,20,39,45,-49,45,-96,20,-102,12,-216,-8,-112,-35,-82,-317,-282,-916,-516,-500,-138,-17,15,-163,241,-36,32]]]
6146279	p	5946768
5964347	r	-119.3781,54.8376,-118.2219,55.5024	[[[-1193781,551700,13,-217,37,-217,61,-214,86,-212,110,-208,133,-204,156,-198,179,-192,199,-185,221,-177,240,-168,258,-158,276,-149,293,-138,307,-127,322,-115,333,-102,345,-90,354,-77,362,-63,368,-49,373,-36,377,-21,378,-7,378,7,377,21,373,36,368,49,362,63,354,77,345,90,333,102,322,115,307,127,293,138,276,149,258,158,240,168,221,177,199,185,179,192,156,198,133,204,110,208,86,212,61,214,37,217,13,217,-13,217,-37,217,-61,214,-86,212,-110,208,-133,204,-156,198,-179,192,-199,185,-221,177,-240,168,-258,158,-276,149,-293,138,-307,127,-322,115,-333,102,-345,90,-354,77,-362,63,-368,49,-373,36,-377,21,-378,7,-378,-7,-377,-21,-373,-36,-368,-49,-362,-63,-354,-77,-345,-90,-333,-102,-322,-115,-307,-127,-293,-138,-276,-149,-258,-158,-240,-168,-221,-177,-199,-185,-179,-192,-156,-198,-133,-204,-110,-208,-86,-212,-61,-214,-37,-217,-13,-217]]]
13589211	p	6141256
5909629	p	6077243
6173767	p	6077243
5921225	p	6137270
6091314	p	6077243
5955895	r	-111.9979,56.3887,-110.7621,57.0713	[[[-1119979,567300,13,-223,39,-222,66,-221,92,-217,118,-214,142,-209,167,-203,191,-197,213,-190,236,-182,256,-172,277,-163,295,-153,312,-142,329,-130,343,-118,357,-105,368,-92,379,-79,387,-65,393,-50,399,-37,403,-22,404,-7,404,7,403,22,399,37,393,50,387,65,379,79,368,92,357,105,343,118,329,130,312,142,295,153,277,163,256,172,236,182,213,190,191,197,167,203,142,209,118,214,92,217,66,221,39,222,13,223,-13,223,-39,222,-66,221,-92,217,-118,214,-142,209,-167,203,-191,197,-213,190,-236,182,-256,172,-277,163,-295,153,-312,142,-329,130,-343,118,-357,105,-368,92,-379,79,-387,65,-393,50,-399,37,-403,22,-404,7,-404,-7,-403,-22,-399,-37,-393,-50,-387,-65,-379,-79,-368,-92,-357,-105,-343,-118,-329,-130,-312,-142,-295,-153,-277,-163,-256,-172,-236,-182,-213,-190,-191,-197,-167,-203,-142,-209,-118,-214,-92,-217,-66,-221,-39,-222,-13,-223]]]
5964215	r	-73.023,45.0861,-72.315,45.6355	[[[-730230,454320,1165,-3199,66,-21,272,-72,278,-60,283,-47,286,-33,290,-20,290,-7,290,7,290,20,286,33,283,47,278,60,272,72,265,85,256,97,247,108,236,120,225,130,212,140,198,150,185,159,169,167,154,174,136,182,120,187,48,89,0,2224,-48,89,-120,187,-136,182,-154,174,-84,83,-2174,528,-4364,-2035]]]
12156822	p	6167865
5954556	p	6159905
13665232	p	6183235
5967687	p	6159905
6942644	p	6094817
6071618	r	-111.1667,49.7253,-110.1933,50.3547	[[[-1111667,500400,11,-206,31,-205,52,-203,72,-200,93,-198,112,-192,131,-188,150,-181,168,-175,186,-168,202,-159,218,-150,232,-141,246,-131,259,-120,271,-108,281,-97,290,-85,298,-73,304,-60,311,-46,314,-34,317,-20,318,-7,318,7,317,20,314,34,311,46,304,60,298,73,290,85,281,97,271,108,259,120,246,131,232,141,218,150,202,159,186,168,168,175,150,181,131,188,112,192,93,198,72,200,52,203,31,205,11,206,-11,206,-31,205,-52,203,-72,200,-93,198,-112,192,-131,188,-150,181,-168,175,-186,168,-202,159,-218,150,-232,141,-246,131,-259,120,-271,108,-281,97,-290,85,-298,73,-304,60,-311,46,-314,34,-317,20,-318,7,-318,-7,-317,-20,-314,-34,-311,-46,-304,-60,-298,-73,-290,-85,-281,-97,-271,-108,-259,-120,-246,-131,-232,-141,-218,-150,-202,-159,-186,-168,-168,-175,-150,-181,-131,-188,-112,-192,-93,-198,-72,-200,-52,-203,-31,-205,-11,-206]]]
5957776	r	-67.1959,45.5819,-66.1441,46.3181	[[[-671959,459500,11,-241,34,-239,56,-238,78,-235,100,-230,122,-226,142,-219,162,-213,181,-204,201,-196,218,-186,235,-176,252,-165,266,-152,279,-141,293,-127,303,-114,314,-99,322,-85,329,-70,335,-54,340,-40,342,-23,344,-8,344,8,342,23,340,40,335,54,329,70,322,85,314,99,303,114,293,127,279,141,266,152,252,165,235,176,218,186,201,196,181,204,162,213,142,219,122,226,100,230,78,235,56,238,34,239,11,241,-11,241,-34,239,-56,238,-78,235,-100,230,-122,226,-142,219,-162,213,-181,204,-201,196,-218,186,-235,176,-252,165,-266,152,-279,141,-293,127,-303,114,-314,99,-322,85,-329,70,-335,54,-340,40,-342,23,-344,8,-344,-8,-342,-23,-340,-40,-335,-54,-329,-70,-322,-85,-314,-99,-303,-114,-293,-127,-279,-141,-266,-152,-252,-165,-235,-176,-218,-186,-201,-196,-181,-204,-162,-213,-142,-219,-122,-226,-100,-230,-78,-235,-56,-238,-34,-239,-11,-241]]]
5969721	r	-80.1734,43.5246,-79.7878,43.7512	[[[-801734,437290,686,-1173,194,171,926,-659,537,-383,441,396,267,-199,14,13,43,-35,31,20,576,516,67,34,6,1,67,11,-20,15,-989,731,1,1,-642,475,-386,287,-1819,-222]]]
5908809	p	6122085
12022702	p	6173331
6089125	r	-80.9897,42.2873,-79.7153,43.0525	[[[-809897,424168,243,-191,395,-273,419,-254,440,-233,460,-211,338,-133,1273,193,1127,172,160,24,1288,196,627,96,661,101,1534,547,1534,546,1534,546,234,83,477,170,-855,3003,-704,415,-141,83,-779,133,-2012,344,-210,585,-579,207,-1300,-207,9,-15,-653,-102,-2349,401,-766,131,-1409,-3724,-996,-2633]]]
6089692	p	5937615
5942845	r	-73.0194,45.5695,-71.903,46.1436	[[[-730194,460231,768,-687,3560,-3189,2174,-528,542,-132,3987,2248,23,68,61,261,37,263,12,265,-12,265,-37,263,-61,261,-86,258,-110,253,-133,248,-156,241,-178,233,-199,225,-220,215,-203,173,-301,-21,-8871,-630,-242,-17,-136,-178,-156,-241,-63,-117]]]
6104319	p	6077243
6111706	r	-122.8074,49.1873,-122.6207,49.347	[[[-1228074,492379,10,-11,19,-6,36,1,8,-7,-33,-54,-31,-23,13,-27,0,-48,15,0,82,-35,166,-27,76,-7,204,18,111,-18,87,-19,47,-98,10,-65,27,-68,14,-11,1006,1596,-411,-192,-20,-12,-32,-40,-101,-73,-10,-25,0,-39,12,-25,47,-49,121,-33,14,-31,-9,-17,-53,-25,-171,-37,-165,-87,-353,-2,0,73,-278,0,0,36,-55,1,0,-110,-232,0,0,-174,-48,-2,-21,-12,-3,-10,0,-11,-5,-28,3,-5,-1,-10,22,-45,-21,1,-10,-21,-37,-5,-5,-8,8,-20,-23,-10,-25,-11,-1,-1,-4,-32]]]
6155033	p	5946768
6354934	p	6094817
6138791	p	6077243
5888377	r	-79.7782,43.9253,-79.2527,44.0355	[[[-797782,440250,446,-833,1883,-164,659,71,-61,251,757,159,169,43,0,-192,6,-74,21,-91,352,38,956,686,67,106,-1566,0,-24,105,-469,-105,-4,0,-404,-89,-17,89,-2771,0]]]
6138501	r	-74.4766,45.4638,-73.683,46.1147	[[[-744766,457800,10,-219,31,-218,51,-216,71,-213,90,-210,110,-205,129,-199,147,-193,164,-186,182,-178,198,-169,213,-160,228,-150,35,-20,37,-9,922,69,158,-15,89,-26,163,-102,263,-237,115,-36,104,-11,87,-19,364,250,3605,4415,370,755,-28,18,-241,139,-253,127,-265,116,-275,103,-284,91,-292,77,-299,63,-303,50,-308,36,-310,21,-312,7,-312,-7,-310,-21,-308,-36,-303,-50,-299,-63,-292,-77,-284,-91,-275,-103,-265,-116,-253,-127,-241,-139,-228,-150,-213,-160,-198,-169,-182,-178,-164,-186,-147,-193,-129,-199,-110,-205,-90,-210,-71,-213,-51,-216,-31,-218,-10,-219]],[[-742537,454970,154,-68,275,-103,284,-91,268,-70,111,61,-1092,271]]]
7303786	p	6137270
6183590	p	6167865
6072539	p	5911606
6177869	r	-79.6736,42.6796,-78.9288,43.0832	[[[-796736,429800,9,-204,28,-203,45,-202,63,-198,80,-196,98,-191,114,-186,131,-180,146,-173,162,-166,175,-158,190,-149,202,-140,214,-129,226,-119,235,-108,245,-96,252,-84,259,-72,218,-49,382,136,843,301,691,246,1534,547,563,374,343,382,-1279,894,-353,-5,-306,3,1,-46,74,3,-2,-38,-519,-1,0,27,-19,0,-7,412,3,95,7,0,1,334,-401,280,-3718,91,-44,-45,-882,-915,-4,-72]]]
13589209	p	6141256
10287505	r	-64.0528,44.6085,-63.3226,45.0464	[[[-640528,447800,8,-174,24,-174,39,-172,56,-170,71,-166,86,-164,100,-158,66,-89,70,20,112,5,637,189,192,90,183,127,-25,-166,-113,-133,-272,-186,99,-53,44,-9,-35,-76,-61,-53,-183,-83,84,-120,1395,465,1097,465,-4,6,13,-2,18,8,-21,9,27,1,3,-7,219,93,-20,45,134,4,3259,1382,-44,102,-86,164,-100,158,-115,154,-129,148,-142,142,-155,135,-167,127,-178,119,-188,111,-199,101,-207,92,-215,83,-222,72,-229,61,-233,51,-238,39,-240,29,-243,17,-244,5,-244,-5,-243,-17,-240,-29,-238,-39,-233,-51,-229,-61,-222,-72,-215,-83,-207,-92,-199,-101,-188,-111,-178,-119,-167,-127,-155,-135,-142,-142,-129,-148,-115,-154,-100,-158,-86,-164,-71,-166,-56,-170,-39,-172,-24,-174,-8,-174]]]
6119451	p	6173331
13589208	p	6141256
5897884	r	-77.9112,43.761,-76.8955,44.579	[[[-779112,440286,79,-151,153,-244,175,-236,196,-227,215,-218,236,-207,253,-195,270,-183,287,-170,301,-156,315,-141,327,-126,337,-111,347,-94,355,-78,361,-61,366,-43,369,-26,370,-9,370,9,369,26,366,43,361,61,355,78,347,94,337,111,327,126,315,141,301,156,287,170,270,183,253,195,236,207,215,218,136,157,-700,4899,-140,108,-270,183,-287,170,-301,156,-315,141,-327,126,-337,111,-347,94,-355,78,-361,61,-366,43,-369,26,-370,9,-370,-9,-369,-26,-366,-43,-361,-61,-355,-78,-347,-94,-337,-111,-327,-126,-315,-141,-301,-156,-287,-170,-270,-183,-39,-30,-1268,-4276]]]
12156878	p	6167865
6089426	r	-80.0758,45.8988,-78.8642,46.7412	[[[-800758,463200,13,-275,39,-275,64,-272,90,-268,116,-264,139,-258,164,-251,187,-243,209,-234,231,-224,251,-213,271,-201,290,-189,306,-175,322,-160,337,-146,350,-130,361,-114,371,-97,379,-80,386,-62,391,-45,395,-27,396,-9,396,9,395,27,391,45,386,62,379,80,371,97,361,114,350,130,337,146,322,160,306,175,290,189,271,201,251,213,231,224,209,234,187,243,164,251,139,258,116,264,90,268,64,272,39,275,13,275,-13,275,-39,275,-64,272,-90,268,-116,264,-139,258,-164,251,-187,243,-209,234,-231,224,-251,213,-271,201,-290,189,-306,175,-322,160,-337,146,-350,130,-361,114,-371,97,-379,80,-386,62,-391,45,-395,27,-396,9,-396,-9,-395,-27,-391,-45,-386,-62,-379,-80,-371,-97,-361,-114,-350,-130,-337,-146,-322,-160,-306,-175,-290,-189,-271,-201,-251,-213,-231,-224,-209,-234,-187,-243,-164,-251,-139,-258,-116,-264,-90,-268,-64,-272,-39,-275,-13,-275]]]
6138374	r	-73.236,45.432,-72.5866,45.9548	[[[-732360,456205,552,-1196,1578,-689,4364,2035,-3560,3189,-174,4,-302,-7,-300,-21,-298,-35,-294,-48,-12,-3,-75,-155,-1479,-3074]]]
5920288	r	-63.573,45.9856,-62.687,46.5012	[[[-635730,462300,4,-84,56,15,106,-38,111,-56,103,-29,139,23,219,94,86,13,100,-39,149,-153,99,-74,55,-12,215,12,60,-22,44,-94,64,-21,121,-22,273,-94,370,-62,513,-187,271,-51,238,36,252,197,306,67,303,116,54,149,-58,79,-276,114,-138,-224,-258,-42,-560,61,0,74,376,0,93,30,164,132,85,30,244,39,10,105,-214,331,12,-3,8,3,15,-6,2,-18,34,-36,42,-82,26,-20,39,-51,112,-64,78,-62,220,-203,190,131,82,32,81,53,111,114,72,76,93,68,-89,63,-30,71,28,12,128,42,261,183,319,69,307,109,180,6,-173,-145,-578,-189,-51,-47,-6,-56,5,-57,-16,-45,-42,-11,-120,19,-43,-8,-19,-43,2,-54,-9,-56,-49,-52,-48,-20,-101,-26,-55,-29,-188,-139,-47,-84,105,-56,520,-133,290,-108,279,-68,214,42,-51,26,-20,26,-19,34,-47,51,137,74,288,-112,117,-62,73,-105,-238,-103,-45,-216,86,-168,163,40,171,157,190,98,173,-19,121,-199,-209,-61,-306,-283,-327,-98,-233,-146,-130,-33,-227,-18,-213,-50,339,-48,877,99,217,-187,-339,20,-134,-22,30,-104,123,-102,145,-71,157,-46,155,-23,0,-69,-64,-5,-141,-56,345,-198,217,124,212,138,198,148,184,156,169,164,153,171,137,178,119,184,102,189,84,193,66,197,48,199,28,201,9,202,-9,202,-28,201,-48,199,-66,197,-84,193,-102,189,-119,184,-137,178,-153,171,-169,164,-184,156,-92,69,-135,-29,75,-75,-117,-148,-96,44,-85,114,-78,65,-1035,-133,-1279,-32,-1136,102,-78,-12,-68,-37,-33,-44,-16,-39,-20,-23,-125,-56,-94,-26,-69,51,-54,174,-68,-68,-63,29,-168,133,-219,117,-34,0,-65,150,-15,123,-42,107,-145,98,-85,24,-107,-40,-246,-106,-236,-118,-224,-128,-212,-138,-198,-148,-184,-156,-169,-164,-153,-171,-137,-178,-119,-184,-102,-189,-84,-193,-66,-197,-48,-199,-28,-201,-9,-202]]]
6180550	r	-135.8498,60.3262,-134.2502,61.1138	[[[-1358498,607200,17,-258,52,-256,85,-254,119,-251,152,-247,184,-241,216,-235,247,-227,276,-219,305,-209,332,-200,358,-188,382,-176,404,-163,426,-150,444,-136,462,-122,476,-106,490,-91,501,-75,510,-58,516,-42,521,-26,523,-8,523,8,521,26,516,42,510,58,501,75,490,91,476,106,462,122,444,136,426,150,404,163,382,176,358,188,332,200,305,209,276,219,247,227,216,235,184,241,152,247,119,251,85,254,52,256,17,258,-17,258,-52,256,-85,254,-119,251,-152,247,-184,241,-216,235,-247,227,-276,219,-305,209,-332,200,-358,188,-382,176,-404,163,-426,150,-444,136,-462,122,-476,106,-490,91,-501,75,-510,58,-516,42,-521,26,-523,8,-523,-8,-521,-26,-516,-42,-510,-58,-501,-75,-490,-91,-476,-106,-462,-122,-444,-136,-426,-150,-404,-163,-382,-176,-358,-188,-332,-200,-305,-209,-276,-219,-247,-227,-216,-235,-184,-241,-152,-247,-119,-251,-85,-254,-52,-256,-17,-258]]]
6185377	r	-115.0654,62.1262,-113.6746,62.7738	[[[-1150654,624500,15,-212,44,-211,74,-209,104,-206,132,-203,160,-198,188,-193,214,-187,241,-180,265,-172,289,-164,311,-155,332,-145,352,-134,369,-124,387,-111,401,-100,415,-88,426,-74,435,-62,443,-48,449,-35,453,-20,455,-7,455,7,453,20,449,35,443,48,435,62,426,74,415,88,401,100,387,111,369,124,352,134,332,145,311,155,289,164,265,172,241,180,214,187,188,193,160,198,132,203,104,206,74,209,44,211,15,212,-15,212,-44,211,-74,209,-104,206,-132,203,-160,198,-188,193,-214,187,-241,180,-265,172,-289,164,-311,155,-332,145,-352,134,-369,124,-387,111,-401,100,-415,88,-426,74,-435,62,-443,48,-449,35,-453,20,-455,7,-455,-7,-453,-20,-449,-35,-443,-48,-435,-62,-426,-74,-415,-88,-401,-100,-387,-111,-369,-124,-352,-134,-332,-145,-311,-155,-289,-164,-265,-172,-241,-180,-214,-187,-188,-193,-160,-198,-132,-203,-104,-206,-74,-209,-44,-211,-15,-212]]]
