2389853	r	18.1948,4.0339,18.7747,4.6761	[[[181948,42600,11,-222,32,-219,54,-215,74,-209,95,-201,114,-190,131,-178,149,-165,163,-149,178,-132,189,-114,200,-95,208,-75,215,-54,218,-32,221,-11,221,11,218,32,215,54,208,75,200,95,189,114,178,132,163,149,149,165,131,178,62,103,-1916,2467,2131,-2744,-22,134,-130,392,-358,662,-53,191,-61,108,-275,233,-79,171,41,182,52,-4,52,73,90,86,60,31,81,24,39,24,76,77,62,30,45,42,17,62,4,5,153,-95,36,-7,33,-28,25,-4,41,5,12,5,49,-9,202,12,202,41,468,161,322,232,214,297,-105,-12,11,209,-11,222,-33,219,-53,215,-75,209,-94,201,-114,190,-132,178,-148,165,-164,149,-178,132,-189,114,-200,95,-208,75,-215,54,-218,32,-221,11,-221,-11,-218,-32,-215,-54,-208,-75,-200,-95,-189,-114,-178,-132,-164,-149,-148,-165,-132,-178,-114,-190,-94,-201,-75,-209,-53,-215,-33,-219,-7,-141,-16,11,-186,-112,-178,-132,-163,-149,-149,-165,-131,-178,-114,-190,-95,-201,-74,-209,-54,-215,-32,-219,-11,-222],[185823,43723,135,-10,6,-4,2,-14,-4,-8,-18,-5,-35,7,-25,-2,-13,14,-9,-18,-26,5,-12,34,-1,1]]]
2388873	p	2389853
2389422	p	2389853
2387495	r	15.6319,4.6912,16.1281,5.1888	[[[156319,49400,5,-163,16,-162,27,-160,37,-159,47,-156,57,-152,67,-149,77,-143,85,-138,95,-133,103,-126,111,-119,118,-111,126,-103,132,-95,138,-86,143,-77,148,-67,152,-57,155,-48,158,-37,160,-26,162,-16,162,-5,162,5,162,16,160,26,158,37,155,48,152,57,148,67,143,77,138,86,132,95,126,103,118,111,111,119,103,126,95,133,85,138,77,143,67,149,57,152,47,156,37,159,27,160,16,162,5,163,-5,163,-16,162,-27,160,-37,159,-47,156,-57,152,-67,149,-77,143,-85,138,-95,133,-103,126,-111,119,-118,111,-126,103,-132,95,-138,86,-143,77,-148,67,-152,57,-155,48,-158,37,-160,26,-162,16,-162,5,-162,-5,-162,-16,-160,-26,-158,-37,-155,-48,-152,-57,-148,-67,-143,-77,-138,-86,-132,-95,-126,-103,-118,-111,-111,-119,-103,-126,-95,-133,-85,-138,-77,-143,-67,-149,-57,-152,-47,-156,-37,-159,-27,-160,-16,-162,-5,-163]]]
2389086	n	15.5648,4.0339,16.0152,4.4862	[[[155648,42600,11,-222,32,-219,54,-215,74,-209,95,-201,114,-190,131,-178,149,-165,163,-149,178,-132,189,-114,200,-95,208,-75,215,-54,218,-32,221,-11,221,11,218,32,215,54,208,75,200,95,189,114,178,132,163,149,149,165,131,178,114,190,95,201,74,209,54,215,32,219,11,222,-11,222,-32,219,-54,215,-74,209,-95,201,-114,190,-131,178,-149,165,-163,149,-178,132,-189,114,-200,95,-208,75,-215,54,-218,32,-221,11,-221,-11,-218,-32,-215,-54,-208,-75,-200,-95,-189,-114,-178,-132,-163,-149,-149,-165,-131,-178,-114,-190,-95,-201,-74,-209,-54,-215,-32,-219,-11,-222]]]
240604	n	20.4543,5.5439,20.9057,5.9961	[[[204543,57700,11,-222,32,-219,54,-215,75,-209,94,-201,114,-190,132,-178,149,-165,164,-149,178,-132,190,-114,200,-95,209,-75,215,-54,219,-32,221,-11,221,11,219,32,215,54,209,75,200,95,190,114,178,132,164,149,149,165,132,178,114,190,94,201,75,209,54,215,32,219,11,222,-11,222,-32,219,-54,215,-75,209,-94,201,-114,190,-132,178,-149,165,-164,149,-178,132,-190,114,-200,95,-209,75,-215,54,-219,32,-221,11,-221,-11,-219,-32,-215,-54,-209,-75,-200,-95,-190,-114,-178,-132,-164,-149,-149,-165,-132,-178,-114,-190,-94,-201,-75,-209,-54,-215,-32,-219,-11,-222]]]
2387926	n	15.3742,5.7039,15.8258,6.1561	[[[153742,59300,11,-222,33,-219,53,-215,75,-209,95,-201,114,-190,132,-178,148,-165,165,-149,178,-132,190,-114,200,-95,209,-75,215,-54,219,-32,221,-11,221,11,219,32,215,54,209,75,200,95,190,114,178,132,165,149,148,165,132,178,114,190,95,201,75,209,53,215,33,219,11,222,-11,222,-33,219,-53,215,-75,209,-95,201,-114,190,-132,178,-148,165,-165,149,-178,132,-190,114,-200,95,-209,75,-215,54,-219,32,-221,11,-221,-11,-219,-32,-215,-54,-209,-75,-200,-95,-190,-114,-178,-132,-165,-149,-148,-165,-132,-178,-114,-190,-95,-201,-75,-209,-53,-215,-33,-219,-11,-222]]]
2388036	n	17.224,6.2638,17.676,6.7161	[[[172240,64900,11,-222,32,-219,54,-215,75,-209,95,-201,114,-190,132,-178,149,-165,164,-149,178,-132,191,-114,200,-95,209,-75,215,-54,219,-32,222,-11,222,11,219,32,215,54,209,75,200,95,191,114,178,132,164,149,149,165,132,178,114,190,95,201,75,209,54,215,32,219,11,222,-11,222,-32,219,-54,215,-75,209,-95,201,-114,190,-132,178,-149,165,-164,149,-178,132,-191,114,-200,95,-209,75,-215,54,-219,32,-222,11,-222,-11,-219,-32,-215,-54,-209,-75,-200,-95,-191,-114,-178,-132,-164,-149,-149,-165,-132,-178,-114,-190,-95,-201,-75,-209,-54,-215,-32,-219,-11,-222]]]
2386012	n	18.9637,6.7639,19.4163,7.2161	[[[189637,69900,11,-222,33,-219,54,-215,75,-209,95,-201,114,-190,132,-178,149,-165,165,-149,178,-132,190,-114,201,-95,209,-75,216,-54,219,-32,222,-11,222,11,219,32,216,54,209,75,201,95,190,114,178,132,165,149,149,165,132,178,114,190,95,201,75,209,54,215,33,219,11,222,-11,222,-33,219,-54,215,-75,209,-95,201,-114,190,-132,178,-149,165,-165,149,-178,132,-190,114,-201,95,-209,75,-216,54,-219,32,-222,11,-222,-11,-219,-32,-216,-54,-209,-75,-201,-95,-190,-114,-178,-132,-165,-149,-149,-165,-132,-178,-114,-190,-95,-201,-75,-209,-54,-215,-33,-219,-11,-222]]]
240498	n	22.5947,4.5454,23.0453,4.9661	[[[225947,47400,10,-222,33,-219,54,-215,74,-209,95,-201,113,-190,132,-178,149,-165,163,-149,178,-132,111,-66,78,58,31,53,22,63,97,175,25,70,-14,94,-60,203,-2,118,143,90,108,105,87,125,78,152,112,341,96,145,169,60,152,-60,192,-104,165,-29,115,274,220,168,83,99,-88,113,-44,118,5,122,59,125,96,104,75,6,93,-30,145,-6,118,41,115,61,120,45,124,-10,83,-79,106,-269,109,-211,39,-148,62,-131,120,-56,135,-19,25,-11,-10,203,-33,219,-54,215,-74,209,-95,201,-113,190,-132,178,-149,165,-163,149,-178,132,-190,114,-200,95,-208,75,-214,54,-219,32,-221,11,-221,-11,-219,-32,-214,-54,-208,-75,-200,-95,-190,-114,-178,-132,-163,-149,-149,-165,-132,-178,-113,-190,-95,-201,-74,-209,-54,-215,-33,-219,-10,-222]]]
2383523	n	16.2136,7.0139,16.6664,7.4661	[[[162136,72400,11,-222,33,-219,54,-215,74,-209,95,-201,115,-190,132,-178,149,-165,165,-149,178,-132,191,-114,201,-95,209,-75,215,-54,220,-32,222,-11,222,11,220,32,215,54,209,75,201,95,191,114,178,132,165,149,149,165,132,178,115,190,95,201,74,209,54,215,33,219,11,222,-11,222,-33,219,-54,215,-74,209,-95,201,-115,190,-132,178,-149,165,-165,149,-178,132,-191,114,-201,95,-209,75,-215,54,-220,32,-222,11,-222,-11,-220,-32,-215,-54,-209,-75,-201,-95,-191,-114,-178,-132,-165,-149,-149,-165,-132,-178,-115,-190,-95,-201,-74,-209,-54,-215,-33,-219,-11,-222]]]
239899	n	21.764,6.3139,22.216,6.7661	[[[217640,65400,10,-222,33,-219,54,-215,75,-209,94,-201,114,-190,133,-178,149,-165,164,-149,178,-132,190,-114,201,-95,209,-75,215,-54,219,-32,222,-11,222,11,219,32,215,54,209,75,201,95,190,114,178,132,164,149,149,165,133,178,114,190,94,201,75,209,54,215,33,219,10,222,-10,222,-33,219,-54,215,-75,209,-94,201,-114,190,-133,178,-149,165,-164,149,-178,132,-190,114,-201,95,-209,75,-215,54,-219,32,-222,11,-222,-11,-219,-32,-215,-54,-209,-75,-201,-95,-190,-114,-178,-132,-164,-149,-149,-165,-133,-178,-114,-190,-94,-201,-75,-209,-54,-215,-33,-219,-10,-222]]]
2383119	n	18.8443,5.4939,19.2957,5.9462	[[[188443,57200,11,-222,32,-219,54,-215,75,-209,94,-201,114,-190,132,-178,149,-165,164,-149,178,-132,190,-114,200,-95,209,-75,215,-54,219,-32,221,-11,221,11,219,32,215,54,209,75,200,95,190,114,178,132,164,149,149,165,132,178,114,190,94,201,75,209,54,215,32,219,11,222,-11,222,-32,219,-54,215,-75,209,-94,201,-114,190,-132,178,-149,165,-164,149,-178,132,-190,114,-200,95,-209,75,-215,54,-219,32,-221,11,-221,-11,-219,-32,-215,-54,-209,-75,-200,-95,-190,-114,-178,-132,-164,-149,-149,-165,-132,-178,-114,-190,-94,-201,-75,-209,-54,-215,-32,-219,-11,-222]]]
2383827	n	15.825,3.2939,16.275,3.7461	[[[158250,35200,11,-222,32,-219,54,-215,74,-209,95,-201,113,-190,132,-178,148,-165,164,-149,177,-132,189,-114,200,-95,208,-75,214,-54,218,-32,221,-11,221,11,218,32,214,54,208,75,200,95,189,114,177,132,164,149,148,165,132,178,113,190,95,201,74,209,54,215,32,219,11,222,-11,222,-32,219,-54,215,-74,209,-95,201,-113,190,-132,178,-148,165,-164,149,-177,132,-189,114,-200,95,-208,75,-214,54,-218,32,-221,11,-221,-11,-218,-32,-214,-54,-208,-75,-200,-95,-189,-114,-177,-132,-164,-149,-148,-165,-132,-178,-113,-190,-95,-201,-74,-209,-54,-215,-32,-219,-11,-222]]]
237379	n	20.4229,8.1839,20.877,8.6362	[[[204230,84100,11,-222,32,-219,55,-215,75,-209,95,-201,114,-190,133,-178,150,-165,165,-149,179,-132,191,-114,201,-95,210,-75,216,-54,220,-32,223,-11,223,11,220,32,216,54,210,75,201,95,191,114,179,132,165,149,150,165,133,178,114,190,95,201,75,209,55,215,32,219,11,222,-11,222,-32,219,-55,215,-75,209,-95,201,-114,190,-133,178,-150,165,-165,149,-179,132,-191,114,-201,95,-210,75,-216,54,-220,32,-223,11,-223,-11,-220,-32,-216,-54,-210,-75,-201,-95,-191,-114,-179,-132,-165,-149,-150,-165,-133,-178,-114,-190,-95,-201,-75,-209,-55,-215,-32,-219,-11,-222]]]
2389691	n	18.0536,7.0739,18.5064,7.5261	[[[180536,73000,11,-222,32,-219,54,-215,75,-209,95,-201,114,-190,133,-178,149,-165,165,-149,178,-132,191,-114,201,-95,209,-75,215,-54,220,-32,222,-11,222,11,220,32,215,54,209,75,201,95,191,114,178,132,165,149,149,165,133,178,114,190,95,201,75,209,54,215,32,219,11,222,-11,222,-32,219,-54,215,-75,209,-95,201,-114,190,-133,178,-149,165,-165,149,-178,132,-191,114,-201,95,-209,75,-215,54,-220,32,-222,11,-222,-11,-220,-32,-215,-54,-209,-75,-201,-95,-191,-114,-178,-132,-165,-149,-149,-165,-133,-178,-114,-190,-95,-201,-75,-209,-54,-215,-32,-219,-11,-222]]]
2384770	n	17.7649,3.6439,18.2151,4.0961	[[[177649,38700,11,-222,32,-219,54,-215,74,-209,95,-201,113,-190,132,-178,148,-165,164,-149,177,-132,190,-114,200,-95,208,-75,214,-54,218,-32,221,-11,221,11,218,32,214,54,208,75,200,95,190,114,177,132,164,149,148,165,132,178,113,190,95,201,74,209,54,215,32,219,11,222,-11,222,-32,219,-54,215,-74,209,-95,201,-113,190,-132,178,-148,165,-164,149,-177,132,-190,114,-200,95,-208,75,-214,54,-218,32,-221,11,-221,-11,-218,-32,-214,-54,-208,-75,-200,-95,-190,-114,-177,-132,-164,-149,-148,-165,-132,-178,-113,-190,-95,-201,-74,-209,-54,-215,-32,-219,-11,-222]]]
2387546	n	16.154,6.0939,16.6061,6.5461	[[[161540,63200,11,-222,33,-219,54,-215,74,-209,95,-201,114,-190,132,-178,149,-165,165,-149,178,-132,190,-114,200,-95,209,-75,215,-54,220,-32,221,-11,221,11,220,32,215,54,209,75,200,95,190,114,178,132,165,149,149,165,132,178,114,190,95,201,74,209,54,215,33,219,11,222,-11,222,-33,219,-54,215,-74,209,-95,201,-114,190,-132,178,-149,165,-165,149,-178,132,-190,114,-200,95,-209,75,-215,54,-220,32,-221,11,-221,-11,-220,-32,-215,-54,-209,-75,-200,-95,-190,-114,-178,-132,-165,-149,-149,-165,-132,-178,-114,-190,-95,-201,-74,-209,-54,-215,-33,-219,-11,-222]]]
