2657896	r	8.2872,47.2429,8.9231,47.5665	[[[82872,472873,6359,-444,-21,356,-4850,2739,-1253,141,-235,-2792]]]
2660646	r	5.9548,46.1305,6.3311,46.4603	[[[59548,461999,104,-137,177,-154,-31,-86,-76,-100,-134,-217,241,99,454,75,456,13,340,-106,324,116,511,415,640,294,258,190,-52,230,-70,21,-167,-53,-105,38,-42,42,-96,166,-5,40,-92,170,-42,100,54,136,211,199,285,260,325,195,295,66,-668,466,-176,37,-238,39,-241,27,-244,17,-244,6,-244,-6,-244,-17,-241,-27,-135,-22,12,-20,7,-31,0,-76,21,-68,-19,-66,-115,-76,48,-20,492,-209,147,-110,122,-151,13,-111,-178,-275,-145,-226,-34,-78,-71,-283,-5,-108,9,-93,-43,-66,-220,-48,-58,-4,-60,5,-79,17,-18,1,-17,-1,-16,-3,-600,-204,-244,-107,-37,-121]]]
2661604	r	7.2308,47.378,7.893,47.5966	[[[72308,474189,73,-80,422,-150,4493,-179,1634,2101,-593,24,-140,48,-182,-192,-159,-129,-189,-72,-394,-56,-439,-61,-220,19,-145,52,-243,87,48,14,52,0,12,31,21,0,106,69,132,251,-227,-16,-377,-77,-8,3,-95,23,-24,-52,-6,-1,-5,-1,-352,-90,-240,-90,-54,-31,-382,-211,24,-7,166,-86,35,0,3,-100,-44,-57,-80,-18,-104,15,-58,-21,-13,-32,22,-40,71,-68,9,-21,1,-4,-1,-26,-13,-29,-18,-16,-153,-94,-129,13,-85,37,-45,19,-155,37,-117,-23,1,-62,51,-61,33,-25,48,-47,17,-56,-32,-93,-55,-49,-143,-127,-181,-49,-97,-27,-416,13,-278,8,-265,-38,-378,-112,-67,-9,-73,21]]]
2659994	r	6.1775,46.2289,7.0809,46.8268	[[[61775,465200,6,-122,862,-601,668,-466,13,3,328,10,325,58,852,404,641,88,381,-9,0,-9,327,-4,1449,-259,150,-52,94,-99,10,-92,11,-98,-71,-167,-264,-214,-53,-116,191,-228,354,-261,228,-271,-301,-406,56,15,269,85,261,96,252,109,241,119,18,10,1693,1982,20,86,23,161,-1471,1270,-1391,1200,-1,2,-146,126,-2303,683,-118,35,-250,-40,-284,-60,-277,-72,-269,-85,-104,-38,4,-8,53,-49,74,-56,4,-169,-38,-83,-113,-97,-105,-54,-332,-121,-263,-204,-100,-58,-716,-270,-475,-300,-69,-104,-104,-192,-86,-197,-67,-199,-48,-203,-29,-204,-10,-205]]]
2661552	r	7.1975,46.6243,7.9172,47.0889	[[[71975,469703,2887,-2684,834,-776,70,11,306,64,299,77,292,91,282,104,272,116,260,128,247,139,234,151,218,160,203,170,187,179,169,187,151,194,132,200,112,206,42,93,-419,1675,-4356,701,-2422,-1186]]]
2657970	r	8.436,47.2785,8.9394,47.6231	[[[84360,475524,4850,-2739,184,400,-1821,3046,-3213,-707]]]
2659811	r	7.8753,46.7283,8.4836,47.2466	[[[78753,470188,339,-1354,109,-121,179,-171,194,-163,210,-154,224,-143,237,-134,250,-123,260,-111,271,-99,280,-87,287,-74,293,-61,299,-48,303,-34,305,-21,307,-7,307,7,305,21,303,34,221,36,600,3161,-2365,1924,-3233,-1194,-485,-1084]]]
2658822	n	9.2066,47.201,9.6503,47.6391	[[[92066,475962,2550,-3951,147,25,108,27,3,37,172,337,166,191,321,371,341,279,38,69,52,176,46,90,388,332,97,152,8,424,-286,171,-372,115,-295,302,-19,60,-56,176,-2188,922,-294,124,-156,-27,-307,-75,-295,-95,-31,-13,-138,-219]]]
2659836	r	8.559,45.8207,9.0897,46.1668	[[[85590,461668,428,-440,97,-34,194,-47,466,-189,176,-6,71,28,155,95,62,20,51,-13,32,-8,73,-93,76,-37,161,-15,307,5,151,-37,254,-233,-148,-235,-286,-242,-176,-281,-38,-48,-17,-27,172,-8,153,-38,573,-214,68,-37,65,-63,98,-160,173,-215,84,-131,56,-131,17,-173,-41,-124,-60,-119,-37,-154,396,84,328,-102,300,-39,320,274,249,339,38,170,-114,165,-94,42,-218,31,-97,39,-91,94,-83,182,-107,75,-22,26,-7,25,7,26,22,25,74,48,8,-9,-8,-33,9,-9,13,9,24,-10,16,28,-12,25,9,19,-6,14,5,3,52,-1,12,-9,50,8,15,18,24,11,2,47,18,9,49,-11,44,18,4,33,56,8,-40,72,-20,161,-41,37,-31,15,-12,20,-50,27,6,6,-21,24,12,18,7,57,74,58,6,17,-15,19,0,1,110,59,18,3,11,6,198,43,76,31,31,-3,48,12,88,6,43,28,-3,56,11,50,51,28,-1,8,53,62,2,13,-5,31,-78,121,-34,80,-39,38,-16,40,-36,11,-85,-21,-79,-36,-109,-3,-76,-19,-26,-34,-9,-30,-27,-20,-2,-20,-23,-3,19,-20,5,-29,-10,-13,-4676,725]]]
2661513	r	6.9244,46.9703,7.4397,47.4141	[[[69244,472293,2591,-2570,140,-20,2422,1186,-1594,3070,-422,150,-91,32,-52,-1,-261,-18,-259,-29,-256,-41,-251,-52,-245,-63,-239,-74,-232,-85,-223,-95,-124,-61,41,-23,150,-92,104,-102,-77,-110,-95,-41,-102,-19,-104,-41,-146,-134,-54,-15,-91,-8,-188,-131,-64,-206,40,-248,-318,-159]]]
6295533	p	2657896
2661567	r	8.5385,46.0942,9.2752,46.5256	[[[85385,461900,1,-23,1,-1,203,-208,4676,-725,10,13,-5,29,-19,20,23,3,2,20,27,20,9,30,26,34,76,19,109,3,79,36,85,21,31,-9,2,7,51,53,11,-9,9,-21,61,16,11,14,36,14,50,5,24,11,24,-5,8,20,41,33,45,8,30,19,49,7,44,-6,13,39,42,46,-1,15,21,26,34,20,21,39,63,17,37,34,50,21,70,16,21,28,11,43,-15,7,50,24,6,7,73,96,47,115,55,100,109,55,120,40,115,75,91,101,149,358,293,424,62,220,-14,129,-134,354,-1,143,26,126,-20,101,-133,63,-96,135,78,245,143,199,-271,101,-287,90,-295,78,-302,63,-307,50,-311,36,-313,22,-315,7,-315,-7,-313,-22,-311,-36,-307,-50,-302,-63,-295,-78,-287,-90,-277,-104,-268,-116,-256,-128,-244,-139,-230,-150,-215,-160,-200,-170,-183,-179,-167,-186,-148,-194,-130,-200,-111,-205,-92,-210,-71,-214,-52,-217,-30,-219,-11,-219]]]
2660718	r	6.7896,46.5483,7.4862,46.9723	[[[67896,467602,22,-93,29,-87,1951,-1683,204,-64,224,-58,229,-48,233,-38,235,-26,238,-17,239,-5,239,5,238,17,235,26,233,38,229,48,224,58,217,68,211,77,203,87,194,96,185,105,174,112,164,120,151,128,140,134,126,140,112,145,87,132,-2887,2684,-140,20,-3939,-2121]]]
2658761	r	8.248,47.5524,8.8424,47.8012	[[[82480,476220,627,-555,1253,-141,3213,707,851,763,-122,78,-326,128,-269,9,-90,-196,82,-62,-528,-5,-20,65,-25,76,-79,66,-35,67,47,-1,-41,9,7,12,-9,11,-4,0,25,49,134,135,27,38,-67,101,-98,13,-110,-15,-104,15,-74,80,-79,116,-96,98,-129,29,-91,-64,-52,-218,-124,-55,-98,50,-35,121,-9,129,-16,73,-185,56,-249,10,-159,-62,93,-157,-151,-52,-538,-72,-112,2,-79,-32,-135,-134,-46,-73,-76,-200,-106,-67,-254,-94,-98,-76,-11,-74,42,-73,25,-85,-64,-108,157,-39,50,-6,256,-132,207,-79,178,5,147,52,139,67,150,51,485,55,140,-16,114,-31,46,-13,91,-6,-57,-237,-65,22,-6,62,-9,16,-44,-1,-52,-14,-37,-21,-22,-55,16,-46,24,-39,4,-34,-12,-68,5,-71,-12,-75,-43,-52,-22,-26,-134,-30,-90,75,-21,17,-118,135,-154,98,-300,-21,-306,-137,-117,-171,-12,-47,-278,-32,-30,-3,-640,2,-379,68,-99,44,-70,96,-54,97,-53,43,-116,8,-259,54,-31,0]]]
2661169	r	9.046,46.5162,10.0148,47.1412	[[[90461,468294,1,-12,31,-218,52,-215,72,-213,92,-209,112,-205,131,-199,149,-192,168,-186,185,-177,201,-169,217,-160,231,-149,245,-138,258,-128,270,-115,280,-103,289,-90,297,-77,303,-64,309,-49,313,-36,316,-21,317,-7,317,7,316,21,313,36,309,49,303,64,297,77,289,90,280,103,270,115,258,128,245,138,231,149,217,160,201,169,185,177,168,186,149,192,131,199,112,205,92,209,72,213,52,215,31,218,10,218,-10,218,-23,160,-46,30,-1070,236,-248,130,-127,124,-16,94,32,107,25,235,41,95,0,59,-38,31,-62,-3,-43,25,17,114,-1889,407,-168,17,-524,-44,-187,34,-206,-45,-610,70,-226,45,-11,93,117,107,153,108,95,133,-5,214,-62,118,-51,-6,-3378,-727,-174,-147,-104,-99,-280,-675,-1,-2,-344,-828,-1,-2,-263,-632]]]
2658576	n	7.0354,46.0039,7.6846,46.4561	[[[70354,462300,15,-222,47,-219,77,-215,108,-209,136,-201,164,-190,189,-178,214,-165,236,-149,256,-132,274,-114,288,-95,300,-75,309,-54,315,-32,318,-11,318,11,315,32,309,54,300,75,288,95,274,114,256,132,236,149,214,165,189,178,164,190,136,201,108,209,77,215,47,219,15,222,-15,222,-47,219,-77,215,-108,209,-136,201,-164,190,-189,178,-214,165,-236,149,-256,132,-274,114,-288,95,-300,75,-309,54,-315,32,-318,11,-318,-11,-315,-32,-309,-54,-300,-75,-288,-95,-274,-114,-256,-132,-236,-149,-214,-165,-189,-178,-164,-190,-136,-201,-108,-209,-77,-215,-47,-219,-15,-222]]]
2659496	r	6.4811,46.755,7.1835,47.2293	[[[64811,469594,14,-99,48,-200,67,-197,86,-194,104,-190,122,-185,139,-179,106,-117,2303,-683,96,52,3939,2121,-2591,2570,-361,-180,-290,-204,-190,-214,-22,-14,-633,-399,-300,-71,12,-172,-143,-50,-38,-18,-37,-63,-251,-62,-94,-63,-134,-159,120,-186,-229,-225,-667,-348,-1076,-231,-100,-40]]]
2657908	r	8.2471,47.0542,8.9289,47.2873	[[[82471,472466,2365,-1924,810,326,-21,-39,8,-11,24,-8,39,2,47,11,33,22,-10,3,-44,51,3567,1437,-58,93,-6359,444,-401,-407]]]
2660727	r	8.7573,47.3185,9.2434,47.6994	[[[87573,476231,1821,-3046,2672,2777,368,586,-90,14,-375,-1,-97,104,-51,-3,-28,5,-7,-15,2,-20,9,-2,5,-21,18,-4,-8,-26,6,-19,-45,-11,-13,-9,-5,18,-52,-8,-6,10,-90,63,-29,35,-46,12,47,31,-90,-10,-8,13,-89,0,-35,-47,-22,11,-37,1,-25,10,-5,26,-3,1,-3,-8,-11,6,0,3,-3,0,9,-24,-40,26,-1051,80,-189,-51,-159,-116,-364,-79,-392,-25,-245,43,-290,147,-8,5,-141,95,-1,70,184,29,-137,87,-851,-763]]]
2661881	r	7.7296,47.1272,8.3107,47.622	[[[77296,473780,1675,-2163,267,-345,3233,1194,401,407,235,2792,-627,555,-150,0,-540,-62,-52,-23,-49,-49,-68,-48,-183,-37,-217,-80,-82,-43,-85,-65,-40,-51,-44,-43,-98,-45,-449,-68,-1301,0,-27,42,-20,94,-32,94,-61,42,-52,3,-1634,-2101]]]
2658564	r	7.2848,47.0319,7.8971,47.3952	[[[72848,473874,1549,-2985,3544,-570,33,21,163,119,151,126,138,132,126,138,113,144,98,148,84,153,69,156,54,158,1,3,-1675,2163,-4326,172,-122,-78]]]
2660365	r	8.921,47.1203,9.4877,47.5963	[[[89210,472785,2,-17,39,-61,122,-155,137,-150,151,-144,164,-136,177,-129,189,-121,200,-112,211,-102,220,-94,228,-83,236,-73,242,-62,248,-51,252,-40,256,-29,257,-17,259,-6,259,6,257,17,256,29,252,40,248,51,242,62,236,73,228,83,99,42,-2811,4356,-2672,-2777,-184,-400]]]
2658665	r	8.4247,46.7032,9.1115,47.2336	[[[84247,467436,212,-77,275,-86,282,-73,289,-60,295,-47,298,-34,300,-20,302,-7,302,7,300,20,298,34,295,47,289,60,282,73,275,86,267,98,256,109,246,121,233,131,221,142,206,151,192,161,176,168,159,176,142,183,86,129,344,828,7,31,30,206,9,207,-9,207,-30,206,-49,205,-66,194,-1672,1324,-3567,-1437,44,-51,10,-3,-33,-22,-47,-11,-39,-2,-24,8,-8,11,21,39,-810,-326,-589,-3106]]]
