2293538	r	-4.2941,5.1296,-3.3993,5.7207	[[[-42941,53070,37,-7,295,-58,77,-4,13,-7,5,-9,-11,-21,0,1,-18,-34,8,-32,21,-21,28,-1,18,6,25,-37,-1,0,11,-17,40,-231,36,-209,84,-7,106,-173,328,42,5,-87,1876,153,-239,112,130,1,3,21,7,6,24,7,10,-8,6,48,-8,7,26,18,48,12,14,0,67,-101,312,-94,569,-74,130,-17,450,-243,134,-36,406,14,194,-20,120,-69,75,0,12,58,196,-36,44,-15,0,-14,3,19,28,-1,17,-25,79,-26,316,-63,465,-27,2237,-475,32,136,36,221,22,223,0,3,-1534,3082,-166,104,-197,105,-203,93,-210,79,-213,65,-218,50,-220,37,-223,22,-38,1,-993,-1817,1691,3095,-2271,412,-2093,-747,-449,-160,-4,-1,-704,-251,-170,10,-46,-21,-164,31,-60,-3,-28,16,-26,3,-32,-13,-34,-41,11,-33,5,-17,12,-12,27,-3,-6,-78,7,-12,15,-7,-1,-12,-27,-43,-47,-45,6,-12,37,-3,37,-17,17,-72,-7,-44,-32,-19,-11,-68,-10,-22,-23,-15,15,-24,-6,-58,24,-44,19,-14,11,-32,59,-31,4,-16,-15,-36,10,-44,-21,-29,58,-110,-5,-39,-22,-32,12,1,7,-12,-22,-12,8,-5,1,-11,10,2,-3,-28,-7,-4,12,-18,-27,-8,18,-21,-1,-7,-26,4,-5,-14,-11,23,-23,-16,-3,-13,-12,15,-21,-22,-19,5,-1,7,9,1,-3,4,-12,-4,-21,8,2,-43,-19,-11,-2,-9,17,-24,-11,-51,15,-21,21,-10,4,-24,-23,1,-18,-14,2,-10,22,-4,-6,-12,-28,-5,-24,5,-5,-16,-17,-1,-18,-32,-3,-40,-18,6,-5,-4,4,-21,18,7,7,-20,-34,-2,-9,-10,13,-8,-9,-33,-12,-4,15,-15,-1,-14,8,2,2,14,7,-5,-10,-36,9,-26,13,0,15,-28,-26,-51,-240,-1223],[-38158,53683,25,61,84,16,94,-28,65,-44,109,40,109,-13,83,-53,34,-79,22,-145,114,-333,15,-24,75,-38,-113,57,-38,58,-40,151,-19,21,-33,20,-71,26,-68,59,-17,20,-10,98,-109,81,-109,7,-21,-15,-38,0,-121,50,-22,7],[-37535,52735,194,2,1,0,-195,-2],[-37340,52737,33,0,85,103,20,46,45,-63,-132,-158,-14,-5,1,14,-8,41,-8,11,-22,11],[-37182,52125,2,9,3,-13,-5,4]]]
2293521	p	2293538
2290956	r	-5.4721,7.249,-4.5879,7.9724	[[[-54721,76900,10,-288,28,-288,47,-284,66,-282,84,-276,102,-270,119,-263,137,-254,152,-245,169,-235,183,-223,198,-211,211,-197,224,-183,235,-168,246,-153,255,-136,263,-119,271,-101,277,-84,282,-66,285,-47,288,-28,289,-9,289,9,288,28,285,47,282,66,277,84,271,101,263,119,255,136,246,153,235,168,224,183,211,197,198,211,183,223,169,235,152,245,137,254,119,263,102,270,84,276,66,282,47,284,28,288,10,288,-10,288,-28,288,-47,284,-66,282,-84,276,-102,270,-119,263,-137,254,-152,245,-169,235,-114,139,-2083,-319,-1,-1,-3322,-509,-2075,-318,-98,-259,-84,-276,-66,-282,-47,-284,-28,-288,-10,-288]]]
2286304	r	-5.9218,9.1702,-5.3587,9.7497	[[[-59217,94600,6,-189,19,-189,31,-187,43,-185,56,-181,67,-178,79,-172,90,-168,100,-161,112,-154,121,-146,130,-139,139,-129,148,-120,155,-111,162,-100,169,-89,174,-79,178,-66,183,-55,186,-43,188,-31,190,-19,191,-6,191,6,190,19,188,31,186,43,183,55,178,66,174,79,169,89,162,100,155,111,148,120,139,129,130,139,121,146,112,154,100,161,90,168,79,172,18,48,-1026,3423,-66,47,-162,100,-169,89,-174,79,-178,66,-183,55,-186,43,-188,31,-190,19,-191,6,-191,-6,-190,-19,-188,-31,-186,-43,-183,-55,-178,-66,-174,-79,-169,-89,-162,-100,-155,-111,-148,-120,-139,-129,-130,-139,-121,-146,-112,-154,-100,-161,-90,-168,-79,-172,-67,-178,-56,-181,-43,-185,-31,-187,-19,-189,-6,-189]]]
2290486	r	-6.7504,6.6122,-6.222,7.1398	[[[-67504,68800,7,-196,19,-196,32,-194,45,-191,57,-188,69,-184,36,-80,4096,-1449,145,78,167,104,160,114,152,125,143,134,134,143,22,26,-560,4414,-51,36,-164,102,-3305,-196,-29,-20,-152,-125,-143,-134,-134,-143,-125,-152,-115,-160,-103,-167,-93,-173,-81,-179,-69,-184,-57,-188,-45,-191,-32,-194,-19,-196,-7,-196]]]
2285853	p	2293538
2282006	r	-7.0837,4.5517,-6.2185,5.1151	[[[-70837,47500,9,-291,29,-290,47,-288,66,-283,84,-279,103,-273,119,-265,8,-14,412,248,539,451,279,341,111,63,236,59,258,127,940,63,379,-46,819,300,738,535,189,22,1057,259,149,81,58,151,86,68,1937,647,-13,45,-103,273,-119,265,-137,257,-154,247,-169,237,-184,225,-15,16,-5857,700,-165,-119,-225,-185,-212,-199,-198,-213,-184,-225,-169,-237,-154,-247,-137,-257,-119,-265,-103,-273,-84,-279,-66,-283,-47,-288,-29,-290,-9,-291]]]
2288829	r	-6.3699,5.666,-5.6044,6.3983	[[[-63699,61350,2401,-4326,24,-11,284,-107,290,-88,296,-69,299,-50,302,-29,303,-10,303,10,302,29,299,50,296,69,280,85,1976,3962,-1305,2728,-4847,390,-1405,-2462,-1,-1,-97,-170]]]
2279755	r	-5.5878,6.5742,-4.9318,7.1896	[[[-55878,66976,83,-256,3119,-978,3191,3143,167,554,-66,176,-100,220,-114,213,-128,206,-141,196,-153,187,-165,177,-177,165,-187,153,-197,141,-205,128,-214,114,-220,100,-226,85,-232,70,-236,55,-238,40,-241,23,-242,8,-242,-8,-241,-23,-238,-40,-236,-55,-232,-70,-136,-51,-1753,-4673]]]
2281606	r	-6.2572,6.3593,-5.5795,6.8247	[[[-62572,65920,376,-1937,4847,-390,1554,3127,-83,256,-2054,930,49,114,-132,-69,-7,-4,-662,300,-3516,-1565,-372,-762]]]
2284647	r	-7.9027,7.0354,-7.1729,7.7864	[[[-79027,75426,1058,-4171,174,-141,200,-144,210,-130,217,-116,225,-102,231,-87,236,-71,240,-56,244,-40,144,-14,2677,787,157,129,180,168,169,180,156,190,144,201,130,209,117,217,102,224,86,231,72,236,56,240,40,243,24,245,9,246,-9,246,-24,245,-40,243,-56,240,-72,236,-86,231,-102,224,-117,217,-130,209,-144,201,-156,190,-169,180,-180,168,-191,156,-200,144,-210,130,-217,116,-225,102,-231,87,-236,71,-240,56,-244,40,-245,24,-247,8,-247,-8,-245,-24,-244,-40,-240,-56,-236,-71,-231,-87,-225,-102,-217,-116,-210,-130,-200,-144,-191,-156,-180,-168,-169,-180,-156,-190,-144,-201,-130,-209,-117,-217,-102,-224,-43,-115]]]
2595323	p	2293538
2291136	r	-3.0894,7.7584,-2.5447,8.3285	[[[-30894,80400,6,-189,19,-188,31,-186,43,-184,55,-180,66,-177,78,-172,90,-167,100,-160,110,-153,120,-146,130,-138,138,-129,146,-120,154,-110,161,-99,167,-89,173,-78,177,-67,181,-55,128,-29,62,132,38,65,101,122,38,65,3,55,-29,129,8,50,86,82,222,133,80,85,33,111,44,747,29,73,63,7,66,-44,51,-57,14,-32,163,137,456,523,184,130,597,199,206,104,99,129,9,175,-64,239,-132,288,-25,126,43,158,69,134,64,59,83,-5,127,-60,115,-12,137,46,134,79,-47,87,-100,160,-110,153,-120,146,-130,138,-138,129,-146,120,-154,110,-161,99,-167,89,-173,78,-177,67,-181,55,-184,43,-187,30,-189,19,-189,6,-189,-6,-189,-19,-187,-30,-184,-43,-181,-55,-177,-67,-173,-78,-167,-89,-161,-99,-154,-110,-146,-120,-138,-129,-130,-138,-120,-146,-110,-153,-100,-160,-90,-167,-78,-172,-66,-177,-55,-180,-43,-184,-31,-186,-19,-188,-6,-189]]]
2290582	r	-4.6752,5.1779,-4.1834,5.626	[[[-46752,53300,6,-186,11,22,62,0,0,-121,-31,-96,-20,-22,28,-174,44,-189,27,-90,105,48,214,14,185,-121,229,181,137,64,180,35,0,62,-80,38,-42,60,4,79,57,96,111,-155,48,-85,39,-95,710,-31,191,-44,-37,106,-64,65,-84,14,-95,-48,40,186,142,69,255,13,-30,-15,-3,-11,12,-7,17,20,15,1,26,-9,15,-19,14,24,6,-5,0,-16,8,-2,-9,-2,-30,-22,27,-31,-13,6,-13,-8,16,-9,-7,-23,17,-7,19,8,12,-4,43,-48,104,35,105,92,105,57,76,-25,4,-5,16,-3,123,-75,120,-92,72,-73,78,99,159,126,62,158,76,2,90,-44,74,-68,70,63,-37,7,240,1223,26,51,-15,28,-13,0,-9,26,10,36,-7,5,-2,-14,-8,-2,1,14,-15,15,12,4,9,33,-13,8,9,10,34,2,-7,20,-18,-7,-4,21,5,4,18,-6,3,40,18,32,17,1,5,16,24,-5,28,5,6,12,-22,4,-2,10,18,14,23,-1,-4,24,-21,10,-15,21,11,51,-17,24,2,9,19,11,-2,43,21,-8,12,4,3,-4,-9,-1,1,-7,19,-5,21,22,12,-15,3,13,23,16,11,-23,5,14,26,-4,1,7,-18,21,27,8,-12,18,7,4,3,28,-10,-2,-1,11,-8,5,22,12,-7,12,-12,-1,22,32,5,39,-58,110,21,29,-10,44,15,36,-4,16,-59,31,-11,32,-19,14,-24,44,6,58,-15,24,23,15,10,22,11,68,32,19,7,44,-17,72,-37,17,-37,3,-6,12,47,45,27,43,1,12,-15,7,-7,12,6,78,-27,3,-12,12,-5,17,-83,37,-181,69,-185,56,-188,44,-191,31,-192,19,-193,7,-193,-7,-192,-19,-191,-31,-188,-44,-185,-56,-181,-69,-176,-80,-170,-91,-164,-102,-157,-113,-150,-123,-141,-132,-132,-142,-122,-149,-113,-158,-102,-164,-91,-171,-80,-176,-68,-182,-56,-185,-44,-189,-31,-191,-19,-192,-6,-194],[-44309,52897,5,-5,-2,-1,-3,6],[-44299,52968,4,5,9,4,5,-4,-6,-9,-8,-6,-4,10]],[[-46497,52100,49,-109,91,-171,26,-41,126,28,3124,255,1247,102,-5,87,-328,-42,-106,173,-84,7,-36,209,-270,-48,-200,-71,-195,-33,-189,76,-131,-113,-139,35,-156,73,-183,5,-65,-86,-82,-139,-78,-61,-47,149,-288,-135,-590,37,-221,-107,-74,0,0,137,-348,-85,-61,-52,27,-93,95,-45,121,-10,103,12,-232,-74,-103,-15,-149,21,-34,25,-43,47,-64,44,-94,20,-311,0,-103,-12]],[[-42558,52869,115,-23,-25,37,-18,-6,-28,1,-21,21,-4,14,-19,-44]]]
2289887	r	-5.7594,5.4346,-4.9553,6.1427	[[[-57594,57757,24,-148,61,-258,76,-254,94,-248,109,-242,125,-234,140,-225,154,-216,168,-205,181,-193,193,-182,205,-168,215,-154,225,-141,234,-125,241,-109,248,-94,253,-77,258,-60,262,-43,263,-26,265,-9,265,9,263,26,262,43,258,60,253,77,248,94,241,109,234,125,225,141,215,154,205,168,193,182,181,193,168,205,154,216,140,225,125,234,109,242,94,248,76,254,61,258,43,262,26,264,8,265,-8,265,-26,264,-43,262,-61,258,-76,254,-94,248,-109,242,-125,234,-140,225,-154,216,-168,205,-181,193,-172,161,-5134,-562,-1550,-3108]]]
2292852	p	2293538
2596935	r	-7.0263,5.5635,-6.155,6.135	[[[-70263,57800,9,-286,28,-284,46,-283,65,-278,83,-274,101,-268,118,-260,123,-232,3221,258,4247,339,405,32,49,131,83,274,65,278,46,283,24,247,-2149,3873,-4742,0,-115,-83,-221,-181,-208,-195,-196,-209,-181,-221,-166,-233,-151,-243,-134,-252,-118,-260,-101,-268,-83,-274,-65,-278,-46,-283,-28,-284,-9,-286]]]
2293549	r	-3.8453,6.3848,-3.2104,7.0655	[[[-38453,67300,7,-226,23,-225,36,-223,52,-220,65,-216,80,-211,93,-206,107,-199,119,-192,132,-184,143,-174,154,-165,165,-155,175,-143,184,-132,192,-119,199,-106,206,-94,211,-79,216,-66,220,-51,223,-37,225,-22,226,-7,226,7,225,22,223,37,220,51,216,66,211,79,206,94,199,106,192,119,184,132,175,143,165,155,154,165,28,33,-249,1114,14,168,72,105,184,102,54,65,197,549,-23,67,-135,259,-125,160,-44,102,4,96,-11,26,-23,110,-14,25,-16,18,-121,63,-61,-20,-51,-35,-39,-38,-19,-8,-270,19,-401,181,242,189,-50,161,115,307,135,-11,60,63,-2035,1504,-177,-183,-268,74,-378,366,-85,-20,-216,-66,-15,-6,-2326,-3193,-2,-70]]]
7849539	r	-6.2799,6.6682,-5.8648,7.4186	[[[-62799,71409,19,-149,560,-4414,20,-164,3516,1565,-212,1077,18,126,129,105,0,10,18,9,-1,15,8,5,1,12,22,13,14,20,-4,5,14,13,-4,16,-7,3,2,16,37,34,-19,46,-54,47,-12,20,-28,19,-49,46,-19,7,-10,-5,-62,12,-61,1,-40,42,-26,38,-20,53,-15,14,-32,3,-55,-13,-11,11,-17,3,-4,22,-18,-2,-19,22,-27,17,-64,16,-22,12,-17,20,-25,4,-3,49,-10,10,-20,12,-33,20,-4,3,-6,1,-62,15,-71,32,-13,19,-26,75,-64,38,0,1,-5,31,13,6,-1,17,18,28,13,8,-7,15,5,2,0,10,-6,15,10,6,-1,20,12,17,-2,20,5,11,15,1,9,13,4,27,47,29,-6,8,7,12,24,16,15,-4,11,27,47,21,-1,19,29,-2,5,53,17,17,7,21,23,2,2,12,43,-3,17,19,6,-7,11,2,10,14,67,25,6,8,-2,12,9,7,6,0,-3,-14,6,-7,31,27,0,-15,8,-1,32,7,3,12,13,-3,11,8,28,1,13,-6,21,1,24,15,45,9,17,-6,20,2,12,12,23,-11,1,22,11,14,18,7,19,-4,24,20,6,41,17,19,2,13,12,8,-2,13,40,19,-133,52,-25,43,-28,12,-34,6,-58,-15,-50,4,-31,13,-52,8,-21,17,-18,5,-49,6,-44,-3,-47,239,83,22,6,45,-18,27,-47,24,-46,-8,-486,2475,-2948,-2777]]]
2289549	r	-7.783,6.3888,-6.9016,7.1589	[[[-77830,68903,1338,-922,677,-467,-9,-23,51,-224,306,-521,1803,-1062,455,32,1288,-888,1363,-940,81,66,64,60,1397,4186,-66,419,-77,254,-106,281,-124,273,-141,265,-158,254,-175,244,-190,232,-205,219,-219,205,-232,190,-244,175,-255,158,-264,142,-174,78,-1525,-448,-2677,-787,-1481,-436,-141,-226,-141,-265,-124,-273,-95,-251]]]
2290964	r	-5.9786,6.6976,-5.3727,7.4524	[[[-59786,73859,421,-2148,46,8,47,-24,18,-27,-6,-45,-83,-22,47,-239,44,3,49,-6,18,-5,21,-17,52,-8,31,-13,50,-4,58,15,34,-6,28,-12,25,-43,133,-52,-40,-19,2,-13,-12,-8,-2,-13,-17,-19,-6,-41,-24,-20,-19,4,-18,-7,-11,-14,-1,-22,-23,11,-12,-12,-20,-2,-17,6,-45,-9,-24,-15,-21,-1,-13,6,-28,-1,-11,-8,-13,3,-3,-12,-32,-7,-8,1,0,15,-31,-27,-6,7,3,14,-6,0,-9,-7,2,-12,-6,-8,-67,-25,-10,-14,-11,-2,-6,7,-17,-19,-43,3,-2,-12,-23,-2,-7,-21,-17,-17,-5,-53,-29,2,1,-19,-47,-21,-11,-27,-15,4,-24,-16,-7,-12,6,-8,-47,-29,-4,-27,-9,-13,-15,-1,-5,-11,2,-20,-12,-17,1,-20,-10,-6,6,-15,0,-10,-5,-2,7,-15,-13,-8,-18,-28,1,-17,-13,-6,5,-31,0,-1,64,-38,26,-75,13,-19,71,-32,68,-16,57,-35,10,-10,3,-49,25,-4,17,-20,22,-12,64,-16,27,-17,19,-22,18,2,4,-22,17,-3,11,-11,55,13,32,-3,15,-14,20,-53,26,-38,40,-42,61,-1,62,-12,10,5,19,-7,49,-46,28,-19,12,-20,54,-47,19,-46,-37,-34,-2,-16,7,-3,4,-16,-14,-13,4,-5,-14,-20,-22,-13,-1,-12,-8,-5,1,-15,-18,-9,0,-10,-129,-105,-18,-126,212,-1077,662,-300,7,4,132,69,-49,-114,2054,-930,1753,4673,398,1062,-2,4,-192,234,-207,220,-221,207,-234,192,-246,177,-258,159,-267,143,-275,125,-284,106,-289,88,-295,69,-299,49,-301,30,-303,10,-303,-10,-301,-30,-299,-49,-295,-69,-289,-88,-284,-106,-275,-125,-267,-143,-73,-45]]]
2596934	n	-6.8968,7.7339,-6.4432,8.1861	[[[-68968,79600,11,-222,33,-219,54,-215,75,-209,95,-201,115,-190,132,-178,150,-165,164,-149,179,-132,191,-114,201,-95,210,-75,216,-54,220,-32,222,-11,222,11,220,32,216,54,210,75,201,95,191,114,179,132,164,149,150,165,132,178,115,190,95,201,75,209,54,215,33,219,11,222,-11,222,-33,219,-54,215,-75,209,-95,201,-115,190,-132,178,-150,165,-164,149,-179,132,-191,114,-201,95,-210,75,-216,54,-220,32,-222,11,-222,-11,-220,-32,-216,-54,-210,-75,-201,-95,-191,-114,-179,-132,-164,-149,-150,-165,-132,-178,-115,-190,-95,-201,-75,-209,-54,-215,-33,-219,-11,-222]]]
2290412	r	-4.4129,6.6075,-3.5805,7.5125	[[[-44129,70600,9,-296,29,-295,30,-177,1447,-2609,28,-25,229,-188,241,-173,251,-156,262,-140,270,-122,277,-104,284,-86,288,-68,293,-48,295,-29,296,-9,211,6,938,1289,2326,3193,320,440,-3,36,-17,-17,-102,3,-51,12,-90,30,-97,68,-110,96,-73,16,-40,21,-20,18,-16,33,6,97,-6,48,-58,149,-14,53,-12,120,16,53,2,42,31,107,18,26,33,26,63,-9,133,-58,33,1,27,-10,44,-49,17,-63,52,-32,130,87,17,28,-135,1445,-168,204,-202,216,-217,202,-229,188,-241,173,-251,156,-262,140,-270,122,-277,104,-284,86,-288,68,-293,48,-295,29,-296,9,-296,-9,-295,-29,-293,-48,-288,-68,-284,-86,-277,-104,-270,-122,-262,-140,-251,-156,-241,-173,-229,-188,-217,-202,-202,-216,-188,-229,-173,-241,-157,-251,-139,-261,-123,-270,-104,-277,-86,-284,-67,-288,-49,-292,-29,-295,-9,-296]]]
2288115	p	2293538
2280045	n	-6.7065,7.1539,-6.2535,7.6061	[[[-67065,73800,11,-222,33,-219,54,-215,75,-209,95,-201,114,-190,132,-178,150,-165,164,-149,179,-132,191,-114,200,-95,210,-75,215,-54,220,-32,222,-11,222,11,220,32,215,54,210,75,200,95,191,114,179,132,164,149,150,165,132,178,114,190,95,201,75,209,54,215,33,219,11,222,-11,222,-33,219,-54,215,-75,209,-95,201,-114,190,-132,178,-150,165,-164,149,-179,132,-191,114,-200,95,-210,75,-215,54,-220,32,-222,11,-222,-11,-220,-32,-215,-54,-210,-75,-200,-95,-191,-114,-179,-132,-164,-149,-150,-165,-132,-178,-114,-190,-95,-201,-75,-209,-54,-215,-33,-219,-11,-222]]]
2291580	p	2293538
2293268	r	-4.5194,5.6202,-3.9251,6.2398	[[[-45194,59300,7,-203,19,-201,33,-200,46,-198,59,-194,72,-190,83,-184,96,-179,106,-172,118,-165,129,-157,138,-148,148,-138,156,-129,165,-118,172,-107,179,-96,184,-83,189,-72,194,-59,197,-46,200,-33,202,-20,202,-6,202,6,202,20,200,33,166,39,520,186,78,35,179,96,172,107,165,118,156,129,148,138,138,148,129,157,118,165,106,172,96,179,74,164,-1058,2027,-994,1904,0,1,-159,305,-34,8,-200,33,-202,20,-202,6,-202,-6,-202,-20,-200,-33,-197,-46,-194,-59,-189,-72,-184,-83,-179,-96,-172,-107,-165,-118,-156,-129,-148,-138,-138,-148,-129,-157,-118,-165,-106,-172,-96,-179,-83,-184,-72,-190,-59,-194,-46,-198,-33,-200,-19,-201,-7,-203]]]
2290462	r	-8.4854,6.7658,-7.7608,7.7532	[[[-84854,75580,418,-209,180,-352,205,-706,121,-970,53,-193,66,-120,171,-241,65,-132,78,-310,47,-79,120,-149,40,-79,5,-66,-21,-127,9,-64,35,-62,147,-148,61,-104,28,-93,14,-244,171,-953,-25,-241,-75,-94,-205,-158,-54,-86,-12,-177,12,-165,-9,-156,-128,-276,49,-75,82,-54,49,-59,7,-135,-16,-140,-84,-300,-30,-71,190,-71,309,-94,316,-74,319,-52,322,-32,324,-11,324,11,322,32,319,52,316,74,309,94,303,114,295,133,286,152,236,147,690,623,492,746,-361,1419,-1058,4171,-423,1669,-157,70,-303,114,-309,94,-316,74,-319,52,-322,32,-22,1,-28,-257,-48,-145,-321,-367,-7,-41,28,-98,-6,-42,-41,-40,-113,-64,-45,-39,-200,-253,-47,-114,-4,-76,32,-162,-4,-71,-288,-320,-364,158,-378,292,-336,85,-355,-105,-186,-15,-239,271,-252,-130,-454,-419]]]
2293342	r	-4.1303,5.824,-3.5744,6.3959	[[[-41303,62025,1918,-3673,46,-14,182,-42,184,-31,186,-18,187,-6,187,6,186,18,184,31,182,42,179,54,175,66,170,78,165,88,159,99,152,109,144,118,137,128,128,137,118,144,109,152,99,159,88,165,77,171,66,175,54,179,42,182,31,185,18,186,6,187,-6,187,-18,186,-31,185,-42,182,-54,179,-66,175,-77,171,-88,165,-99,159,-109,152,-118,144,-128,137,-137,128,-144,118,-152,109,-159,99,-165,88,-170,78,-175,66,-179,54,-182,42,-184,31,-186,18,-187,6,-187,-6,-186,-18,-184,-31,-182,-42,-179,-54,-175,-66,-170,-78,-165,-88,-159,-99,-152,-109,-144,-118,-137,-128,-128,-137,-118,-144,-109,-152,-99,-159,-88,-165,-77,-171,-64,-169]]]
10629379	r	-6.9594,5.0536,-6.1605,5.6232	[[[-69594,54100,8,-262,26,-261,43,-258,59,-255,76,-251,92,-245,108,-239,123,-231,138,-222,152,-213,166,-203,179,-191,190,-179,34,-26,4416,-528,181,97,222,138,212,153,203,166,190,179,179,191,166,203,152,213,138,222,123,231,108,239,92,245,76,251,59,255,43,258,26,261,8,262,-8,262,-26,261,-43,258,-59,255,-76,251,-92,245,-108,239,-123,231,-81,130,-7052,-564,-16,-36,-92,-245,-76,-251,-59,-255,-43,-258,-26,-261,-8,-262]]]
2289049	r	-5.5274,9.122,-4.7186,10.058	[[[-55274,99166,661,-2204,1026,-3423,661,-2204,106,-25,305,-50,307,-30,308,-10,308,10,307,30,305,50,300,70,295,89,289,107,281,127,272,144,262,162,251,178,238,195,225,209,211,223,196,237,180,249,163,260,145,270,127,279,109,287,90,293,70,298,50,302,30,305,10,306,-10,306,-30,305,-50,302,-70,298,-90,293,-53,141,-97,-12,-35,-34,16,-46,57,-51,-152,-28,-132,210,-132,-39,-29,80,-19,40,-89,78,0,75,97,-7,85,12,160,57,-95,168,-49,227,-82,150,-191,-60,-67,205,-142,125,-198,62,-234,17,-84,21,-34,47,-45,47,-114,22,-77,-46,-53,-90,-56,-66,-87,31,-294,270,-12,114,144,410,-19,63,-109,234,-112,145,-45,101,34,2,-35,18,-281,127,-289,107,-295,89,-300,70,-305,50,-307,30,-308,10,-308,-10,-307,-30,-305,-50,-300,-70,-295,-89,-289,-107,-281,-127,-272,-144,-262,-162,-251,-178,-238,-195,-225,-209,-41,-43]]]
2289983	r	-4.9485,6.284,-4.344,7.016	[[[-49485,68885,1126,-3821,555,-12,239,-99,-206,-80,-40,-310,-350,-173,441,-1495,142,-23,239,-24,239,-8,239,8,239,24,236,39,233,54,229,69,225,85,218,99,211,113,203,126,195,140,185,151,175,164,164,175,151,185,140,195,126,203,113,211,99,218,84,225,70,229,54,233,39,236,24,239,8,239,-8,239,-24,239,-39,236,-54,233,-70,229,-84,225,-99,218,-113,211,-126,203,-140,195,-151,185,-164,175,-175,164,-185,151,-195,140,-203,126,-211,113,-218,99,-225,85,-229,69,-233,54,-236,39,-239,24,-239,8,-239,-8,-239,-24,-236,-39,-233,-54,-229,-69,-225,-85,-218,-99,-211,-113,-203,-126,-195,-140,-157,-518]]]
2287790	r	-6.9987,6.135,-6.2196,6.8027	[[[-69987,64900,9,-267,26,-267,44,-264,61,-260,77,-256,94,-250,111,-244,126,-236,141,-227,156,-218,170,-206,182,-196,196,-182,206,-170,218,-156,227,-141,18,-10,4050,0,18,10,227,141,29,20,1405,2462,-376,1937,-571,202,-4096,1449,-1290,456,-65,-54,-196,-182,-182,-196,-170,-206,-156,-218,-132,-213,-369,-1105,-158,-473,-21,-213,-9,-267]]]
2287958	r	-7.7934,6.3674,-7.1921,6.7981	[[[-77934,65400,7,-198,19,-198,33,-196,45,-193,57,-190,70,-186,82,-181,94,-175,105,-169,29,-40,4385,131,2,7,9,-1,3,10,27,6,1,12,13,-2,2,-6,7,6,10,-6,11,24,18,2,-8,8,8,0,1,6,6,-5,-4,13,15,9,1,8,15,0,4,10,38,5,68,35,47,30,30,26,226,-91,37,-22,18,-27,19,27,26,21,44,13,63,0,72,135,82,181,70,186,57,190,45,193,4,20,-1288,888,-455,-32,-1803,1062,-306,521,-51,224,9,23,-677,467,-93,-58,-162,-116,-153,-126,-145,-135,-136,-145,-126,-154,-115,-161,-105,-169,-94,-175,-82,-181,-70,-186,-57,-190,-45,-193,-33,-196,-19,-198,-7,-198]]]
2279526	r	-8.0546,5.6308,-6.9664,6.4002	[[[-80545,63013,215,5,173,-40,163,-111,645,-153,54,-6,43,17,47,13,61,-21,17,-33,27,-116,34,-48,445,-356,155,-189,25,-135,-133,-386,-46,-210,-25,-227,27,-202,109,-139,4,46,96,52,125,33,90,-6,97,-89,40,-92,33,-228,32,-35,53,-16,52,-26,22,-64,-21,-53,-91,-50,-23,-46,-7,-285,11,-72,130,-163,395,-206,122,-120,177,-248,140,71,117,198,110,132,65,-52,109,-126,148,-118,177,-27,15,-37,206,-112,27,-6,216,-94,51,-65,-81,-104,77,-65,132,-166,72,-38,115,55,124,104,74,30,-33,-168,155,-28,68,-130,49,-141,95,-59,78,76,49,164,31,297,321,-140,45,-346,-66,-422,-9,-367,185,-784,115,-231,155,15,375,63,371,86,365,111,356,134,347,157,336,180,173,108,2053,4187,-801,2509,-79,20,-1422,-43,-30,107,-155,-31,-94,11,-69,0,-44,-13,-26,-21,-19,-27,-18,27,-37,22,-226,91,-30,-26,-47,-30,-68,-35,-38,-5,-4,-10,-15,0,-1,-8,-15,-9,4,-13,-6,5,-1,-6,-8,0,8,-8,-18,-2,-11,-24,-10,6,-7,-6,-2,6,-13,2,-1,-12,-27,-6,-3,-10,-9,1,-2,-7,-4385,-131,-3035,-91,-80,-347,-37,-223]]]
2293260	r	-3.6508,6.7749,-2.9441,7.7696	[[[-36508,71786,12,-120,14,-53,58,-149,6,-48,-6,-97,16,-33,20,-18,40,-21,73,-16,110,-96,97,-68,90,-30,51,-12,102,-3,17,17,3,-36,53,-39,-38,-45,-29,-67,-7,-26,1,-42,23,-97,-2,-19,-10,-8,383,-371,268,-74,177,183,2035,-1504,-60,-63,-135,11,-115,-307,50,-161,-242,-189,401,-181,270,-19,19,8,39,38,51,35,61,20,121,-63,16,-18,14,-25,23,-110,20,-47,63,-68,31,-6,-5,8,-28,8,-4,11,12,10,14,-1,16,27,-14,70,18,34,-12,32,18,40,1,67,13,37,-9,23,4,21,-22,65,2,22,13,10,911,1425,520,869,137,65,-14,25,294,95,50,71,83,501,51,100,458,571,89,195,7,136,-44,81,-67,83,-63,139,-10,118,464,2901,-4822,2088,-336,-127,-405,-183,-392,-209,-378,-235,-361,-258,-187,-153,295,-3151,135,-1445,-17,-28,-130,-87,-52,32,-17,63,-44,49,-27,10,-33,-1,-133,58,-63,9,-33,-26,-18,-26,-31,-107,-2,-42,-16,-53]]]
2287298	r	-5.3837,7.8895,-4.8163,8.4228	[[[-53837,81400,6,-185,18,-184,31,-183,42,-180,54,-177,65,-173,77,-168,87,-164,98,-157,108,-150,118,-143,127,-135,136,-127,143,-117,151,-108,158,-98,105,-56,3322,509,124,132,118,143,108,150,98,157,87,164,77,168,65,173,54,177,42,180,31,183,18,184,6,185,-6,185,-18,184,-31,183,-42,180,-54,177,-65,173,-77,168,-87,164,-98,157,-108,150,-118,143,-127,135,-136,127,-143,117,-151,108,-158,98,-163,87,-169,76,-174,65,-178,54,-181,42,-183,30,-184,18,-186,6,-186,-6,-184,-18,-183,-30,-181,-42,-178,-54,-174,-65,-169,-76,-163,-87,-158,-98,-151,-108,-143,-117,-136,-127,-127,-135,-118,-143,-108,-150,-98,-157,-87,-164,-77,-168,-65,-173,-54,-177,-42,-180,-31,-183,-18,-184,-6,-185]]]
2293507	r	-3.5815,5.0953,-2.829,5.8518	[[[-35815,55539,288,-578,1534,-3082,325,-653,546,-27,364,292,-147,23,-126,43,-59,81,60,133,-160,77,-17,87,71,38,106,-72,47,106,63,98,77,86,85,64,101,32,153,-13,94,43,0,68,-110,-6,-108,9,-103,24,-95,36,68,0,-45,14,-91,60,73,65,39,67,0,71,-44,77,283,34,74,140,-52,205,-100,228,127,45,192,132,97,34,87,-5,137,-56,83,-13,91,22,74,50,59,48,47,22,166,0,117,-20,66,-72,23,-150,-24,-197,-69,-63,-106,-26,-137,-86,-59,-115,-30,-296,-47,-141,-61,-34,-155,-144,-108,-157,82,-75,160,-80,184,-191,157,-228,77,-190,167,77,396,11,200,55,165,-125,191,-89,77,41,212,132,202,146,193,158,182,171,170,182,159,194,145,203,132,212,117,220,103,228,88,234,72,239,57,243,40,247,25,248,8,250,-8,250,-25,248,-40,247,-57,243,-72,239,-88,234,-80,178,-115,29,-162,-64,-326,-197,-196,-24,-236,131,-54,259,101,625,-650,-55,84,974,-201,108,-227,103,-233,88,-239,72,-243,57,-246,41,-248,24,-249,8,-249,-8,-248,-24,-246,-41,-243,-57,-239,-72,-233,-88,-227,-103,-220,-118,-212,-132,-202,-146,-193,-158,-182,-171,-170,-182,-159,-194,-145,-203,-132,-212,-117,-220,-103,-228,-88,-234,-72,-239,-35,-149]],[[-32764,51181,143,-71,983,-95,270,-62,11,2,183,43,21,80,-30,-8,-134,11,-147,135,-87,63,-40,-23,-43,-1,-216,68,-82,38,-28,41,-14,57,-29,59,-71,48,-267,69,-192,-139,-190,-172,-41,-143]]]
2282827	r	-5.7349,6.0865,-5.0715,6.672	[[[-57349,63593,1305,-2728,5134,562,195,22,-1961,4293,-3119,978,-1554,-3127]]]
2280316	r	-5.2676,6.0734,-4.7323,6.8885	[[[-52676,65742,1961,-4293,1536,-715,266,62,311,95,305,114,296,135,287,153,276,172,115,82,-397,1348,-441,1495,350,173,40,310,206,80,-239,99,-555,12,-1126,3821,-3191,-3143]]]
2283016	r	-7.8583,9.2139,-7.2617,9.8061	[[[-78583,95100,7,-194,19,-193,32,-191,44,-188,57,-186,68,-181,81,-177,92,-171,103,-164,114,-158,124,-150,133,-141,142,-133,151,-123,159,-112,166,-103,172,-91,178,-80,182,-68,187,-57,190,-44,193,-31,194,-19,195,-6,195,6,194,19,193,31,190,44,187,57,182,68,178,80,172,91,166,103,159,112,151,123,142,133,133,141,124,150,114,158,103,164,92,171,81,177,68,181,57,186,44,188,32,191,19,193,7,194,-7,194,-19,193,-32,191,-44,188,-57,186,-68,181,-81,177,-92,171,-103,164,-114,158,-124,150,-133,141,-142,133,-151,123,-159,112,-166,103,-172,91,-178,80,-182,68,-187,57,-190,44,-193,31,-194,19,-195,6,-195,-6,-194,-19,-193,-31,-190,-44,-187,-57,-182,-68,-178,-80,-172,-91,-166,-103,-159,-112,-151,-123,-142,-133,-133,-141,-124,-150,-114,-158,-103,-164,-92,-171,-81,-177,-68,-181,-57,-186,-44,-188,-32,-191,-19,-193,-7,-194]]]
2280589	r	-6.9425,9.9792,-5.8703,10.7402	[[[-69425,103477,19,-84,105,-341,126,-333,149,-324,169,-314,190,-302,209,-289,228,-275,246,-260,262,-243,278,-226,292,-207,115,-71,5073,-416,293,131,317,168,306,188,292,207,278,226,262,243,246,260,228,275,209,289,190,302,169,314,149,324,126,333,105,341,81,346,10,62,-78,-40,-152,-111,-115,-167,-42,-182,43,-548,-117,-87,-466,161,-117,-91,-36,-250,-69,-213,-119,-191,-188,-183,-894,-6,-756,265,-134,84,-197,237,-101,66,68,57,19,25,-31,19,2,9,21,17,11,24,-15,36,8,65,-4,65,-14,25,-118,83,-31,37,-4,22,22,19,93,58,3,-2,67,-26,82,30,20,47,5,-3,28,4,49,-27,18,-36,-3,-43,17,-27,26,-2,42,34,0,59,17,49,24,22,31,5,16,17,-2,11,-55,46,-46,27,-30,33,-7,19,-19,24,6,25,28,57,39,40,14,26,33,5,44,31,63,81,43,23,9,-1,30,-26,16,-1,10,8,2,14,-19,14,-20,2,-50,36,-34,12,-27,26,-63,34,-7,10,-1,41,-8,16,-24,22,-24,9,-4,10,7,12,28,19,17,24,11,31,-4,46,11,48,-7,44,7,18,74,21,65,-17,25,-14,16,-23,10,-4,23,20,38,92,-32,71,-53,52,-26,20,-28,5,-22,20,-42,4,-31,11,-16,14,-9,32,-43,64,-1,176,11,39,46,53,20,8,24,25,26,8,23,27,40,1,60,20,-4,42,-16,21,-63,62,-37,18,-43,6,-18,12,-53,-7,-45,-21,-46,-5,-48,20,-28,19,-28,36,29,59,-1,38,-46,30,-17,35,-36,20,-49,44,-27,8,-12,-7,-80,-92,-44,-19,-44,16,-58,8,-16,12,-40,90,0,21,24,12,14,26,8,20,5,66,58,60,88,41,49,-1,20,11,-4,30,12,16,36,29,47,58,17,10,12,34,28,46,20,78,-4,19,-10,11,-30,-10,-13,-26,-19,-11,-7,1,-8,23,5,20,22,35,11,46,51,43,-1,6,-10,15,-24,14,-15,-9,-9,-19,-49,-16,-44,11,-9,10,7,36,-3,18,-20,26,-5,12,29,14,100,59,32,70,19,-3,57,15,39,-4,29,12,32,45,51,15,8,14,-1,45,-15,24,-52,-11,-51,0,-51,52,-58,15,-51,33,-24,40,-6,43,-108,6,-18,6,-41,-6,-7,11,-16,87,4,23,16,32,7,34,61,72,-13,50,8,41,-5,28,-5,11,-29,24,2,34,99,89,33,38,12,38,32,33,-5,33,-25,18,-64,-4,-86,35,-64,49,-49,19,-33,0,-28,18,-26,-6,-37,-22,-187,-140,-228,-184,-226,-194,-43,-16,-121,51,-37,3,-25,-8,-53,8,-319,135,-50,4,-78,47,-81,9,-165,-81,-12,-30,42,-439,36,-206,80,-269,17,-78,-13,-22,-229,-223,-54,-115,-17,4,-138,92,-20,21,-113,-1,-235,54,-111,-12,-119,3,-26,8,-37,29,-131,33,-147,63,-18,3,-36,57,-24,71,-47,31,-23,29,-23,6,-16,26,-67,34,-39,43,-242,12,-37,43,-15,9,-43,76,-30,29,-24,5,-10,43,-10,19,0,111,-68,99,-15,53,-35,-12,-23,0,-36,9,-19,-5,-25,14,-45,11,-17,-2,-20,-11,-21,10,-16,0,-10,-10,13,-23,12,-44,-9,-15,-55,-10,-43,-43,-10,-16,1,-31,-37,-76,-5,-53,7,-12,37,-12,75,14,4,-26,-12,-33,-28,-15,-81,5,-35,-28,-46,-9,-47,-25,-13,-15,-9,-40,35,-33,3,-30,-13,-10,-24,-4,-29,-39,-8,-34,5,-30,-30,-49,4,-14,28,18,29,-42,46,-17,13,-21,28,-21,-2,-13,-26,-39,-29,-72,8,-25,-8,-26,-24,-25,11,-44,33,-76,-31,-26,-5,-13,7,-68,45,-65,37,-25,3,-9,-19,-24,-20,-9,-54,-9,-28,9,-22,33,-29,2,-10,-6,-46,-78,12,-93,26,-32,2,-33,21,-13,25,-3,10,-38,-16,-42,-45,-17,-19,-21,17,-21,8,-37,-9,-21,-25,-18,-1,-10,26,-18,85,-13,3,-12,-15,-38,-22,-30,3,-21,-27,-55,-4,-19,8,-11,62,16,16,-8,4,-13,-4,-16,27,-26,31,-49,31,-2,13,-23,10,-7,17,0,21,19,49,-3,55,-18,22,-1,17,-23,-45,-68,6,-19,29,-20,18,3,23,-12,26,9,49,2,20,-16,1,-12,-1,-10,-23,-54,-10,-83,-32,-40,-9,-46,-46,-40,-14,-45,-23,-21,-22,-3,-45,-30,-41,-9,-14,-8,-5,-10,16,-42,34,-30,24,2,19,-6,19,-36,3,-12,-10,-20,-54,26,-11,-12,-1,-15,2,-22,32,-53,-7,-56,38,-27,9,-15,-6,-21,-58,-34,-28,-5,-30,9,1,-3,-17,3,-26,-10,-63,-98,-9,-6,-32,7,-18,-5,-24,-33,-8,-25,-16,-17,-16,-37,-29,4,-33,24,-27,-6,-43,15,-54,-18,-31,12,-3,-1,-223,23,-330,194,-16,3,-317,74,-12,11,-138,-13,-303,-140,0,-8,-16,1,-136,-62,-26,-30,-11,-5,-11,12,-29,-13,4,-6,-24,-9,-13,0,-24,-11,-192,-25,-567,70,-38,-6]]]
2290836	r	-7.0259,8.9809,-6.0369,10.0199	[[[-70259,96050,18,-1803,16,-99,81,-343,103,-338,125,-330,147,-321,167,-311,188,-300,207,-287,225,-272,243,-258,259,-241,275,-224,289,-205,301,-187,314,-166,323,-146,333,-124,340,-102,346,-80,350,-58,354,-34,355,-12,355,12,354,34,350,58,346,80,340,102,333,124,323,146,314,166,301,187,289,205,275,224,259,241,230,243,462,6537,-17,27,-207,287,-225,272,-243,258,-259,241,-275,224,-289,205,-192,119,-4852,398,-50,-18,-323,-146,-314,-166,-301,-187,-289,-205,-275,-224,-259,-241,-243,-258,-225,-272,-207,-287,-188,-300,-167,-311,-147,-321,-125,-330,-103,-338,-81,-343,-34,-202]]]
