3871336	n	-71.2635,-33.7541,-70.0922,-32.9423	[[[-712635,-333649,1452,-851,1482,0,835,288,1051,-414,44,-1,14,45,109,-8,14,-44,14,-5,245,-46,5,-30,33,21,117,-38,-26,-91,-17,4,-18,-9,-29,3,256,-101,175,-290,-171,-103,-213,79,-16,-17,-57,-71,-293,-330,-45,-60,27,-9,16,-19,44,5,31,-18,13,-13,-190,-723,353,-69,-38,-69,-74,-8,-43,14,-39,1,-257,97,-30,-30,-52,-34,-48,-53,-19,-11,-4,-25,-13,-7,-30,3,-15,-37,26,-6,26,-72,31,-26,-4,-40,22,-28,13,-43,10,-20,-1,-8,1,-7,-5,-7,-3,-11,-28,-39,-17,-13,-12,-22,-63,-56,-21,-77,-2,-2,-1,-3,-8,-4,-16,-13,-20,-6,-15,3,-63,23,-51,-8,30,-66,1,-67,8,-20,-9,-36,-32,-13,-9,-20,-6,-58,11,-26,39,-27,30,12,16,14,20,5,6,8,16,49,0,57,18,31,7,5,6,4,30,20,42,3,30,23,35,4,44,32,107,104,38,11,82,75,45,14,64,45,64,13,57,32,38,5,118,35,88,51,23,25,23,44,40,120,33,38,33,20,74,22,145,3,81,13,104,39,145,77,114,27,81,31,15,103,10,43,2,9,-162,3,13,57,-27,2,27,114,-271,24,36,109,2,7,32,108,-14,3,-126,605,752,86,131,-35,326,-204,238,-58,15,11,63,12,35,3,70,-6,105,-29,17,2,42,27,67,-7,47,12,5,-15,5,-36,-10,-47,-17,-31,-1,-6,2746,-675,4,5,113,177,98,183,84,188,70,192,54,195,39,199,23,199,8,201,-8,201,-23,199,-39,199,-54,195,-70,192,-84,188,-98,183,-113,177,-126,171,-140,163,-151,155,-164,147,-174,137,-148,101,1943,695,-2,103,176,576,-10,61,-358,47,-20,-109,-29,-27,-128,13,-117,-56,-39,12,-42,-64,-72,-22,-102,47,-38,-9,6,-29,-38,-39,-87,-11,-38,-130,-157,-57,-38,-54,-116,-44,-7,-20,93,-83,-34,-88,-113,-106,-19,-53,33,-41,-47,-89,-226,57,19,119,-39,79,-33,302,-176,5,-61,48,-43,127,-113,50,-58,-7,-54,46,-67,4,-74,66,-59,2,-9,-57,-79,-29,-177,-9,-54,34,-79,100,-24,14,-31,32,20,42,2,23,-84,26,-11,30,-3,29,-15,18,-19,13,-47,6,-25,42,10,49,96,117,-23,31,-4,1,-22,35,12,50,-1,45,-141,79,-60,14,-37,-9,-13,30,-24,8,-69,-4,-39,-45,-76,-63,-20,-40,-57,-28,0,-1,-972,127,16,52,17,9,8,23,-12,43,-12,12,-20,48,-66,47,-2,35,-9,18,-52,43,-18,32,-86,42,-42,72,-32,28,-52,26,-17,22,-51,14,12,22,3,78,-60,63,39,46,-23,27,-82,35,-24,1,-28,-17,-18,-36,-33,-39,-12,18,-42,20,-18,2,-44,-13,-39,6,-32,13,-37,-1,-68,-48,-55,-3,-40,-15,-57,6,-62,-22,-43,-5,-6,-15,-26,-14,-31,-6,-84,19,-50,21,-53,5,-48,-16,-117,-3,-24,19,-65,27,-81,-66,-100,-69,-38,-11,-44,5,-19,-6,-60,-69,-81,-59,-93,-36,67,-42,19,-23,21,-47,17,-21,-2,-24,-829,108,-827,-76,-31,-39,-1367,-851,-90,-127,13,7,27,2,35,-41,31,-12,25,6,27,17,39,10,81,-1,40,19,35,-2,52,32,25,36,-3,23,14,37,18,-7,81,-61,9,-16,34,-30,-23,-91,-29,-45,14,-105,26,-40,15,-52,23,-40,-4,-25,7,-36,-16,-22,13,-32,11,-88,26,-17,37,2,2,-28,61,-73,56,-90,77,-24,3,-42,-16,-9,-44,-5,-7,-3,-4,-1,-2,-2,-4,-2,-24,-31,-18,-44,-1,-4,-1,-2,-6,-79,-82,2,-32,-19,-26,5,-24,-4,-11,-5,-8,-21,-10,-6,-56,19,-41,-5,-21,-38,22,-35,8,-44,-10,-20,-10,-5,-51,11,-3,39,-34,20,-12,22,-16,9,-8,0,-32,-33,-36,-5,-22,11,-22,28,-56,13,-9,-29,0,-42,-24,-36,-8,-28,16,-54,-3,-24,-88,-39,-61,-10,-58,48,-51,18,-77,44,-41,-8,-133,2,-42,-44,-6,-23,-19,-10,-9,-22,-14,-10,-89,-25,-27,-19,-38,1,-9,-11,-41,-14,-20,19,-67,39,-33,36,-68,12,-31,21,-18,-2,-8,-30,-24,-8,-964,-1356]]]
3875024	r	-71.067,-33.99,-70.1881,-33.5157	[[[-710670,-339900,8495,0,126,281,3,8,-1491,822,128,77,198,136,188,148,176,157,163,166,149,176,136,183,121,190,106,196,91,202,74,206,59,210,42,212,25,215,0,12,-3005,739,1,6,17,31,10,47,-5,36,-5,15,-47,-12,-67,7,-42,-27,-17,-2,-105,29,-70,6,-35,-3,-63,-12,-15,-11,-238,58,-326,204,-131,35,-752,-86,126,-605,14,-3,-34,-115,-36,-109,271,-24,-27,-114,27,-2,-13,-57,162,-3,-2,-9,-10,-43,-15,-103,-81,-31,-114,-27,-145,-77,-104,-39,-81,-13,-145,-3,-74,-22,-33,-20,-33,-38,-40,-120,-23,-44,-23,-25,-88,-51,-118,-35,-38,-5,-57,-32,-64,-13,-64,-45,-45,-14,-82,-75,-38,-11,-107,-104,-44,-32,-35,-4,-30,-23,-36,-3,-6,0,-12,-9,-24,-15,-7,-5,-4,-7,-14,-24,0,-57,-2,-7,-10,-30,-4,-12,-6,-8,-20,-5,-16,-14,-30,-12,-39,27,-11,26,6,58,9,20,32,13,9,36,-8,20,-1,67,-30,66,-58,17,-37,45,-87,55,-326,-609,-291,-254,2,58,-13,70,-42,111,-26,42,-3,-73,-28,-56,0,-33,-27,-47,13,-35,-12,-45,-21,-27,-29,-20,-15,-2,-46,13,-62,1,-38,14,-101,4,-120,40,-30,-2,-155,-47,-15,-10,-20,-13,-1,-11,-18,-134,-9,-14,1,1,-7,-9,-1,-27,-8,-15,4,-20,3,-17,-10,-27,-3,-6,1,-7,2,-34,-10,-19,-3,-5,2,-2,9,-13,0,1,13,-20,30,-18,12,-2,10,-2,4,-7,5,-11,2,-4,-1,-6,-9,-42,17,-36,-15,-16,-9,-24,14,-38,12,-15,-7,-6,10,-31,-3,-22,22,-37,2,-44,-8,-39,14,-29,2,-31,-1,-8,4,-41,1,-3,4,-61,0,-2,1,-1,3,-49,0,-3,1,-6,0,-6,2,-3,4,-22,72,-116,-64,-4,-47,27,-197,196,-156,43,-258,-225,-278,-767]],[[-708036,-336649,3,-2,5,-16,1,-19,30,-3,13,7,4,25,19,11,48,53,52,34,30,30,257,-97,39,-1,43,-14,74,8,38,69,-353,69,-179,-54,-124,-100]]]
3880980	r	-71.1183,-33.9133,-70.6879,-33.4212	[[[-711183,-334500,170,-497,79,-528,16,-5,142,36,100,-63,200,23,42,-15,146,52,44,16,118,86,141,7,68,-22,61,-58,118,13,205,-53,41,-50,6,-61,-2,-26,8,-28,27,-23,20,-26,53,-39,15,-13,2,-18,-10,-30,16,-16,3,-42,-21,-54,-121,-53,-3,0,-1,-2,-2,-1,-5,-7,-16,-18,-22,-35,-13,-82,-21,-14,-7,-15,-56,-61,-13,-6,-51,-9,-69,56,-172,44,-74,-14,-87,-101,-77,-30,-112,-1,-60,-145,-123,62,-117,-14,-29,55,-130,44,-65,3,190,-1268,127,14,104,-25,47,-58,95,-30,79,-69,118,-11,89,-59,39,27,56,-11,46,23,25,-249,-4,-4,15,10,155,47,30,2,120,-40,101,-4,38,-14,62,-1,46,-13,15,2,29,20,21,27,12,45,-13,35,27,47,0,33,28,56,3,73,26,-42,42,-111,13,-70,-2,-58,291,254,326,609,87,-55,37,-45,58,-17,44,11,70,-26,15,-3,20,6,27,22,21,77,63,56,14,27,15,8,28,39,8,33,-17,31,-6,32,-22,28,4,40,-31,26,-26,72,-26,6,15,37,-1,19,-5,16,-3,2,124,100,179,54,190,723,-13,13,-31,18,-44,-5,-16,19,-27,9,45,60,293,330,57,71,16,17,213,-79,171,103,-175,290,-256,101,29,-3,18,9,17,-4,26,91,-117,38,-33,-21,-5,30,-245,46,-14,5,-14,44,-109,8,-14,-45,-44,1,-1051,414,-835,-288,-1482,0]],[[-710414,-338992,22,-141,258,225,-30,8,-59,-9,-107,-86,-83,3,-1,0]]]
3899539	r	-70.6357,-25.5135,-68.0669,-22.5355	[[[-706357,-255135,20269,263,-11,130,39,372,484,1363,28,-9,152,36,32,39,65,25,-25,90,-97,80,-36,76,19,52,12,3,-1,28,30,84,42,22,13,115,51,6,10,35,34,13,130,-25,28,18,-10,43,51,55,-29,38,33,64,-41,121,13,118,-27,115,1,4,115,139,108,-5,47,83,100,29,31,31,8,31,105,4,165,-32,211,-6,216,39,200,80,126,134,-1,5,234,123,-35,1,-76,73,-59,196,-63,12,18,124,-79,32,41,81,-109,165,27,80,-19,24,-112,-75,-170,105,10,67,-58,59,0,66,-34,60,19,39,-32,60,82,219,-116,97,-73,5,-33,306,-88,115,54,52,32,0,-11,85,-104,-1,-48,39,-78,-13,-99,29,-58,-9,-136,40,-24,20,-6,122,-39,18,-16,52,-271,23,-41,104,-72,51,-15,201,-92,244,-263,164,69,208,-9,139,158,84,18,298,75,45,28,78,95,19,87,69,6,47,112,142,11,70,60,21,51,114,-17,88,46,64,17,96,-65,17,-49,88,10,31,-57,73,90,135,-4,32,64,14,29,-20,105,-190,64,-20,53,4,4,-5,113,-60,71,191,12,55,-81,17,165,-34,-21,60,37,22,-5,123,24,81,110,141,67,166,-9,38,116,172,-25,81,26,70,82,50,29,86,119,63,35,-6,-109,75,115,-80,19,0,114,-20,175,-56,181,16,94,80,89,-16,-16,71,42,31,58,128,7,32,112,166,200,143,53,146,4,147,27,30,105,8,19,49,1804,685,-506,903,-2280,2388,-736,97,-2795,665,707,-168,-16381,14042,-125,-212,-23,-95,21,-119,94,-183,22,-107,-25,-125,-58,-27,-68,-15,-54,-78,5,-103,43,-84,19,-76,-67,-78,66,-295,-101,-289,-120,-236,12,-143,-106,-286,64,-282,119,-263,66,-230,-9,-166,-30,-173,-54,-157,-117,-156,-121,-128,-17,-9,-50,-98,-13,-54,-5,-83,-78,-321,-193,-273,-165,-210,-242,-197,-283,-179,-254,-86,-172,9,-164,102,-91,130,-71,174,42,80,28,103,1,107,-40,83,-87,83,-27,0,-29,-49,-252,-179,-252,-270,-105,-204,-80,-281,155,-227,-70,-242,94,-198,-50,-252,-183,-131,-140,-309,12,-188,-19,-187,42,-196,51,-250,-131,-310,2,-20,-22,1,2,-66,27,-5,13,-134,11,-94,-24,-3,-33,-78,2,-70,19,-24,40,3,-1,-38,28,6,4,-58,33,30,32,-27,17,-128,-22,-79,-99,-84,-57,-14,65,74,-58,83,-27,-6,-23,-64,-45,-4,29,-12,-8,-30,40,-5,7,-42,-45,-11,-25,-78,-86,-197,-66,-423,103,-141,155,204,194,-75,20,-27,35,7,51,-90,73,30,85,-36,39,-59,28,27,40,-10,23,-36,84,37,72,76,29,74,-26,38,3,3,22,2,-14,7,93,99,25,69,28,39,-2,34,34,93,152,110,308,-108,257,-123,148,-101,0,-32,103,-85,56,-120,55,-255,13,-24,-4,-10,-61,21,5,-40,32,13,15,-66,41,-21,19,-101,58,-51,-58,-131,45,-78,6,-41,-9,-96,-93,-302,-31,-13,18,0,1,-29,-7,-20,-12,-26,-12,5,-12,67,7,-69,15,-8,-146,-308,-179,-293,-133,-148,-315,-262,-105,-137,-40,-159,5,-73,-22,-7,-16,-53,-41,-10,39,-47,-47,-72,23,-40,-10,-56,66,-84,-32,-48,-8,-135,-34,-39,-46,-7,-86,-65,-39,2,-37,-69,32,-24,70,11,6,-56,30,-22,-14,-66,95,-38,13,-28,32,-255,-37,-101,-52,-28,-71,-4,15,-82,46,-56,-93,-255,-66,-310,91,-208,-4,-1,-15,-37,44,-21,64,-147,5,-23,-5,-238,42,-96,25,-29,14,-211,-3,-14,-5,-12,2,-3,-31,-145,-48,-65,-19,-11,-1,0,-69,13,-30,-19,24,-63,38,-165,13,-33,-11,-31,34,-29,48,-123,-70,-135,-35,-3,-35,-36,-1,-45,22,-23,-17,-97,21,-47,-26,-26,25,-78,-43,-101,4,-22,-84,-149,-36,-38,16,-36,-23,-100,13,-63,-9,-19,17,-22,15,-74,-39,-134,17,-132,-19,-20,7,-7,-52,-103,-33,-35,-7,-6,0,-1,-44,-47,1,-7,-5,-2,-9,-59,37,-55,4,-19,33,-100,-21,-37,-50,-53,-50,-43,-22,-4,10,-58,1,-3,-22,-13,76,-107,3,-24,15,-59,-12,-46,40,-71,24,-100,-7,-48,1,-3,-109,-311,-40,-180,-34,8,-25,-55,29,-17,-10,-73,9,-3,-1,-3,-78,-206,-53,-90,-53,-61,-33,-73,2,-124,33,-74,-4,-36,48,-22,33,-34,62,-79,49,-227,40,-107,17,-108,-216,-474,0,-784,33,-55,140,-191,32,-96,0,-449,61,-217,181,-406,38,-231,69,-228,483,-563,40,-248,-83,-202,-116,-192,-59,-215,-9,-80,-43,-156,-9,-109,34,-88,81,-61,164,-89,236,-336,121,-406,26,-426,-48,-404,-116,-298,-21,-117,63,-151,18,-118,-46,-103,-49,-80,-42,-104,-64,-88,-115,-39,-373,0,-77,-170,-95,-535,-76,-114,-126,-42,-339,-212,-187,-80,-101,-20,-49,4,-42,-10,-128,-93]]]
3868121	r	-80.1148,-33.3734,-70.9851,-26.2864	[[[-801148,-262955,16,-15,24,7,10,-27,15,4,3,9,-10,9,31,21,0,8,28,2,42,-14,6,-9,7,3,57,-21,41,-24,15,-1,-24,70,-10,55,-18,14,-75,-6,-3,4,0,-6,-48,-6,2,-7,-14,-2,-1,-11,-11,3,-6,-7,7,-4,-9,-13,-15,-5,-19,8,-23,-4,-18,-35]],[[-800878,-263087,2,-21,22,-20,18,9,15,-5,-37,75,-8,-6,-1,5,-11,-23,8,-8,-8,-6]],[[-799061,-263469,13,-31,23,8,48,-17,69,29,16,-5,1,-7,16,8,4,-10,13,2,25,28,18,-8,30,12,8,-6,49,26,15,21,-12,7,-1,11,-27,-7,1,14,-18,-6,-10,23,-18,-8,-9,14,-2,-6,-2,8,-30,8,-3,-7,-37,5,-7,-19,-17,20,-14,-4,3,-15,-22,10,7,-10,-24,1,-14,-12,0,-12,-27,18,-14,-3,-5,-14,-16,18,-11,-31,-3,-36,-8,-2,-8,-15]],[[-717619,-331020,96,-115,266,-405,54,-136,130,-791,98,-211,116,-161,98,-171,26,-153,1180,29,1505,-326,892,-274,523,85,964,1356,24,8,8,30,18,2,31,-21,68,-12,33,-36,67,-39,20,-19,41,14,9,11,38,-1,27,19,89,25,14,10,9,22,19,10,6,23,42,44,133,-2,41,8,77,-44,51,-18,58,-48,61,10,88,39,3,24,-16,54,8,28,24,36,0,42,9,29,56,-13,22,-28,22,-11,36,5,32,33,8,0,16,-9,12,-22,34,-20,3,-39,51,-11,10,5,10,20,-8,44,-22,35,21,38,41,5,56,-19,10,6,8,21,11,5,24,4,26,-5,32,19,82,-2,6,79,1,2,1,4,18,44,24,31,4,2,2,2,4,1,7,3,44,5,16,9,-3,42,-77,24,-56,90,-61,73,-2,28,-37,-2,-26,17,-11,88,-13,32,16,22,-7,36,4,25,-23,40,-15,52,-26,40,-14,105,29,45,23,91,-34,30,-9,16,-81,61,-18,7,-14,-37,3,-23,-25,-36,-52,-32,-35,2,-40,-19,-81,1,-39,-10,-27,-17,-25,-6,-31,12,-35,41,-27,-2,-13,-7,90,127,-3406,1658,-1,0,-55,12,-30,-15,-42,10,-26,-5,-43,17,-21,-14,-59,-3,-23,-20,-80,-27,-8,17,8,53,44,10,-8,17,-21,18,21,27,1,13,-6,8,-38,18,-7,4,-19,34,-54,67,-10,34,138,-16,3,-1,-2,2,-836,1234,-98,2,-100,-44,-66,-112,8,-107,36,-90,74,-267,107,-205,79,-214,-28,-235,-78,-110,-197,-144,-72,-99,-11,-116,31,-103,12,-105,-119,-198,-37,-178,-47,-83,-95,-67,-112,-26,-2,0,-367,-6,-76,21,-7,-1,-13,1,-8,-4,-48,-6,-131,-85,-74,-86,-65,-118,-48,-128,-18,-108,-110,-141,-532,-8,-184,-156]]]
3868626	p	3868121
3878431	p	3871336
3872348	p	3871336
3874960	r	-73.8125,-42.0753,-72.0675,-40.9328	[[[-738125,-414700,15,-328,95,-206,18,-118,-71,-70,18,-137,7,-30,61,-68,55,6,53,14,46,20,78,14,46,-42,42,-54,73,-26,140,-31,314,-135,194,-33,92,10,173,46,76,6,121,-29,213,-90,114,-18,436,98,238,235,201,293,328,269,-85,-195,-326,-366,-73,-228,-115,-192,-271,-63,-576,18,-294,-36,-150,-104,-127,-101,17,-145,-35,-171,-17,-131,-106,-158,-176,-289,-103,-77,124,-207,662,-26,895,-205,555,-256,201,-23,395,99,200,28,225,-53,0,63,-59,27,-29,29,-21,38,-34,48,640,45,869,-106,749,-7,281,341,169,-61,147,20,125,73,106,105,189,265,111,62,217,21,77,48,-45,109,-11,16,27,-5,122,22,303,121,284,253,141,10,1653,-278,571,-124,535,-236,274,25,257,-67,-5,176,105,-24,36,28,251,-119,251,-30,119,30,296,139,100,73,118,36,624,85,324,94,101,57,92,116,164,260,86,109,92,197,218,1343,61,137,151,211,61,130,-205,212,49,153,178,41,183,-134,32,-244,-252,-518,-53,-262,50,-104,182,-183,41,-122,-30,-45,-175,-97,-11,-62,16,-143,-5,-63,-181,-351,-17,-128,54,-147,93,-78,256,-127,-365,13,-113,-13,-96,-46,-161,-127,-53,-26,-342,-242,-86,-41,-361,-58,-230,-114,-111,-30,-138,4,-131,22,-124,4,-353,-170,-252,18,-257,55,-247,5,-182,-99,-285,-317,-117,-68,-169,-72,-888,-667,-78,-86,-10,-43,18,-117,-8,-45,-42,-24,-143,-48,-51,-31,-139,-153,-91,-61,-250,-49,6,-58,77,-67,80,-55,73,-37,147,-49,66,-44,25,-47,13,-111,24,-47,109,-100,105,-68,788,-348,272,-17,234,184,78,-86,113,-99,129,-49,217,111,67,-65,85,-152,95,-19,277,19,199,178,197,356,238,269,325,-83,204,-170,17,-93,-133,-414,206,97,464,250,441,274,417,294,390,314,363,333,332,350,302,366,269,380,235,392,202,403,165,413,130,419,93,425,56,429,19,430,-19,430,-56,429,-93,425,-130,419,-165,413,-202,403,-235,392,-269,380,-302,366,-332,350,-363,333,-390,314,-417,294,-441,274,-276,149,-5580,-812,-4460,-649,-1,0,-2317,-337,-233,-282,-269,-380,-235,-392,-202,-403,-165,-413,-130,-419,-93,-425,-56,-429,-19,-430]],[[-736856,-418112,202,-245,332,-350,363,-333,293,-236,58,19,110,-27,90,-4,52,146,53,73,7,54,-25,43,-91,75,-43,131,-32,29,10,37,107,95,73,41,274,95,0,69,-85,49,-87,20,-88,-15,-87,-54,-176,245,-103,106,-131,64,-124,7,-157,-26,-134,-59,-152,-266,-213,56,-223,132,-73,29]],[[-730881,-418360,5,-74,110,-79,131,-43,273,-49,266,28,66,134,-72,182,-153,171,-279,618,-135,102,-189,-108,11,-243,145,-400,-41,-64,-76,-86,-62,-89]],[[-725979,-420753,438,150,175,71,-231,15,-152,-57,-193,-141,-37,-38]]]
3899361	r	-70.3947,-19.347,-69.2219,-17.6461	[[[-703947,-183377,21,-19,225,-231,206,-205,236,-306,122,-163,55,-83,57,-130,-15,34,-24,-126,-216,-106,3,28,-8,-31,-8,-4,2,-18,-3,-10,5,-4,5,-50,4,-15,-27,8,5,18,-36,-10,61,-27,5,-19,-21,-74,31,-11,-11,-19,38,-45,6,-26,4,-113,-29,-106,-57,-140,-18,-4,6,-27,-20,-49,-16,-110,-29,-35,14,-77,-6,-36,-30,-87,31,-81,6,-62,-20,-278,-112,-137,24,-70,5,-5,-24,-58,45,-39,1,-51,46,-62,-15,-38,32,-16,26,-66,-50,-197,-14,-118,0,-276,-113,-272,-24,-103,20,-134,-26,-54,-41,-4,36,-17,-9,-42,44,-39,27,-101,-18,-32,33,-26,-3,-171,39,27,12,-67,150,-398,101,-651,111,-272,-48,-356,11,-148,353,-871,27,-138,-6,-103,-56,-273,37,-57,69,-54,41,-69,-133,-259,-27,-191,13,-400,-17,-98,-58,-187,7,-91,56,-28,122,-94,91,-103,-33,-48,-19,-64,80,-123,5926,354,217,149,545,427,515,461,482,491,448,521,411,548,373,572,332,594,291,614,249,630,205,645,160,656,115,664,69,671,23,673,-23,673,-69,671,-115,664,-160,656,-205,645,-249,630,-291,614,-332,594,-373,572,-411,548,-448,521,-482,491,-515,461,-545,427,-251,172,-151,-99,-451,-73,-468,63,-423,-21,-317,-325,-78,-426,115,-349,171,-347,89,-423,19,-253,54,-169,222,-365,82,-191,25,-187,-32,-190,-5,-12,4,-2,87,65,64,4,50,-28,9,-53,75,-51,-273,-565,-342,-706,-441,-538,-462,-331,-594,-589,-193,-76,-653,6,-989,-502,-483,-29,-770,124,-194,7,-300,-37,-159,-58,-64,-45,-230,-15,-253,-130]]]
3876682	p	3871336
3870011	r	-73.2147,-39.2427,-71.9853,-38.304	[[[-732147,-387600,13,-316,40,-314,65,-311,92,-308,116,-302,142,-296,166,-287,190,-279,212,-268,234,-257,256,-244,275,-230,293,-216,311,-200,327,-184,342,-167,354,-149,367,-130,376,-112,385,-91,392,-72,397,-51,400,-31,402,-11,402,11,400,31,397,51,392,72,385,91,376,112,367,130,354,149,342,167,327,184,311,200,293,216,275,230,256,244,234,257,212,268,190,279,166,287,142,296,116,302,92,308,65,311,40,314,13,316,-4,100,-595,0,5,100,-12,285,-36,284,-59,282,-83,278,-105,273,-128,267,-150,260,-171,251,-192,243,-212,231,-230,221,-249,208,-265,195,-281,181,-295,167,-309,150,-320,135,-331,117,-340,101,-348,83,-354,65,-358,46,-362,28,-363,9,-363,-9,-362,-28,-358,-46,-354,-65,-348,-83,-340,-101,-331,-117,-320,-135,-309,-150,-295,-167,-281,-181,-265,-195,-249,-208,-230,-221,-212,-231,-192,-243,-171,-251,-150,-260,-128,-267,-105,-273,-83,-278,-59,-282,-36,-284,-12,-285,5,-100,-595,0,-4,-100]]]
3893894	r	-73.6805,-37.5895,-72.6337,-36.7311	[[[-736804,-373478,86,-148,603,-501,82,-163,40,-188,1,-27,2,-2,352,-232,370,-213,387,-193,402,-173,415,-151,426,-129,436,-106,444,-84,449,-59,454,-36,455,-12,455,12,454,36,377,50,2725,3373,-2380,1804,1720,-1303,161,93,201,132,189,143,177,152,165,162,151,169,137,177,122,184,107,191,91,195,76,200,59,203,42,206,25,207,9,209,-9,209,-25,207,-42,206,-59,203,-74,195,-38,6,-1202,355,-2051,606,-4,2,-343,-79,27,-8,-87,-33,-48,-6,-40,-25,-9,-16,7,-42,-6,-16,-37,-48,-46,-27,-20,-24,4,-26,-8,-35,25,-44,-145,-39,-16,-20,-31,-92,-8,-11,-24,-32,-16,-21,-30,21,-51,83,-101,16,-312,78,-366,133,-53,-25,-47,-13,-67,-6,-46,7,-20,10,-1,19,14,12,2,13,-21,33,-11,4,8,12,-6,12,-20,10,-14,-4,-5,13,-5,-4,-37,4,-4,9,9,12,-11,0,-4,13,-18,2,-1,7,-12,6,-1,16,-30,-8,6,-3,1,-25,-25,-16,39,-16,3,-8,-16,-11,-23,1,-5,-8,-13,5,8,-7,-8,-12,-24,14,-2,-16,-13,-13,19,-8,-3,-10,4,4,17,-12,1,-1,-3,-1,-7,-1,2,-4,0,-1,-4,-3,1,1,-7,-5,-11,6,-21,-8,-5,4,-36,-21,-11,9,1,-10,16,-5,-17,-9,-4,5,0,-8,-6,6,-6,-3,11,-10,-22,-6,9,-18,-8,-14,-15,6,-6,-19,-17,4,1,-23,-49,-3,22,-16,11,0,3,-9,-22,-23,15,-7,-19,1,7,-6,-7,-6,-15,6,-5,-6,-7,4,2,-7,-9,2,22,-11,-17,-13,14,3,14,-9,4,-19,40,-8,58,24,5,11,19,4,5,11,19,-5,16,8,41,1,8,6,32,-22,-17,-28,8,-12,33,11,7,-12,15,3,9,-18,-7,-11,19,-4,-1,-11,13,-10,-3,-8,12,-2,-6,-6,25,-3,0,-20,27,-8,-1,-9,-25,-20,21,-11,-5,-7,9,1,0,-11,-22,-14,14,-1,1,-16,18,0,2,-13,12,1,13,-11,7,-39,-7,-8,-15,1,11,-12,18,1,30,-15,37,-18,28,0,25,-19,45,-51,21,-57,0,-90,14,-59,7,-273,-15,-329,-39,-224,-81,-257,-93,-212,-73,-130,-46,-68,-9,-3,-16,-75,17,-9,0,-44,40,-22,27,-52,6,-54,-5,-54,13,-12,6,-21,7,1,9,-10,36,31,19,6,5,-14,-18,-493,-358,-840,-279,-312,-456,-225,-373,-96,-418,-41,-268,-71,-149,-18,-251,95,-203,-143,-119,-6,-67,74,9,93,18,98,-34,83,-96,24,-248,-30,-403,187,-39,23,-103,40,-89,88,-121,151,-165,65,-131,-30,-128,-109,-153,-171,-89,-180,-17,-673,-73,-216,-221,-360,-47,-215]],[[-735552,-370252,4,-7,25,6,17,-12,-11,-11,39,-37,-1,-35,30,-13,0,-15,15,-34,12,-7,9,-34,50,-42,39,-78,16,-62,-15,-23,34,-19,4,-15,60,-68,-1,-1,9,-12,1,2,27,-30,27,87,55,207,177,87,164,-76,137,-54,164,-44,-123,109,-110,120,-10,8,0,1,10,45,-20,14,-67,22,-83,29,-129,58,-143,72,-63,56,0,93,8,15,4,19,-12,10,0,2,7,10,-7,5,0,10,-28,141,-21,5,23,41,-10,3,-50,-26,-29,-3,-9,2,-1,-3,-23,-2,15,-13,-24,-48,-7,-2,-9,-20,-14,-2,-9,-17,10,-18,-19,-38,0,-109,-1,-5,-17,-20,6,-13,-5,-23,7,-6,-5,-17,2,-4,-9,-63,-7,-34,-36,-41,-35,-11,-12,1,-4,6,-10,-2,-18,-17]]]
3873775	r	-71.231,-34.579,-70.249,-33.99	[[[-712310,-341700,11,-267,31,-267,53,-264,73,-261,93,-256,113,-250,133,-244,151,-236,170,-227,187,-218,204,-207,219,-195,235,-183,248,-170,261,-155,273,-142,283,-126,293,-110,301,-95,307,-77,313,-61,317,-44,320,-26,321,-9,321,9,320,26,317,44,313,61,307,77,301,95,293,110,283,126,273,142,261,155,248,170,235,183,219,195,204,207,187,218,170,227,151,236,133,244,113,250,93,256,73,261,53,264,31,267,11,267,-11,267,-31,267,-53,264,-73,261,-93,256,-113,250,-128,235,-7678,0,-1560,-1075,-38,-191,-31,-267,-11,-267]]]
3874212	p	3871336
7281017	p	3875024
3887127	r	-70.258,-21.439,-68.7364,-19.2692	[[[-702580,-193470,174,-263,143,-375,2,-261,121,-242,64,-287,80,-446,-44,-180,13,-166,-57,-113,-60,-161,-281,-18,43,-51,292,-135,249,-126,62,-108,29,-202,238,-590,19,-178,-93,-535,0,-278,217,-306,-1,-114,-59,-188,-15,-108,63,-261,35,-331,97,-289,16,-217,-23,-98,-92,-217,-21,-102,21,-98,94,-148,4,-10,-94,67,-20,-12,29,3,14,-33,-22,-43,71,-53,0,-58,18,-32,-17,-84,-182,-314,-59,-145,4,-108,14,-57,-35,-46,6,-58,72,-79,7,-62,-52,-105,-69,-35,-58,-39,-26,-123,44,-121,92,-141,-24,2,58,-54,40,-62,129,-199,-1,-21,-12,-52,-9,-5,5,-16,-42,-184,-48,-76,-40,-287,-182,-87,-230,-152,-52,-125,32,-128,140,-240,33,-180,49,-265,-47,-281,-51,-156,-224,-241,-69,-122,20,-139,61,-656,-18,-19,9,-138,27,-34,17,-179,-14,-323,-102,-293,43,-21,21,-18,22,-15,4,-1,-15,-36,21,-105,-94,-136,15,-233,137,-291,-5,-10,37,-6,22,-39,-81,-37,-22,-39,-123,-57,38,-22,-9,-22,52,7,52,-56,69,-27,82,-102,-1,-37,43,-6,120,-98,79,-104,-2,-38,79,-69,46,-125,39,-25,22,-91,-58,-99,49,-3,8,-49,-58,-44,0,-37,84,-51,69,-138,-1,-84,-55,-111,-103,-74,-68,-130,-85,-37,24,-112,-96,-94,-8,-73,-53,-47,-17,-88,-46,-50,131,-69,-20,-39,30,-19,15,-74,48,-24,37,-122,94,-71,81,-127,65,-14,51,-79,39,-228,-60,-58,4,-53,-81,-81,74,-52,120,-146,0,-82,39,-27,16,-54,-12,-92,54,-23,96,-121,24,-67,-31,-54,29,-49,-14,-64,46,-29,87,-150,8,-100,-28,-68,-44,-28,6,-26,112,-175,88,-219,13,-153,-40,-122,-121,-80,-47,-91,-108,-13,21,-57,-23,-39,62,-109,13,-97,41,-52,-17,-35,17,-37,63,-70,73,-197,138,-218,173,51,90,-50,63,3,41,-42,109,-25,34,-31,119,13,85,46,48,-23,164,29,141,70,98,-2,20,26,110,-17,-1,518,481,685,-89,1945,717,-74,-1767,2814,-183,456,131,20,356,79,351,100,343,122,333,143,323,163,311,183,298,201,283,219,267,237,250,252,233,268,213,281,193,293,173,305,151,315,129,324,106,331,84,337,59,341,36,344,12,346,-12,346,-36,344,-59,341,-84,337,-106,331,-129,324,-151,315,-162,286,-2790,-1282,11669,5362,-189,394,-480,848,-537,817,-593,781,-403,464,-7088,-424,-5926,-354]]]
3870294	r	-72.084,-35.6678,-71.2159,-35.0641	[[[-720840,-354200,10,-233,27,-232,47,-230,64,-227,83,-222,100,-219,117,-212,134,-205,150,-198,165,-189,180,-181,149,-130,6842,658,30,40,134,205,117,212,100,219,83,222,64,227,47,230,27,232,10,233,-10,233,-27,232,-47,230,-30,108,-4292,2756,-218,-6,-282,-23,-281,-38,-276,-53,-272,-67,-266,-83,-258,-96,-251,-110,-241,-123,-231,-135,-219,-148,-208,-159,-194,-170,-180,-181,-165,-189,-150,-198,-134,-205,-117,-212,-100,-219,-83,-222,-64,-227,-47,-230,-27,-232,-10,-233]]]
3897347	r	-70.2661,-24.035,-67.1698,-20.9553	[[[-702661,-225355,16381,-14042,2088,-497,736,-97,343,-359,800,280,1073,452,1039,517,1000,578,957,639,910,695,860,749,805,799,747,847,686,891,622,931,555,966,486,998,415,1026,342,1048,118,472,-241,240,-3164,-636,-368,-67,-697,-48,-1546,86,-322,100,-77,71,-217,315,-49,-7,-384,72,-108,149,-44,258,2,772,326,1489,-5,195,-305,561,-85,497,-87,214,-262,450,4,93,-78,75,95,153,-107,59,8,73,-29,12,48,64,-11,102,75,83,-59,94,52,60,6,68,-49,80,108,7,47,-28,66,31,-15,39,-63,27,-17,53,1,122,38,70,-52,44,-64,143,0,68,-34,13,35,122,-72,53,-5,93,-86,66,-7,48,-60,-4,-14,253,84,33,15,102,58,73,21,229,-89,114,1,84,-149,68,-44,150,26,125,-86,0,-153,113,-188,29,-65,94,-8,60,-364,268,-410,292,-41,141,-114,1644,-208,773,-622,1059,-78,345,47,2434,-138,442,-2088,3245,-48,45,-16743,-6271,-7,-88,-75,-175,-189,-106,-173,-133,-104,-209,-18,-113,32,-580,44,-107,-87,-264,70,-518,-40,-503,-420,-224,132,-221,51,-112,22,-144,-28,-138,-55,-98,-29,-83,49,-91,-125,-216,-17,-64,-23,-8,-40,-10,-17,-26,148,-195,-8,-164,-40,-183,-84,-154,-147,-78,20,-188,-138,-452,21,-155,-126,-1357,-81,-151,-46,-144,15,-576,-75,-714,115,-217,21,-93,-26,-89,-229,-390]]]
3893629	r	-71.6737,-30.5098,-71.0898,-29.9292	[[[-716737,-303349,82,12,-7,-25,-44,-37,11,-54,93,-1,84,38,148,-78,70,-66,116,8,131,-37,17,-245,436,-230,45,-48,495,32,253,-89,-39,-199,0,-97,47,-108,-23,-142,165,8,42,35,92,-133,53,-143,179,-19,21,70,138,25,92,87,70,26,104,-257,74,-82,80,30,7,160,46,37,8,148,59,66,92,22,165,123,3,120,32,96,51,36,-24,55,42,41,2,55,81,54,212,-51,92,36,-29,135,14,65,-116,278,0,94,81,43,-63,121,28,42,116,-17,79,45,149,8,86,71,80,1,65,79,152,-26,-9,46,43,42,-22,77,70,89,-10,43,53,146,-38,25,1217,181,-748,1159,187,80,40,86,197,93,8,77,74,44,25,62,-15,62,28,88,-39,34,-74,-53,-85,-4,-66,-74,-43,-11,-69,-5,-46,52,1,91,84,212,15,164,-27,50,7,71,-49,73,-153,98,-46,70,-178,-40,-242,40,-43,54,3,54,-168,25,-6,63,-37,11,-33,62,26,39,-44,69,9,43,-73,35,-82,-32,-123,44,-197,3,40,50,-42,29,2,5,-75,117,-23,-47,-219,-94,-66,21,-98,94,-37,20,-109,-10,-29,-30,-4,-44,-38,-51,-27,-63,2,-6,-13,3,-35,-24,38,-34,-12,-68,-123,-29,-52,-43,-31,-65,-13,-81,-91,57,-75,5,-63,-46,-52,-91,24,-33,-28,-37,-40,-2,10,-109,60,-16,34,-44,87,26,17,-58,30,-12,36,-87,-18,-16,-3,-148,43,-65,57,-24,-29,-94,19,-36,43,-14,5,-29,-12,-28,17,3,8,-48,-2,-86,7,17,-20,-46,2,-53,-47,6,-37,-67,89,-26,-4,-103,-49,-330,-56,-150,-106,-140,-158,-114,-97,34,-87,108,-129,115,-27,-43,-8,1,-3,-19,-41,-66,-10,0,-18,-37,-52,5,37,-37,-99,-158,-44,-27,-35,19,-40,-16,40,-57,-67,-45,31,-34,-25,-62,1,0,-43,-68,-48,-114,-134,-13,-22,-42,23,-56,-22,-7,-25,-39,25,-27,41,4,13,-56,-50,-101,-115,-67,-245,-67,-202,-20,-252,24,-213,97,-101,237,-5,61,-55,28,-24,48,-19,-22,-54,18,-32,-33,-14,-107,-55,-130,-47,-22,-38,-54,-43,-146,-2,-93,-38,-89,-46,-48,17,-22,-93,-223]]]
3884373	r	-71.4945,-30.2482,-70.3623,-29.1353	[[[-714945,-291656,2,-270,74,-192,175,-170,933,-536,152,-132,137,-212,44,-198,16,-206,52,-238,60,-98,154,-103,58,-78,16,-123,-29,-118,-41,-110,-52,-279,-141,-322,-25,-209,38,-199,88,-229,119,-189,127,-78,107,-86,-91,-196,-259,-332,46,-97,3,-44,-44,-28,30,-53,-48,-132,43,-52,-1,-5,-41,-44,-35,5,-24,-52,0,-7,-52,-44,-5,-169,21,-108,-62,-20,-17,-131,-37,-14,21,-43,31,0,4,-104,112,-61,22,5,23,-116,47,-127,34,-47,-3,-14,23,-15,11,-15,-4,-50,50,-24,-36,-33,129,-63,51,15,10,-9,78,-106,30,-147,-5,-293,-40,-302,-89,-189,75,-117,-2,-5,42,-29,-40,-50,197,-3,123,-44,82,32,73,-35,-9,-43,44,-69,-26,-39,33,-62,37,-11,6,-63,168,-25,-3,-54,25,-31,7,-9,11,-14,242,-40,20,5,91,20,62,14,5,1,46,-70,153,-98,49,-73,-7,-71,27,-50,-15,-164,-84,-212,-1,-91,46,-52,69,5,43,11,66,74,85,4,74,53,5,-4,34,-30,-28,-88,15,-62,-14,-35,-2,-5,-9,-22,-74,-44,-8,-77,-197,-93,-40,-86,-187,-80,748,-1159,6552,327,47,90,205,475,169,485,132,494,94,500,57,504,19,507,-19,507,-57,504,-94,500,-132,494,-169,485,-205,475,-239,461,-274,448,-307,430,-338,412,-369,392,-397,370,-424,347,-449,321,-472,295,-493,268,-513,239,-529,209,-544,179,-555,147,-566,115,-573,83,-578,49,-581,17,-581,-17,-578,-49,-573,-83,-566,-115,-147,-39]]]
3870282	r	-73.1855,-36.7955,-72.6802,-36.4042	[[[-731855,-367518,4,-9,37,-4,5,4,5,-13,14,4,20,-10,6,-12,-8,-12,11,-4,21,-33,-2,-13,-14,-12,1,-19,20,-10,46,-7,67,6,47,13,53,25,366,-133,312,-78,101,-16,51,-83,30,-21,48,64,31,92,16,20,145,39,-25,44,8,35,-4,26,20,24,46,27,37,48,6,16,-7,42,9,16,40,25,48,6,87,33,-27,8,343,79,4,-2,2051,-606,165,120,184,165,164,178,141,190,117,201,93,209,66,215,41,219,13,222,-13,222,-41,219,-66,215,-93,209,-117,201,-141,190,-164,178,-184,165,-204,149,-220,132,-236,114,-248,95,-238,69,-17,-100,-38,-83,-137,-156,-93,-169,-201,-555,-69,-131,-100,-88,-148,-33,-36,32,1,70,-17,72,-87,31,-102,-16,-51,-46,-19,-76,-3,-442,34,-47,145,-148,54,-148,39,-65,17,-67,-44,-74,-47,-50,-56,-71,-47,-80,-20,-77,-10,-345,-61,-122,-136,-109,-4,-3,-154,-55,-185,-15,-186,20,-157,50,-207,264,-11,488,-14,-13,15,14,-1,5,0,17,9,16,5,47,-16,23,-1,52,-1,42,-213,172,-49,40,-33,-173,-72,-182,-12,-54,-2,0,-21,-20,2,-10,-11,-4,-3,-27,21,-6,-12,-53,48,-100,-3,1,3,-9,-21,-9,-6,6,-5,-6,-7,5,3,-7,-9,-7,-5,13,-3,-7,-13,12,10,-26,25,-3,-5,-6,12,-6,-27,-29,2,-16,-15,3,1,-7,19,-12,-5,-20,-14,-6,-16,10,2,-13,-10,2,-1,-8,-5,3,8,-12,-14,-6,14,-18,18,-5,-1,-13,-11,-6,-6,-16,-24,9,2,-10,-8,-3,-7,9,7,-24,21,-5,-11,-10,14,-13,-18,-23,-23,-5,-15,8,-3,-8,-8,4,-7,-15,20,-3,10,-8,5,0,-30,-40,-7,5,-18,-33,-15,-1,-7,11,-1,-41,-6,5,-1,-5,-8,3,-27,-13,5,-21,-11,-7,-9,7,-9,-10,7,-6,-5,-10,-9,5,-10,-6,-12,5,8,-15,-7,-7,8,-7,-8,-1,-13,11,3,-9,-12,1,3,-13,-16,-6,9,-10,27,16,13,-1,-3,-20,-9,-1,10,-10,-7,-11,7,-3,-2,-8,17,-6,3,-11,5,4,12,-9,-4,-7,-17,0,-2,-7,20,-8,1,-8,9,6,6,-5,4,10,15,1,6,-9,7,3,4,-7,37,-14,7,-18,-6,-6,13,-2,9,-13,-38,-70,32,29,41,-8,-21,-19,73,51,0,18,25,16,19,-6,-5,-6,11,-10,-27,-92,-176,-104,-104,118,-138,-68,-105,-81,1,-2,-4,-3,0,3,-6,-5,3,0,-9,-12]],[[-730728,-366460,14,-19,48,16,23,26,20,9,55,-5,13,5,-30,48,-5,37,16,29,20,8,17,-8,19,27,6,17,-8,24,14,25,-13,36,0,51,27,21,8,58,10,11,-28,5,11,-10,-9,-5,6,-10,-6,-5,-8,2,0,-21,-13,-2,-7,8,1,-18,-15,-14,-25,0,-10,20,-9,-1,-6,-14,-9,0,-2,-14,-13,0,3,-17,-16,-33,-25,-15,-29,-42,-5,-86,17,-3,8,-20,15,-14,-12,-49,-20,-22,-10,-25,-19,-11,-19,0]]]
3895088	r	-72.5367,-37.0297,-71.4462,-36.0841	[[[-725367,-362170,106,-6310,731,-1463,1768,-354,6659,697,19,16,271,267,249,281,226,294,202,305,176,315,151,324,124,330,97,337,70,341,42,344,14,346,-14,346,-42,344,-70,341,-97,337,-124,330,-151,324,-123,221,-6520,3016,-250,-20,-423,-57,-416,-78,-410,-101,-400,-121,-390,-143,-377,-163,-363,-183,-348,-201,-331,-219,-56,-43]]]
3873454	p	3871336
3894242	p	3871336
3899887	p	3887127
3877949	r	-73.8415,-41.079,-72.3952,-40.1332	[[[-738415,-406667,30,-101,163,-135,133,-157,-191,-99,-76,-101,98,-246,169,-344,199,-335,227,-325,253,-312,281,-299,305,-284,328,-269,351,-251,372,-233,391,-214,408,-195,424,-173,145,-50,8437,1228,192,157,305,284,281,299,253,312,227,325,199,335,169,344,139,352,110,358,78,363,47,365,16,368,-16,368,-47,365,-78,363,-110,358,-139,352,-169,344,-199,335,-227,325,-253,312,-281,299,-305,284,-328,269,-351,251,-228,143,-770,-84,-7417,-808,-2458,-267,-82,-87,-74,-92,-2,-60,-125,-548,-18,-198,6,-426,-32,-114,-142,-139,-31,-91,19,-127,49,-62,66,-43,71,-75,110,-204,31,-127,1,-153,108,-192,88,-213,-205,-301,-117,-335,-441,-232,-162,-100,-103,-168,-102,-89]]]
3868707	r	-73.7236,-40.2365,-72.5875,-39.2981	[[[-737236,-401681,51,-42,317,-229,335,-213,352,-195,10,-5,8718,949,209,197,253,272,229,285,204,296,179,305,153,314,125,321,99,326,71,331,42,334,14,335,-14,335,-42,334,-71,331,-99,326,-125,321,-153,314,-179,305,-204,296,-229,285,-253,272,-275,259,-296,245,-317,229,-335,213,-352,195,-368,177,-383,158,-395,139,-405,118,-415,97,-422,76,-428,55,-432,33,-225,6,49,-200,32,-236,-40,-144,-91,-71,-94,-59,-54,-106,40,-106,191,-203,14,-66,-153,-165,-102,-166,-18,-181,102,-211,-133,-55,-57,-119,-22,-114,-27,-54,-96,-44,-77,-107,-53,-122,-19,-98,-80,-219,-189,-240,-414,-404,81,-60,-99,-25,-36,-35,13,-36,44,-8,-10,-7,-371,-137,-100,-170,31,-55,-21,-84,-63,-79,102,-57,79,-216,36,-161,-34,-153,6,-24,-25,-50,-45,-137,-12,3,2,-35,-14,-44,19,-58,2,-45,-87,-68,38,-70,-55,-39,72,-25,-2,-46,-35,-24,19,-30,51,-32,51,21,28,-51,-3,-70,-53,-72,-56,-53,-76,-12,-23,226,-33,55,-81,56,-101,45,-96,18,-144,-23,-85,-61,-149,-189,-167,-155,-186,-133,-204,-93,-453,-78,-287,-215,-211,-83,-297,26,-113,-26,-96,-80,-183,-216,-97,-46,-30,-97,139,-215,267,-310,51,-148,44,-214,41,-425,-41,-107,-101,-48,-124,-13,-112,0,-13,-54,-155,-293,-41,-42,-49,-28],[-734089,-398779,26,-37,152,6,174,84,10,-79,-61,-200,-145,-84,-107,135,-49,175]]]
11947989	n	-72.14,-37.6261,-71.6973,-37.1739	[[[-721400,-375257,106,-392,67,1,-48,-63,-1,-1,68,-246,75,-36,251,-95,261,-75,269,-54,275,-32,277,-11,277,11,275,32,269,54,261,75,251,95,238,114,222,132,206,149,186,165,166,178,142,190,119,201,93,209,68,215,40,219,14,222,-14,222,-40,219,-68,215,-93,209,-119,201,-142,190,-166,178,-186,165,-206,149,-222,132,-238,114,-251,95,-261,75,-269,54,-275,32,-277,11,-277,-11,-275,-32,-269,-54,-185,-54,27,-14,68,13,162,-62,159,-105,-271,-250,-198,103,-91,-296,-62,17,-300,-493,-57,-182,396,-48,34,-263,37,-60,64,-295,1,-130,156,-45,-83,-183,76,-75,-332,-45,-41,-162,512,13,126,-19,-96,-75,-60,14,-20,-37,-75,-24,16,-195,-18,-13,-29,18,-51,-65,-36,-5,-33,-75,-64,-23,2,-23,-33,9,3,-28,-65,-30,-7,-35,-102,-31,-43,18,-60,-13,-71,-79,-32,4,-10,-30,-39,-6,-6,-38,-48,-24]]]
3874096	p	3868121
3893656	r	-71.27,-28.8936,-68.2632,-25.4949	[[[-712699,-284860,83,-357,-2,-5,14878,-3714,9,9,58,85,9,83,-4,83,20,90,290,462,30,181,-36,219,-147,426,-48,221,25,343,126,328,187,299,212,263,77,47,81,19,67,39,36,108,20,850,-23,11,-54,64,63,10,8,95,10,12,0,12,184,567,10,32,457,415,538,384,434,504,89,171,107,520,143,105,201,-79,205,-127,153,-41,84,101,220,405,227,316,364,780,190,159,9,72,-29,66,7,82,99,150,121,101,160,65,592,144,257,171,172,273,389,1518,98,379,61,123,99,63,272,120,53,76,-42,147,-75,123,-57,127,9,163,68,109,225,193,91,103,253,484,96,270,27,242,-36,132,-5,115,-23,50,41,-90,127,-102,-52,-219,-2,-75,26,-20,212,-46,0,20,408,-43,44,47,-6,80,-102,274,-69,57,-13,105,-24,31,-105,24,-146,155,1,38,62,39,43,109,114,17,302,-141,75,108,34,119,-43,105,106,31,89,81,213,-3,16,19,-63,59,-41,110,87,105,-31,80,14,89,132,148,-39,57,130,166,77,-15,106,28,210,171,209,-25,-49,47,-144,42,-10,37,-162,129,-117,46,-104,82,-35,157,9,79,138,102,26,203,-30,35,-12,160,172,209,-9,137,244,83,98,-63,-11,75,92,141,-3,62,71,58,31,89,226,50,153,-80,58,64,26,11,241,-11,357,-202,334,-243,144,-54,13,-31,154,-102,114,108,-60,-57,23,-9,152,18,-68,46,227,-154,68,-5,51,141,-27,64,47,60,0,48,97,48,18,34,-4,58,-55,58,31,90,131,11,38,41,246,-198,62,14,129,-68,89,30,106,112,25,158,-72,370,36,1,-22,74,68,-230,196,-113,46,8,33,40,50,135,100,122,107,-25,106,40,55,-26,97,82,113,40,52,84,144,19,-49,-7,19,2,287,-21,73,6,21,76,-4,39,21,1,152,-55,130,0,33,102,-58,148,-88,72,-28,177,-57,65,34,85,141,66,74,102,27,201,-30,60,22,53,90,25,95,-23,98,64,-63,108,-107,40,-107,129,-7,48,-81,20,-20,86,26,24,-488,598,-92,17,0,26,-107,106,-84,0,-1340,1699,-340,398,-259,387,-173,424,-79,509,14,787,65,406,122,345,291,344,1262,898,109,351,-66,411,-240,300,-989,1078,-1066,1017,-1138,953,-1206,884,-1267,812,-1324,737,-631,301,-14340,-186,-112,-82,-35,-69,-10,-122,21,-104,93,-202,22,-101,30,-440,-160,-228,-226,-56,-133,-142,-57,-232,-14,-227,22,-274,-87,-320,-237,-53,-94,-253,-66,-253,89,0,207,-61,43,-65,23,-255,71,-178,316,-354,162,-230,129,-311,53,-348,-71,-346,-44,-56,-112,-67,-49,-82,-14,-79,14,-269,-34,-346,-37,-157,-65,-111,70,-149,4,-271,96,-164,66,-166,-88,-300,-183,-111,-60,-276,390,-108,125,-257,-266,-148,-101,-295,-247,18,-80,-95,16,-76,96,-232,25,-107,2,-124,-12,-96,-33,-80,-60,-79,-107,-204,19,-187,123,-329,-29,-241,-197,-401,-110,-515,-12,-114,-31,-103,-166,-103,-76,-100,-17,-115,34,-88,41,-70,162,-199,-164,-113,-229,-118,-63,-55,-79,-101,-364,-778,-18,-80,15,-132,163,-292,7,-50,-13,-94,162,-472,22,-185,-56,-62,-208,-127,-77,-84,16,-68,41,-93,-14,-82,-149,-36,-65,25,-54,30,-35,-20,-14,-138,-23,-97,-58,-68,-69,-61,-55,-81,-7,-96,23,-79,-18,-78,-134,-94,-71,-33,-92,-20,-77,33,-33,124,-56,99,-122,2,-120,-67,-56,-102,-16,-88,-115,-290,-10,-67,0,-133,10,-68,112,-162,39,-105,-100,-287,66,-189,102,-189,54,-166,-43,-284,-79,-231,-9,-223,285,-433,121,-264,96,-283,39,-233,-37,-94,-232,-414,-4,-421,68,-240,-2,-118,-97,-51,-83,-32,-91,-82,-80,-109,-50,-119,-186,8,-12,-4,98,-258,-99,260,-66,-114,65,112,-407,-109,-82,69,-32,93,-70,-20,-37,-47,-29,-21,28,-165,-25,152,-8,-9,-32,-121,-7,-93,-9,-9,43,-159,-36,135,-9,-108,-50,-212,-91,-213,-12,-20,-4,2,-56,-55,-12,-64,-45,-9,34,-18,-1,-1,-100,-175,10,-6,-33,19,-7,-56,-35,-24,-21,-197,-63,-94,38,-24,-4,-67,29,-15,-33,-47,-64,-23,-45,-11,-45,-61,13,-94,-3,-8,-88,-79,15,-39,58,-13,-11,-38,22,1,-28,-41,30,10,20,-39,-7,-101,-7,-11,-78,-62,-76,-48,-57,-61,-82,-222,-55,-225,-1,-10,22,25,-56,-64,-3,-66,46,-10,-19,4,-4,-51,-38,-4,168,-149,-133,119,-74,-823,-44,-156,-71,-96,-90,-95,-53,-93,131,-273,29,-226,-30,-689,-99,-384,-22,-176,-147,-171,-67,-96,43,-41,60,-30,48,-75,63,-174,-17,-342,-147,-448,-218,-413,-232,-238,-71,-9,-99,0,-99,-10,-73,-43,-21,-93]]]
3882428	r	-73.0578,-38.06,-72.0115,-36.9943	[[[-730578,-376371,86,-226,170,-361,200,-352,227,-340,256,-328,281,-314,307,-298,330,-282,353,-264,373,-245,393,-225,410,-204,426,-182,440,-159,453,-136,462,-112,470,-88,477,-63,481,-37,483,-13,483,13,481,37,477,63,470,88,462,112,453,136,440,159,119,51,-1161,4229,1,1,48,63,-67,-1,-107,392,49,24,6,38,39,6,10,30,32,-4,71,79,60,13,43,-18,102,31,7,35,65,30,-3,28,33,-9,-2,23,64,23,33,75,36,5,51,65,29,-18,18,13,-16,195,75,24,20,37,60,-14,96,75,-126,19,-512,-13,41,162,332,45,-76,75,83,183,-156,45,-1,130,-64,295,-37,60,-34,263,-396,48,57,182,300,493,62,-17,91,296,198,-103,271,250,-159,105,-162,62,-68,-13,-91,47,-171,-11,-89,81,-212,-9,-245,-136,-28,-40,-128,34,-80,-51,-40,9,-39,49,-35,9,-43,-25,-115,22,-42,45,-148,15,-57,35,-420,1533,-1768,354,-2859,-2481,-2725,-3373,-464,-574]]]
6693576	p	3893894
3874787	r	-74.9134,-55.5143,-67.7507,-50.7047	[[[-749134,-522195,71,-153,296,-205,700,-289,60,-176,-197,-203,50,-283,313,-175,286,28,110,233,312,-10,114,-68,-16,-363,309,-46,788,-43,202,285,54,298,78,217,185,258,58,171,-83,257,-333,111,-116,222,-314,86,-250,-2,-288,-60,-96,-38,-754,0,-339,-171,-218,-52,-169,191,-346,247,-123,59,-213,-31,-113,-128,-18,-167]],[[-748716,-521365,9,-6,201,70,144,180,-17,204,-337,-448]],[[-748372,-520907,339,14,204,64,148,144,182,254,236,358,78,53,114,42,119,98,95,113,47,83,-165,-14,-231,-108,-150,-15,77,133,112,87,130,70,128,91,250,326,250,132,177,192,157,229,90,186,-67,0,-112,-88,-201,-64,-65,-63,-1330,-1502,-612,-815]],[[-748042,-521593,9,-128,125,-74,204,-81,210,48,343,164,315,-3,117,37,46,135,31,158,78,110,461,388,111,137,-26,61,-55,22,-105,26,-102,-23,-46,-124,-49,-33,-502,-105,-621,-319,-31,-25,-40,-19,-76,52,-58,2,-161,-27,-75,-26,-31,-50,-72,-303]],[[-747740,-527541,247,-770,4253,-4781,8248,-7624,4295,-5354,304,-77,4776,-445,4258,1348,354,133,167,64,213,142,262,282,259,197,761,215,1176,445,410,183,237,82,184,31,1033,-36,548,33,690,-7,745,-47,370,0,464,-120,424,-185,1016,-139,464,-150,429,-53,616,-8,388,62,131,58,78,76,66,260,62,100,290,228,158,-493,22,-268,-155,-118,-118,-35,-47,-93,0,-254,-62,-31,-385,203,-1143,152,-197,-17,53,-161,494,-595,-406,193,-191,145,-174,357,-220,128,-1113,383,-308,57,-207,93,-125,22,-110,-34,-75,-63,-84,-32,-134,61,-42,-81,-63,-63,-81,-44,-94,-24,269,-120,611,-47,218,-100,-127,-109,-312,-58,-223,-129,-77,1,-57,44,-22,78,-15,81,-42,17,-66,-8,-177,22,-171,-15,-76,1,-370,111,-234,145,-153,24,90,-61,83,-92,40,-113,-39,-112,-110,-33,-153,48,-150,83,-102,75,-179,223,-110,43,-158,-98,-37,-98,29,-112,58,-103,49,-65,245,-134,630,-29,224,-110,-9,-177,-673,19,-7,-190,-517,94,-743,612,-453,125,0,62,193,67,-98,94,-241,83,-230,36,-143,-31,-79,-67,-44,-71,-41,-42,-111,-16,-368,16,78,-45,59,-59,42,-72,27,-91,-163,2,-65,-49,22,-85,100,-114,100,-31,490,-70,228,41,211,64,211,28,231,-66,23,-221,337,-222,745,-314,-486,-18,-790,363,-375,-3,79,-75,234,-297,106,-69,232,-88,112,-80,-340,28,-901,239,-359,26,-179,42,-76,107,-23,147,-61,114,-196,186,-267,68,-30,31,-24,45,-40,41,-203,41,-317,115,-288,-104,122,-195,501,-322,-113,-12,-174,15,-177,40,-120,66,-56,9,-37,-63,10,-78,83,-39,175,-143,-87,-82,-71,-85,-44,-103,-4,-134,536,217,154,-12,-208,-137,67,-57,345,-11,103,17,80,30,40,-11,-18,-111,-39,-59,-68,-55,-166,-89,44,-35,92,-102,-216,58,-171,23,-168,-18,-201,-63,74,-200,116,-139,176,-75,254,-3,481,78,211,-5,270,-73,135,64,47,81,-29,94,-91,110,249,-32,320,4,191,86,-140,215,148,-21,258,-88,141,-28,121,7,232,54,125,8,-279,-223,-51,-129,94,-164,58,-29,87,-19,90,-3,69,13,57,49,0,52,-11,54,28,57,237,171,56,81,-7,62,-15,59,34,71,95,83,36,-22,31,-61,80,-34,81,16,51,33,54,27,87,-8,-135,-138,-148,-191,-75,-200,85,-161,82,62,85,20,85,-20,83,-62,24,224,130,199,191,144,208,55,-197,-281,-78,-170,7,-233,145,-224,187,-39,105,110,-101,215,192,3,99,75,65,90,90,44,140,-51,62,-88,56,-37,122,107,50,126,11,135,42,106,135,44,125,-39,87,-69,94,-32,145,71,-149,114,-210,75,-406,83,122,231,173,-28,217,-94,253,28,-77,57,-107,99,-78,116,13,108,138,103,91,-44,149,-234,251,-143,168,94,181,155,295,31,-64,-90,-148,-97,-68,-85,-38,-101,4,-65,21,-56,71,-332,154,-71,221,-8,256,-51,-116,-115,-141,-59,-712,-26,-141,-55,11,-153,129,-87,196,-10,365,22,150,-62,265,-175,124,-37,170,44,144,109,435,499,15,37,132,-12,37,-63,3,-79,33,-58,105,-49,115,-24,108,48,81,168,-4,122,-58,110,-79,112,-64,135,183,-33,289,-195,112,-45,178,-9,92,9,178,78,76,-42,36,-69,-17,-36,-111,-51,-401,-291,-10,-135,37,-125,24,-130,-51,-155,-114,-102,-160,-93,-143,-111,-61,-147,64,-147,147,-14,172,64,602,492,104,193,-202,130,152,170,184,21,422,-116,280,2,565,76,254,-78,-340,-114,-826,-52,-312,-144,-51,-256,352,-108,761,-14,164,34,137,76,125,92,127,71,183,39,131,-26,128,-49,171,-32,278,32,333,93,318,136,238,147,-120,63,-244,87,-120,64,879,442,521,96,381,-198,-927,-640,-790,-338,-886,-223,-665,-64,-253,-73,-224,-99,-96,-103,29,-226,92,-112,363,-139,298,-52,220,93,192,133,217,68,436,30,252,63,166,112,0,100,293,17,380,-49,378,-156,432,-98,313,-31,463,-125,29,-24,72,-49,92,-30,87,29,14,52,-19,166,5,61,20,66,18,139,23,69,52,57,71,48,63,53,26,74,69,73,330,194,116,40,147,78,86,155,100,107,182,-60,-123,-194,-327,-369,-370,-286,-155,-175,-28,-196,172,-215,315,-145,382,-47,394,31,354,87,205,184,15,205,41,100,286,-141,43,170,94,133,94,23,42,-159,-39,-119,-73,-142,-42,-148,55,-137,127,-8,868,148,111,40,37,89,-13,178,-48,175,-131,309,-27,227,52,211,120,220,136,133,102,-47,13,-122,-50,-81,-67,-75,-32,-99,0,-416,64,-175,159,-178,201,-145,190,-79,307,-36,387,11,332,101,141,233,-15,459,56,204,164,58,127,-117,11,-220,-70,-452,63,-91,145,-22,160,26,110,51,51,63,17,70,7,201,-90,665,52,91,184,-107,56,-499,133,-150,152,112,245,558,120,56,-33,-446,17,-69,35,-80,8,-92,-60,-101,-108,-30,-162,-8,-150,-33,-64,-97,11,-113,33,-58,130,-102,131,-75,148,-14,155,6,156,-16,99,-41,310,-170,556,-155,2232,-376,1526,-431,631,-66,2790,286,278,90,223,151,-66,97,-498,131,-188,80,-253,143,-222,159,-95,134,-129,140,-827,170,0,63,371,59,1888,-686,537,-322,203,-71,117,2,118,325,3,545,-15,11,-402,93,-218,81,-69,98,123,31,582,-152,13,1961,5,721,18,2682,17,2678,19,2679,17,2680,18,2678,18,2679,18,2676,-8,3,-279,129,-176,110,-721,585,-214,85,-116,1,-136,-95,-80,-171,-126,-164,-226,-136,-419,-183,-430,-170,-452,-107,-544,7,-682,-302,-517,-34,-457,161,-400,284,-503,595,-211,166,-209,234,-99,151,-165,186,-296,358,-221,146,-213,42,-120,-33,-109,-41,-118,-61,-190,-59,-356,-176,-770,-214,-200,-113,-143,-163,-54,-228,57,-194,107,-172,58,-188,104,-262,-137,-130,-136,-129,-221,-180,-324,-309,-188,-159,-87,-150,-137,-130,-204,-139,-499,-34,-401,-46,-288,-168,-582,-486,-384,-15,-513,77,-456,308,-679,543,-140,243,-315,25,-386,-75,-760,17,-941,-101,-473,-124,-98,-83,4,-102,100,-21,797,17,531,-214,156,-275,99,-424,-290,-146,-175,-189,28,-131,254,86,123,129,187,142,149,101,102,39,146,-11,269,-64,54,-29,106,-84,70,-19,59,14,52,30,56,23,75,-4,203,-82,212,-233,-89,-351,-109,-168,-73,-180,-179,-310,-493,-174,-600,-323,-535,38,-269,-36,-113,102,172,98,23,151,-147,93,-125,108,136,133,156,129,-12,121,-132,32,-119,-49,-224,-137,-325,-146,-241,-137,-74,-150,-59,-180,5,-262,-84,-352,40,-222,22,-232,-8,-171,-124,-130,-57,-130,-97,-261,8,-514,-117,-372,67,-202,77,-156,166,-174,229,-131,262,-81,262,-31,225,-50,162,-123,265,-304,218,-159,235,-106,258,-59,282,-18,231,47,406,223,226,72,577,75,371,-93,345,184,368,185,525,128,928,42,1295,240,2122,20,655,22,451,-15,18,-75,177,-266,40,-256,106,-351,-54,-418,-368,-294,-2906,-1145,-1554,-293,-725,76,-365,-36,-97,-174,-549,-87,-783,-245,-783,-266,-382,-218,-101,-508,71,-221,223,-403,88,-486,109,-154,153,-132,175,-186,204,-428,94,-400,168,-347,428,-265,408,-52,473,-189,47,-27,89,-25,286,-185,2669,-610,318,-1,165,-24,108,-127,190,-161,76,-33,242,-31,2273,-615,471,-243,385,-260,223,-106,803,-90,506,-158,518,-242,-27,-91,-50,-104,3,-82,15,-93,-148,-30,-311,21,-294,164,-121,42,-158,15,-494,-15,-100,-44,-69,-94,-53,-93,-52,-42,-3,-117,151,-545,26,-163,-124,-197,-117,54,-205,316,-223,139,-231,18,-219,-69,-184,-126,-154,-184,-133,-200,-152,-163,-210,-67,-203,-95,5,-222,43,-251,-90,-184,-110,56,-69,78,-11,96,60,112,-273,241,372,340,67,99,84,189,91,93,111,62,367,137,169,135,151,159,172,134,228,57,96,58,-12,132,-62,142,-59,83,-96,48,-382,88,-2127,855,-224,47,-207,-37,-217,-149,-56,-167,122,-161,307,-257,60,-219,-140,-56,-226,56,-200,120,-34,55,-21,121,-47,59,-55,29,-112,27,-44,19,-194,114,-79,60,-62,93,53,109,-143,149,-395,232,-552,130,-294,121,-586,127,-240,-4,-177,-169,-51,-154,41,-41,96,-12,112,-73,61,-76,20,-48,-6,-115,52,-108,231,-86,74,-110,39,-19,19,-29,-142,-197,67,-171,162,-120,202,-103,183,-122,140,-128,55,-95,10,-117,-54,-90,-181,-210,-4,-78,75,-89,26,-65,-34,-56,-101,-64,-78,0,-149,140,-114,34,80,140,89,206,-4,188,-267,102,-64,39,-66,16,-111,-70,-128,-62,-44,-12,-48,-31,-163,-137,-94,-38,-3,425,38,52,73,64,23,141,-43,142,-122,64,-172,39,-33,92,9,114,-49,103,-131,60,-139,6,-283,-66,144,272,-214,73,-31,136,40,170,0,174,-102,134,-169,115,-344,155,-210,67,-175,14,-172,-44,-200,-99,-166,-132,-62,-111,-69,-92,-187,-82,-343,-68,-61,-90,137,-182,195,-105,699,-100,211,-105,19,-78,-131,-56,-497,-52,-89,-30,77,-363,-136,38,-416,229,-347,318,-192,120,-428,78,-111,73,-104,90,-122,78,-1021,322,-1158,366,-3923,1430,45,-132,109,-160,144,-132,150,-54,186,-40,466,-302,-356,71,-184,63,-150,77,-68,-74,110,-171,71,-235,118,-238,253,-169,361,-64,1492,54,803,-107,252,-126,422,-335,122,-201,-156,-183,119,-78,427,-161,7,-238,27,-93,63,-82,218,-132,1751,-484,438,-262,551,-177,229,-150,-451,45,-844,355,-418,85,114,-215,146,-144,188,-103,241,-85,-163,-242,-312,137,-487,447,-170,101,-494,203,-441,82,-191,107,-356,264,-344,105,-134,88,-127,62,-42,12,-29,19,-17,107,-20,48,-194,66,-253,-84,-243,-152,-166,-135,-255,-294,-200,-377,-43,-387,224,-320,282,-166,91,-72,75,-110,-75,-25,-427,85,-209,128,-351,303,-80,-115,-92,-307,-70,-61,-76,46,-55,108,-32,126,-11,96,77,178,544,476,81,158,-10,114,-44,107,-27,136,-20,32,-39,29,-28,41,12,71,37,20,157,50,52,26,921,793,-87,41,-88,22,-203,10,-58,15,-106,50,-72,-3,-38,-24,-64,-88,-35,-23,-392,-81,-207,16,-22,138,-237,120,-292,36,-597,-19,-236,-62,-228,-120,-226,-82,-220,51,226,177,79,93,65,410,-130,287,-49,566,-312,702,86,211,206,95,137,-6,189,-66,117,-71,192,-199,151,-89,343,-70,512,-296,355,-151,222,-62,371,-184,212,-77,1473,-487,587,-71,203,-72,343,-60,838,-272,481,-48,192,24,405,312,247,120,199,221,103,349,-13,683,-62,298,-350,830,-241,412,-384,472,-385,312,-96,226,7,203,117,235,13,150,-374,2367,-110,467,-127,214,-264,186,-333,157,-347,104,-1538,64,-508,55,-288,75,-196,117,-129,238,-34,553,268,1753,659,1719,185,310,302,169,701,265,329,240,261,248,147,255,45,253,-48,132,-141,170,-178,54,-752,11,-210,83,-115,98,-178,52,-1049,100,-303,116,-182,36,-456,62,-195,-24,8,51,-9,41,-35,16,-295,97,-117,6,-98,34,-70,126,116,30,89,-24,89,-45,117,-29,157,4,426,64,99,45,100,90,105,65,105,-29,79,-187,-8,-141,182,-23,142,148,252,36,256,126,252,36,212,-95,172,118,-226,145,92,160,151,27,217,27,203,67,199,-14,42,-162,-218,-104,-262,-148,16,-200,305,-6,1342,519,174,159,331,-46,24,151,88,69,301,35,170,-48,326,0,344,-116,83,293,191,187,283,165,686,113,1377,441,341,208,399,140,251,98,181,-53,161,-143,326,-165,642,-128,432,45,179,155,206,162,176,111,414,202,134,140,41,192,21,199,100,155,279,63,205,77,74,192,70,756,29,67,87,111,191,124,98,82,389,61,569,14,1115,415,493,42,553,-92,441,-171,779,-421,424,-165,183,-34,489,-163,769,-1,397,-97,691,64,1473,-340,938,37,231,-94,4,362,-63,105,-233,45,-790,117,-163,34,-305,123,-181,44,-1988,204,-382,100,-1489,541,-2047,411,-2730,55,-1786,478,-1694,453,-1195,320,-810,8,-2254,20,-2255,19,-2254,20,-2256,20,-2255,19,-2254,21,-2255,20,-2255,19,-801,7,-475,195,50,427,117,319,-100,280,-232,231,-281,171,-628,492,-695,392,-450,187,-940,192,-196,100,-135,200,-86,553,-81,168,-206,159,-242,40,-263,-2,-271,37,-210,233,278,303,711,464,29,77,-8,93,-20,96,-6,90,34,99,66,75,72,67,55,75,54,180,3,563,28,219,71,146,429,384,117,144,12,146,-164,138,-755,329,-327,233,-209,345,-15,203,81,137,283,255,175,199,121,97,161,44,291,34,163,219,112,466,92,856,-68,388,-204,257,-273,219,-269,281,-93,174,-3,142,67,139,75,104,-2261,-513,-2569,-703,-2487,-803,-2396,-899,-2293,-992,-1836,-910,2,-1,126,-38,145,-3,168,32,0,-61,-156,-85,-34,-122,47,-305,61,-199,-9,-111,-114,2,-69,75,-6,101,5,107,-36,93,-324,298,-111,66,-39,-19,-308,-174,-14,-25,15,-112,73,-61,227,-78,47,-32,21,-112,56,-61,153,-103,74,-90,3,-51,-27,-56,-13,-108,0,-378,18,-87,274,-580,231,-242,312,-78,400,137,-18,-185,-559,-171,-44,-265,86,-106,123,-39,310,9,35,-45,-118,-99,-224,-137,288,-418,53,-127,2,-203,-74,-140,-89,-28,-98,321,-239,295,-91,253,-243,464,-116,148,-139,103,-347,165,-327,203,-158,149,-67,153,-107,106,-474,-6,-108,105,-82,144,-189,-73,-350,-241,0,-67,60,-92,-5,-239,51,-112,44,-54,52,-98,43,-55,35,-78,-43,-62,-66,-59,-34,-74,114,-287,277,-98,645,2,-90,-100,-394,-308,-108,-48,-79,-12,-71,-33,-83,-106,-37,-76,-10,-68,12,-66,35,-69,137,71,112,-36,108,-70,124,-39,128,16,101,25,96,-3,119,-70,228,-92,240,25,237,51,219,-14,-226,-122,-492,-89,-206,-101,-50,-186,492,-265,5,-199,434,-408,194,-95,191,161,-51,126,18,147,61,138,171,239,12,98,44,58,192,19,55,-68,69,-142,117,-123,199,-14,129,78,164,241,123,91,0,-410,402,253,217,85,275,9,-150,-183,-278,-178,-305,-132,-552,-136,94,-190,294,-209,276,-139,-87,-159,9,-154,108,-117,213,-48,55,-37,7,-205,37,-99,85,-50,97,-19,92,-35,67,-107,-81,-3,-68,-22,-62,-27,-62,-17,663,-771,157,-253,-366,5,-154,219,-124,259,-400,173,-98,115,-65,147,-23,141,-43,146,-106,116,-260,182,-356,427,-216,105,-288,-157,41,-208,232,-326,274,-306,170,-150,-78,-43,-73,-28,-82,-10,-102,7,115,-147,168,-163,103,-184,-82,-218,-2,-164,178,-181,235,-153,884,-390,322,-65,97,-72,70,-99,29,-111,54,-55,361,-114,166,-95,255,-107,234,4,102,232,-24,381,-230,823,-34,644,-171,963,-41,595,-87,492,-94,313,-76,142,-217,237,-67,127,5,183,294,-239,183,-234,117,-272,271,-1050,44,-397,-77,-279,229,-528,75,-86,44,-109,-68,-513,24,-164,307,-394,182,-125,293,7,177,96,40,146,-17,195,11,245,175,507,30,140,75,179,185,115,235,60,225,18,195,46,593,308,644,159,182,108,-214,309,-316,60,-362,-105,-350,-190,-230,-172,-105,-38,-412,12,-103,-47,-171,-105,-223,-36,-224,24,-170,83,333,193,918,62,325,223,31,127,11,210,-36,197,-112,87,-137,62,-101,17,-103,-45,-101,-69,-118,-38,-120,9,-107,64,331,243,392,-102,392,-223,331,-123,-322,456,-434,196,-1294,40,-144,30,-106,66,-85,134,8,93,38,89,5,125,-96,194,-163,109,-424,182,66,69,96,52,116,24,132,-9,132,-68,136,-176,460,-84,21,-131,-45,-194,115,-235,225,-96,275,12,531,84,102,-8,112,-26,89,-52,37,-88,68,-58,312,-22,98,-25,53,-119,-31,-103,-42,-96,20,-92,117,-68,140,7,447,111,86,-3,36,-81,65,-103,148,22,265,115,283,-56,172,-168,125,-177,137,-83,484,-63,23,-22,66,-109,13,-42,36,-37,83,15,161,53,415,-14,131,14,132,57,270,184,269,112,156,177,108,207,21,163,-57,116,-74,49,-299,39,-172,-14,-81,9,-56,32,-90,91,-31,19,-546,63,-129,29,-76,70,-53,92,-420,583,-144,153,-215,121,-208,6,-211,-29,-223,11,-650,298,-207,43,-59,40,-282,264,-114,62,-126,-28,-116,-68,-84,-65,-19,-51,6,-68,-15,-60,-131,-45,-606,-396,-124,113,46,95,330,226,190,96,74,56,78,108,2,64,-29,63,-20,107,-107,93,-508,4,-170,39,-185,107,-167,-24,-163,-73,-535,-106,-185,13,-165,117,-55,143,72,95,149,61,1064,180,165,73,316,189,139,11,-73,-159,47,-227,118,-203,144,-89,243,-10,597,-100,221,-100,52,-67,95,-194,64,-81,111,-44,162,-19,304,-5,102,-33,209,-145,100,-33,651,0,247,-40,252,-76,235,-112,193,-148,342,-468,109,-118,166,-117,448,-242,412,-104,122,-151,149,-410,280,-205,-313,-313,-102,-161,5,-215,98,-155,317,-223,131,-169,-157,-160,-160,-132,-190,-89,-250,-34,-123,22,-205,98,-119,22,-87,-49,-52,-229,-104,-69,-143,20,-76,87,-53,102,-69,70,-139,20,-84,-51,-67,-70,-86,-35,50,-96,59,-656,101,-128,402,-346,288,-133,1040,-905,88,-169,-27,-191,-275,-920,-129,-95,-165,-49,-196,-117,-307,-239,-348,-208,-130,-53,-95,-25,-35,-36,55,-91,102,-61,156,-43,853,-81,153,-85,-165,-146,-292,-52,-200,105,-186,151,-247,76,-783,123,-284,13,-246,-50,-448,-182,-486,-75,-496,-144,-242,-21,-85,7,-53,14,-35,36,-32,73,254,8,289,54,272,95,209,117,200,210,79,63,96,4,122,-12,64,44,-77,169,175,-122,253,30,256,120,179,146,108,196,68,57,93,-48,94,-77,113,-54,123,-30,121,-8,229,54,169,122,106,179,48,340,51,150,12,81,37,108,88,73,92,59,55,63,-6,262,-148,165,-172,148,-83,218,-41,34,-174,220,-31,52,-133,106,-77,32,-58,-40,-34,-64,-5,-34,-119,53,-48,66,-30,75,-70,79,-115,69,-237,105,-95,69,-116,230,109,156,154,142,21,191,-91,70,-455,130,-615,310,-121,-2,-196,-44,-191,-63,-113,-65,-57,-134,-41,-314,-75,-127,-49,-114,-74,-334,-78,-70,-79,66,-101,118,-124,62,-147,-102,-29,-149,101,-310,-86,-262,78,-295,-64,-151,159,-114,240,-122,238,-83,151,11,140,187,36,173,4,356,94,199,154,143,574,402,135,-56,6,-183,-143,-231,-301,-315,-81,-169,-28,-236,-34,-89,-150,-215,-33,-106,-7,-141,-28,-87,-59,-67,-205,-153,-52,-8,-63,34,-132,51,-269,35,-93,63,57,133,-56,112,-246,122,-479,149,-198,-5,-132,-56,-400,-391,-118,-50,-53,119,31,143,77,152,101,141,102,114,41,64,35,83,50,66,82,30,92,-20,200,-63,90,13,70,99,45,163,22,169,-1,116,-27,187,-41,102,-101,44,-210,8,-338,-50,-343,-134,-319,-196,-266,-235,-107,104,-173,81,-179,33,-128,-43,-97,-111,-24,-59,25,-244,-81,-304,-210,-222,-288,-140,-314,-57,-309,31,-281,108,-252,167,-445,382,-313,146,-327,65,-271,-72,389,-185,156,-114,-98,-49,-164,-56,-164,-104,-180,-57,-212,87,-88,159,-94,224,-131,142,-199,-81,-133,-22,-109,146,-133,319,-355,468,-27,83,-220,168,-169,57,-191,-94,-100,-354,254,-304,313,-265,79,-236,297,-122,44,-49,30,-7,62,-119,49,-133,-4,-49,219,-58,193,-9,108,-79,-36,-264,-106,-174,-120,-124,-59,-128,80,-194,63,-54,241,-158,113,-48,-49,-105,-105,-105,-58,-45,-10,-214,-40,-94,-87,-71,-90,-8,-69,52,-66,66,-85,32,-201,-28,-113,-91,-48,-162,-11,-239,118,-68,733,-175,191,76,147,147,144,107,176,-50,-149,-240,-7,-127,121,-80,239,-105,-651,0,-55,-34,-114,-168,-73,-65,-244,-114,-107,-68,41,-30,482,-83,107,-47,54,-81,-25,-65,-84,-44,-125,-15,-32,11,-26,23,-39,23,-71,11,-96,-13,-26,-34,-15,-45,-67,-44,-81,3,-89,21,-74,-19,-29,-111,-56,-101,-135,-64,-300,-70,81,-185,25,-160,77,-109,233,-31,548,123,210,20,-139,-213,-239,-94,-517,-109,-110,-65,-268,-242,-17,-102,143,-69,321,-68,250,-170,117,-39,49,104,-12,26,-25,20,-26,30,-12,63,26,38,61,-1,70,-12,54,9,400,361,231,104,257,-55,4,244,152,-3,202,-80,157,10,42,99,4,102,33,80,126,32,272,-55,126,10,111,108,8,201,-216,412,40,174,94,29,101,-49,83,-92,33,-93,24,-136,70,-70,108,-27,139,-8,111,20,101,40,81,10,55,-70,-19,-102,-89,-103,-206,-167,-34,-179,192,-161,275,-101,222,-7,127,132,174,404,143,85,213,59,174,135,261,284,-140,276,-72,213,-156,139,-388,49,71,136,119,30,126,-3,93,42,23,88,-26,100,-39,100,-20,93,56,75,128,-157,225,-361,162,-83,209,-29,220,35,198,107,250,73,344,-34,610,-137,424,-33,122,-42,93,-78,91,-115,15,-103,-134,-46,-82,32,-213,136,-801,174,-533,51,-294,-29,-128,-125,-41,-80,-71,-98,-24,-87,99,-36,583,-137,330,18,79,-18,49,-82,-71,-49,-119,-9,-257,95,-734,45,-52,-82,-181,-434,-17,-182,-56,-141,-106,-90,-168,-33,-373,0,-86,-30,-15,-75,8,-90,-12,-78,-115,-179,-100,-124,-130,-92,-202,-83,-154,59,-86,1,-39,-94,0,-168,22,-71,53,-68,154,-62,267,77,119,-89,-12,-95,61,-46,105,-11,125,15,-120,-140,-207,-6,-424,77,-98,-38,-94,-64,-95,-38,-176,63,-123,-12,-124,-36,-82,-45,-88,-33,-120,212,-133,60,-151,-58,-234,-244,-201,-39,92,259,-356,95,-464,-47,-228,-171,218,-153,498,-132,891,-125,204,-67,119,-150,87,-161,106,-100,157,14,158,69,120,38,49,-89,143,-194,748,143,92,-91,-188,-46,-92,-123,48,-205,-81,35,-261,34,169,-239,36,-103,-134,45,-234,132,-208,39,-95,47,-52,10,-70,-31,-18,-71,2,-71,-11,-37,-292,3,-135,-17,-56,-86,22,-89,53,-64,67,-65,63,-87,-150,-7,-99,44,-78,61,-83,40,-120,13,-396,-13,-120,-45,31,-102,158,-164,108,-47,272,31,129,-21,279,-342,310,-205,744,-100,110,-58,94,-69,114,-51,103,-33,123,-23,113,24,71,113,-26,71,-87,56,-107,48,-85,57,24,148,133,228,182,152,170,-84,10,-127,-96,-83,-120,-64,-67,-68,23,-68,67,-89,146,-146,237,-111,234,23,1058,407,85,18,69,-97,155,93,166,174,94,138,62,378,-31,88,-137,132,-31,54,-52,337,31,172,158,142,-140,143,-398,231,-82,142,103,84,654,362,556,19,239,64,98,225,55,69,127,33,259,6,157,28,111,69,173,176,492,356,330,301,63,100,-25,97,-106,86,-82,21,-262,1,-520,78,-253,88,-205,289,-219,-78,-232,-176,-729,-787,-354,-265,-158,128,83,102,538,411,109,103,109,130,84,160,33,189,29,62,176,249,2,20,15,58,34,76,58,82,41,104,-46,195,39,80,96,-7,388,-136,70,-91,23,-88,53,-68,156,-27,773,116,227,75,233,31,240,-85,21,-81,175,-88,233,-70,192,-28,109,42,117,183,81,42,87,18,289,119,119,7,246,-15,119,8,101,34,192,90,113,19,231,-54,19,-117,-140,-117,-249,-54,-424,13,-179,-37,-210,-113,-337,-271,-75,-144,232,-86,200,-112,42,-39,409,-167,194,-136,98,-54,123,-20,57,41,155,300,-84,45,-87,18,-89,-16,-94,-47,150,122,446,186,93,138,55,161,135,177,178,153,179,87,283,27,784,-96,784,101,272,-32,104,-44,150,-162,244,-203,201,-19,249,78,274,-94,642,189,778,-108,735,-156,308,65,423,-12,557,-113,595,131,368,-191,430,-322,137,-335,-414,-100,-655,-43,-132,-144,-312,-90,-2211,-109,-698,131,-292,143,-148,177,-158,41,-203,-6,-68,-96,-73,-170,-284,-16,-209,166,-139,41,-183,-7,-186,-43,-463,65,-166,-56,-21,-227,-190,-129,-488,-13,-216,-63,-47,-58,-82,-185,-41,-67,-92,-88,-87,-58,-92,-47,-679,-235,-171,-88,-106,-96,-114,-152,-58,-165,61,-133,-115,-185,-157,17,-139,144,-60,191,-71,150,-166,20,-353,-63,-91,-42,-272,-188,-146,-44,-191,39,22,98,140,116,166,89,-251,79,-203,-108,-191,-161,-423,-185,-248,-186,-201,-94,-66,177,239,246,472,254,390,276,-3,322,-75,30,-397,107,-228,155,-86,38,-133,12,-410,-497,-179,-124,-716,-172,-442,-261,-561,-54,-261,-65,-161,-138,79,-125,386,-249,60,-102,-35,-78,-72,-66,-52,-61,-61,-134,-17,-61,3,-79,81,-166,133,-192,88,-193,-57,-169,-51,-90,16,-93,56,-79,76,-48,87,10,96,61,164,134,24,-196,-149,-204,-390,-313,-37,-166,215,-141,671,-314,154,79,263,237,159,28,462,-28,64,37,39,54,55,43,115,-4,1,-29,67,-169,151,-59,169,-42,145,-63,81,-116,-742,138,-214,5,-151,-66,84,-98,170,-140,102,-181,-505,146,-178,-3,139,-183,277,-204,316,-164,262,-69,74,-50,-107,-111,-160,-109,-86,-44,93,-137,19,-99,-63,-23,-149,95,-107,-105,-116,-13,-108,48,-84,70,94,92,97,163,46,155,-64,68,-174,22,-846,299,-79,55,-109,41,-266,-18,-103,44,-123,141,-118,105,-159,58,-245,3,-1039,-94,-341,-130,-202,-49,-433,18,-1206,324,102,-123,282,-103,125,-82,310,-381,220,-185,277,-156,302,-122,628,-178,1347,-662,565,-75,149,-62,-50,-156,205,-34,284,9,188,-24,68,-167,21,-220,60,-146,187,56,51,151,11,204,66,112,219,-127,100,-172,-18,-315,117,-133,94,-21,423,-41,125,-29,63,-75,47,-91,73,-85,221,-107,454,-79,219,-79,74,-64,49,-70,55,-55,92,-23,1524,73,-93,-102,-197,-17,-261,22,-377,-73,-321,-10,-180,43,-218,12,-150,-21,-156,28,-414,221,-65,64,-565,211,-65,49,-112,10,-247,86,-319,139,-170,122,-427,120,-742,267,-973,470,-242,177,-381,99,-291,113,-140,87,-596,182,-881,400,-322,212,-835,670,-920,795,-947,417,-196,113,-302,103,-333,48,-299,233,-182,85,-165,41,-487,37,-1109,218,-587,186,-553,316,-226,180,-241,94,-219,20,-193,58,-360,212,-439,364,-617,89,-584,134,-1487,705,-484,187,-633,312,-431,279,-344,163,-466,153,-415,91,-182,-967,-557,-219,-341,-198],[-726515,-533408,64,230,213,-247,303,-215,352,-106,361,83,175,226,9,298,-117,276,-204,162,189,82,167,-49,161,-97,173,-66,199,12,118,72,95,96,134,87,-143,141,-247,68,-504,71,-199,89,-155,120,-11,101,228,31,303,-232,231,-124,217,15,50,120,-148,116,-379,172,359,-20,875,-327,370,10,118,146,-125,155,-363,36,0,68,441,9,218,-26,201,-197,251,-46,279,8,193,49,126,102,23,103,-61,111,-125,127,-171,66,-945,181,-455,640,-279,-70,-177,-103,-206,23,-411,116,-224,-34,-234,-71,-226,-35,-203,66,281,144,402,86,1148,55,159,-16,566,-165,190,-30,195,0,-160,153,-215,133,-71,95,276,35,103,-23,216,-97,274,-33,117,-36,106,-63,111,-95,89,-94,114,-166,77,-87,96,-73,190,-94,196,-126,155,-49,160,-9,260,126,135,-12,127,-34,114,10,83,68,185,274,721,569,169,234,435,85,239,190,604,167,426,246,311,78,380,173,245,6,302,237,348,27,464,233,194,212,54,21,54,48,96,104,70,33,165,-7,200,-49,261,-68,228,56,-13,111,-44,321,23,181,-3,193,35,229,176,-400,123,-157,168,-232,428,14,601,169,390,-267,231,15,-177,-328,-415,-201,-405,-106,-196,-81,-702,-439,-271,-226,-364,-163,-367,-298,-169,-64,-889,-186,-171,-62,-358,-188,-432,-156,-616,-416,-618,-530,-236,-67,-224,-24,-399,52,-513,-17,-566,-105,-373,-93,-280,-107,-252,-41,-395,-17,-230,-49,-211,-69,-151,-92,-412,-108,-294,-12,-264,27,-232,-34,-177,-105,-367,-57,-245,-171,-272,-63,-212,-244,-261,-201,-62,-190,-319,-388,-25,-179,46,-87,-36,20,-239,10,-75,-10,-17,-34,-44,-138,-35,-31,-199,29,-110,78,-85,109,-124,124,-462,283,-142,177],[-723979,-535062,222,-142,44,-116,-110,81,-156,177]],[[-747356,-520846,152,4,271,110,266,46,93,39,79,54,64,61,172,105,1118,374,202,130,16,136,-45,88,-7,87,-24,94,-97,112,-98,59,-177,73,-67,67,-830,-599,-132,-47,-69,-70,-329,-194,-111,-40,-162,-106,-149,-237,-105,-237,-31,-109]],[[-745378,-524043,291,-215,265,-159,203,41,4,244,92,184,-366,49,10,131,188,238,-149,248,76,185,-318,57,-205,-256,-77,-391,-14,-356]],[[-744996,-517198,56,-30,261,-297,198,-99,0,-68,-133,-68,40,-115,139,-110,338,-102,-14,-123,-114,-137,-121,-102,425,-186,65,-53,46,-156,115,-69,392,-20,90,-23,77,-31,32,-43,40,-99,89,-24,137,20,240,-77,83,-63,93,-133,204,-55,271,-42,274,-8,214,37,99,77,236,284,74,117,87,222,-59,39,-369,-118,-217,-11,-212,29,-397,113,198,12,245,50,143,104,-108,181,-83,21,-231,-26,-96,5,-66,49,-30,68,-42,62,-103,25,-399,-51,-184,3,-168,80,-19,81,34,105,10,87,-186,64,5,61,55,68,63,49,-396,-73,-144,5,-39,269,-401,152,-733,168,-48,-41,-56,-54]],[[-744916,-525518,96,-190,222,-193,404,-190,501,-201,200,62,-51,231,-76,282,-201,286,-121,232,-211,150,-125,12,-229,-256,-158,-63,-251,-162]],[[-744169,-521290,22,-140,242,-125,306,-87,215,-22,148,44,254,131,148,30,99,-33,183,-141,128,-31,279,-30,686,-244,-197,3,-363,67,-198,-1,187,-160,735,-251,245,-203,-293,-2,-365,147,-363,75,-289,-220,423,-317,-34,-77,-82,-76,-103,-59,-95,-24,-133,-18,-73,-48,3,-64,94,-76,103,-22,382,22,-106,-288,108,-144,215,-88,217,-121,216,-94,321,71,324,160,220,164,-34,140,202,-5,289,-40,225,40,-142,131,423,-4,40,71,-153,178,-447,308,-273,280,-188,133,-411,230,-362,302,-1176,723,-279,78,-222,131,-106,40,-126,12,-122,-12,-224,-62,-573,-275,-150,-107]],[[-744078,-520510,14,-74,31,-65,45,-60,110,-63,150,-11,156,41,126,101,-151,73,-475,137,-6,-79]],[[-742406,-516985,84,-87,1826,-862,350,-63,348,26,402,171,66,5,45,32,17,105,-12,76,-34,79,-54,64,-71,26,-32,29,-281,170,-88,15,-92,-12,-85,2,-71,63,11,120,101,119,87,129,-38,146,-223,205,-105,126,-44,151,-16,146,-44,162,-63,154,-75,119,-141,111,-183,76,-160,-8,-69,-143,40,-118,296,-396,-195,-9,-327,24,-260,-10,0,-108,88,-107,67,-142,16,-147,-66,-122,-145,-42,-155,31,-142,2,-104,-127,-254,91,-165,-106,-50,-166]],[[-741895,-526170,80,-309,537,-180,-81,-203,-111,-104,37,-104,199,4,852,499,442,448,847,517,371,101,-120,-150,-827,-514,-153,-160,2,-205,230,-32,827,462,314,122,-192,-138,-457,-448,-300,-196,-116,-122,-33,-195,89,-90,97,-37,229,-10,69,16,45,44,39,48,52,29,60,-10,87,-67,58,3,98,78,46,46,-1,18,205,0,304,79,105,58,217,221,263,372,116,350,-220,156,-109,41,-119,95,-56,94,79,42,284,0,113,46,78,202,77,75,98,53,187,49,69,67,118,158,-9,118,-291,332,-182,354,-239,49,-255,-82,-151,-198,-306,36,-349,45,-397,116,-428,-168,-380,-20,-540,-30,-126,-213,81,-248,471,92,390,-32,41,-128,-331,-155,-413,-395,-313,-259,-484,-72,-457,-36,-406,-123,-51,-302]],[[-741436,-514397,57,-78,185,1,97,194,8,106,-347,-223]],[[-741124,-519946,222,-154,706,-280,546,-125,547,-328,391,-116,604,-442,40,-49,103,-156,450,-306,48,-49,86,-156,81,-111,108,-91,123,-70,128,-44,65,258,-3,84,-36,68,-123,96,-39,48,-14,79,2,184,12,10,-190,339,-322,446,-251,214,-1526,933,-144,54,-197,34,-179,88,-310,250,-154,93,-183,60,-109,-24,70,-160,-235,54,-137,-55,-2,-126,169,-152,-208,10,-113,-51,-4,-100,121,-132,148,-59,163,-19,144,-48,91,-142,-113,19,-102,28,-96,40,-93,56,-73,-61,-68,-12,-68,26,-76,47]],[[-740929,-521852,392,-161,330,-382,181,-163,115,-54,244,-70,240,-107,77,-50,181,-163,130,-72,460,-106,64,-54,53,-69,78,-58,139,-24,0,-62,-530,-117,-84,-56,37,-76,95,-66,249,-116,191,-58,216,4,207,52,166,87,205,216,-101,96,-220,61,-151,104,4,126,160,205,41,119,-43,118,-94,94,-94,73,-42,60,-120,110,-774,193,-342,184,-234,60,-70,74,-56,72,-86,33,-37,26,-90,124,-54,49,-60,10,-145,-20,-61,10,-91,62,-75,67,-94,54,-150,22,-220,-86,-136,-189,-1,-186]],[[-739794,-518385,284,-296,74,-248,305,-72,363,-13,382,-154,15,-271,320,-366,380,-248,287,-60,249,153,97,200,-75,188,-95,189,210,-48,21,353,-113,248,-93,341,-209,166,-303,47,-95,-71,-114,-188,-247,-106,-131,130,-325,202,-171,165,-229,108,-364,-45,-288,-105,-135,-199]],[[-739408,-516779,21,-170,89,-139,200,-58,106,-77,124,-179,103,-197,90,-273,121,-142,166,-112,181,-45,253,32,6,85,-114,127,-108,161,96,-9,89,-25,82,-39,75,-58,112,87,4,153,-72,169,-113,138,-168,66,-333,-47,-119,49,-16,81,87,175,-3,91,-57,96,-34,6,-57,-12,-125,41,-359,175,-223,65,-101,-68,-3,-147]],[[-739206,-513036,205,-101,247,1,509,100,-140,-116,-209,-92,-206,-39,-127,41,-29,-110,52,-104,92,-81,90,-46,150,-32,137,6,132,35,133,59,19,-85,51,-53,74,-33,89,-24,148,75,71,159,49,184,80,155,40,161,-103,154,-279,235,-322,107,-99,-27,-770,-435,-84,-94]],[[-738108,-529138,235,6,585,199,134,14,421,-14,113,16,294,121,230,15,128,-11,88,-35,108,-66,84,-3,82,22,105,15,482,0,102,-24,192,-98,118,-20,0,-68,-177,-4,-107,-54,-34,-93,39,-123,123,-109,192,-79,208,-42,170,-4,164,53,128,108,84,146,29,167,-65,127,-481,322,-163,-73,-288,64,-304,138,-207,144,-228,-151,-593,315,-209,-95,287,-187,115,-107,-89,-48,-141,19,-308,91,-282,44,-102,3,-89,-31,-112,-94,-134,-38,-184,-5,-117,-27,63,-104,-170,-121,-392,-69,-127,-152]],[[-733998,-527282,112,-92,194,88,382,277,0,69,-319,-93,-90,-44,-279,-205]],[[-721043,-546448,35,-131,129,-134,77,-31,139,-8,29,42,-23,97,14,97,144,42,96,-31,67,-74,116,-173,305,-237,54,-88,-14,-76,-58,-65,-80,-59,-84,-102,26,-89,96,-63,125,-22,152,11,162,30,152,54,120,91,55,139,-4,175,-80,104,-175,-77,-88,144,-111,83,-124,68,-124,88,-201,244,-78,69,-88,37,-95,8,-339,-28,-193,-47,-134,-88]],[[-714596,-548795,186,-147,150,-83,100,-113,35,-244,97,-44,211,140,314,280,157,-17,-18,-93,-139,-169,-27,-58,-51,-28,-31,-31,34,-82,68,-60,61,6,59,34,60,20,148,68,103,165,38,201,-47,181,108,-11,85,23,54,59,20,99,31,45,67,-19,107,-60,379,68,139,-14,14,-41,-19,-65,65,-166,-20,-67,10,-46,118,-16,105,7,618,150,134,-25,171,-132,-175,-11,-181,-54,-157,-84,-102,-113,337,5,537,-159,292,74,59,51,74,114,72,46,96,14,76,-28,66,-40,70,-20,382,-18,190,19,151,73,-143,47,-313,22,-91,62,29,41,78,70,74,100,12,136,-163,-51,-142,-9,-105,56,-56,146,-127,14,-198,-39,-201,-70,-131,-78,-187,-37,-468,213,-202,-3,7,120,-36,71,-73,41,-103,36,-149,8,-112,-50,-120,-95,-923,74,-144,-19,-129,19,-225,101,-122,34,-99,-34,-151,-22,-213,9,-124,-61,116,-232,-547,-204]],[[-710128,-549650,202,-134,401,-90,335,-33,-113,-105,-438,44,-194,-68,-32,-115,49,-104,7,-81,-161,-47,0,-63,176,-6,104,-23,192,-108,190,-137,112,-48,176,-20,131,25,165,129,120,51,138,-2,92,-52,71,-64,72,-31,31,-17,23,-41,43,-44,83,-28,67,16,36,44,27,48,34,22,154,28,96,65,82,71,112,48,255,-20,65,-145,-79,-181,-173,-132,127,-122,192,-108,155,-28,10,127,204,0,123,63,213,204,6,24,-11,82,5,24,51,7,59,-17,39,-26,100,0,201,4,103,32,-119,114,-61,29,-93,6,110,94,162,-16,148,-97,126,-309,147,-72,343,-83,0,-63,-200,-54,-177,-89,-127,-131,-48,-178,19,-189,64,-222,125,-144,202,40,39,157,-243,331,98,63,252,-30,176,-99,72,-173,-60,-249,151,57,194,207,140,82,183,34,371,26,203,71,-141,174,-438,56,-178,118,-65,219,156,34,231,-41,162,-7,-205,278,182,-19,224,-76,190,-125,80,-158,121,-119,268,19,444,137,-90,97,-92,30,-69,44,-29,133,-74,46,-329,-5,-74,93,157,64,303,53,192,89,-175,176,-142,30,-540,-30,-129,-34,-213,-145,-105,-32,-563,49,-292,65,-201,97,77,9,120,44,71,15,-105,51,-105,22,-237,1,-106,-23,-157,-97,-79,-22,-856,0,-484,123,-165,19,-135,33,-5,86,106,216,290,-107,292,-63,647,-34,-4,171,218,5,509,-108,148,86,43,374,116,86,484,38,1297,304,0,74,-348,69,-417,-54,-999,-9,-579,-269,-431,-68,-174,-85,-46,-110,118,-54,406,-35,0,-68,-826,0,-311,80,-141,0,-156,-80,-75,58,-83,40,-89,25,-97,8,-94,21,-137,93,-76,22,-54,23,-57,46,-63,31,-69,-20,-6,-26,13,-87,-17,-77,10,-231,-142,86,-114,17,-256,-29,-174,33,-20,80,160,234,-143,34,-134,-47,-134,-75,-142,-54,-200,-9,-422,34,-196,-25,-256,-166]],[[-707477,-548733,150,-120,-7,-16,90,7,45,54,29,56,41,19,213,-26,44,-32,-53,-78,140,-113,240,-38,736,41,735,184,545,0,519,62,41,42,-51,95,-97,93,-101,43,-1198,137,-655,0,-154,-57,-170,-108,-178,-68,-181,65,-142,23,-213,-53,-368,-144,0,-68]],[[-701102,-552922,220,-168,202,-27,197,2,206,-74,0,-74,-42,-11,-29,-16,-28,-17,-37,-19,152,-89,91,-194,105,-135,198,83,21,66,24,244,24,88,347,278,-27,146,-237,-44,-425,-176,-96,32,-209,140,-105,39,-143,-5,-257,-65,-152,-4]],[[-700315,-551533,115,-109,179,-70,188,62,237,32,923,-20,246,-43,-589,-180,-100,-100,176,-50,587,-12,-171,-132,-237,-59,-486,-14,141,-64,322,-38,153,-40,-38,-171,188,-38,1312,142,250,67,114,64,52,56,28,56,42,63,101,74,87,-1,105,-31,154,-7,177,63,369,234,174,49,437,32,78,-32,-38,-56,-272,-186,-153,-66,-927,-230,-186,-82,-123,-142,-40,-91,57,-40,520,26,233,-16,240,-79,-810,-5,-208,-25,-588,-169,-154,-10,-169,7,-154,-28,-108,-117,614,0,168,-24,114,-56,93,-67,104,-57,146,-20,335,17,105,-29,103,-104,34,-80,-60,-65,-179,-56,227,-55,629,-6,219,66,136,134,155,100,279,-34,-152,-108,-59,-28,0,-69,709,69,184,-69,-1064,-205,-165,-135,126,-146,565,-3,129,-230,-38,-405,53,-189,190,-59,148,91,85,189,38,228,8,217,40,198,101,145,132,15,137,-189,18,-99,-18,-346,28,-149,72,-77,98,-50,106,-70,194,-34,503,211,227,-6,400,-343,248,-102,110,206,-45,87,-192,73,-37,79,58,81,352,199,-282,47,-298,15,-112,-22,-233,-115,-92,28,-53,64,-40,71,-57,48,-99,3,-292,-24,-81,21,20,144,185,123,370,176,28,143,-213,52,-283,17,-181,27,51,80,9,54,-38,37,-90,34,0,69,93,19,174,70,80,48,-137,66,-129,-22,-135,-44,-151,0,-134,43,-62,41,-49,51,-96,69,-107,58,-124,53,-130,30,-123,-4,-110,-49,-177,-138,-123,-24,68,103,25,83,-3,76,-15,85,-31,52,-68,85,-89,84,-92,53,0,68,110,42,161,34,144,-12,63,-98,68,-55,160,-9,318,30,549,171,262,44,288,-79,-48,167,-198,231,-90,154,38,15,93,54,-178,26,-465,13,-145,61,-182,0,-347,-80,-191,42,241,55,621,41,314,127,472,-12,65,20,168,88,105,29,-97,-172,37,-77,86,-45,49,-85,16,-134,44,-141,64,-132,74,-108,191,-141,287,-115,308,-56,251,39,-141,224,-213,250,-70,256,287,232,39,-122,-51,-231,12,-132,61,-96,86,-58,99,-49,96,-64,317,-307,196,-88,505,-29,101,8,75,35,34,58,62,181,104,48,449,94,794,352,237,-11,-74,-58,-179,-182,-52,-38,-119,-22,-113,-60,-94,-88,-59,-103,48,-26,46,-65,49,-46,-329,-240,-81,-107,-10,-110,14,-133,-15,-113,-97,-48,-99,-21,-101,-54,-385,-283,-52,-87,83,-52,125,12,1645,491,258,-6,-485,-205,0,-69,408,-181,145,-24,-189,4,-557,-72,-560,21,-202,-21,-518,-153,-97,-52,-54,-134,37,-87,188,-157,127,-78,267,-96,1,-2,1128,364,-48,55,119,-32,344,111,1553,582,37,60,105,75,122,66,115,88,-467,-21,-234,18,-187,77,58,72,-34,66,-88,47,-235,38,0,45,54,58,34,49,-85,142,-206,15,-454,-55,238,126,205,35,407,-24,116,-64,212,-312,114,-108,243,-69,924,13,126,23,108,52,45,87,57,46,128,-15,65,-19,1273,551,-89,20,233,42,185,80,-100,42,-605,75,-256,286,-310,46,-1499,-121,-215,65,-233,101,-698,70,-838,-6,-242,38,-1619,543,-193,101,-184,146,-70,90,-45,77,-73,63,-153,49,-126,-14,-133,-35,-108,24,-49,162,100,254,239,-54,241,-175,109,-99,274,-25,751,-243,646,-364,210,-51,132,-17,383,-120,621,-68,447,-122,171,-15,134,22,259,93,115,22,93,54,-6,123,-58,136,-63,97,-103,47,-151,37,-127,48,-28,78,204,127,290,-107,275,-192,155,-138,198,-26,302,96,493,240,-88,149,-37,114,24,68,101,11,186,-79,191,-129,209,-96,240,18,139,108,64,162,-2,183,-65,175,-106,119,-281,176,-323,265,-109,60,-242,87,-724,108,-139,4,-116,-24,-253,-92,-109,-21,-1094,0,-508,-74,-989,-319,-1791,-17,-107,-32,-155,-140,-113,-32,-121,16,-329,113,-298,22,-579,-39,-290,17,121,-61,118,-87,33,-78,-132,-34,-146,33,-404,227,-319,36,-341,-62,-637,-234,458,-223,88,-130,-158,28,-300,94,-156,15,-140,-46,-125,-70,-131,-28,-157,81,107,54,83,79,6,83,-127,63,-71,-16,-339,-126,-480,-11,-186,-55,45,-145,-51,-360,86,-329,-33,-242,-405,-94,205,274,-85,266,-53,342,-122,251,-293,-2,-335,-103,-1227,-17,-492,-117,-638,15,-493,-157,-123,-78,-89,-317,-94,-78,-113,15,-95,122,-351,-303,-93,-44,-4,-57]],[[-699503,-549529,15,-197,127,-71,128,-15,111,-34,80,-122,28,-118,-9,-89,-52,-71,-103,-63,0,-74,556,-7,251,61,211,162,190,-130,206,-49,1391,105,85,41,174,129,90,35,111,-4,435,-64,227,5,265,41,137,103,-152,192,149,11,115,-40,183,-145,129,-48,156,10,581,120,298,23,71,35,-62,81,-180,158,964,-151,513,8,441,143,-81,18,-625,221,-660,34,-254,52,-451,168,-263,59,-287,10,-209,-48,-166,-98,-297,-280,-86,-45,-115,-17,-163,23,-11,52,105,124,113,204,27,101,-71,43,-1578,272,-568,20,-318,-38,-143,-112,67,-85,158,-42,290,-15,93,-21,78,-52,139,-132,-100,43,-109,19,-107,-9,-100,-53,310,-171,41,-81,-52,-66,-99,-28,-94,36,-145,86,-135,-15,-124,-75,-111,-102,-42,167,-9,181,-61,145,-196,59,-204,242,-107,42,-126,-15,-129,-38,-328,-36,-210,-58,-127,-107,36,-166,159,-113,661,-167,0,-62,-734,20,-342,-65]],[[-698017,-554078,990,-11,167,16,145,58,-297,168,-53,78,180,33,330,-122,182,-26,-31,114,-158,128,-185,90,-398,102,-872,124,208,-328,65,-151,-94,-32,-55,-66,-49,-84,-75,-91]],[[-683605,-549309,36,-225,135,-236,146,-137,275,-48,384,2,371,54,242,102,153,15,94,-195,63,-406,19,-57,33,-52,15,-57,-36,-68,-98,-98,-45,-56,-37,-132,-29,-63,3,-78,238,-420,74,-81,53,-33,837,415,2059,1164,1113,717,-551,144,-1360,84,-2697,-26,-55,-26,-47,-45,-32,-41,-9,-19,-291,-28,-904,28,-152,-98]]]
3893532	p	3893894
7281020	p	3871336
3892870	r	-72.1149,-35.6948,-70.3096,-34.3303	[[[-721149,-347698,4583,-2943,4292,-2756,3487,-2240,4727,-1311,-155,351,-12,158,104,365,3,200,-42,273,66,0,12,63,-25,47,55,40,-80,154,16,41,137,-3,33,23,2,53,69,22,198,-53,-19,34,-86,29,-93,83,-74,211,-76,-43,-117,14,-223,174,-85,98,9,13,-13,93,134,50,-25,95,-107,34,-68,62,25,53,52,2,62,75,-79,54,-61,167,292,218,-10,68,61,85,-11,47,-114,87,-53,96,-6,87,44,45,-154,33,-130,-46,-76,67,-55,-21,-18,9,-371,37,-3,3,-93,8,-241,69,-12,10,-37,4,-94,26,-185,387,360,504,1563,426,181,696,-39,697,-2,27,189,714,441,888,-12528,5331,-1094,11,-3689,-677,-74,-59,-74,-243,27,-212,102,-367,2,-218,-115,-616,-33,-893,-57,-197,-306,-556,-41,-162,-54,-106,-119,-89]]]
3885273	p	3871336
3868192	p	3868121
3872395	r	-71.9258,-34.0945,-71.3158,-33.3134	[[[-719257,-340191,149,-78,347,-156,359,-136,368,-116,377,-96,383,-75,389,-54,392,-32,393,-11,262,7,1163,3127,23,5,39,-14,10,-39,59,2,18,11,176,-34,305,25,17,-9,40,15,69,-22,96,0,39,10,59,31,62,46,65,78,-3,134,23,33,-6,70,-39,2,-20,12,-30,-6,-5,19,-37,17,-8,-3,-4,-12,-21,1,-104,43,-44,6,-13,16,-12,4,2,26,12,10,7,23,-1,20,-13,14,-31,11,-11,15,1,22,-21,32,-15,9,-39,3,-39,39,-36,4,-46,40,-34,19,-21,-1,6,27,-19,43,-24,13,-4,33,20,71,23,13,-5,18,-11,9,-91,0,-8,2,2,5,-44,6,-20,52,36,26,8,18,-2,4,11,39,19,21,0,46,45,38,52,1,33,28,21,-11,51,-3,22,-15,24,-5,24,-22,41,-4,10,50,24,17,6,83,-10,30,11,29,17,15,36,16,25,-2,13,15,50,25,2,28,-29,52,7,30,14,15,28,12,46,3,54,-17,86,-3,28,5,33,19,8,23,45,12,44,50,51,16,20,25,20,10,-1,55,38,73,1,90,25,9,3,22,1,7,-55,44,-44,20,-29,3,-25,-4,-13,-9,-38,-1,-51,-12,-22,-11,-85,-8,-21,-22,-9,-47,-24,-17,-21,-39,-35,2,-45,-8,-26,7,-24,-26,-59,-38,-61,6,-22,-16,841,2259,-892,274,-1505,326,-1180,-29,16,-95,7,-216,-10,-112,-34,-48,-136,-18,-83,-52,-52,-86,-46,-109,14,-444,651,-663,161,-408,-28,-52,-132,-142,-45,-80,-14,-102,14,-339,-26,-210,-66,-226,-175,-420,-158,-224,-181,-122,-194,-95,-193,-143,-92,-40,-221,7,-97,-36,-99,-65,-66,-27,-61,-40,-84,-103,-188,-391,-250,-855,-176,-336,-224,-194,-50,-79,-5,-109,10,-138,-18,-120,-191,-96]]]
3887781	p	3893894
3876685	p	3880980
3895138	p	3893894
3877918	r	-71.7156,-31.5541,-70.1408,-30.2038	[[[-717156,-306499,29,-32,6,-88,30,-5,11,-53,11,-13,34,-284,16,-42,-45,-21,-19,-104,-64,-15,6,-31,33,-4,8,-65,28,-9,-13,-22,71,-6,-8,-75,-4,-4,-25,-123,12,-13,-10,-88,-27,-53,19,-15,-16,-131,17,-58,-4,-45,31,-49,18,-64,-7,-40,59,-143,6,-20,6,-193,63,-79,33,-273,6,-25,-13,-3,-29,-39,55,-14,29,-117,4,-43,-20,-20,-23,-87,13,-104,27,-22,7,-70,68,21,11,-8,14,-15,77,-186,-2,-83,28,-4,50,-182,36,-425,-27,-35,-65,-34,-38,-136,26,-377,65,-58,-117,-630,-22,2,16,-36,-3,-16,12,-138,-4,-1,5,-16,3,-39,22,-36,27,-81,34,-35,-23,-35,46,-8,31,-36,10,-17,21,-64,-34,-19,45,-82,33,-29,365,-2061,148,-239,167,-518,231,-75,689,-182,702,-141,711,-102,717,-61,720,-21,720,21,717,61,711,102,702,141,689,182,674,219,656,258,636,294,612,330,319,198,17,106,-52,212,-73,187,-18,188,222,397,39,177,-4,309,-1,78,20,199,55,156,561,759,120,73,77,-32,38,83,172,-102,68,-73,79,-253,105,-103,33,-124,-3,-8,23,6,155,124,122,160,85,294,99,192,227,313,189,80,426,-57,85,21,-8,76,-64,81,-67,15,-55,-41,-81,39,35,113,-44,118,-46,10,13,26,-71,54,-165,166,-101,156,-40,178,197,1374,145,353,49,74,178,203,61,122,-4,100,-27,100,-6,125,39,200,58,159,194,306,154,350,183,765,201,283,173,97,159,69,126,105,73,201,-48,209,-251,365,4,175,195,80,12,30,-16,76,89,63,46,-10,-167,475,-253,584,-163,311,-2355,-117,-6552,-327,-1217,-181,38,-25,-53,-146,10,-43,-70,-89,22,-77,-43,-42,9,-46,-6,1,-146,25,-65,-79,-80,-1,-86,-71,-149,-8,-79,-45,-116,17,-28,-42,63,-121,-81,-43,0,-94,116,-278,-14,-65,29,-135,-92,-36,-212,51,-81,-54,-2,-55,-42,-41,24,-55,-51,-36,-32,-96,-3,-120,-165,-123,-92,-22,-59,-66,-8,-148,-46,-37,-7,-160,-80,-30,-74,82,-104,257,-70,-26,-92,-87,-138,-25,-21,-70,-179,19,-53,143,-92,133,-42,-35,-165,-8,23,142,-47,108,0,97,39,199,-253,89,-495,-32,-45,48,-436,230,-17,245,-131,37,-116,-8,-70,66,-148,78,-84,-38,-93,1,-11,54,44,37,7,25,-82,-12,-31,-76,-6,-71,-22,22,-21,-61,25,-56,9,0,-24,-279,-18,-14,13,-45,-3,-30,-69,-79,-10,-51,55,-8,-4,-24,14,-5,-5,-50,-69,-191,26,-27,-30,-188,9,-13,-57,-151,-42,-31,28,-7,-25,-66,-41,-236,68,-206,18,-155,-101,-68,17,-66,-36,-62,-23,-214,-64,-170,30,-72,-8,-50,28,-238,33,14,-43,-19,-40,-107]]]
3877793	p	3870011
3877739	p	3875024
3883167	r	-72.5769,-36.5614,-70.6031,-35.5637	[[[-725769,-358500,7,-156,343,-420,3816,-1765,6520,-3016,3798,-1757,319,140,335,170,17,100,181,361,155,31,178,37,204,-58,74,-9,429,287,190,145,40,217,85,141,174,48,164,-32,260,226,409,407,376,429,341,447,305,465,266,480,228,493,187,505,147,513,105,520,64,524,21,527,-21,527,-64,524,-105,520,-147,513,-44,120,-2375,659,-3985,-383,-6842,-658,-6032,-580,-38,-191,-64,-524,-21,-527]]]
3874119	r	-71.5223,-33.0846,-70.9245,-32.7288	[[[-715223,-327694,836,-1234,2,-2,16,-2,-157,19,10,-34,54,-67,19,-34,45,-22,6,-8,-1,-13,-21,-27,21,-18,8,-17,-44,-10,-8,-53,8,-17,80,27,23,20,59,3,21,14,43,-17,26,5,42,-10,30,15,56,-12,3406,-1658,1367,851,31,39,-192,529,-2021,774,-1,-14,-108,24,-1,0,-7,35,-3448,1320,73,-174,-61,-206,-83,-29,-129,3]]]
3897774	p	3875024
3877794	p	3880980
3880107	r	-71.5955,-34.2091,-70.9354,-33.3649	[[[-715955,-341252,192,-115,356,-185,371,-166,382,-145,393,-124,401,-102,10,-2,1620,1116,1560,1075,278,767,-22,141,1,0,83,-3,107,86,59,9,30,-8,156,-43,197,-196,47,-27,64,4,-72,116,-4,22,-2,3,0,6,-1,6,0,3,-3,49,-1,1,0,2,-4,61,-1,3,-4,41,1,8,-2,31,-14,29,8,39,-2,44,-22,37,3,22,-10,31,-19,59,9,24,15,16,-17,36,9,42,-1,10,-6,11,-13,9,-12,2,-30,18,-14,19,-9,7,1,6,-2,2,3,6,7,50,0,9,3,9,7,41,-4,20,8,15,1,27,6,9,22,143,5,4,1,11,20,13,4,4,-25,249,-46,-23,-56,11,-39,-27,-89,59,-118,11,-79,69,-95,30,-47,58,-104,25,-127,-14,-190,1268,65,-3,130,-44,29,-55,117,14,123,-62,60,145,112,1,77,30,87,101,74,14,172,-44,69,-56,51,9,13,6,56,61,7,15,21,14,13,82,22,35,16,18,5,7,2,1,1,2,3,0,121,53,21,54,-3,42,-16,16,10,30,-2,18,-15,13,-53,39,-20,26,-27,23,-8,28,2,26,-6,61,-41,50,-205,53,-118,-13,-61,58,-68,22,-141,-7,-118,-86,-44,-16,-146,-52,-42,15,-200,-23,-100,63,-142,-36,-16,5,-79,528,-170,497,-1452,851,-523,-85,-841,-2259,22,16,61,-6,59,38,24,26,26,-7,45,8,35,-2,21,39,24,17,9,47,21,22,85,8,22,11,51,12,38,1,13,9,25,4,29,-3,44,-20,55,-44,-1,-7,-1,-12,-2,-10,-25,-9,-1,-90,-38,-73,1,-47,0,-8,-20,-10,-20,-25,-51,-16,-44,-50,-45,-12,-6,-18,-2,-5,-33,-19,-28,-5,-86,3,-54,17,-46,-3,-28,-12,-14,-15,-7,-30,29,-52,-2,-28,-50,-25,-13,-15,-16,1,-9,1,-36,-16,-17,-15,-11,-29,8,-24,2,-6,-6,-83,-24,-17,-10,-50,-41,4,-24,22,-24,5,-22,15,-34,2,-17,1,-21,11,-33,-28,-52,-1,-45,-38,0,-46,-19,-21,-11,-39,2,-4,-8,-18,-36,-26,20,-52,44,-6,-2,-5,8,-2,91,0,11,-9,5,-18,-15,-9,-8,-4,-20,-71,4,-33,10,-5,14,-8,19,-43,-6,-27,21,1,34,-19,46,-40,36,-4,11,-11,28,-28,39,-3,15,-9,21,-32,0,-14,-1,-8,11,-15,31,-11,13,-14,1,-20,-7,-23,-6,-5,-6,-5,-2,-26,12,-4,1,-1,12,-15,37,-5,7,-1,104,-43,21,-1,4,12,8,3,37,-17,5,-19,30,6,20,-12,39,-2,6,-70,-23,-33,3,-134,-65,-78,-62,-46,-59,-31,-39,-10,-96,0,-69,22,-40,-15,-17,9,-305,-25,-176,34,-18,-11,-59,-2,-10,39,-39,14,-23,-5,-1163,-3127,-117,-314]]]
3882434	r	-70.8419,-33.1869,-69.9892,-32.3233	[[[-708418,-329880,829,-108,2,24,-17,21,-21,47,-19,23,-67,42,93,36,81,59,60,69,19,6,44,-5,38,11,100,69,81,66,65,-27,24,-19,117,3,48,16,53,-5,50,-21,84,-19,31,6,26,14,6,15,43,5,62,22,57,-6,40,15,55,3,68,48,37,1,32,-13,39,-6,44,13,18,-2,42,-20,12,-18,33,39,18,36,28,17,24,-1,82,-35,23,-27,-39,-46,60,-63,-3,-78,-12,-22,51,-14,17,-22,52,-26,32,-28,42,-72,86,-42,18,-32,52,-43,9,-18,2,-35,66,-47,20,-48,12,-12,12,-43,-8,-23,-17,-9,-16,-52,972,-127,0,1,57,28,20,40,76,63,39,45,69,4,24,-8,13,-30,37,9,60,-14,141,-79,1,-45,-12,-50,22,-35,4,-1,23,-31,-96,-117,-10,-49,25,-42,47,-6,19,-13,15,-18,3,-29,11,-30,84,-26,-2,-23,-20,-42,31,-32,24,-14,79,-100,54,-34,177,9,79,29,9,57,59,-2,74,-66,67,-4,54,-46,58,7,113,-50,43,-127,61,-48,176,-5,33,-302,39,-79,-19,-119,226,-57,47,89,-33,41,19,53,113,106,34,88,-93,83,7,20,116,44,38,54,157,57,38,130,87,11,38,39,-6,29,38,9,102,-47,72,22,42,64,39,-12,117,56,128,-13,29,27,20,109,358,-47,-23,144,-96,161,35,32,70,-2,33,49,51,17,-2,70,37,26,20,72,138,15,149,-18,21,38,139,18,49,31,43,107,55,19,24,38,-31,226,-66,122,85,70,-5,56,111,27,28,70,54,8,-26,108,-36,36,52,117,107,80,-4,74,28,22,-51,102,-59,56,0,100,-142,91,-224,78,-175,89,-8,7,27,128,-28,58,-115,61,-118,27,-79,169,-62,48,-154,7,0,135,-38,128,-36,65,-154,101,-9,104,-55,76,-4,70,-65,33,-112,-11,-17,-28,-234,1028,-7,226,23,186,29,85,53,78,235,6,94,31,-202,265,-19,173,17,187,-27,212,-117,204,-160,113,-388,189,-22,39,-22,-4,-47,23,-14,114,2,4,-77,131,29,737,-59,70,-4121,-4615,92,-52,105,-79,60,-20,-2,-14,-31,-46,-18,-7,-41,-50,-36,-18,-3,1,-9,3,-60,-28,-5,-9,-12,-21,-25,5,3,-70,-307,81,-1525,-1708]]]
3872255	r	-71.0013,-32.9957,-70.4161,-32.3926	[[[-710013,-324764,42,-338,534,-4325,192,-529,827,76,1525,1708,307,-81,-3,70,25,-5,17,30,60,28,12,-4,36,18,41,50,18,7,31,46,2,14,-60,20,-105,79,-92,52,2443,2736,-154,139,-202,160,-213,149,-225,136,-234,123,-244,111,-252,96,-258,82,-265,68,-269,53,-272,39,-275,23,-276,7,-276,-7,-275,-23,-272,-39,-269,-53,-265,-68,-258,-82,-252,-96,-244,-111,-234,-123,-225,-136,-143,-100]]]
3870306	p	3880980
3869657	p	3870282
3886405	r	-71.5067,-32.9427,-70.9437,-32.4615	[[[-715067,-327109,32,-151,12,-28,3448,-1320,7,-35,1,0,108,-24,1,14,2021,-774,-534,4325,-88,47,-224,101,-232,89,-237,75,-244,63,-247,49,-250,35,-253,21,-254,7,-254,-7,-253,-21,-250,-35,-247,-49,-244,-63,-237,-75,-232,-89,-224,-101,-215,-114,-207,-125,-196,-136,-111,-89,123,-211,56,-241,32,-457,-24,-229,-59,-199,-113,-139,-412,-114]]]
3894426	r	-73.4599,-46.5594,-71.2688,-44.6006	[[[-734599,-455800,30,-641,57,-411,253,307,56,47,421,61,97,44,82,54,267,129,63,19,89,-114,21,-76,45,-59,156,-58,987,-103,86,42,31,-66,-27,-96,-90,-51,-1588,-109,-458,-138,-402,-305,91,-387,207,-624,264,-613,320,-600,375,-584,429,-565,480,-544,530,-521,577,-496,622,-467,664,-439,703,-406,739,-374,772,-338,803,-302,828,-265,851,-225,871,-186,885,-146,898,-104,905,-63,909,-21,909,21,905,63,898,104,885,146,257,54,-3,14,-670,1262,-97,350,-13,395,36,456,-40,284,-195,198,-601,286,-484,331,-92,41,-90,22,-52,44,21,102,73,52,59,16,89,19,741,66,241,49,41,17,27,-19,250,119,26,32,-11,38,30,26,46,65,41,27,163,-41,172,73,38,174,132,16,14,87,123,90,73,23,87,88,13,136,82,37,27,64,53,3,33,53,-25,32,12,97,203,159,6,-9,93,40,22,64,29,23,-10,31,14,43,-34,16,-5,17,11,13,-24,25,-14,41,2,58,-33,35,-15,46,-20,-9,31,14,-21,24,-3,10,-169,284,-128,113,17,44,-51,16,-9,49,-119,45,7,35,-113,9,-116,96,-54,-16,-134,86,-53,-7,9,38,-112,-25,-22,46,-31,-30,-48,9,-10,-26,-88,47,-33,-5,-84,51,-58,157,107,94,-5,53,57,74,77,34,-38,80,-59,37,14,85,-68,89,24,46,-176,239,-6,63,-228,124,-16,66,-46,38,11,32,104,122,55,2,112,92,-6,143,-145,98,-4,19,13,108,6,5,73,2,-54,66,115,105,-18,46,-33,12,114,161,50,-13,73,113,66,9,40,112,111,50,13,59,-31,49,74,40,-19,46,-145,-60,-189,25,-2,2,-6,69,132,196,304,136,158,2,177,68,43,25,-4,3,97,23,329,36,775,-39,359,49,339,189,224,60,13,31,-95,50,79,60,-78,31,-2,31,-26,17,-9,42,-203,291,-87,204,20,100,607,179,93,-53,10,59,-11,22,305,90,185,79,151,116,235,264,165,100,228,233,-57,323,-163,251,5,8,-17,11,-39,60,-247,254,-321,228,-115,58,-2,1,-120,60,-6,18,-35,3,-14,7,58,45,-72,47,85,42,-234,11,-46,44,-125,18,-241,225,-95,202,-118,53,34,-15,-72,181,18,12,2,127,-57,99,-89,34,-293,438,7,12,-45,46,117,92,-129,64,-58,158,-229,-31,-205,105,-77,-39,-105,-7,-158,53,-191,-60,-272,68,-226,129,-218,1,-168,153,-45,26,-42,113,-76,-4,-31,-39,-183,36,-232,-18,-12,-4,-9,54,-62,35,-44,2,-115,-60,-218,-40,-57,-85,-84,-59,-167,-17,1,12,-46,-49,34,36,-58,-5,-401,134,-133,62,-35,68,-112,-1,-122,56,-91,25,11,92,-100,30,-48,-12,-61,39,-38,-12,-181,30,-114,-83,-72,27,-111,199,-146,49,238,121,-3,27,-22,33,-257,80,47,124,-53,71,-59,2,-130,483,125,220,284,60,380,-107,222,-70,1331,-185,231,28,182,96,122,118,141,95,242,29,227,-33,674,-209,414,-14,908,296,433,75,400,-93,782,-397,429,-97,382,60,290,153,-290,147,-772,338,-803,302,-828,265,-851,225,-871,186,-885,146,-898,104,-905,63,-909,21,-909,-21,-905,-63,-898,-104,-885,-146,-871,-186,-851,-225,-828,-265,-294,-110,41,-48,28,-76,-35,-82,-132,-131,-38,-123,-386,79,-437,-171,-1048,-800,-209,-99,-213,-39,-413,0,-88,-39,-222,-239,-546,-345,-174,-168,-158,-76,-125,16,-431,-371,-530,-521,-480,-544,-349,-460,42,-85,-126,-92,-62,-32,-84,-130,6,-73,-80,-43,-151,-234,-320,-600,-115,-266,222,-11,290,23,174,67,328,244,395,113,404,-107,396,-228,976,-730,976,-463,264,-74,146,-12,156,23,109,58,96,67,116,55,185,31,158,-31,133,-71,108,-98,38,-119,-72,-99,-202,-158,-15,-207,-445,-3,-875,135,-228,65,-305,286,-221,66,-210,29,-176,80,-336,231,-229,99,-51,38,-56,96,-40,171,-34,81,-128,153,-157,96,-178,13,-190,-94,-68,-54,-59,-33,-71,-15,-105,-4,-112,-20,-183,-91,-87,-19,-138,-70,-11,-167,39,-205,13,-178,-297,232,-177,58,-214,-87,-67,-123,-70,-634,-68,0,-96,318,-169,43,-86,-370,-89,-637,-30,-641]]]
