2232593	r	9.3361,3.5167,10.1735,4.3868	[[[93361,39168,124,-78,8,-12,16,-3,84,-51,106,-51,176,-59,171,-49,65,-8,50,4,168,51,33,24,163,64,31,21,131,64,28,22,-4,18,-27,15,-23,21,-7,16,-38,27,-69,13,-34,-3,-15,-10,-40,-1,-50,15,-8,35,22,36,37,22,5,9,1,61,27,74,0,26,26,15,2,1,25,34,24,45,20,66,305,102,13,-8,4,-15,8,-5,10,-4,18,4,11,-34,25,-26,22,-12,27,2,4,-9,28,-10,13,9,20,-5,36,6,25,-19,109,0,-4,44,17,18,-3,6,5,9,36,29,6,15,-4,16,-10,0,-2,9,2,86,-7,15,22,29,-55,103,-2,37,4,36,-47,60,17,195,9,-8,16,10,17,-12,6,-13,-8,-9,12,-31,32,3,55,-16,20,10,-6,-41,-9,-10,5,-12,12,-7,100,-37,45,9,12,9,55,-19,8,-20,41,-37,41,-16,4,5,3,-12,2,9,10,-2,5,-10,32,-6,4,-7,7,5,4,-7,13,4,0,-7,26,-8,7,12,11,3,11,-11,72,16,335,112,-3,19,16,30,-4,21,-44,36,58,2,44,-6,17,5,18,17,33,1,29,36,-1,18,-19,29,4,3,16,-13,8,3,91,-108,-3,-121,-112,-58,-162,-230,-48,-254,39,-43,12,-25,-5,-31,13,-36,98,-67,13,5,6,-6,15,9,5,-6,7,8,22,-12,9,12,6,-9,6,5,10,-8,26,16,18,3,60,-6,-39,8,45,-9,25,-18,22,-7,71,16,13,-6,66,4,47,-8,26,14,53,7,33,11,25,17,9,13,26,4,12,-67,18,-25,-7,-13,12,-68,253,101,271,19,38,19,27,26,12,16,23,-29,13,-31,1,-44,-211,-4,-283,-46,-258,-89,-129,-134,66,-186,220,-129,471,-169,-105,4,-32,-4,76,-97,46,-101,-2,-105,-58,-107,-82,146,-128,96,-337,168,-94,-227,-43,-10,-143,35,-15,17,-9,40,-18,11,-12,-4,-31,30,-44,19,-12,-6,-3,3,4,23,-16,18,-31,22,-27,2,-6,3,-187,166,-173,-158,-117,-238,-29,-256,31,-77,-60,-39,128,-193,100,-178,60,-96,-82,10,-127,59,-46,79,-80,217,-49,45,-57,32,-251,241,56,-234,136,-253,475,-659,295,-703,-161,-82,-47,-137,49,-128,122,-56,685,61,215,71,4451,7571,-1087,48,-3901,173,-1205,-505,-156,-1756,2,-1,13,-15,3,-21,-25,-35,-1,-9,4,-14,12,-9,49,-12,28,-13,-1,-64,-11,-36,-14,-25,1,-15,47,-41,8,-59,36,-12,17,-21,-42,-91,9,-53,-13,-16,-18,-3,-32,29,-8,-3,-25,-42,-14,-5,-30,15,-41,-5,-6,3,-28,-313,-9,-4,-17,10,-16,-17,-72,49,1,17,-21,2,-16,-11,-21,12,-33,-27,-15,-23,-23,3,-2,-3,-2,-36,14,-48,-4,-37,-26,-55,-41,-36,-47,-12,-46,18,-54,42,-52,50,-35,7,-60,-40,-33,-8,-29,6,-32,26,-41,4,-26,-18,-15,-40,-7,-262,-16,-57,-21,-7,-116,13,-27,-6,-108,-97,-19,-50,-76,-64,-33,-64,-17,-14,-52,-9,-21,-26,27,-187,-13,-26,-41,-47,-54,-27,-7,-49,16,-19,3,-19,-6,-26,-9,-23,-49,-1,-16,-10,1,-42,-26,-30,29,-15,-2,-28,-52,-82,-20,-86,-38,-21,-25,2,-22,-6,-32,-27,-63,-1,-50,-48,-22,-13,-51,20,-103,87,-9,-12,-13,10,-12,-15]],[[96421,35390,329,-223,309,525,-172,-131,-245,-122,-221,-49]]]
2220957	r	11.1154,3.6744,11.9246,4.2764	[[[111154,38700,9,-266,26,-264,43,-263,60,-259,77,-254,89,-238,7286,-412,84,159,110,242,93,249,77,254,60,259,43,263,26,264,9,266,-9,266,-26,264,-43,263,-60,259,-77,254,-93,249,-110,242,-124,235,-140,226,-154,216,-168,205,-181,195,-194,181,-204,169,-215,155,-225,140,-234,126,-241,109,-248,94,-253,77,-258,61,-261,43,-263,26,-265,9,-265,-9,-263,-26,-261,-43,-258,-61,-253,-77,-248,-94,-241,-109,-234,-126,-225,-140,-215,-155,-204,-169,-194,-181,-181,-195,-168,-205,-154,-216,-140,-226,-124,-235,-110,-242,-93,-249,-77,-254,-60,-259,-43,-263,-26,-264,-9,-266]]]
2234974	r	9.7601,5.7252,10.5009,6.3504	[[[97601,59600,9,-255,25,-255,41,-252,58,-248,74,-245,90,-239,105,-233,121,-225,71,-114,1478,-282,5336,1600,-2035,4362,-221,83,-244,74,-248,58,-252,41,-254,26,-255,8,-255,-8,-254,-26,-252,-41,-248,-58,-244,-74,-239,-90,-232,-106,-225,-120,-217,-135,-207,-149,-198,-162,-186,-175,-174,-186,-162,-197,-149,-208,-134,-217,-121,-225,-105,-233,-90,-239,-74,-245,-58,-248,-41,-252,-25,-255,-9,-255]]]
2235189	r	9.9673,5.0102,11.0624,5.8852	[[[99673,57252,2694,-2804,92,-847,2862,-2122,0,-1,413,-306,58,26,11,-77,801,-1019,23,1,325,32,323,53,318,74,313,96,306,115,69,31,1987,1552,187,262,169,272,-419,509,-4530,5498,-344,20,-322,235,-5336,-1600]]]
2228373	r	13.9698,9.9999,14.8977,11.0401	[[[139698,103517,6342,-3518,82,37,381,202,26,16,278,1002,1881,6772,289,1039,-56,102,-228,363,-252,348,-274,331,-180,190,-3777,-1462,-116,1043,-48,-17,-18,-34,-67,-10,-62,-159,4,-48,-52,-32,-15,-48,-57,-21,-18,-33,-82,-20,-16,-39,-62,-3,-20,-52,-81,20,-118,-43,-62,12,-18,-16,-13,21,-69,-59,-52,11,-72,-39,-25,17,-36,-73,-119,-44,-91,58,-2,2,-109,-42,-122,-111,36,-44,31,-140,85,-145,5,-70,131,-258,9,-95,-1996,-772,-328,-1127,102,-81,-18,-88,18,-27,-162,-297,0,-67,65,-64,-56,-102,18,-63,155,-114,173,24,35,-19,-3,-57,-64,-71,-87,-228,29,-149,122,-60,36,-176,-45,-67,-45,-18,-159,40,-94,-50,-157,-213,-138,30,-282,9,-114,-390,10,-28,-29,-38,-103,-354,10,-139,-77,-132,-7,-23]]]
2224827	r	13.0828,6.8236,14.0972,7.8364	[[[130828,73300,11,-331,33,-330,54,-327,75,-323,96,-317,117,-310,137,-302,157,-292,175,-282,193,-269,211,-256,227,-242,242,-227,257,-210,269,-193,282,-175,293,-156,302,-137,311,-117,317,-96,324,-75,327,-54,330,-32,332,-11,332,11,330,32,327,54,324,75,317,96,311,117,302,137,293,156,282,175,269,193,257,210,242,227,227,242,211,256,193,269,175,282,157,292,137,302,117,310,96,317,75,323,54,327,33,330,11,331,-11,331,-33,330,-54,327,-75,323,-96,317,-117,310,-137,302,-157,292,-175,282,-193,269,-211,256,-227,242,-242,227,-257,210,-269,193,-282,175,-293,156,-302,137,-311,117,-317,96,-324,75,-327,54,-330,32,-332,11,-332,-11,-330,-32,-327,-54,-324,-75,-317,-96,-311,-117,-302,-137,-293,-156,-282,-175,-269,-193,-257,-210,-242,-227,-227,-242,-211,-256,-193,-269,-175,-282,-157,-292,-137,-302,-117,-310,-96,-317,-75,-323,-54,-327,-33,-330,-11,-331]]]
2229752	r	8.9362,4.3362,9.6747,5.1554	[[[89363,46400,11,-337,33,-336,11,-68,633,-268,3420,-1450,33,-29,25,4,6,-2,-11,-20,27,-5,-1,-27,30,-19,-11,-28,40,-43,262,0,540,-229,1131,-180,1205,505,-2178,7539,-138,146,-267,-9,-335,-33,-331,-55,-328,-77,-321,-98,-315,-118,-306,-140,-297,-159,-285,-178,-273,-196,-260,-214,-245,-231,-230,-246,-213,-261,-196,-274,-178,-287,-158,-297,-139,-307,-118,-316,-98,-323,-76,-328,-55,-333,-33,-336,-11,-337]]]
2223763	r	9.4658,4.6026,10.293,5.4051	[[[94658,51357,804,-458,203,-25,-1,-2,-35,-117,3627,-3139,62,40,80,27,33,-7,23,-14,24,-28,79,-34,58,-46,41,-13,5,-9,19,7,35,-33,32,-13,51,-6,50,-25,10,-17,8,2,13,-8,-19,-36,23,-18,-116,-143,-24,-47,1349,-1168,53,24,228,122,219,137,210,150,199,165,189,177,176,189,164,200,151,210,136,220,113,213,-2014,2391,-452,2460,-1936,539,11,20,-10,17,8,0,8,12,-32,32,-14,7,-3,13,7,8,-28,-3,-82,20,-60,-34,-84,-15,-1136,316,-1559,434,-68,-95,-171,-275,-152,-287,-134,-295,-114,-304,-94,-311,-73,-316,-53,-320,-32,-324,-5,-167]]]
2233410	r	8.897,4.0442,9.4411,4.5391	[[[88970,44475,220,-1294,173,-386,240,-336,307,-284,-25,-286,-148,-465,1214,-277,-293,-233,-387,-231,-1,-7,16,-13,16,-27,62,-11,108,-44,124,-63,7,13,690,-89,578,206,366,31,409,177,1,24,-33,103,0,36,12,14,19,5,76,-22,33,-3,34,6,15,-5,14,7,32,-8,24,10,95,10,147,34,12,12,0,74,-11,69,15,56,-7,23,6,117,7,9,32,-6,58,-32,54,-16,54,-4,51,-15,24,-11,19,-18,61,2,86,-32,449,481,82,100,24,34,-10,10,3,-8,-10,-3,5,-9,-8,0,-5,16,2,-11,-12,0,-9,-7,-6,11,-10,-11,-5,6,9,6,-9,-2,0,7,-11,5,-3,11,7,5,-20,46,-32,-13,-14,8,-21,-6,-7,6,-14,-1,-8,8,-6,27,-20,12,-18,-18,-15,7,-12,-6,-11,17,-20,6,-13,19,3,38,-39,20,-10,-22,-19,-3,6,-17,-11,-18,1,-15,-24,-13,-1,-9,6,-2,-18,-21,8,-18,-19,-10,-1,-6,-26,-1,-11,18,-1,-9,-13,-4,-2,16,-16,8,-7,-7,-35,-10,-25,13,-20,-25,-21,-9,-25,9,-6,-26,-13,-1,-17,-11,-31,-49,-14,1,-1,-9,-9,1,994,1686,-540,229,-262,0,-40,43,11,28,-30,19,1,27,-27,5,11,20,-6,2,-25,-4,-33,29,-3420,1450,-170,-106,-241,-173,-229,-189,-217,-204,-203,-217,-21,-27]]]
2229798	r	14.644,11.7,15.1109,12.4289	[[[146440,120800,9,-249,24,-247,42,-245,57,-242,73,-238,89,-233,104,-227,119,-219,134,-211,147,-202,160,-192,173,-182,184,-170,195,-158,206,-144,214,-132,223,-117,230,-102,236,-88,242,-72,246,-57,249,-40,252,-25,252,-8,252,8,138,14,71,193,37,11,65,-4,68,7,41,48,-12,64,-107,99,-17,42,55,94,163,151,55,102,-246,576,-65,107,-170,23,-118,81,-68,157,-22,251,50,78,96,82,68,89,-40,95,-39,57,-49,104,-23,99,42,44,287,45,-44,111,-171,145,-103,146,18,123,25,77,-4,40,24,-1,12,5,5,20,0,76,28,84,5,27,-4,30,-17,23,-28,19,-30,51,-26,27,-32,21,-55,7,-24,10,-22,23,-14,35,-7,38,30,187,-48,54,-68,48,-79,33,-156,38,-17,-2,-33,-15,-40,-41,-35,-57,33,-85,19,-6,3,-52,-1,-15,-20,-58,-22,-8,-21,-4,-73,10,-63,31,-67,23,-33,29,-97,31,-55,45,-115,119,-122,91,-40,36,-40,67,-157,106,-51,69,-4,22,-53,27,-33,25,-35,50,2,46,37,47,150,47,42,25,20,35,1,12,-5,36,-3,7,-11,13,-21,14,-86,24,-35,31,-18,40,-2,30,14,53,27,45,13,15,0,23,51,168,18,121,14,696,20,89,-171,758,-137,245,-3,16,-179,-80,-223,-117,-214,-132,-206,-144,-195,-158,-184,-170,-173,-182,-160,-192,-147,-202,-134,-211,-119,-219,-104,-227,-89,-233,-40,-130,29,-15,49,-95,16,-107,-193,-193,-3,-7,-30,-178,-24,-247,-9,-249]]]
2234359	r	13.2874,4.176,14.0926,4.984	[[[132874,45800,9,-264,26,-263,42,-261,60,-258,77,-253,93,-247,108,-241,125,-233,139,-225,153,-215,167,-204,180,-193,193,-181,203,-167,214,-154,224,-140,232,-125,240,-109,247,-93,252,-77,257,-60,260,-43,262,-26,263,-8,263,8,262,26,260,43,257,60,252,77,247,93,240,109,232,125,224,140,214,154,203,167,193,181,180,193,167,204,153,215,139,225,125,233,108,241,93,247,77,253,60,258,42,261,26,263,9,264,-9,264,-26,263,-42,261,-60,258,-77,253,-93,247,-108,241,-125,233,-139,225,-153,215,-167,204,-180,193,-193,181,-203,167,-214,154,-224,140,-232,125,-240,109,-247,93,-252,77,-257,60,-260,43,-262,26,-263,8,-263,-8,-262,-26,-260,-43,-257,-60,-252,-77,-247,-93,-240,-109,-232,-125,-224,-140,-214,-154,-203,-167,-193,-181,-180,-193,-167,-204,-153,-215,-139,-225,-125,-233,-108,-241,-93,-247,-77,-253,-60,-258,-42,-261,-26,-263,-9,-264]]]
2229411	r	8.9694,3.9078,9.3951,4.1424	[[[89694,41290,18,-282,122,-84,469,-221,355,211,293,233,-1214,277,-43,-134]],[[90596,40518,246,-148,49,-36,61,-54,19,-25,-1,-12,52,-48,10,-4,5,-8,-6,-17,17,-17,21,-2,11,-14,17,2,44,-36,23,14,-1,12,48,-4,4,-7,-12,-19,30,-17,5,-13,19,-3,0,-13,21,-17,-17,17,0,13,9,4,9,-4,16,26,-2,-29,57,-24,-52,25,5,14,10,-4,4,6,-20,0,2,9,17,16,9,-7,-1,-7,5,8,-15,13,12,22,-7,2,5,7,8,5,5,-6,8,6,8,-4,15,15,107,-5,22,-24,-8,-23,16,-8,-5,-9,7,-8,13,5,11,-5,32,2,2,4,45,-8,17,4,12,-6,24,12,13,-14,10,4,8,26,24,7,14,-3,8,9,12,-3,0,-11,9,-8,63,25,33,-5,23,-17,24,13,14,-6,32,20,60,-10,1,-13,9,1,19,-10,22,-19,6,4,23,-26,10,1,13,-23,1,-20,-11,-22,-21,-16,-21,7,-9,10,-9,-14,24,-36,10,-39,29,-30,6,-38,-1,-2,-4,-11,4,-18,-1,-29,-25,-22,-7,-16,12,-23,3,-36,-20,2,-29,-33,5,-7,9,0,-5,-18,15,-20,2,-12,9,-3,-1,-5,28,-6,-4,-39,15,-5,0,-18,63,23,-1,8,-19,3,-7,24,22,4,9,19,-30,40,1,21,27,5,5,-7,6,2,-4,-14,5,-30,15,12,10,-3,3,7,12,-12,6,11,6,-6,5,8,9,-3,4,-14,13,14,25,12,14,-10,-2,-13,11,-30,19,-16,9,-19,-4,-20,-10,-11,-12,-3,-2,-17,24,-27,8,3,48,-44,15,-6,23,11,35,38,18,3,-5,14,33,-5,4,11,-19,25,-3,26,11,18,13,8,2,33,18,8,10,21,10,5,7,-8,14,4,3,18,54,-19,55,5,1,26,-7,13,9,13,-4,14,-25,10,-3,11,-14,8,7,8,-4,15,3,4,17,17,17,2,39,-28,22,-1,3,-7,42,-20,13,6,5,16,24,16,99,-29,-7,-57,13,-62,63,-126,34,-46,69,-76,18,-54,132,-67,92,-74,12,15,13,-10,9,12,103,-87,51,-20,22,13,50,48,63,1,32,27,22,6,25,-2,38,21,20,86,52,82,2,28,-29,15,26,30,-1,42,16,10,49,1,9,23,6,26,-3,19,-16,19,7,49,-30,1,-23,15,-16,3,-16,-16,-5,-32,-9,-9,-22,-1,-107,46,-19,-1,-48,-19,-28,3,-61,76,-40,27,-44,41,-53,30,-42,14,-72,54,-75,76,-118,73,-12,21,-15,6,-7,20,-16,8,-9,-9,-7,7,-11,-8,-46,128,21,69,-8,30,-24,43,2,47,-22,21,10,20,-17,17,2,19,-9,26,26,19,0,11,-11,13,4,17,-17,0,-23,15,-2,13,12,19,-17,22,4,45,-8,28,-35,4,-4,15,-19,12,-11,-4,-18,-29,-11,0,-33,15,-11,14,17,33,19,8,6,12,12,6,-11,20,26,25,-24,0,-89,20,-79,35,-409,-177,-366,-31,-578,-206,-690,89,-7,-13]],[[91898,39748,12,-37,15,3,12,22,3,22,11,18,-11,19,-23,8,-13,-8,4,-27,-10,-20]]]
2231506	r	10.5675,5.3099,11.3365,6.1179	[[[105675,58597,4530,-5498,198,60,267,101,261,118,252,135,242,151,232,167,221,181,209,196,195,209,181,221,166,233,151,243,135,252,118,261,100,267,83,274,65,279,47,282,28,285,9,286,-9,286,-28,285,-47,282,-65,279,-83,274,-100,267,-118,261,-135,252,-151,243,-166,233,-181,221,-195,209,-209,196,-221,181,-232,167,-242,151,-173,92,-5335,-2582]]]
2229748	r	10.3061,5.8597,11.0483,6.5786	[[[103061,63029,1948,-4177,322,-235,344,-20,4623,2238,56,185,56,241,41,245,24,246,8,248,-8,248,-24,246,-41,245,-56,241,-72,237,-87,232,-102,226,-117,218,-130,211,-145,201,-157,192,-169,180,-181,170,-191,157,-201,144,-210,131,-219,117,-225,102,-232,88,-237,71,-241,57,-244,40,-247,24,-247,8,-247,-8,-247,-24,-244,-40,-241,-57,-237,-71,-232,-88,-225,-102,-219,-117,-210,-131,-201,-144,-191,-157,-181,-170,-169,-180,-157,-192,-145,-201,-130,-211,-117,-218,-102,-226,-87,-232,-57,-188]]]
2232239	r	9.675,3.2383,10.8302,4.4585	[[[96750,35167,640,-436,419,-363,63,-79,788,-199,29,-68,-57,-122,77,-81,46,-118,-38,-168,-39,-53,-1,-60,-32,-27,275,-336,88,-226,-16,-53,-26,73,17,-79,-22,-6,43,-103,71,-75,66,-19,207,20,101,94,226,116,117,218,149,66,198,165,226,116,97,270,2794,-707,2148,-544,2440,2735,458,2216,-200,3925,-2905,3326,-2055,-333,-1407,-605,-4451,-7571,53,17,259,169,280,109,320,-92,-268,-7,-220,-85,-649,-495,-309,-525]]]
2232283	r	10.5056,2.1657,11.7204,3.5118	[[[105056,21712,48,-45,13,-10,7306,0,7,56,17,45,10,53,28,0,77,-38,44,-53,654,3,25,40,39,117,18,123,0,125,17,164,63,114,78,105,60,141,-17,133,-45,130,18,91,2355,86,-48,1338,116,-81,-1,1,601,-418,-10,6,266,-185,-10,35,-2,9,42,14,-4,60,81,129,2,97,36,35,92,333,-15,27,30,44,0,94,49,107,-33,56,41,29,-12,29,18,17,-20,17,28,32,-6,66,39,69,-15,55,28,62,6,116,26,12,-25,53,33,13,-25,72,-210,153,-79,91,-138,102,-100,34,-5,197,48,100,-16,23,-67,-1,-214,125,-577,135,-71,26,-160,4374,-188,105,-1,0,-3899,2177,-3658,2042,-2440,-2735,-348,-10671]]]
2232444	r	9.7022,5.2685,10.2459,5.7424	[[[97022,54400,7,-228,23,-227,37,-225,24,-103,1136,-316,84,15,60,34,82,-20,28,3,-7,-8,3,-13,14,-7,32,-32,-8,-12,-8,0,10,-17,-11,-20,1936,-539,1995,916,-92,847,-2694,2804,-902,172,-10,-5,-193,-121,-185,-132,-176,-145,-166,-156,-156,-167,-144,-176,-133,-185,-120,-194,-107,-201,-94,-208,-81,-213,-66,-219,-51,-222,-37,-225,-23,-227,-7,-228]]]
2221504	r	9.2614,3.9129,9.5554,4.3543	[[[92614,40983,33,-103,-1,-24,79,-35,89,-20,24,0,-26,-25,11,-20,-12,-6,-6,-12,-19,-8,-17,-33,11,-14,33,-15,3,0,4,0,4,0,18,29,11,4,19,-12,4,-15,35,-4,8,-28,-4,-45,17,-22,-12,-19,2,-13,23,-15,17,0,-4,-17,11,-13,0,-11,-26,-19,9,-26,-2,-19,17,-17,-10,-20,22,-21,-2,-47,24,-43,8,-30,-21,-69,46,-128,11,8,7,-7,9,9,16,-8,7,-20,15,-6,12,-21,118,-73,75,-76,72,-54,42,-14,53,-30,44,-41,40,-27,61,-76,28,-3,48,19,19,1,107,-46,22,1,9,9,5,32,16,16,16,-3,23,-15,30,-1,54,27,41,47,13,26,-27,187,21,26,52,9,17,14,33,64,76,64,19,50,108,97,27,6,116,-13,21,7,16,57,7,262,15,40,26,18,41,-4,32,-26,29,-6,33,8,60,40,35,-7,52,-50,54,-42,46,-18,47,12,41,36,26,55,4,37,-14,48,2,36,2,3,23,-3,15,23,33,27,21,-12,16,11,21,-2,-1,-17,72,-49,16,17,17,-10,9,4,28,313,6,-3,41,5,30,-15,14,5,25,42,8,3,32,-29,18,3,13,16,-9,53,42,91,-17,21,-36,12,-8,59,-47,41,-1,15,14,25,11,36,1,64,-28,13,-49,12,-12,9,-4,14,1,9,25,35,-3,21,-13,15,-29,10,26,-9,157,1756,-1131,180,-994,-1686,9,-1,1,9,14,-1,31,49,17,11,13,1,6,26,25,-9,21,9,20,25,25,-13,35,10,7,7,16,-8,2,-16,13,4,1,9,11,-18,26,1,1,6,19,10,-8,18,18,21,-6,2,1,9,24,13,-1,15,11,18,-6,17,19,3,10,22,39,-20,-3,-38,13,-19,20,-6,11,-17,12,6,15,-7,18,18,20,-12,6,-27,8,-8,14,1,7,-6,21,6,14,-8,32,13,20,-46,-7,-5,3,-11,11,-5,0,-7,9,2,-9,-6,5,-6,10,11,6,-11,9,7,12,0,-2,11,5,-16,8,0,-5,9,10,3,-3,8,10,-10,-24,-34,-82,-100,-449,-481,-86,32,-61,-2,-19,18,-24,11,-51,15,-54,4,-54,16,-58,32,-32,6,-7,-9,-6,-117,7,-23,-15,-56,11,-69,0,-74,-12,-12,-147,-34,-95,-10,-24,-10,-32,8,-14,-7,-15,5,-34,-6,-33,3,-76,22,-19,-5,-12,-14,0,-36]],[[94400,39253,8,-35,50,-15,40,1,15,10,34,3,69,-13,38,-27,7,-16,23,-21,20,-11,65,29,-78,76,-158,87,-29,77,14,98,-26,-15,0,-26,-27,-74,-1,-61,-5,-9,-37,-22,-22,-36]]]
2229761	r	9.7872,2.3929,10.4541,3.4289	[[[97872,34289,681,-853,262,-493,65,-91,70,-69,21,-14,12,3,-17,79,26,-73,16,53,-88,226,-275,336,32,27,1,60,39,53,38,168,-46,118,-77,81,57,122,-29,68,-788,199]],[[98197,24008,193,-32,354,-35,356,-11,356,11,354,35,351,59,347,81,341,104,333,126,324,148,314,168,303,189,289,209,275,227,260,245,244,261,225,277,208,291,188,304,168,315,147,327,125,335,103,342,81,349,58,353,35,356,12,358,-12,358,-35,356,-58,353,-81,349,-103,342,-125,335,-147,327,-168,315,-188,304,-208,291,-160,197,-2794,707,-97,-270,-226,-116,-198,-165,-149,-66,-117,-218,-226,-116,-101,-94,-207,-20,-29,8,-91,3,0,-63,176,-236,383,-1459,-23,-317,-123,-274,-214,-258,-187,-290,-153,-414,-102,-455,-35,-1269,-38,-164,-25,-58,-10,10,-86,-86,-7,0,26,-33,-6,-28,7,-44,-72,-172,-48,-214,-8,-7,1,-22,-248,-1098,-32,-1621]]]
2228079	r	11.0699,3.0899,11.9301,3.7172	[[[110699,35200,9,-283,28,-281,45,-279,64,-276,82,-270,99,-265,116,-258,9,-16,4250,-2373,160,16,226,37,3166,2548,21,46,99,265,82,270,64,276,45,279,28,281,9,283,-9,283,-28,281,-45,279,-64,276,-82,270,-52,139,-277,16,-7286,412,-284,16,-32,-60,-116,-258,-99,-265,-82,-270,-64,-276,-45,-279,-28,-281,-9,-283]]]
2230876	r	13.2865,9.281,14.6134,10.3517	[[[132865,99505,3967,-3426,12,-33,17,-32,118,-226,76,32,1,-1,52,22,3510,-3031,178,30,423,98,416,125,407,152,349,156,-2026,2317,-889,690,-17,148,608,867,818,703,313,424,486,957,22,101,6,98,23,74,82,32,146,9,2442,162,1729,-423,-6,201,-23,233,-65,35,-6342,3518,-91,-281,-183,4,-201,197,-4733,-867,-42,-115,-3,-130,69,-204,16,-116,-22,-133,-159,-338,-117,-149,-212,-161,-93,-54,-143,-84,-186,-81,-527,-56,-85,-364,-71,-425,-43,-429,-7,-226]]]
2222230	r	11.559,2.3006,12.606,3.5403	[[[115590,30794,160,-4374,71,-26,577,-135,214,-125,67,1,16,-23,-48,-100,5,-197,100,-34,138,-102,79,-91,210,-153,25,-72,-33,-13,25,-53,-26,-12,-6,-116,-28,-62,15,-55,-39,-69,6,-66,-28,-32,20,-17,-18,-17,12,-29,-41,-29,33,-56,-49,-107,0,-94,-30,-44,15,-27,-92,-333,-36,-35,-2,-97,-81,-129,4,-60,-42,-14,2,-9,246,-133,374,-170,383,-145,392,-119,399,-94,404,-67,408,-40,409,-14,409,14,408,40,404,67,399,94,392,119,383,145,374,170,361,194,348,218,333,240,316,261,299,282,280,300,260,319,239,334,216,350,193,363,169,375,144,386,119,394,93,401,67,407,40,409,14,412,-14,412,-40,409,-67,407,-93,401,-119,394,-144,386,-169,375,-193,363,-216,350,-239,334,-260,319,-280,300,-299,282,-316,261,-333,240,-348,218,-361,194,-374,170,-383,145,-392,119,-101,24,-3895,-3134,-1637,-1317,-197,-158]],[[115938,24350,51,-43,333,-240,217,-135,-601,418]]]
2227230	p	2223763
2231504	p	2235189
2235194	r	10.8887,4.4076,11.5714,5.0924	[[[108887,47500,8,-224,21,-223,37,-221,51,-218,64,-215,79,-209,92,-204,106,-198,117,-190,131,-182,141,-174,153,-163,163,-153,172,-142,182,-131,190,-118,197,-106,203,-92,209,-79,214,-65,217,-51,221,-37,222,-22,223,-7,223,7,222,22,221,37,217,51,214,65,209,79,203,92,197,106,190,118,182,131,172,142,163,153,153,163,141,174,131,182,117,190,106,198,92,204,79,209,64,215,51,218,37,221,21,223,8,224,-8,224,-21,223,-37,221,-51,218,-64,215,-79,209,-92,204,-106,198,-117,190,-131,182,-141,174,-153,163,-163,153,-172,142,-182,131,-190,118,-197,106,-203,92,-209,79,-214,65,-217,51,-221,37,-222,22,-223,7,-223,-7,-222,-22,-221,-37,-217,-51,-214,-65,-209,-79,-203,-92,-197,-106,-190,-118,-182,-131,-172,-142,-163,-153,-153,-163,-141,-174,-131,-182,-117,-190,-106,-198,-92,-204,-79,-209,-64,-215,-51,-218,-37,-221,-21,-223,-8,-224]]]
2227613	p	2235189
2225728	p	2221504
2225991	r	13.813,10.7655,14.8709,11.5384	[[[138130,110653,2763,-2997,1996,772,-9,95,-131,258,-5,70,-85,145,-31,140,-36,44,122,111,109,42,2,-2,91,-58,119,44,36,73,25,-17,72,39,52,-11,69,59,13,-21,18,16,62,-12,118,43,81,-20,20,52,62,3,16,39,82,20,18,33,57,21,1,4,14,44,52,32,-4,48,62,159,67,10,18,34,48,17,116,-1043,3777,1462,722,279,-10,293,-47,470,-78,467,-109,461,-139,452,-168,443,-198,431,-150,278,-1649,1409,-103,-237,-120,-183,-172,-91,-517,-185,-209,-125,-367,-324,-7,-4,-8,30,-167,-57,-154,20,-67,-55,-81,-125,-231,-200,-568,-432,-652,-349,-347,-105,-61,-96,-30,-103,-126,-156,-150,-47,0,-30,-95,-97,-5,-3,-35,10,-26,-32,-144,8,-4,-2,-14,3,-79,57,-42,-24,-23,-91,-124,-32,-207,30,-701,295,-394,112,-308,-1,-384,-306,-376,-377,-331,-415,-240,-419,-171,-398,-120,-155,-71,-40]]]
2227402	r	13.3947,5.6112,15.1044,7.406	[[[133947,64479,46,-465,96,-587,135,-579,173,-569,209,-557,246,-541,280,-525,314,-505,346,-483,377,-460,407,-434,434,-406,459,-378,484,-346,504,-314,525,-281,541,-245,557,-209,569,-173,579,-135,586,-97,592,-58,594,-20,594,20,592,58,586,97,579,135,569,173,174,65,12,31,138,545,67,144,-71,203,-66,1067,-144,184,-50,201,-132,199,-123,8,-271,-166,-148,-17,-314,36,-171,1,-164,111,-75,157,-44,175,-69,161,-146,155,-148,118,-114,137,-34,33,36,18,-70,31,-41,89,-50,12,6,-1,-7,9,-7,54,-13,3,-8,32,30,68,74,81,48,10,103,-78,12,-27,19,5,9,22,14,0,43,43,35,85,31,43,45,97,-9,52,-8,47,69,40,43,-8,50,72,48,-9,58,29,0,-19,38,2,11,29,69,19,-4,56,17,-13,53,62,45,14,45,101,22,-38,87,73,-6,19,86,42,49,174,147,118,61,119,63,28,26,-14,63,99,88,66,217,-1,865,413,774,314,41,44,606,798,-81,433,284,411,75,158,1111,2534,28,135,-61,57,55,62,162,110,601,298,122,103,76,140,169,455,211,418,242,634,-176,329,-314,505,-346,483,-377,460,-407,434,-434,406,-459,378,-484,346,-504,314,-525,281,-541,245,-557,209,-569,173,-353,82,-11051,-9581]]]
2221030	r	14.6807,9.9301,15.6812,10.9049	[[[146807,101256,36,-95,160,-348,182,-338,204,-325,225,-311,245,-296,208,-220,914,282,460,-17,583,-137,306,-22,282,63,105,68,177,162,113,67,89,26,459,50,594,-24,1681,-539,564,15,2244,544,174,52,-433,387,-351,110,-667,395,-460,396,6,43,-143,83,-372,525,-132,122,9,6,51,39,-48,10,-25,15,-163,142,-16,51,1,81,-36,35,-63,17,-15,14,-14,35,7,56,-8,17,-37,23,-43,45,-87,19,-94,106,-23,8,-52,2,-34,24,-23,32,2,21,-11,48,5,48,-53,52,-10,34,-15,16,-101,36,-98,15,-52,27,-92,27,-86,49,-11,45,-4,158,-7,30,-29,36,-21,13,-56,-1,-15,6,-12,38,20,70,-5,31,-62,46,-12,150,-33,171,20,94,-4,25,-11,18,-48,53,-40,33,-95,112,-9,20,6,39,-43,59,-83,-118,-70,77,-140,372,-89,171,-201,93,-49,47,-67,47,-105,21,-114,11,-111,29,-92,43,-62,54,-65,190,6,247,61,243,101,176,14,158,-76,241,-764,1459,-28,377,125,427,34,246,-24,68,-365,-110,-361,-134,-352,-158,-341,-181,-328,-202,-315,-223,-16,-13,-1881,-6772]]]
2229152	r	9.4617,4.3695,10.18,5.1314	[[[94617,51242,2130,-7374,3901,-173,75,71,216,232,201,245,185,259,167,270,149,280,131,289,28,74,-708,612,-1349,1168,24,47,116,143,-23,18,19,36,-13,8,-8,-2,-10,17,-50,25,-51,6,-32,13,-35,33,-19,-7,-5,9,-41,13,-58,46,-79,34,-24,28,-23,14,-33,7,-80,-27,-62,-40,-3627,3139,-167,144,-730,415,-115,-72]]]
2235196	r	10.0464,4.8171,10.5321,5.3601	[[[100464,52685,452,-2460,1731,-2054,65,15,221,67,216,82,210,95,203,109,196,123,188,134,178,147,168,158,158,169,146,179,135,188,121,196,109,204,95,211,81,216,67,221,53,226,37,228,23,230,4,110,-2862,2122,-1995,-916]]]
2226275	r	13.449,10.257,14.0928,11.0653	[[[134490,102570,4733,867,201,-197,183,-4,98,304,77,132,-10,139,103,354,29,38,-10,28,114,390,282,-9,138,-30,157,213,94,50,159,-40,45,18,45,67,-36,176,-122,60,-29,149,87,228,64,71,3,57,-35,19,-173,-24,-155,114,-18,63,56,102,-65,64,0,67,162,297,-18,27,18,88,-102,81,328,1127,-2763,2997,-310,-178,-161,-136,-110,-172,-27,-124,-44,12,-126,4,-46,-80,18,-151,-27,-56,-62,-79,3,-30,-115,-20,-19,-44,13,-173,112,-87,67,-117,-44,-188,-4,-7,-43,-44,-1,-16,-349,-494,-17,0,-31,-68,-48,-67,-8,-4,-2,-10,-134,-190,-77,22,-33,-27,-121,-259,42,-3,-763,-1077,-275,-576,-375,-1251,-341,-1887,-182,-506]]]
2231320	r	12.9827,8.8855,13.8172,9.7145	[[[129828,93000,9,-271,26,-270,45,-268,62,-264,79,-259,96,-254,113,-247,129,-240,144,-230,159,-220,173,-210,187,-198,199,-186,211,-172,222,-158,232,-143,241,-128,248,-112,256,-95,261,-79,266,-62,269,-44,272,-26,273,-9,273,9,272,26,269,44,266,62,261,79,256,95,248,112,241,128,232,143,222,158,211,172,199,186,187,198,173,210,159,220,144,230,129,240,113,247,96,254,79,259,62,264,45,268,26,270,9,271,-9,271,-26,270,-45,268,-62,264,-79,259,-96,254,-113,247,-129,240,-144,230,-159,220,-173,210,-82,87,-76,-32,-118,226,-110,103,-211,172,-222,158,-232,143,-241,128,-248,112,-256,95,-261,79,-266,62,-269,44,-272,26,-273,9,-273,-9,-272,-26,-269,-44,-266,-62,-261,-79,-256,-95,-119,-54,-49,-645,-280,-709,-652,-257,-786,-120,-189,-81,-70,-131,-113,-247,-96,-254,-79,-259,-62,-264,-45,-268,-26,-270,-9,-271]]]
