3688689	r	-74.6865,3.7302,-73.5205,5.1375	[[[-746864,48100,7,-214,21,-213,35,-212,48,-209,62,-205,75,-200,89,-195,100,-189,113,-182,125,-174,135,-166,146,-156,37,-35,976,0,422,254,1479,389,131,10,1,-81,11,-38,22,-35,99,-38,35,-25,64,19,19,23,23,15,30,40,9,2,67,-66,78,117,0,8,8,-1,-1,-28,6,-4,12,8,36,4,55,-3,26,13,35,-39,14,7,20,-5,-31,-3,-1,-1,2,-1,-5,-15,-5,-23,1,-4,15,-10,13,-6,-1,-2,1,0,-3,-11,-2,-7,-3,-10,7,-5,-12,-10,19,1,1,-6,13,-3,1,1,0,-1,1,0,141,-184,3,13,196,-43,6,-10,9,-40,18,-37,17,-109,15,8,18,-15,0,-6,7,-3,-4,-37,-38,-19,12,-25,3,-48,12,-22,-3,-20,5,-22,-7,-22,31,-13,1,-14,1,-1,-1,-1,1,-22,-25,-24,9,-21,11,-6,8,-23,-1,-10,-33,-17,-23,-21,-53,-5,10,-31,-18,-24,-20,-15,44,-68,-9,-12,1,-6,16,-39,5,0,8,-31,26,5,37,-69,-68,-32,26,-60,4,-1,3,-15,-3,-108,-42,-60,15,-56,-4,-75,-40,-26,3,-19,-6,-9,-1,-14,9,-23,-13,-19,-3,-38,-81,-175,3,-33,3,-7,0,-33,-12,-7,-14,7,-15,-1,-19,-29,-6,-25,-25,-18,-9,-28,-1,-28,-10,-8,-5,-17,-18,-60,-31,-64,-25,-25,1,-25,5,-15,-3,-6,4,-71,-8,-25,-3,0,-26,-56,9,-60,-62,-57,27,-95,-22,-29,17,-175,-15,-74,43,-105,13,-93,-21,-100,22,-19,-15,-91,-74,-72,37,15,35,-46,-10,-38,42,8,84,-60,-19,-47,34,-104,-38,-17,-11,-51,37,-40,-136,-41,-15,-114,-93,-54,-81,-240,-66,-1,-8,-54,89,-59,-5,-85,-89,-357,-19,-239,-41,-142,-41,1,-39,-122,-63,4,-98,101,-243,40,-56,37,-123,154,-121,54,10,-48,-22,-63,-58,-119,-55,-57,-78,-234,2,-195,-128,-122,-37,-101,41,-247,-16,-67,-58,-79,-11,-69,-35,-26,-2,-18,110,-50,78,-103,-8,-236,23,-25,-63,-261,12,-46,-42,-59,-1,-1,1,-59,-110,-247,-24,-3,-91,-116,3,-94,-37,-49,-60,-269,-169,-197,-5,-51,-74,-65,-24,-55,-91,-28,-30,-139,12,-52,-172,-147,26,-116,66,-68,-10,-17,41,2,151,112,125,0,35,-43,60,-9,40,72,-6,90,29,17,48,-41,42,57,-64,115,18,46,71,4,26,38,40,-2,1,64,34,8,17,34,79,-2,66,116,44,17,-5,79,93,43,54,-6,112,160,100,0,-5,-116,205,27,31,127,-44,64,-85,35,30,93,-10,49,-65,77,-25,81,-46,30,-4,39,95,101,103,-63,77,64,134,192,41,174,59,32,120,5,-22,132,36,38,-56,29,91,6,53,60,80,179,55,52,-7,44,36,95,119,143,3,37,52,35,155,27,135,-71,67,82,84,-22,37,28,90,-28,19,-77,28,-22,29,140,83,70,8,46,31,12,88,166,24,93,-13,92,-69,133,27,111,82,51,-92,58,2,139,14,99,103,-1,95,68,-53,196,19,116,36,50,-22,95,18,36,-135,-9,-26,66,19,71,-65,24,-24,74,-30,3,-37,128,40,110,-64,43,-36,66,2,53,-74,95,50,80,55,-3,75,44,13,121,80,151,38,145,77,56,31,95,49,40,3,90,75,95,4,78,12,-52,1036,-1062,4724,4375,-1462,233,-1153,91,43,81,85,188,47,123,-140,69,-2118,1047,2,8,14,112,15,25,-5,14,8,2,13,25,4,21,-9,21,29,137,19,31,-25,1,-18,11,-17,-11,-20,3,-19,8,-10,12,-43,17,-13,21,-38,11,11,33,-57,44,4,-35,-2,-1,0,-2,-8,-2,-22,9,-1,-1,-10,-9,0,-1,17,-2,9,-8,1,-3,2,-2,-2,-1,1,-3,-20,-8,30,-8,4,-26,12,7,13,-6,0,-1,1,-1,-4,-8,-6,-18,-5,-4,-3,-8,-8,-4,-2,-2,-1,0,-1,-1,-12,6,-27,-5,10,-8,0,-8,-27,-37,-14,15,-3,-6,7,-18,-42,-15,-6,-43,7,-32,-18,4,-6,-16,-20,-20,-32,-8,0,10,-17,-12,-14,26,-75,33,-4,-17,-5,1,-28,23,-27,11,-7,-16,-1,0,-70,32,-3,8,14,6,-8,10,-6,-1,-2,10,16,-1,-3,10,-81,57,-15,-23,-125,103,-28,-2,-27,9,-12,-6,-21,-37,-1556,769,-193,571,-544,922,-86,15,-213,21,-213,7,-213,-7,-213,-21,-211,-35,-208,-49,-204,-62,-200,-76,-195,-88,-188,-101,-181,-113,-174,-125,-165,-136,-156,-147,-146,-156,-135,-166,-125,-174,-113,-182,-100,-189,-89,-195,-75,-200,-62,-205,-48,-209,-35,-212,-21,-213,-7,-214],[-742211,46443,51,2,-50,-4,-1,2],[-742209,46438,19,-20,-15,7,-4,13],[-742163,46299,2,3,1,-3,-3,0],[-742160,46445,12,-12,1,-10,-13,22],[-742150,46370,0,7,3,-4,-3,-3],[-742068,46462,7,2,2,1,24,-16,-33,13],[-742028,46455,2,11,8,-14,-10,3],[-741147,44061,20,40,-16,26,22,51,1,20,88,-405,-29,4,-46,60,-30,5,-10,199]]]
3687925	r	-76.7827,3.1029,-75.6932,3.8889	[[[-767827,32337,29,-41,136,-166,146,-157,9,-9,4646,437,1858,-623,2230,-749,63,60,132,141,1300,2148,23,62,116,382,90,389,65,393,38,397,13,399,-13,399,-38,397,-65,393,-90,389,-17,56,-823,166,-5630,0,-2879,1689,-143,-77,-183,-115,-636,-1130,0,-2043,-273,-863,176,-139,9,-114,39,-70,294,-58,61,-39,75,56,90,-180,89,-62,13,-36,-25,-121,17,-19,-49,-96,-10,-107,-105,-124,-68,-30,-54,-96,-106,-48,-72,-79,-54,-101,33,-90,-105,-156,11,-69,-38,-67,-21,-131,-78,-73,-59,-101,-160,-128,-7,-46]]]
3674962	r	-75.9812,5.7485,-74.9816,6.7886	[[[-759812,60900,8,-223,22,-223,36,-220,51,-218,65,-214,78,-209,92,-204,106,-197,117,-189,130,-182,142,-173,153,-163,163,-153,172,-142,182,-130,189,-118,197,-105,203,-92,209,-79,214,-65,217,-51,221,-36,222,-22,223,-7,223,7,222,22,221,36,217,51,214,65,209,79,203,92,197,105,189,118,182,130,62,52,28,-104,76,-13,228,-22,229,-8,229,8,228,22,226,37,223,52,220,67,142,54,-55,164,156,47,204,77,199,90,192,103,185,115,176,127,169,138,159,149,149,159,138,169,126,177,115,185,103,192,90,199,77,203,63,209,49,212,36,215,21,217,7,218,-7,218,-21,217,-36,215,-49,212,-63,209,-64,168,172,-6,60,133,80,214,67,218,51,222,38,225,22,227,7,228,-7,228,-22,227,-38,225,-51,222,-67,218,-80,214,-94,208,-107,201,-121,194,-133,185,-144,176,-156,167,-167,156,-176,145,-185,132,-194,121,-201,107,-208,95,-213,80,-218,66,-222,52,-225,37,-227,22,-228,8,-228,-8,-227,-22,-225,-37,-222,-52,-218,-66,-213,-80,-208,-95,-201,-107,-194,-121,-185,-132,-176,-145,-160,-150,38,-86,-102,-4,-221,-21,-219,-36,-216,-51,-212,-64,-207,-78,-202,-92,-195,-104,-188,-117,-181,-130,-171,-140,-162,-152,-151,-162,-141,-171,-129,-180,-117,-189,-104,-195,-92,-202,-78,-208,-64,-212,-51,-216,-36,-219,-21,-220,-7,-209,399,-124,117,-29,124,-53,-23,-38,-10,-18,-2,2,-94,-131,-95,-152,-84,-159,-74,-163,-63,-168,-52,-171,-37,-159,-647,213,-25,-56,-78,-209,-65,-214,-51,-218,-36,-220,-22,-223,-8,-223]]]
3689147	r	-75.239,10.5714,-74.4522,11.1097	[[[-752390,107900,6,-206,8,-79,80,68,-1,-103,10,-79,23,-73,42,-81,-100,-92,36,-155,1960,0,25,31,8,0,11,-20,13,-11,932,0,10,6,12,20,4,-25,41,-33,26,7,23,38,52,10,6,-4,-8,-21,-31,-26,-16,-40,25,-21,56,8,33,22,16,30,53,64,18,44,20,0,19,-12,27,-3,60,3,31,14,38,32,50,16,41,30,4,-60,21,-99,799,0,2151,-1386,4,3,187,132,177,144,110,101,756,1275,-32,110,-12,1,-91,117,-36,360,-100,343,-104,111,-199,35,34,-111,-53,-84,-78,-90,-40,-131,20,-153,57,-95,89,-24,113,61,-43,-172,-126,-87,-163,-7,-152,67,-17,374,17,98,-102,4,-69,38,-34,71,0,105,-99,-109,-45,-175,-59,-157,-139,-50,-61,71,-18,147,12,304,23,135,59,202,78,169,78,34,142,-67,238,0,70,-95,114,116,133,-90,146,-155,110,-59,-39,135,-123,234,-40,78,-111,289,40,129,72,37,-91,517,-42,5,-35,4,-493,127,-731,245,-978,396,-536,177,-225,75,-251,118,-59,-63,21,-54,9,-125,-43,211,-33,-3,79,-351,-23,-8,5,-24,23,5,7,-17,5,-47,-162,-133,-10,-1,0,1,-1,-1,-329,-31,-281,1,-21,-171,-243,-191,-128,-146,-192,-75,-73,-4,-111,-6,-137,-60,-95,-61,-41,-88,-51,-228,-44,-100,12,-160,-135,-155,-204,-116,-381,-92,-634,-416,-108,-43,-112,-26,-114,-9,-109,-44,-160,-193,-68,-23,-5,-150]]]
7033318	p	3688689
3687238	n	-75.6285,9.7645,-74.836,10.624	[[[-756285,98201,279,-172,301,-159,32,-15,4039,-210,228,85,311,140,301,159,289,178,277,197,264,214,249,231,233,247,216,261,199,275,180,287,161,298,141,307,120,317,99,323,6,26,-1205,1316,-2051,2239,-788,1272,-632,-714,-99,131,-150,165,-166,149,-180,132,-193,114,-202,95,-211,75,-218,54,-151,22,58,-76,-1,-52,-90,-85,-116,-67,-125,-44,-116,-15,-102,-43,-98,-93,-49,-94,40,-43,124,-32,36,-80,1,-109,16,-114,-13,-25,-55,-127,-6,-59,98,-8,71,-17,42,-43,28,-205,-8,-250,-62,-213,-132,-90,-157,73,35,174,107,206,52,168,-93,-60,-285,-318,-65,-57,-122,-52,-62,-59,-39,-78,-53,-184,-38,-86,91,18,52,36,33,62,29,95,69,0,68,-264,51,-67,85,52,69,0,20,-231,54,-269,7,-225,-116,-94,-361,-225,-204,-47,-84,203,-53,-83,-19,-88,19,-86,53,-84,-229,9,-26,-84,41,-123,-27,-113,-91,-117,-25,-57,110,-81,193,-114,2,-1,40,26,305,200,322,176,-48,-101,-9,-96,2,-100,-13,-113,-34,-112,-31,-58,-71,-104,-105,-223,-39,-55,-68,-37,-78,-17,-38,-32,-55,-76,8,-199,10,-22,138,-322,-24,-321,-137,-570,4,-207,-42,-202,-110,-336,-127,-276,-62,-214,7,-230,-56,-183],[-755077,100276,4,10,22,30,-22,-29,-4,-11],[-754919,101469,144,-9,50,4,23,9,-23,-10,-51,-3,-143,9],[-754360,100179,16,8,9,15,-9,-16,-16,-7],[-754127,100457,2,-8,16,-3,-17,3,-1,8],[-754098,100461,13,19,0,-1,-13,-18],[-754080,100474,17,-17,2,-7,-2,6,-17,18],[-752929,103372,14,1,-11,-1,-3,0],[-752883,103325,0,1,12,-31,-12,30],[-752337,102796,1,0,-138,-157,137,157],[-752793,103503,7,12,24,59,-23,-58,-8,-13],[-752777,101658,3,78,-3,-77,0,-1],[-752703,102272,20,-5,9,3,-9,-4,-20,6],[-752682,101525,5,-5,41,-12,-41,13,-5,4],[-752577,102252,7,-12,2,-56,-2,55,-7,13],[-752542,101364,113,-9,-24,-379,24,378,-113,10]],[[-755958,103475,13,-164,38,-121,84,0,39,70,25,127,84,50,116,-32,96,-12,110,113,-26,121,-180,51,-122,50,-77,51,-110,-101,-58,-76,-32,-127]]]
3685533	r	-73.0077,7.5671,-72.3338,8.6393	[[[-730077,78750,822,0,-7,-71,-9,-279,9,-279,27,-277,46,-275,63,-272,37,-121,3466,-1117,982,-388,7,37,-34,191,-136,390,-27,188,0,1,6,4,9,-4,8,17,19,14,-5,39,16,34,8,10,25,-3,8,14,-8,30,7,5,-3,14,6,9,-8,10,17,21,-10,27,0,1,6,17,-8,9,2,23,-19,41,20,91,-12,17,12,32,-10,29,52,62,-20,27,6,22,-15,130,11,41,1,66,-12,138,-14,42,-2,40,28,80,1,15,142,431,2,3,10,26,47,69,24,101,-2,128,23,67,0,38,16,54,-29,97,-2,57,-49,51,-29,49,2,27,-28,76,-12,91,-12,17,-11,12,2,2,-2,2,20,28,3,11,9,5,16,23,0,2,-41,17,-9,10,-4,31,-51,33,-16,18,-16,5,-11,20,-33,5,0,59,-38,-34,-13,8,1,30,-36,1,-11,6,2,44,-33,26,12,62,2,1,-1,2,37,16,10,37,13,20,62,24,17,55,40,-1,24,24,38,-7,5,3,19,16,10,8,9,-3,2,-1,9,4,15,4,10,15,43,0,44,12,-2,54,11,5,4,0,41,15,-7,27,8,10,0,8,-24,37,30,19,23,50,27,13,21,2,17,-6,5,-6,2,-3,1,1,0,1,37,-21,76,71,16,49,-15,21,-17,9,-13,47,12,16,40,15,-14,21,1,26,30,29,3,9,10,4,17,17,-12,16,1,13,-18,48,-7,10,-9,31,16,-1,10,11,46,0,48,5,16,-9,9,2,13,-13,22,-11,9,8,4,-3,39,15,3,3,30,10,15,-2,4,2,7,-4,45,-6,16,-26,12,0,0,-11,18,-9,7,-38,54,-32,2,-2,18,-11,13,-3,9,-11,20,-13,12,-13,27,-74,20,-11,29,-16,33,-8,10,-15,27,-16,-8,84,34,66,-67,121,74,72,-17,71,146,206,-20,384,-190,603,10,15,-24,30,-11,34,-8,15,8,4,-17,13,-15,29,8,3,-15,10,-7,14,9,11,-15,-1,-27,50,31,44,-49,-10,-11,21,18,4,-29,37,-8,-6,-12,23,23,28,-30,-3,5,30,-35,14,-1,2,-16,47,15,55,-45,33,18,49,-29,14,-27,67,21,27,-52,70,61,51,-54,-2,-18,47,16,18,-77,-7,32,33,-26,37,33,4,9,93,47,96,-73,-33,-9,-29,-101,-14,77,11,0,8,90,327,18,163,-28,168,-67,168,-97,151,-119,119,-5,3,-94,50,-94,25,-20,8,-320,355,-91,9,-11,18,-11,-1,-2,2,-196,211,-197,211,-196,211,-197,211,-196,212,-197,211,-195,210,-198,212,-183,197,-127,214,-262,-61,-215,-65,-2919,-7517]]]
3667905	r	-74.4896,4.3793,-74.1032,4.6403	[[[-744895,45750,2568,-1481,0,-13,20,-32,-33,-96,-30,-124,41,-12,38,2,31,-19,16,-27,23,-15,26,-35,-7,-6,1,-9,9,-7,-3,-13,30,-31,32,-9,8,25,-9,34,-1,27,9,16,-9,26,3,14,25,25,31,64,-7,18,19,46,6,-4,5,17,10,8,1,28,9,28,25,18,6,25,19,29,15,1,14,-7,12,7,0,33,-3,7,-3,33,81,175,3,38,13,19,-9,23,1,14,6,9,-3,19,40,26,4,75,-15,56,42,60,3,108,-3,15,-4,1,-26,60,68,32,-37,69,-26,-5,-8,31,-5,0,-16,39,-1,6,9,12,-44,68,20,15,18,24,-10,31,53,5,23,21,33,17,1,10,-8,23,-11,6,-9,21,25,24,-1,22,1,1,-1,1,-1,14,-31,13,7,22,-5,22,3,20,-12,22,-3,48,-12,25,38,19,4,37,-7,3,0,6,-18,15,-15,-8,-17,109,-18,37,-9,40,-6,10,-196,43,-3,-13,-141,184,-1,0,0,1,-1,-1,-13,3,-1,6,-19,-1,12,10,-7,5,3,10,2,7,3,11,-1,0,1,2,-13,6,-15,10,-1,4,5,23,5,15,-2,1,1,1,31,3,-20,5,-13,-7,-1,0,-35,39,-26,-13,-55,3,-36,-4,-12,-8,-6,4,1,28,-8,1,0,-8,-78,-117,-63,62,-4,4,-9,-2,-30,-40,-23,-15,-19,-23,-64,-19,-35,25,-99,38,-22,35,-11,38,-1,81,-131,-10,-1479,-389,-422,-254]],[[-741147,44061,10,-199,30,-5,46,-60,29,-4,-88,405,-1,-20,-22,-51,16,-26,-20,-40]]]
3688465	r	-73.5453,6.5445,-72.6073,7.4957	[[[-735453,71599,43,-29,29,-33,76,-52,93,-47,37,-10,85,38,-60,-27,0,-4995,860,-872,734,1088,117,-109,225,-185,237,-170,248,-154,257,-137,266,-121,273,-102,279,-85,284,-66,288,-48,290,-28,292,-10,292,10,290,28,288,48,284,66,279,85,273,102,266,121,257,137,248,154,237,170,225,185,213,199,200,213,185,225,170,237,154,248,137,257,121,265,102,273,85,279,66,284,48,288,7,72,-469,475,-1731,1754,-352,478,-1514,2704,-88,27,-239,56,-243,40,-245,24,-246,8,-246,-8,-245,-24,-243,-40,-239,-56,-236,-72,-230,-86,-224,-102,-217,-116,-209,-129,-200,-144,-190,-155,-180,-169,-168,-179,-82,-100,-1041,1029,0,-2916,-66,0,-34,-28,-51,-21,-117,-22,-35,-20],[-731757,71434,5,23,19,20,-19,-21,-5,-22],[-731715,71029,1,3,2,2,-3,-5],[-731620,71712,1,17,1,0,-2,-17],[-731609,71676,5,-7,0,-1,-5,8],[-731574,70777,1,0,10,-2,107,-29,-118,31],[-731565,71405,1,-7,11,-21,-11,20,-1,8],[-731498,71511,0,1,10,7,-10,-8],[-731414,70752,8,1,2,0,-10,-1],[-731346,70596,0,1,26,10,-26,-11],[-731287,70623,9,12,21,11,-21,-12,-9,-11],[-731249,70726,6,-16,4,-3,-5,3,-5,16],[-731068,69582,6,-59,0,-1,-6,60],[-730906,68929,0,1,7,-6,-7,5],[-729864,69482,0,1,5,-2,-5,1],[-729819,69529,1,0,6,-1,-7,1],[-729723,69209,6,27,-5,-27,8,-38,-9,38],[-729667,69077,35,-6,3,0,-3,-1,-35,7],[-729610,68861,71,-19,20,-17,-20,16,-71,20],[-729187,70841,40,-7,19,-19,-19,18,-40,8]]]
3680656	r	-75.5324,3.8822,-74.8529,4.9538	[[[-755324,39418,5,-4,332,-207,345,-185,356,-162,100,-38,1685,1837,1985,2164,28,-16,85,25,78,-25,-22,39,4,96,54,88,-14,25,31,35,61,166,24,-12,17,26,122,-49,25,-96,-56,-75,-2,-50,96,15,135,127,29,204,72,80,44,14,38,98,-41,56,-126,-44,-16,-36,-123,59,31,55,-12,55,34,259,-40,7,968,2664,463,1273,-675,1513,-260,138,-3106,-1511,-1207,-1164,-29,9,-66,122,-135,-87,-23,-38,-51,-84,-104,-109,9,-34,-43,-49,-5,-148,31,-12,37,-87,0,-109,-50,-126,-72,-23,-53,-67,-167,12,-189,-44,-26,-97,-50,-47,-48,-8,3,-235,-31,-50,86,-110,39,-18,31,-114,141,-81,146,55,91,4,128,-5,57,-40,1,-2,-353,-1706,-154,-34,-90,-92,-113,-29,-212,-307,-7,-92,-68,-128,-92,-96,-11,-149,-28,-27,133,29,131,212,124,1,74,25,106,-28,66,36,-711,-3437]]]
3668605	r	-74.5152,10.6081,-73.6191,11.358	[[[-745152,109950,90,-517,12,6,5,103,-13,116,30,85,112,52,108,-5,110,-29,116,-18,964,-26,494,92,146,106,-395,-45,-662,-41,-678,68,-439,53]],[[-744900,108667,39,-136,43,-23,-82,159]],[[-744793,108300,100,-343,-13,122,-65,197,-22,24]],[[-744554,107479,32,-110,3671,444,0,-30,-48,-54,2,-216,-101,-114,7,-31,-72,-35,-14,-45,-24,36,-73,-6,-14,-31,-53,-8,-65,-64,-30,-87,9,-99,60,-126,45,-9,-2,-56,-133,-52,-13,-39,29,-110,-48,28,-83,-60,-33,8,18,-84,-106,-56,-8,-66,57,27,-10,-73,143,-7,25,-62,181,16,33,-119,151,-108,131,139,42,286,134,70,98,-7,110,60,113,160,144,36,244,164,113,112,92,8,104,34,35,35,69,9,56,69,85,28,64,83,136,79,80,2,31,32,91,18,188,151,7,36,134,41,47,60,-3,44,115,109,214,91,47,45,56,136,-36,-87,1298,157,791,1420,-2368,610,85,136,123,225,106,233,92,239,75,245,59,249,42,252,25,254,9,256,-9,256,-9,91,-299,21,-394,122,-324,187,-458,97,-74,29,-175,156,-168,119,-193,75,-253,26,-81,-15,-60,-18,-39,-38,-18,-71,-75,0,-82,81,-42,-60,-45,-104,-98,-48,-110,38,-75,155,-100,80,0,-205,-62,0,-21,36,-8,5,-12,0,-34,22,-24,-59,-106,-141,-46,93,-16,42,-6,65,-75,0,16,-240,-72,-46,-129,30,-156,-11,-131,-243,-12,-106,-33,-44,-45,-29,-53,-57,-132,-182,-55,-97,-24,-105,12,-27,15,-10,-1,-1,1,-13,-26,-17,-15,-20,-42,-8,0,-16,15,6,14,-12,8,-19,9,-6,0,8,17,-7,10,4,10,-16,-1,-27,-32,-32,7,-7,7,2,-51,-46,-19,-40,29,-96,29,-59,-33,-38,-2,-27,-14,-25,10,-7,11,6,17,-8,11,1,13,-15,9,-32,32,-30,19,-82,-9,-61,-57,-170,-2,-69,0,-39,29,-68,-6,-20,18,-6,5,-15,-5,-19,27,-37,15,-3,21,-17,18,-52,21,-22,16,-75,8,-4,14,-30,-6,-20,6,-2,-4,-37,18,-20,-8,9,-9,-23,-623,-894,-95,-222,-74,-381,-33,-59,-140,-163,-33,-52,-17,-83,-113,-218,8,-276,-8,-72,-291,-523,-22,-91,-44,-29,-190,-182,-95,-51,-70,-15,-394,-22,-139,21],[-742791,108968,36,-12,0,-1,-36,13],[-742406,108968,208,-17,0,-1,-208,18],[-742136,110785,14,1,34,55,-35,-55,-13,-1],[-741151,110980,1227,-317,-1227,316,0,1],[-740141,110299,1,0,68,-71,117,20,-118,-20,-68,71],[-738812,108909,27,151,-27,-150,23,-51,-23,50],[-738806,109899,96,6,37,-22,-38,22,-95,-6],[-738684,109714,65,-126,-26,-103,25,103,-64,126]]]
3674453	r	-76.5789,8.2198,-75.5706,9.3525	[[[-765789,87686,4222,-5374,135,-114,1252,1091,371,-9,107,-45,736,-43,108,-75,96,-7,18,-274,-23,-142,45,-53,255,26,183,134,13,209,69,42,11,85,27,31,76,35,120,-68,40,-108,154,63,41,-66,77,-54,8,-69,-57,-86,22,-90,48,-60,61,4,30,-36,16,49,39,41,44,75,154,142,27,43,2,74,-2,29,-36,76,60,137,-53,326,22,157,121,-6,28,109,83,31,14,81,52,59,0,80,35,63,38,28,109,4,31,28,66,372,-147,58,35,120,73,92,-24,231,52,88,-521,644,67,59,45,14,44,41,23,42,796,694,545,241,-792,3913,-810,1357,-829,780,-552,520,-151,-25,-307,-71,-302,-91,-295,-111,-287,-129,-278,-148,-267,-165,-257,-183,-244,-199,-230,-214,-215,-229,-200,-243,-139,-193,-4,-27,-61,-148,-92,-118,-67,-58,-136,-253,-42,-93,1933,-1322,-2050,1402,-169,-199,-101,-286,87,-348,-80,-111,-370,-265,-91,-123,-51,-98,-85,-63,-185,-23,-236,-137,-608,-148,-86,-80,73,-119,0,-62,-228,-200,-518,-357,-441,-442,-135,-92,-185,-68],[-760340,89430,22,-17,-4,3,-18,14]]]
3666304	r	-73.8384,9.8186,-72.6839,11.1268	[[[-738384,100485,37,-27,47,-35,78,33,46,-53,68,-9,68,86,73,28,2,-94,78,8,44,-244,109,-39,3,-87,130,-151,4,-79,36,-48,12,-232,28,-43,-34,-101,-65,-72,-10,-127,111,-98,31,-81,89,-106,3,-106,-73,-59,52,-242,33,-43,78,-13,52,-178,323,85,433,-55,0,224,122,-62,-20,-41,18,-154,43,-17,70,26,16,-53,65,-40,45,89,-34,67,14,82,118,97,32,76,85,21,24,28,25,166,-57,115,53,146,-5,187,127,26,77,109,27,81,-5,84,79,81,70,229,95,163,35,15,-21,9,30,11,-21,41,21,2,-6,38,48,-27,10,19,-29,18,28,7,13,42,60,-23,16,-42,57,9,43,67,48,-33,102,36,-31,16,35,16,-27,29,25,19,-8,28,34,-6,-18,21,25,19,-16,40,60,31,-30,65,20,33,-40,16,21,20,-41,86,37,1,19,42,25,-15,20,73,99,41,26,36,43,-19,62,43,27,-40,29,29,6,-40,47,24,13,-25,41,45,0,34,49,24,-3,-33,55,-5,87,46,32,-8,66,117,27,5,-8,32,51,-10,40,107,41,37,33,-8,-23,39,60,33,21,-17,-6,58,42,-16,-22,37,45,42,-38,-12,-11,59,68,63,20,57,32,4,30,81,37,-26,15,75,29,-29,43,46,52,-10,-6,71,46,6,48,69,48,-13,-9,39,-39,-18,-5,39,64,10,30,65,5,-36,34,0,25,73,55,4,32,73,58,6,-7,40,53,-17,57,12,41,53,46,-17,15,40,42,-33,29,93,42,29,-28,46,30,2,1,33,131,93,3,58,3491,83,126,1368,-7,195,10,144,3,47,73,196,156,204,166,167,140,185,184,525,616,707,270,436,483,1364,222,425,-298,323,-7739,2407,-1315,-1567,-791,-1420,-169,-2620,26,27,18,84,77,13,39,17,72,69,91,40,30,20,28,30,48,69,87,30,112,91,11,24,-1,25,-74,159,12,38,20,1,17,-8,82,1,30,-10,38,-1,59,48,118,22,42,0,21,-18,52,-17,114,-19,16,-24,-14,-41,5,-21,-13,-12,-14,-51,1,-61,14,-18,-19,-36,49,-88,10,-31,-14,-83,-4,-113,-14,-38,-19,-30,-80,-46,-52,-52,69,-6,120,-37,-14,-31,3,-29,58,-60,35,-9,48,-25,29,5,12,-9,64,-23,18,-22,7,-51,33,-41,-10,-78,5,-24,-11,-41,22,-47,36,-20,-51,-85,-63,-28,-21,0,-72,28,-24,3,-31,-20,-25,-6,-38,-33,-44,3,-15,16,-36,20,-60,0,-125,-14,-45,-33,-25,-6,-39,9,-62,41,-22,-2,-24,-16,-32,3,3,-30,-11,-14,-1,-38,8,-42,12,-1,3,-27,-14,-9,17,-27,-12,-36,8,-25,-13,-20,0,-14,-19,6,-5,11,-13,4,-18,-9,4,-27,10,-6,-2,-19,-12,-10,5,-3,-5,-16,10,-12,-9,-22,-29,0,-41,-50,-12,8,-13,-13,-10,3,-6,13,-30,2,-48,23,-13,-5,-47,32,-57,-4,-16,9,-16,27,-36,-9,-21,20,-18,-3,-26,-26,-40,10,-6,-8,-10,3,-1,7,-19,-3,-5,-40,11,-12,1,-16,25,-43,12,-13,-6,-5,-15,3,-2,-16,-16,-10,0,-11,-10,-4,-5,-14,1,-29,12,0,8,-12,3,8,23,-23,-4,-26,-8,-7,-20,-2,-6,-11,-7,-21,8,-20,-8,-15,-7,5,1,14,-22,4,-17,-9,-3,-10,-22,-1,1,6,-17,5,13,11,-8,5,0,15,-32,-15,-29,3,-4,17,-15,-7,-26,8,-11,13,-62,-955,-65,43,27,-61,-24,-79,-64,-50,-62,-135,-131,7,-72,-47,-75,-93,26,-75,-32,-45,-41,-12,-110,-121,-87,-39,-108,-110,13,-134,28,-32,74,-16,3,-113,48,-32,26,-105,-34,-229,31,-124,-43,-36,-23,-111,66,-44,54,-78,190,18,109,-50,-142,-37,-171,-102,-16,-9,-35,-91,-14,-35,-7,-6,-69,-52,-5,-85,-68,-92,0,-183,-25,-37,-74,-22,-7,-2,-113,-91,-65,-171]]]
3672486	r	-76.2798,4.398,-75.257,5.118	[[[-762798,47500,8,-243,24,-241,39,-240,55,-236,70,-233,86,-227,100,-221,114,-214,127,-206,141,-198,154,-187,165,-177,177,-166,187,-154,180,-130,1083,-447,2396,2705,1633,119,775,137,1254,-73,23,38,135,87,66,-122,29,-9,1207,1164,-419,228,-1570,853,-257,23,18,18,-2,15,-9,7,-60,1,-55,21,-16,14,-40,4,-116,35,-42,0,-38,-15,-61,-3,-18,-7,-24,-30,-25,-15,-10,0,-94,8,-14,11,-6,38,-12,26,-9,4,-29,3,-32,-21,-22,-6,-39,1,-15,10,-26,92,-35,37,-13,-15,-19,-5,-16,12,-19,-4,-15,-9,-7,-22,-17,-5,-16,5,-31,-5,-23,6,-33,-3,-20,13,-12,-16,-14,1,-10,-31,-10,-5,-10,-17,-21,-12,-10,5,2,7,-9,13,-18,12,-22,2,-12,11,-5,-5,-9,5,-7,-8,-49,28,-18,-5,-16,4,-11,-9,-8,3,-2,-8,-10,7,-10,-3,-2,-14,-15,33,14,31,1,27,6,6,4,44,-10,24,7,20,-4,31,-8,9,1,21,-21,3,-12,34,12,13,-2,19,-33,6,-14,11,-5,26,-9,5,24,31,-4,12,-5,3,-12,-10,-14,5,-25,-7,-22,16,-10,-18,-5,14,-8,2,-22,-1,-9,-7,-14,26,-13,2,-4,10,-17,-2,7,-21,-15,-12,5,-8,21,-1,8,-11,-18,-24,-16,14,-5,-12,-32,-7,3,-16,-7,-8,3,-18,-6,-9,-46,-15,-32,-19,10,-17,-10,-10,2,-15,28,-52,0,-14,-112,-48,-125,16,-30,-12,-37,-4,-59,15,-104,-4,-27,22,-27,49,-29,15,-31,69,-52,13,5,-6,-10,-58,3,-12,-3,-13,-14,-3,8,-19,-9,-54,-8,-12,-1529,648,-856,1103,-20,-2,-238,-39,-236,-55,-232,-71,-226,-85,-220,-101,-214,-114,-205,-128,-197,-142,-187,-154,-177,-166,-165,-177,-154,-187,-141,-198,-127,-206,-114,-214,-100,-221,-86,-227,-70,-233,-55,-236,-39,-240,-24,-241,-8,-243]]]
3675443	r	-75.8577,4.8254,-75.1874,5.3936	[[[-758577,50022,1399,-593,8,12,9,54,-8,19,14,3,3,13,-3,12,10,58,-5,6,52,-13,31,-69,29,-15,27,-49,27,-22,104,4,59,-15,37,4,30,12,125,-16,112,48,0,14,-28,52,-2,15,10,10,-10,17,32,19,46,15,6,9,-3,18,7,8,-3,16,32,7,5,12,16,-14,18,24,-8,11,-21,1,-5,8,15,12,-7,21,17,2,4,-10,13,-2,14,-26,9,7,22,1,8,-2,5,-14,10,18,22,-16,25,7,14,-5,12,10,5,-3,4,-12,-24,-31,9,-5,5,-26,14,-11,33,-6,2,-19,-12,-13,12,-34,21,-3,-1,-21,8,-9,4,-31,-7,-20,10,-24,-4,-44,-6,-6,-1,-27,-14,-31,15,-33,2,14,10,3,10,-7,2,8,8,-3,11,9,16,-4,18,5,49,-28,7,8,9,-5,5,5,12,-11,22,-2,18,-12,9,-13,-2,-7,10,-5,21,12,10,17,10,5,10,31,14,-1,12,16,20,-13,33,3,23,-6,31,5,16,-5,17,5,7,22,15,9,19,4,16,-12,19,5,13,15,35,-37,26,-92,15,-10,39,-1,22,6,32,21,29,-3,9,-4,12,-26,6,-38,14,-11,94,-8,10,0,25,15,24,30,18,7,61,3,38,15,42,0,116,-35,40,-4,16,-14,55,-21,60,-1,9,-7,2,-15,-18,-18,257,-23,1570,-853,16,13,154,145,145,155,134,163,123,172,111,180,100,187,87,193,74,198,61,203,48,206,35,209,20,210,7,212,-7,212,-20,210,-35,209,-48,206,-61,203,-74,198,-87,193,-100,187,-111,180,-123,172,-134,163,-145,155,-154,145,-163,134,-172,123,-179,112,-186,100,-192,87,-198,75,-202,61,-206,48,-208,35,-210,21,-211,7,-211,-7,-210,-21,-208,-35,-206,-48,-202,-61,-198,-75,-192,-87,-186,-100,-179,-112,-172,-123,-163,-134,-154,-145,-145,-155,-134,-163,-63,-89,503,-553,-124,-67,-138,-86,-133,-95,-126,-104,-118,-111,-112,-119,-103,-127,-95,-132,-86,-139,-77,-144,-67,-149,-57,-153,-47,-156,-37,-159,-27,-161,-10,-104]]]
3688452	r	-81.6147,2.6526,-76.6877,4.2331	[[[-816147,39994,12,-16,49,12,41,25,8,69,-39,-12,-45,-42,22,-3,-11,-17,-37,-16]],[[-781944,29809,245,-243,28,31,10,139,0,140,18,140,-83,9,-140,-121,-78,-95]],[[-779067,26965,445,-439,5,2,-263,346,-143,88,-44,3]],[[-778851,27196,12,-116,32,-118,61,-114,219,-290,420,142,-46,185,-39,77,-279,279,-40,-32,-35,-18,-29,-30,-26,-62,-112,44,-31,24,-82,79,-25,-50]],[[-778129,27541,11,-56,43,-27,88,-18,-57,-99,-19,-86,34,-61,104,-27,-53,-90,2,-90,63,-67,131,-26,0,-75,-205,0,0,-62,26,-7,5892,1992,2662,2399,22,-2,113,123,663,598,77,243,3,-1,19,-28,200,42,212,-43,147,102,70,129,46,-14,15,93,160,128,59,101,78,73,21,131,38,67,-11,69,105,156,-33,90,54,101,72,79,106,48,54,96,68,30,105,124,10,107,49,96,-17,19,25,121,-13,36,-89,62,-90,180,-75,-56,-61,39,-294,58,-39,70,-9,114,-176,139,273,863,0,2043,-478,-47,91,82,61,16,89,160,-6,70,20,33,-51,27,-39,61,-24,60,18,30,-59,100,12,45,-53,46,5,42,-23,-12,-11,64,-51,67,7,33,-53,38,-54,118,-9,10,-2,-32,-32,-219,-54,-215,-74,-209,-95,-201,-113,-190,-59,-80,-3332,-329,-73,66,-75,84,6,-120,26,-29,2,-12,-59,-6,5,-18,62,-30,39,-251,40,4,-2,35,99,122,20,11,42,-44,-62,-20,41,-155,44,-4,-4,-29,23,-192,-50,-25,-82,22,-115,82,-94,-291,-63,-123,-177,-210,-46,-92,19,-39,-81,-92,-118,1,10,17,13,3,-6,16,55,-6,13,49,-71,-25,0,35,-210,-19,-200,-44,37,-98,-28,-11,-83,43,-93,-62,-146,-188,-57,-12,-23,-90,-50,-65,3,-113,-51,-70,-36,-3,-147,-138,-159,-190,-32,-73,123,-122,-38,-48,-13,-80,-143,-300,-113,-164,-97,-74,-81,-165,-9,-36,22,-20,-44,-63,-85,-12,-61,-16,60,36,-20,28,-43,-8,-71,-48,-30,-34,-99,22,-119,-71,-113,-114,-79,-111,-4,-86,-37,-20,-51,-177,-28,-3,-92,101,19,-82,-136,-213,-154,-202,-47,-40,-122,-153,6,-18,-69,-91,-9,-64,87,-41,2,-70,359,-25,2,0,-5,-20,-10,-86,-32,-100,-164,68,-145,-46,-118,-217,-200,-370,-763,-642,-146,-154,-227,-327,-368,-438,-17,-121,96,49,251,225,34,-114,88,-36,112,23,107,64,-28,42,0,6,14,17,14,72,49,-91,76,-13,83,6,66,-39,41,-92,-27,-21,-52,-17,-48,-132,-56,-35,-2,-51,40,-45,138,-37,34,-54,8,-110,-10,-39,-44,-32,-91,-91,-49,-92,-10,-61,-33,-20,-113,35,-105,76,-83,100,-91,81,-137,16,-138,-108,-56,-206,8,-218,56,-150,211,118,305,44,216,-73,-56,-232,-32,73,-58,54,-79,44,-97,40,-119,-138,-134,-35,-146,-17,-153,-83,-119,-177,368,-94,98,-214,-75,0,-22,58,-67,82,-41,65,-139,-35,-184,13,-160,33,-70,24,-62,-70,-110,-65,-40,-74,151,-92,87,0,165,76,83,-15,36,-56,-56,-40,-90,-26,-64,-7,-137,-55,-126,-101,-139,-59,-176,72,-5,-104],[-768129,37500,63,17,53,-6,-116,-11]],[[-774438,41252,132,-202,22,-77,-3,-54,-73,-162,40,-12,8,-122,65,-138,-18,-54,-55,8,-48,-22,-34,-200,32,-120,220,-142,239,-221,44,-3,-41,43,18,17,-46,2,-6,27,35,-19,19,46,33,-8,114,-142,-28,-42,-24,18,3,-86,98,-127,70,-174,44,-19,62,27,-4,34,38,-18,148,451,39,-36,46,6,-12,100,21,-10,23,49,-25,16,46,66,-47,12,28,104,59,8,-2,23,-32,4,23,-6,-15,-11,-20,21,20,64,37,-15,-25,26,41,20,-9,91,46,-11,12,22,-25,43,27,30,-14,24,24,-8,22,59,-2,-45,63,30,11,33,-31,16,61,-27,17,39,79,18,-16,48,-72,25,49,-2,-30,81,22,-30,24,22,10,-59,17,58,60,-40,16,60,-17,55,37,-42,53,-12,-7,41,47,60,122,-85,29,204,-91,23,-13,25,123,-20,28,-44,34,31,-13,-43,48,8,-1,-49,36,7,28,53,37,-12,21,-49,-40,-36,33,-3,-22,-27,30,-55,-10,-40,-30,-6,20,-74,101,35,60,-5,-39,87,21,9,35,-33,24,-61,33,22,7,47,0,-102,-28,3,-31,-35,83,25,6,-25,68,39,4,-97,-63,-89,100,9,-49,-24,27,-15,-44,0,5,-20,-48,8,10,-47,34,-8,78,87,164,149,177,132,190,114,200,95,208,75,211,53,-116,72,-77,-72,-138,8,-23,12,-24,87,-94,75,-38,62,-56,272,-55,73,-45,6,-73,62,-93,147,-93,11,-209,-104,-153,-3,-42,-20,-21,-78,-50,-61,-47,-11,-54,24,-220,229,-36,71,8,387,-43,64,-117,1,-143,-113,-79,-156,18,-129,-27,-122,-165,-147,-41,-4,-68,39,-181,209,-56,34,-105,30,-112,-37,-130,-115,-43,-126,-117,-86,20,-88,-29,-41,-263,-45,-176,18,-70,-76,-20,-124]],[[-773220,39112,12,-86,66,24,11,57,-1,-38,36,22,77,-98,44,32,29,-35,97,-39,19,22,32,-7,-16,49,70,-47,-39,-1,14,-41,-26,6,-12,-49,-27,31,-52,-16,-50,-85,4,-22,23,4,-34,-53,-27,-2,11,22,-87,-20,35,-44,-27,-22,11,-60,96,-33,37,-78,47,-14,30,-90,122,-12,92,-72,12,16,-24,-6,10,23,-21,19,38,-9,32,-15,2,-32,50,4,9,-36,82,71,60,6,102,-58,23,19,-25,19,15,21,35,-7,3,26,55,-31,94,-10,32,57,72,-6,96,-74,40,0,51,108,-13,38,75,28,7,-31,33,6,31,72,141,41,154,148,67,-18,41,46,101,1,63,200,27,17,-11,38,58,-35,18,-49,29,38,-54,46,47,4,-42,38,-3,-23,-22,14,-16,-22,10,31,-18,8,-44,-48,-15,37,25,-13,22,33,-27,23,65,-26,87,27,-6,-1,0,68,70,24,67,39,-253,-3,-115,20,-104,57,35,-434,-581,-331,-704,-119,-25,167,-11,222,11,222,32,219,54,215,74,209,8,16,-10,-2,-29,37,25,-2,-9,28,-99,-5,-74,-85,36,-8,-50,-34,30,-5,18,-43,-59,35,-66,-75,-7,32,49,54,-46,20,-31,-31,-3,20,47,38,17,-21,26,36,-72,12,5,20,105,8,38,62,-19,-17,-52,22,61,18,-29,3,1,25,-40,-6,2,33,-37,-24,4,35,-89,9,-30,-41,10,-64,-38,60,-34,-9,5,-69,-20,-5,21,-5,-19,-9,-21,40,16,26,-20,14,-44,-21,-15,-96,-30,-47,-48,-20,57,-47,-20,-5,21,-14,-39,-53,-2,44,-89,-70,7,39,86,53,-36,20,-86,-14,5,-24,-43,1,-43,-52,38,-107,6,-99,-27,-57,-47,12,23,-94,-35,-45]],[[-772496,39880,19,-20,28,11,-34,-73,58,49,28,-10,-10,-32,29,-21,29,66,3,-77,30,14,-19,-83,95,16,144,53,0,68,-222,-44,33,69,113,190,20,27,-16,-6,-75,-76,0,-36,-51,7,-26,-56,-24,24,-64,-17,-7,-33,24,-12,-15,-20,-27,3,-17,35,-46,-16]],[[-771797,37469,123,-90,151,-48,221,-16,46,20,-26,45,-72,45,-90,20,-109,0,-81,8,-64,40,-11,19,-7,-8,-81,-35]],[[-771463,37681,102,-30,24,17,37,61,-82,25,-81,-73]],[[-771352,37842,22,-49,63,-7,-44,-36,17,-11,29,48,-87,55]],[[-771233,38184,18,-20,18,-69,-6,-104,147,144,-19,61,-10,-40,-77,29,-71,-1]],[[-771136,38351,22,-130,37,-17,-42,137,-3,25,-14,-15]],[[-770877,39072,48,-52,97,39,24,-29,40,19,20,-18,20,24,-4,-44,61,63,-32,72,35,7,-12,-38,26,6,11,-28,16,31,15,-40,91,29,3,-24,36,44,41,2,9,9,-2,12,4,-11,14,13,0,63,-437,-93,4,-32,30,0,-43,-3,2,-21,-13,16,-8,-17,-96,1]],[[-770814,38928,24,-56,56,-74,49,-37,23,7,19,-33,46,62,-5,16,10,-9,26,35,2,5,-115,97,-135,-13]],[[-770623,38942,80,-62,41,73,0,2,-121,-13]],[[-769974,41034,113,-16,214,-54,208,-75,200,-95,190,-114,177,-132,161,-147,32,63,-42,30,-35,110,-48,59,-90,21,-33,47,-7,65,-106,141,-219,106,-99,23,-108,108,-157,35,-208,-36,-72,14,-27,-96,-44,-57]]]
3688928	p	3674962
3672778	r	-77.9007,0.8213,-76.9014,1.8739	[[[-779007,14120,6613,-5880,554,407,5,-8,86,35,36,-9,44,-62,-5,-50,31,-69,57,6,38,-53,40,-12,56,-101,-22,-30,77,-81,49,25,50,-13,23,25,111,23,141,65,-125,168,-30,77,24,51,-5,112,-75,92,34,107,16,50,2,5,128,59,5,50,150,42,15,102,89,122,-3,29,70,33,-2,28,885,652,765,6806,66,586,-177,128,-361,226,-375,202,-387,176,-398,151,-407,124,-414,97,-419,70,-423,42,-425,14,-425,-14,-423,-42,-419,-70,-414,-97,-407,-124,-398,-151,-387,-176,-375,-202,-361,-226,-346,-249,-328,-272,-311,-292,-290,-312,-270,-331,-248,-348,-224,-363,-201,-378,-175,-390,-150,-400,-55,-182]]]
3673899	r	-75.8892,2.3098,-74.6632,3.5502	[[[-758892,28343,42,-253,92,-395,117,-389,142,-379,167,-370,190,-358,213,-345,235,-330,256,-313,276,-297,295,-277,312,-258,328,-236,343,-214,356,-192,367,-167,378,-143,386,-118,394,-92,398,-66,402,-40,403,-13,403,13,402,40,398,66,394,92,386,118,378,143,367,167,356,192,343,214,328,236,312,258,295,277,276,297,256,313,235,330,213,345,190,358,167,370,142,379,117,389,92,395,66,400,39,404,13,406,-13,406,-39,404,-66,400,-92,395,-117,389,-142,379,-167,370,-190,358,-213,345,-235,330,-256,313,-276,297,-295,277,-312,258,-328,236,-343,214,-356,192,-367,167,-378,143,-386,118,-394,92,-398,66,-402,40,-403,13,-403,-13,-402,-40,-398,-66,-394,-92,-386,-118,-378,-143,-367,-167,-356,-192,-343,-214,-328,-236,-312,-258,-132,-124,-279,-461,-1300,-2148,0,-1,-134,-220,-180,-2666]]]
3667849	p	3689147
3665900	r	-74.0932,3.7501,-72.9037,4.7834	[[[-740932,38977,6712,-915,499,-68,3616,-493,95,152,224,421,196,435,167,447,138,456,108,465,78,471,46,475,16,477,-16,477,-46,475,-78,471,-108,465,-138,456,-167,447,-196,435,-224,421,-251,405,-277,388,-301,369,-325,348,-347,326,-368,303,-386,278,-404,252,-407,218,-327,-134,-1802,-902,-4724,-4375,-1003,-3446]]]
3671916	r	-77.0598,1.9876,-76.1602,2.8008	[[[-770598,24400,10,-296,29,-295,48,-292,66,-288,86,-283,103,-277,122,-270,139,-261,155,-252,172,-240,186,-229,202,-216,214,-203,228,-187,239,-173,250,-156,260,-140,268,-122,275,-104,282,-86,287,-67,290,-49,293,-29,294,-9,294,9,293,29,290,49,287,67,180,55,2842,2665,73,196,86,283,66,288,48,292,29,295,10,296,-10,296,-29,295,-48,292,-66,288,-86,283,-103,277,-122,270,-52,98,-4997,1126,-1206,272,-492,111,-25,-19,-228,-187,-214,-203,-202,-216,-186,-229,-172,-240,-155,-252,-139,-261,-122,-270,-103,-277,-86,-283,-66,-288,-48,-292,-29,-295,-10,-296]]]
3673164	p	3687925
3689560	r	-76.0088,4.057,-75.403,4.6941	[[[-760088,43980,2177,-2431,71,-22,-14,-42,705,-852,134,-22,307,-30,308,-11,308,11,307,30,304,50,301,71,136,41,431,2082,-66,-36,-106,28,-74,-25,-124,-1,-131,-212,-133,-29,28,27,11,149,92,96,68,128,7,92,212,307,113,29,90,92,154,34,353,1706,-1,2,-57,40,-128,5,-91,-4,-146,-55,-141,81,-31,114,-39,18,-86,110,31,50,-3,235,48,8,50,47,26,97,189,44,167,-12,53,67,72,23,50,126,0,109,-37,87,-31,12,5,148,43,49,-9,34,104,109,51,84,-1254,73,-775,-137,-1633,-119,-2396,-2705]]]
3680450	p	3674962
3667983	r	-75.8137,8.8941,-75.0429,9.721	[[[-758137,93005,829,-780,810,-1357,1466,-362,-13,-22,-1,-63,-13,-17,-40,-27,1,-40,-17,-5,-30,-23,4,25,-52,17,1,6,-41,4,-19,-8,-15,4,-33,-25,-11,-1,-24,17,-21,27,-5,-36,-19,6,-25,-6,-11,-42,9,-19,-7,-2,8,-5,12,-38,-55,-29,-62,-9,-36,20,-30,4,-67,-14,-24,22,-76,4,-62,-12,-31,-28,-3,-25,11,-19,19,-15,30,-6,15,-11,14,-43,-5,-51,-27,-50,9,-184,20,-10,2,8,10,7,8,-4,19,-38,34,-30,8,-29,9,-10,25,3,12,34,33,5,11,39,17,4,139,9,33,-6,56,18,80,-22,25,0,28,9,15,17,26,-4,29,25,-3,37,10,19,37,23,27,0,18,12,17,45,21,32,9,1,4,-13,-4,-30,4,-25,15,-1,45,19,27,34,37,19,18,22,64,-5,51,79,52,60,39,23,59,14,22,15,-3,-58,35,-33,25,-4,31,-17,77,-4,20,-8,20,-18,8,-43,25,-15,21,-23,40,-4,11,-12,26,-7,18,-15,-3,-28,29,-20,0,-20,34,-3,17,-11,50,-3,-8,-36,8,-10,24,30,10,-6,-8,-40,36,3,26,-6,7,39,28,-1,12,-9,154,5,30,-3,30,-12,-10,-26,-41,-48,4,-29,13,-9,29,8,35,-39,69,-48,21,22,16,3,0,-20,9,-16,23,-32,24,-17,17,-40,61,-13,32,23,3,30,11,12,44,3,33,-26,19,23,2,2,5,2,17,6,14,5,18,-2,2,0,14,-2,110,-47,25,-32,18,-83,30,-33,47,-26,11,0,50,5,52,29,61,-61,10,-15,0,-1,3,-5,9,-38,24,-23,31,-70,67,-68,30,-63,4,-52,21,-26,27,-2,31,19,30,-30,18,3,15,-11,14,-1,102,17,45,29,44,7,49,26,15,15,25,61,28,16,9,21,52,38,37,9,63,-11,6,4,-27,76,7,38,-10,94,3,79,21,62,7,52,-15,79,12,31,17,11,30,0,19,-11,27,-3,17,-14,126,-34,57,2,-50,72,419,-104,950,563,-348,1719,336,3543,-97,135,-176,213,-190,201,-202,188,-215,175,-225,160,-235,146,-245,130,-252,113,-260,97,-265,80,-270,63,-274,45,-276,27,-277,9,-277,-9,-276,-27,-274,-45,-270,-63,-265,-80,-260,-97,-252,-113,-241,-128,19,-17,124,-145,108,-275,-8,-589,-194,-635,-240,-458,-380,-330,-140,-99,-248,67,-9,2,-185,52,-224,36,-228,-39,-191,-94,-207,-140,-38,-163,-45,-272,-27,-274,-9,-270]]]
3682385	p	3688465
3688451	n	-77.2551,3.7135,-76.8058,4.1034	[[[-772551,38800,11,-222,25,-167,704,119,581,331,-35,434,104,-57,115,-20,253,3,-67,-39,-70,-24,0,-68,6,1,12,4,21,22,-12,42,11,-24,2,20,26,-6,-7,-32,14,19,13,-28,22,5,9,16,4,-13,19,4,7,16,-16,19,24,14,-1,-46,17,3,5,7,1,-5,437,93,0,-63,-14,-13,8,-21,51,-15,-19,-20,16,-18,-65,23,-16,-29,-81,-16,-3,-2,35,-29,-56,9,-14,-24,-17,-88,-11,38,-41,-73,13,-10,-19,-46,34,-12,-22,-119,-72,-93,-103,30,-15,-6,42,-18,-35,-11,36,-28,-34,17,9,-22,-128,27,-48,-12,-92,-61,1,-72,-54,53,-36,-11,-14,-76,-42,-44,3,-25,42,-137,3,-2,-1,-6,19,-61,-147,-144,6,104,-18,69,-18,20,-7,0,-147,-115,-36,27,-53,-4,28,-172,28,-35,1,-1,41,18,26,-60,87,-55,-29,-48,31,-22,-37,12,-37,-61,-24,-17,37,-11,-35,-16,46,-32,-118,13,-10,-7,43,-79,-52,-1,86,-17,-90,1,19,-24,-113,35,-95,61,-9,0,-57,-62,11,-19,64,-40,81,-8,109,0,90,-20,72,-45,26,-45,-46,-20,-221,16,-151,48,-123,90,-55,-24,-58,78,-38,-16,-25,-82,6,-140,75,-84,73,-66,3332,329,59,80,113,190,95,201,74,209,54,215,32,219,2,32,-123,118,-670,1198,12,57,120,43,44,97,83,78,-6,66,-124,114,11,20,-161,147,-177,132,-190,114,-200,95,-208,75,-214,54,-113,16,-28,-36,-133,12,-63,-35,-352,42,-115,-19,-74,17,-3,2,-211,-53,-208,-75,-200,-95,-190,-114,-177,-132,-164,-149,-78,-87,8,-2,-18,-9,-48,-54,2,-16,-34,-23,-30,-42,19,0,-27,-34,-2,-55,-25,16,-27,-10,-20,-27,-113,-190,-33,-69,222,44,0,-68,-144,-53,-95,-16,-4,-17,-33,-6,-8,-16,-74,-209,-54,-215,-32,-219,-11,-222]],[[-770643,38735,2,-3,27,-5,28,33,-11,37,-46,-62]]]
3666645	r	-76.7177,3.6977,-75.5838,4.6133	[[[-767177,44270,427,-1774,8771,-5296,823,-166,286,-57,216,303,218,352,195,366,170,377,146,388,87,288,-1311,1582,-705,852,-57,64,-2177,2431,-1083,447,-1,0,-4130,1706,-103,-65,-336,-241,-319,-263,-302,-284,-282,-302,-262,-321,-240,-337,-31,-50]]]
3685095	p	3672486
3689169	r	-74.4458,6.6444,-73.515,7.6553	[[[-744458,70706,3221,-2964,40,39,87,57,49,-88,4,-87,65,-32,-64,-32,-2,-22,551,-507,5357,-626,0,4995,-25,-11,-37,10,-93,47,-76,51,-29,34,-44,29,36,20,117,22,51,21,34,28,66,0,0,2916,-59,862,-137,98,-325,203,-338,180,-349,158,-359,135,-367,111,-373,87,-378,63,-382,37,-383,13,-383,-13,-382,-37,-378,-63,-373,-87,-367,-111,-359,-135,-349,-158,-338,-180,-325,-203,-312,-223,-109,-89,-2130,-3772,-3,-18,-37,-381,-13,-377]]]
3670745	r	-73.1494,11.276,-72.6424,11.7178	[[[-731494,114220,76,-140,93,-147,102,-140,111,-134,119,-126,128,-118,136,-110,142,-100,149,-91,154,-82,160,-71,164,-61,167,-50,171,-39,173,-29,174,-16,175,-6,175,6,174,16,173,29,171,39,167,50,164,61,160,71,154,82,149,91,142,100,136,110,128,118,119,126,111,134,102,140,93,147,82,152,73,158,61,161,51,166,40,168,29,170,17,172,5,173,-5,173,-17,172,-29,170,-40,168,-51,166,-61,161,-73,158,-82,152,-93,147,-102,140,-111,134,-35,37,-290,-98,-184,-109,-1743,-1403,-1208,-628,-571,-536,-334,-149,-41,-35]]]
3666608	r	-73.7008,5.1985,-73.0523,5.8812	[[[-737008,55400,7,-223,22,-223,37,-220,50,-218,65,-214,78,-209,92,-203,106,-198,117,-189,130,-182,142,-173,152,-163,163,-153,172,-141,182,-131,189,-118,197,-105,203,-92,209,-79,213,-65,217,-50,220,-37,222,-22,223,-7,223,7,222,22,220,37,217,50,213,65,209,79,203,92,197,105,189,118,182,131,172,141,163,153,152,163,142,173,130,182,117,189,106,198,20,44,-903,2256,-2252,2622,-145,-4,-222,-22,-220,-37,-217,-50,-213,-65,-209,-79,-203,-92,-197,-105,-189,-118,-182,-131,-172,-141,-163,-153,-152,-163,-142,-173,-130,-182,-117,-189,-106,-198,-92,-203,-78,-209,-65,-214,-50,-218,-37,-220,-22,-223,-7,-223]]]
3665688	r	-72.9965,4.5637,-71.6156,6.1046	[[[-729965,48578,243,-296,346,-371,370,-347,392,-323,412,-296,430,-268,447,-239,461,-210,475,-179,485,-147,493,-116,500,-83,505,-49,506,-17,506,17,505,49,500,83,493,116,485,147,475,179,461,210,447,239,430,268,412,296,392,323,370,347,346,371,322,392,295,413,268,432,239,448,209,462,178,476,147,486,115,495,83,501,50,505,16,508,-16,508,-50,505,-83,501,-115,495,-147,486,-178,476,-209,462,-239,448,-268,432,-295,413,-322,392,-346,371,-370,347,-392,323,-412,296,-430,268,-447,239,-461,210,-475,179,-485,147,-493,116,-192,32,-3223,-4648,-2117,-3053,-1501,-2164,-543,-2603]]]
3682426	r	-76.0749,0.7679,-74.7633,2.2898	[[[-760749,12670,2005,-4523,54,-21,524,-160,534,-125,540,-90,545,-54,547,-18,547,18,545,54,540,90,534,125,524,160,512,194,499,228,483,260,465,291,445,321,423,349,399,377,375,402,347,426,319,448,289,468,258,486,226,502,193,515,159,528,124,536,90,544,53,548,18,551,-18,551,-53,548,-90,544,-124,536,-159,528,-193,515,-226,502,-258,486,-289,468,-319,448,-271,332,-5595,1340,-2910,-5390,-61,-15,-155,-98,86,-47,41,-5,-2522,-4673]]]
3675657	r	-72.7002,10.8928,-71.7077,12.009	[[[-727001,109423,81,-85,305,-282,158,-128,326,225,186,177,180,244,344,837,82,113,189,201,75,105,28,97,9,191,45,90,178,117,33,5,57,-59,71,-18,67,-92,151,116,48,-124,95,71,39,-5,21,39,164,9,407,126,169,121,152,-32,-7,-30,19,-8,95,25,80,-27,180,6,253,-65,223,15,41,54,2665,4868,-21,66,30,71,-19,102,91,60,259,66,586,150,586,151,586,150,585,149,32,9,-8,11,-243,336,-266,319,-286,302,-305,282,-323,262,-340,240,-356,218,-369,195,-381,170,-391,146,-400,120,-408,93,-413,68,-349,34,-222,-342,-126,-358,-17,-88,-42,-105,-184,-180,-125,-157,-531,-210,-434,-310,-324,-79,-256,-210,-159,-90,-186,-48,-432,-15,-815,-3373,-282,64,-10,-49,-47,-41,-51,-165,3,-67,-94,5,-58,-48,-75,38,-92,9,-8,-23,59,-9,56,-96,-20,-16,9,-33,58,-101,-21,-32,10,-97,117,-179,7,-93,60,-143,1,-236,115,-51,-60,27,-910,-3766]]]
3672328	p	3688465
3682631	p	3674962
3682516	p	3688689
3672110	r	-76.5885,1.3082,-75.5998,2.3919	[[[-765885,18500,11,-354,35,-353,57,-350,80,-346,95,-312,4297,-3640,107,-18,351,-34,325,-11,2300,4261,-41,5,-86,47,155,98,61,15,2140,3964,-24,39,-206,288,-223,274,-241,259,-257,242,-273,225,-286,207,-299,187,-311,167,-321,146,-330,125,-337,103,-343,81,-348,58,-351,34,-352,12,-174,-6,-1240,-1163,-2842,-2665,-1098,-1030,-20,-201,-11,-354]]]
3675707	p	3688689
3687230	p	3672486
3665542	r	-74.3408,4.7583,-73.6205,5.4006	[[[-743408,51873,320,-541,544,-922,193,-571,1556,-769,21,37,12,6,27,-9,28,2,125,-103,15,23,81,-57,3,-10,-16,1,2,-10,6,1,8,-10,-14,-6,3,-8,70,-32,1,0,7,16,27,-11,28,-23,5,-1,4,17,75,-33,14,-26,17,12,0,-10,32,8,20,20,6,16,18,-4,-7,32,6,43,42,15,-7,18,3,6,14,-15,27,37,0,8,-10,8,27,5,12,-6,1,1,1,0,2,2,8,4,3,8,5,4,6,18,4,8,-1,1,0,1,-13,6,-12,-7,-4,26,-30,8,20,8,-1,3,2,1,-2,2,-1,3,-9,8,-17,2,0,1,10,9,1,1,22,-9,8,2,0,2,2,1,-4,35,57,-44,-11,-33,38,-11,13,-21,43,-17,10,-12,19,-8,20,-3,17,11,18,-11,25,-1,-19,-31,-29,-137,9,-21,-4,-21,-13,-25,-8,-2,5,-14,-15,-25,-14,-112,-2,-8,2118,-1047,73,118,93,173,80,179,69,183,57,188,44,191,32,194,6,55,786,-233,51,113,87,233,72,238,57,243,40,245,24,248,9,249,-9,249,-24,248,-40,245,-57,243,-72,238,-87,233,-103,227,-117,220,-131,211,-145,203,-157,192,-170,182,-181,170,-192,158,-202,145,-211,132,-219,117,-226,103,-232,88,-238,72,-242,57,-245,40,-247,25,-248,8,-248,-8,-247,-25,-245,-40,-242,-57,-238,-72,-232,-88,-226,-103,-219,-117,-211,-132,-202,-145,-192,-158,-181,-170,-170,-182,-157,-192,-145,-203,-131,-211,-117,-220,-5,-10]]]
3671116	r	-76.9288,5.4207,-76.3912,5.9593	[[[-769288,56900,6,-176,17,-175,29,-174,40,-172,51,-169,62,-164,72,-161,83,-155,93,-150,103,-143,111,-136,120,-129,129,-121,136,-111,143,-103,149,-93,155,-83,160,-73,165,-62,168,-51,172,-40,173,-29,175,-17,176,-6,176,6,175,17,173,29,172,40,168,51,165,62,160,73,155,83,149,93,143,103,136,111,129,121,120,129,111,136,103,143,93,150,83,155,72,161,62,164,51,169,40,172,29,174,17,175,6,176,-6,176,-17,175,-29,174,-40,172,-51,169,-62,164,-72,161,-83,155,-93,150,-103,143,-111,136,-120,129,-129,121,-136,111,-143,103,-149,93,-155,83,-160,73,-165,62,-168,51,-172,40,-173,29,-175,17,-176,6,-176,-6,-175,-17,-173,-29,-172,-40,-168,-51,-165,-62,-160,-73,-155,-83,-149,-93,-143,-103,-136,-111,-129,-121,-120,-129,-111,-136,-103,-143,-93,-150,-83,-155,-72,-161,-62,-164,-51,-169,-40,-172,-29,-174,-17,-175,-6,-176]]]
3675595	p	3689147
3670730	p	3674962
3674292	p	3688689
3686675	p	3688689
3675692	r	-75.0777,8.6697,-74.1818,9.9575	[[[-750777,91885,348,-1719,4003,-2591,1356,-878,3252,10310,-166,200,-328,349,-350,326,-98,79,-3732,1614,-351,-43,-3395,-1959,-203,-2145,-336,-3543]]]
3682281	p	3688689
3688256	n	-76.5251,3.72,-76.0755,4.0933	[[[-765251,39000,11,-222,32,-219,54,-215,74,-209,47,-99,1424,-836,1967,0,70,52,164,149,148,165,132,178,113,190,95,201,74,209,54,215,32,219,5,98,-3408,2057,-88,-53,-177,-132,-164,-149,-148,-165,-132,-178,-113,-190,-95,-201,-74,-209,-54,-215,-32,-219,-11,-222]]]
3667873	r	-73.1426,5.3097,-72.5305,6.0279	[[[-731426,56190,903,-2256,289,-724,154,-36,258,-43,261,-25,261,-9,261,9,261,25,258,43,254,60,250,76,95,35,2616,3773,-8,244,-25,260,-43,259,-59,255,-76,251,-92,245,-108,238,-124,231,-138,223,-152,213,-166,202,-179,191,-190,180,-203,166,-5,3,-4553,-4089]]]
3682018	p	3688465
3682028	r	-75.0272,4.0958,-74.5648,4.6724	[[[-750272,43090,191,-88,2,48,56,75,-25,96,-122,49,-17,-26,-24,12,-61,-166]],[[-750077,43000,1237,-570,12,8,3,-15,3177,-1465,-431,4792,-924,805,-137,42,-236,55,-240,40,-241,24,-243,8,-243,-8,-241,-24,-240,-40,-168,-39,-968,-2664,40,-7,-34,-259,12,-55,-31,-55,123,-59,16,36,126,44,41,-56,-38,-98,-44,-14,-72,-80,-29,-204,-135,-127,-92,-15]]]
3670502	r	-75.2846,10.2486,-74.5573,10.7259	[[[-752846,107100,442,-1083,788,-1272,2051,-2239,113,-11,252,-9,252,9,251,24,249,41,246,56,241,73,236,88,230,103,222,117,214,132,205,145,195,159,184,170,173,183,160,192,147,203,133,212,119,220,30,66,140,917,-183,118,-2151,1386,-799,0,-21,99,-4,60,-41,-30,-50,-16,-38,-32,-31,-14,-60,-3,-27,3,-19,12,-20,0,-18,-44,-53,-64,-16,-30,-33,-22,-5,-1,-51,-7,-25,21,16,40,31,26,8,21,-6,4,-52,-10,-23,-38,-26,-7,-41,33,-4,25,-12,-20,-10,-6,-932,0,-13,11,-11,20,-8,0,-25,-31,-2146,0,-23,-32,-68,0,0,32,-283,0]]]
3673662	r	-73.6049,7.7826,-72.9008,8.6974	[[[-736049,78533,153,-95,265,-141,274,-123,281,-106,288,-87,292,-68,297,-48,299,-30,300,-9,300,9,299,30,297,48,292,68,288,87,281,106,274,123,265,141,255,158,244,175,232,190,219,204,206,219,190,231,175,244,159,254,142,264,124,272,105,281,88,286,68,292,49,295,29,298,10,299,-10,299,-29,298,-49,295,-68,292,-88,286,-105,281,-124,272,-142,264,-159,254,-175,244,-190,231,-206,219,-219,204,-232,190,-244,175,-255,158,-265,141,-274,123,-281,106,-288,87,-292,68,-297,48,-299,30,-300,9,-150,-4,-749,-2746,-7,-2,-11,-21,-27,-19,-25,-33,-37,-25,-23,-70,-31,-21,-30,0,-64,63,1,67,-16,28,-41,12,-14,20,-13,7,-27,-8,-26,7,-16,-11,-17,5,-19,-18,-1,-44,-30,-55,-124,-107,-25,-9,-37,-26,-10,-15,-4,-45,-17,-32,-15,-9,-36,-2,-22,-17,-5,-14,37,0,51,14,91,-6,44,9,109,-3,35,-7,67,-29,41,-43,-5,-45,16,-34,-3,-22,8,-8,51,1,28,13,42,-26,-1393,-5111]]]
3668572	r	-76.895,2.6597,-76.0651,3.2401	[[[-768949,30100,9,-273,26,-271,45,-270,61,-266,79,-261,96,-255,112,-249,128,-241,72,-117,5770,-1300,56,35,221,159,210,173,198,186,185,200,173,211,158,221,143,232,128,241,112,249,96,255,79,261,61,266,45,270,26,271,9,273,-9,273,-26,271,-45,270,-61,266,-79,261,-96,255,-36,82,-1858,623,-4646,-437,-1050,-99,-76,-169,-96,-255,-79,-261,-61,-266,-45,-270,-26,-271,-9,-273]]]
3690465	n	-73.847,8.0839,-73.4423,8.5361	[[[-738470,83100,11,-222,33,-219,54,-215,75,-209,95,-201,115,-190,133,-178,149,-165,165,-149,179,-132,191,-114,201,-95,210,-75,216,-54,221,-32,222,-11,222,11,221,32,216,54,162,58,723,2650,-42,26,-28,-13,-51,-1,-8,8,3,22,-16,34,5,45,-41,43,-67,29,-35,7,-109,3,-44,-9,-91,6,-51,-14,-37,0,5,14,22,17,36,2,15,9,17,32,4,45,10,15,37,26,25,9,124,107,30,55,1,44,19,18,17,-5,16,11,26,-7,27,8,13,-7,14,-20,41,-12,16,-28,-1,-67,64,-63,30,0,31,21,23,70,37,25,25,33,27,19,11,21,7,2,76,280,-23,30,-149,165,-165,149,-179,132,-191,114,-201,95,-210,75,-216,54,-221,32,-222,11,-222,-11,-221,-32,-216,-54,-210,-75,-201,-95,-191,-114,-179,-132,-165,-149,-149,-165,-133,-178,-115,-190,-95,-201,-75,-209,-54,-215,-33,-219,-11,-222]]]
3686922	p	3674453
3685084	r	-73.4602,5.619,-72.641,6.2829	[[[-734602,59888,924,-1076,2252,-2622,4553,4089,463,417,-47,76,-176,246,-192,234,-207,221,-220,208,-234,192,-246,176,-257,160,-267,143,-275,125,-283,107,-290,88,-294,68,-299,50,-301,29,-302,10,-302,-10,-301,-29,-299,-50,-294,-68,-290,-88,-283,-107,-275,-125,-267,-143,-257,-160,-246,-176,-234,-192,-220,-208,-207,-221,-192,-234,-176,-246,-160,-257,-142,-267,-125,-276,-32,-84]]]
3674470	r	-76.0571,7.1857,-75.2846,8.236	[[[-760571,73813,22,-167,884,-74,20,38,-105,347,15,16,-77,124,41,187,-45,55,1,69,-51,24,-2,41,-103,132,-7,84,40,83,-19,47,97,107,102,65,221,51,-155,-35,763,-3067,978,-83,3104,180,2001,3173,-172,3906,-7,15,-125,-80,-98,-22,-47,30,-4,94,-49,112,-3,24,35,123,-14,45,39,64,76,-34,49,27,36,-6,20,135,-27,4,-2,24,24,5,-27,61,25,44,36,-25,28,14,6,9,-66,1493,-165,98,28,58,-43,3,-4,54,-34,42,80,114,-83,35,14,30,54,10,-70,33,8,66,-68,14,-9,24,47,27,40,-36,34,5,-5,11,-596,500,-1943,-714,-7,-13,124,-99,65,29,83,-23,20,-102,-69,-84,-110,-26,-105,-181,133,-136,-1,-66,64,-25,5,-28,2,-57,-290,41,-40,-139,-109,0,-240,-92,-60,-10,-421,-67,-385,-19,-89,37,-18,211,-111,112,19,129,79,216,-174,11,-102,36,-83,-52,-208,37,-112,87,-14,91,16,133,-51,60,-171,-73,-116,-121,-60,-155,26,-207,-20,-46,-71,-53,-48,-209,-96,-157,-824,-302,-121,70,-65,-19,-32,-132,-693,-255,317,-3791,204,-822,-1,-2,-19,-93,-86,-78,-9,-136,-54,-72,-238,-148,-94,-3,-18,-21,-25,-285,-35,-52,1,-66,-104,-167,20,-80,-50,-19,-17,-34,30,-98,-28,-27,-57,-191]]]
3682274	r	-74.6079,3.9075,-73.9929,4.575	[[[-746079,45750,431,-4792,603,-1632,60,-22,270,-82,274,-65,279,-46,280,-27,248,-9,42,59,-12,46,63,261,-23,25,8,236,-78,103,-110,50,2,18,35,26,11,69,58,79,16,67,-41,247,37,101,128,122,-2,195,78,234,55,57,58,119,22,63,-10,48,121,-54,123,-154,56,-37,243,-40,98,-101,63,-4,39,122,41,-1,41,142,19,239,89,357,5,85,-89,59,8,54,66,1,81,240,93,54,15,114,136,41,-37,40,11,51,38,17,-34,104,19,47,-84,60,-42,-8,10,38,-35,46,-37,-15,74,72,15,91,-22,19,21,100,-13,93,-43,105,15,74,-17,175,22,29,-27,95,62,57,-9,60,26,56,-29,9,-30,31,3,13,-9,7,-1,9,7,6,-26,35,-23,15,-16,27,-31,19,-38,-2,-41,12,30,124,33,96,-20,32,0,13,-2568,1481,-1184,0]],[[-742762,39157,3,0,274,65,270,82,264,100,257,116,248,134,240,149,229,165,218,180,206,193,26,29,598,2053,-1036,1062,-14,8,-2,-34,-75,-95,-3,-90,-49,-40,-31,-95,-77,-56,-38,-145,-80,-151,-13,-121,-75,-44,-55,3,-50,-80,74,-95,-2,-53,36,-66,64,-43,-40,-110,37,-128,30,-3,24,-74,65,-24,-19,-71,26,-66,135,9,-18,-36,22,-95,-36,-50,-19,-116,53,-196,-95,-68,-103,1,-14,-99,-2,-139,92,-58,-82,-51,-27,-111,69,-133,13,-92,-24,-93,-88,-166,-31,-12,-8,-46,-83,-70,-29,-140,-28,22,-19,77,-90,28,-37,-28,-84,22,-67,-82,-135,71,-155,-27,-52,-35,-3,-37,-119,-143,-36,-95,7,-44,-55,-52,-80,-179,-53,-60,-91,-6,56,-29,-36,-38,22,-132,-120,-5,-59,-32,-21,-90]]]
3686279	p	3668605
3666640	r	-79.0215,1.0964,-77.8759,2.6235	[[[-790215,16383,88,-147,147,-157,107,-67,35,-54,67,-35,-2,26,58,-36,89,-43,218,-120,37,-34,68,-89,109,-91,-19,73,47,20,49,-44,79,-113,81,-45,39,11,52,74,66,29,46,22,54,-11,-49,-85,7,-63,54,-39,12,-79,44,24,-101,-86,11,-183,76,-135,132,-135,25,-17,53,24,117,-74,73,-64,-85,-53,-12,-65,14,-20,124,0,22,61,26,-68,-56,-39,47,-28,-3,-29,-118,-56,345,-236,14,-35,62,-17,53,-36,20,-100,62,-17,49,15,192,-268,295,-238,103,-169,98,-222,151,-201,196,-153,234,-72,135,22,4,0,22,-79,80,-65,128,-2,42,-33,36,-96,209,-221,56,-162,145,83,150,13,283,-65,-5,-33,-48,-56,18,-25,70,13,12,90,224,-52,71,-55,112,-87,738,-820,3656,4283,1516,3968,-82,498,-137,593,-175,582,-213,569,-250,554,-285,537,-319,516,-352,494,-383,471,-414,444,-441,415,-467,386,-291,210,21,-65,-228,6,-204,287,-47,78,-256,160,-530,285,-121,-115,-176,-167,-213,-83,-241,-351,-251,-296,-251,-314,-185,46,-112,-203,-87,-485,-141,-452,-34,124,3,3,-18,64,-6,37,82,77,-22,39,-45,-18,-32,11,-1,3,4,69,35,42,3,45,-15,48,-3,3,49,130,-87,-92,-30,31,56,93,-97,-99,-269,-460,-175,-178,8,-82,-67,-84,-25,-216,-98,-271,-115,-184,-133,-128,-12,-40,0,-73,-89,-37,-57,-208,-24,-2,-115,-190,24,-77,-43,-97,-94,-200,27,-431,87,-342,88,-475,123,-340,34,-274,17,-207,74,-79,107,56,103,318,82,129,110,61,100,-34,103,-86,81,-103,33,-87,-12,-119,-50,-244,-13,-152,-44,-203,6,-187,62,-131,199,0,130,74,62,124,40,40,29,-59,2,-88,-22,-55,-43,-27,10,-26,-5,-6,-16,-33,-13,-150,78,-163,-70,-255,-134,-146,-39,-159,-12,-77,6,-140,-96,-19,-102,32,-50,37,27,10,-89,53,-8,0,-45,53,-51,25,-290,36,-221,49,-336,23,-213,52,-81,36,38,36,-77,62,-98,-26,-19,-13,-171,37,-174,-21,-181,29,7,1,-9,-1,-43,7,-467,-104,-205,-167,-138,-147,-206,-235,-254,-255,-138,-186,-104,-202,-12,-20,-1,-7,-39,-75,-111,-105,-54,-46,-49,-25,-159,-40,-157,-58,-78,-98,-49,-167]]]
3689798	r	-76.9692,7.6599,-76.1159,8.1981	[[[-769692,78489,8033,-1890,109,239,118,314,98,321,76,327,55,331,33,334,11,335,-11,335,-33,334,-55,331,-76,327,-98,321,-118,314,-139,306,-159,296,-177,285,-196,272,-49,60,-5222,-2457,17,-60,4,-59,-33,-88,-68,-81,-104,-62,-120,-42,-117,-20,-433,11,-1346,-634]]]
3686636	r	-77.1327,7.2183,-76.2273,7.8489	[[[-771327,76700,9,-295,29,-295,49,-291,67,-288,86,-283,104,-277,122,-269,140,-261,157,-251,172,-240,188,-228,203,-216,216,-202,229,-188,241,-172,251,-156,262,-139,269,-122,278,-105,283,-85,289,-68,292,-48,295,-29,296,-9,296,9,295,29,292,48,289,68,283,85,278,105,269,122,262,139,251,156,241,172,229,188,216,202,203,216,188,228,172,240,157,251,140,261,122,269,104,277,86,283,67,288,49,291,29,295,9,295,-1,43,-7418,1746,-1327,-156,-68,-181,-86,-283,-67,-288,-49,-291,-29,-295,-9,-295]]]
3689718	r	-71.8308,5.7133,-69.6132,7.1042	[[[-718308,64468,7506,-6948,533,-125,883,-145,891,-88,895,-29,895,29,891,88,883,145,871,204,857,259,838,315,815,369,790,422,760,472,727,521,692,567,654,612,612,653,568,691,521,727,94,151,-112,140,-758,955,-662,835,-57,-7,107,13,-3560,4506,-159,-50,-112,35,-7,41,-33,18,-158,-52,-133,-7,-23,9,-11,-11,-55,-3,-21,7,-10,-9,-42,-2,-22,15,-54,-31,-5,-1,-33,26,-52,-39,-132,4,-51,-38,-6,-22,-20,-5,-163,-91,-19,-7,0,-4,-325,-182,-20,11,-29,-38,-7,-5,-315,14,-291,139,-3,5,-7,0,-42,19,23,17,-56,-1,-42,21,-14,40,14,47,-46,0,-55,49,-5,91,-77,-3,-72,50,-107,-41,-68,68,-22,-37,-37,7,-12,-30,-4,-1,-102,48,-56,66,11,44,-42,93,-64,-7,-3,-56,-21,72,-43,-53,-26,2,-10,15,-36,23,6,3,-41,49,-31,-16,-6,-25,-35,2,-214,-28,-78,38,-20,-38,-23,0,-83,22,-10,30,-49,34,5,39,-58,28,39,68,-147,80,-31,64,-102,-18,66,60,-16,14,-57,-24,-18,29,1,26,33,-3,27,42,-70,69,-19,78,-58,58,-50,6,-10,38,-75,-17,-67,35,-18,-19,-71,64,-161,-28,-282,-89,-164,-6,-45,10,-9,36,-293,82,-56,63,-36,116,-93,-96,-17,-1,-25,22,-66,32,-297,-6,-214,-51,-72,31,-45,-58,-270,-64,-435,-32,-152,-51,-21,7,-14,-18,-195,-65,-207,-7,-79,-53,-47,-98,-45,-58,-21,49,-39,3,-131,-110,35,-82,7,-3,-241,-170,-165,37,-43,-48,-18,-105,-371,-138,-542,-64,-705,76,-94,-59,-82,-91,-127,-90,-177,-55,-98,27,-77,66,-117,56,-488,12,-135,57,-52,102,-8,126,-20,116,-90,70,-153,16,-416,-79,-166,12,-322,88,-157,15,-156,-33,-263,-120,-119,-33,-199,165,-223,57,-182,-47,-10,-16,3,-12,-198,12,-7,8,-18,27,-25,55,-48,39,-87,-19,-135,-77,-72,-23,-69,8,-118,82,-57,80,-82,58,-339,13,-127,-19,-65,-73,39,-165,-284,73,-237,-16,-153,-26,-938,-5840]]]
3670475	p	3674962
3687952	p	3674962
3679277	r	-75.212,4.9464,-74.1123,6.0099	[[[-752120,55406,2563,-5665,159,-98,323,-173,12,-6,5558,2575,2381,3611,-70,302,-107,351,-129,343,-151,335,-172,323,-194,312,-213,298,-232,284,-251,268,-15,14,-853,696,-218,136,-3184,787,-53,-2,-364,-36,-362,-60,-356,-83,-6,-2,-3735,-3486,-99,-97,-11,-30,-107,-351,-83,-358,-31,-188]]]
3687964	p	3689560
3680539	r	-78.3931,0.3609,-77.0879,1.5247	[[[-783931,10964,203,-226,236,-180,191,-93,595,-160,205,-109,1301,-984,421,-204,709,-26,680,-256,108,-2,51,26,48,-6,98,-102,35,-102,-3,-111,9,-46,12,-62,106,-90,233,-90,213,-48,203,-4,95,20,106,21,380,145,-37,122,44,6,15,-18,2,15,18,6,15,14,19,-7,5,-16,71,-28,21,4,18,-11,10,-11,205,78,0,6,32,22,3,14,32,-6,-5,11,11,4,9,21,20,-6,7,10,7,-15,19,0,4,15,16,4,19,-25,30,-1,5,-8,-6,-8,26,-12,-7,-17,17,-7,19,0,22,-17,7,0,12,-7,7,-14,13,10,23,-2,-11,-18,18,-15,-1,-8,84,-65,0,4,6,1,5,-11,1,-5,-1,-29,16,8,15,-15,10,-4,18,-27,-1,14,6,5,16,-9,5,16,33,-3,6,-16,13,3,15,-16,-16,-6,12,-25,52,-3,-8,-14,17,-27,-11,-10,-25,16,-26,-2,-27,-9,9,-103,-26,-11,-27,-51,6,-56,58,-4,8,-87,-127,-61,-57,-64,-26,-91,-37,-39,18,-51,-33,-20,-18,-77,137,-19,112,-47,0,-1,-15,-131,85,-167,72,-12,43,20,134,-27,30,-10,7,-34,64,-10,15,-23,44,6,87,-79,54,9,94,-138,135,-22,-2,-36,66,-27,34,-65,104,-32,60,-70,212,-5,142,66,38,-3,9,23,153,-28,24,45,16,-4,6,-16,20,9,50,-12,142,-36,-6,-37,-22,-3,47,-98,-20,-105,11,-166,-18,-12,15,-22,-71,-107,-19,-143,-94,-44,-48,-49,-2,-74,-73,-27,-9,-146,-30,-15,-28,-134,-44,-43,12,-59,-23,-53,19,-81,29,-18,17,-155,-27,-15,-66,-219,69,-185,-43,-91,38,-68,-36,-64,26,-93,-100,-119,27,-94,131,67,94,-28,124,7,32,-30,313,-59,129,19,61,-41,126,-18,57,10,83,89,-13,-14,164,-127,350,-128,332,-67,38,195,67,-48,13,-36,46,16,26,-69,74,-60,49,-2,14,-29,45,11,44,-31,88,22,84,-14,39,55,33,10,89,-59,157,8,97,-41,32,28,52,-14,102,25,11,24,77,24,16,57,94,42,44,82,60,28,104,-31,53,11,48,-70,132,-73,129,9,52,45,32,-21,5,-36,117,-24,11,118,44,-60,30,50,56,-26,22,149,87,-2,-22,53,-57,25,30,30,-13,33,-53,18,88,80,15,55,-2,2,-12,13,-49,54,-3,-2,-57,-34,-41,57,-33,164,57,95,12,111,-30,73,-127,56,-6,144,-63,79,43,30,0,27,-80,77,-31,201,26,78,-13,88,49,10,59,56,3,0,32,-10,12,23,-55,90,34,103,-25,41,0,1,21,33,2,3,-7,16,-2,5,-8,19,-32,-6,-3,35,-20,-2,-25,49,-2,-51,-47,-11,-31,17,-7,55,-209,29,-111,51,-79,54,-116,149,-910,-17,383,1946,-7880,7008,-3656,-4283],[-776299,7367,2,4,-1,-4,-1,0],[-775588,8742,201,220,-200,-220,12,-286,-13,286],[-774196,6678,1,0,110,-29,-111,29],[-774085,6649,58,-59,1,-49,-2,49,-57,59],[-773609,3937,33,25,1,0,-34,-25]]]
3665657	p	3687925
3672068	r	-76.1432,7.9999,-75.33,8.6955	[[[-761432,82198,1121,-2196,4,-3,692,254,32,132,65,19,121,-70,824,302,96,157,48,209,71,53,20,46,-26,207,60,155,116,121,171,73,51,-60,-16,-133,14,-91,112,-87,208,-37,83,52,102,-36,174,-11,-79,-216,-19,-129,111,-112,18,-211,89,-37,385,19,481,77,240,92,109,0,40,139,290,-41,-2,57,-5,28,-64,25,1,66,-133,136,105,181,110,26,69,84,-20,102,-83,23,-65,-29,-124,99,7,13,1943,714,318,1383,31,23,-20,27,256,1112,-526,936,-28,-3,-74,-21,-29,4,-48,22,-18,0,-129,-37,-74,-35,-29,-3,-36,17,-74,69,-103,56,-88,4,-79,34,-90,-27,-40,1,-29,10,-75,83,-57,29,-29,56,-14,43,-15,8,-99,139,-78,76,-3,27,29,34,-5,59,55,48,2,57,-34,77,-12,89,-17,52,-2,3,-558,143,-545,-241,-796,-694,-23,-42,-44,-41,-45,-14,-67,-59,521,-644,-52,-88,24,-231,-73,-92,-35,-120,147,-58,-66,-372,-31,-28,-109,-4,-38,-28,-35,-63,0,-80,-52,-59,-14,-81,-83,-31,-28,-109,-121,6,-22,-157,53,-326,-60,-137,36,-76,2,-29,-2,-74,-27,-43,-154,-142,-44,-75,-39,-41,-16,-49,-30,36,-61,-4,-48,60,-22,90,57,86,-8,69,-77,54,-41,66,-154,-63,-40,108,-120,68,-76,-35,-27,-31,-11,-85,-69,-42,-13,-209,-183,-134,-255,-26,-45,53,23,142,-18,274,-96,7,-108,75,-736,43,-107,45,-371,9,-1252,-1091]]]
3681957	r	-74.1294,3.1285,-73.2906,3.8808	[[[-741294,35500,9,-276,27,-274,44,-272,63,-269,79,-264,97,-258,113,-251,130,-243,145,-235,159,-224,175,-213,187,-201,201,-189,212,-175,223,-160,233,-146,242,-130,250,-114,257,-97,262,-80,268,-63,271,-45,273,-27,274,-9,274,9,273,27,271,45,268,63,262,80,257,97,250,114,242,130,233,146,223,160,212,175,201,189,187,201,175,213,159,224,145,235,130,243,113,251,97,258,79,264,63,269,44,272,27,274,9,276,-9,276,-27,274,-44,272,-63,269,-79,264,-97,258,-113,251,-130,243,-145,235,-108,152,-5975,814,-169,-139,-201,-189,-187,-201,-175,-213,-159,-224,-145,-235,-130,-243,-113,-251,-97,-258,-79,-264,-63,-269,-44,-272,-27,-274,-9,-276]]]
3686561	p	3675443
3689235	p	3689147
3665913	p	3685533
3669346	r	-75.3826,8.3983,-74.6328,9.0166	[[[-753826,85841,526,-936,164,-5,19,-46,36,-7,48,-26,123,-25,73,-32,13,-15,84,-11,53,-30,25,0,127,-39,44,-51,19,-9,40,-2,116,-81,124,-108,68,-83,42,-66,56,-109,67,-70,76,-55,9,-22,30,-27,-3,-3,11,5,4,2,19,8,22,1,18,-8,15,18,114,69,62,36,61,24,243,77,63,47,489,306,245,118,93,32,63,14,-9,17,-22,16,1,19,14,22,-2,16,459,-13,300,136,138,-6,107,-33,32,-114,75,-2,12,12,14,-13,2504,-70,110,290,94,310,74,316,53,319,32,322,11,324,-11,324,-32,322,-53,319,-2,10,-4003,2591,-950,-563,-1949,-2058,2,-1,34,-7,84,11,20,-11,30,-35,-45,-23,-125,-22,-29,-24,-20,-29,28,-67,15,-67,-22,-56,-46,-20,-14,-14,-16,-38,-1,-18,9,-57,5,-10,2,-5,2,-4,5,-12,2,-45,18,-49,2,-6,3,-2,26,-26,4,-44,-14,-10,-60,-96,-40,-46,-3,-19,6,-60,1,-15,0,-4,7,-4,41,-32,56,-62,17,-4,40,24,2,8,14,3,0,-24,-14,-23,-12,-47,-16,-3,-4,-12,-32,-13,-52,7,5,-57,19,-34,-7,-27,12,-31,10,-84,64,-57,8,-39,32,-23,4,-17,22,-27,9,-27,51,-90,5,-27,1,-7,1,-7,-1,-33,-2,-45,-28,-7,-54,-1,-291,36,-91,-7,-98,42,-40,-17,-39,-5]]]
3670419	r	-75.6498,8.5768,-75.1379,9.0868	[[[-756498,90868,792,-3913,558,-143,2,-3,17,-52,12,-89,34,-77,-2,-57,-55,-48,5,-59,-29,-34,3,-27,78,-76,99,-139,15,-8,14,-43,29,-56,57,-29,75,-83,29,-10,40,-1,90,27,79,-34,88,-4,103,-56,74,-69,36,-17,29,3,74,35,129,37,18,0,48,-22,29,-4,74,21,67,8,40,17,98,-42,91,7,291,-36,54,1,28,7,3,78,-7,41,-51,90,-9,27,-22,27,-4,17,-32,23,-8,39,-64,57,-10,84,-12,31,7,27,-19,34,-5,57,52,-7,32,13,4,12,16,3,12,47,14,23,0,24,-14,-3,-2,-8,-40,-24,-17,4,-56,62,-48,36,-7,79,3,19,40,46,60,96,14,10,-4,44,-29,28,-20,55,-2,45,-14,31,-9,57,1,18,16,38,14,14,46,20,22,56,-15,67,-28,67,20,29,29,24,125,22,45,23,-30,35,-20,11,-84,-11,-34,7,-2,1,1949,2058,-419,104,50,-72,-57,-2,-126,34,-17,14,-27,3,-19,11,-30,0,-17,-11,-12,-31,15,-79,-7,-52,-21,-62,-3,-79,10,-94,-7,-38,27,-76,-6,-4,-63,11,-37,-9,-52,-38,-9,-21,-28,-16,-25,-61,-15,-15,-49,-26,-44,-7,-45,-29,-102,-17,-14,1,-15,11,-18,-3,-30,30,-31,-19,-27,2,-21,26,-4,52,-30,63,-2,2,-65,66,-31,70,-24,23,-9,38,-3,5,-4,5,-6,11,-61,61,-52,-29,-8,-1,-22,-2,-20,-2,-11,0,-39,21,-8,5,-3,3,-27,30,-18,83,-22,28,-3,4,-110,47,-5,0,-11,2,-18,2,-14,-5,-17,-6,-5,-2,-2,-2,-19,-23,-33,26,-44,-3,-11,-12,-3,-30,-32,-23,-61,13,-17,40,-24,17,-23,32,-9,16,0,20,-16,-3,-21,-22,-69,48,-35,39,-29,-8,-13,9,-4,29,41,48,10,26,-30,12,-30,3,-154,-5,-12,9,-28,1,-7,-39,-26,6,-36,-3,8,40,-10,6,-24,-30,-8,10,8,36,-50,3,-17,11,-34,3,0,20,-29,20,3,28,-18,15,-26,7,-11,12,-40,4,-21,23,-25,15,-8,43,-20,18,-20,8,-77,4,-31,17,-25,4,-35,33,3,58,-22,-15,-59,-14,-39,-23,-52,-60,-51,-79,-64,5,-18,-22,-37,-19,-27,-34,-45,-19,-15,1,-4,25,4,30,-4,13,-9,-1,-21,-32,-17,-45,-18,-12,-27,0,-37,-23,-10,-19,3,-37,-29,-25,-26,4,-15,-17,-28,-9,-25,0,-80,22,-56,-18,-33,6,-139,-9,-17,-4,-11,-39,-33,-5,-12,-34,-25,-3,-9,10,-8,29,-34,30,-19,38,-8,4,-10,-7,-2,-8,-20,10,-9,184,27,50,5,51,-14,43,-15,11,-30,6,-19,15,-11,19,3,25,31,28,62,12,76,-4,24,-22,67,14,30,-4,36,-20,62,9,55,29,-12,38,-8,5,7,2,-9,19,11,42,25,6,19,-6,5,36,21,-27,24,-17,11,1,33,25,15,-4,19,8,41,-4,-1,-6,52,-17,-4,-25,30,23,17,5,-1,40,40,27,13,17,1,63,13,22,-1466,362]]]
3682292	r	-74.6492,9.7489,-73.5605,10.8281	[[[-746492,99575,3732,-1614,1094,-472,1935,264,317,620,1067,2085,-37,27,65,171,113,91,7,2,99,193,0,49,68,92,5,85,69,52,21,41,35,91,16,9,91,178,-77,-7,-54,78,-66,44,23,111,43,36,-31,124,34,229,-26,105,-48,32,-3,113,-74,16,-28,32,-13,134,108,110,87,39,110,121,41,12,32,45,-26,75,75,93,72,47,131,-7,62,135,64,50,24,79,-27,61,65,-43,62,955,11,-13,26,-8,15,7,4,-17,29,-3,32,15,0,-15,8,-5,-13,-11,17,-5,-1,-6,22,1,3,10,17,9,22,-4,-1,-14,7,-5,8,15,-8,20,7,21,6,11,20,2,8,7,4,26,-23,23,-3,-8,-8,12,-12,0,-1,29,5,14,10,4,0,11,16,10,2,16,15,-3,6,5,-12,13,-25,43,-1,16,-11,12,5,40,19,3,1,-7,10,-3,6,8,40,-10,26,26,18,3,21,-20,36,9,16,-27,16,-9,57,4,47,-32,13,5,48,-23,30,-2,6,-13,10,-3,13,13,12,-8,41,50,29,0,9,22,-10,12,5,16,-5,3,12,10,2,19,-10,6,-4,27,18,9,13,-4,5,-11,19,-6,0,14,13,20,-8,25,12,36,-17,27,14,9,-3,27,-12,1,-8,42,1,38,11,14,-3,30,32,-3,24,16,22,2,62,-41,39,-9,25,6,45,33,125,14,60,0,36,-20,15,-16,44,-3,38,33,25,6,31,20,24,-3,72,-28,21,0,63,28,51,85,-36,20,-22,47,11,41,-5,24,10,78,-33,41,-7,51,-18,22,-64,23,-12,9,-29,-5,-48,25,-35,9,-58,60,-3,29,14,31,-120,37,-69,6,52,52,80,46,19,30,14,38,4,113,14,83,-10,31,-49,88,19,36,-14,18,-1,61,14,51,13,12,-5,21,14,41,-16,24,-114,19,-52,17,-21,18,-42,0,-118,-22,-59,-48,-38,1,-30,10,-82,-1,-17,8,-20,-1,-12,-38,74,-159,1,-25,-11,-24,-112,-91,-87,-30,-48,-69,-28,-30,-30,-20,-91,-40,-72,-69,-39,-17,-77,-13,-18,-84,-26,-27,169,2620,-1297,-157,-21,-49,-47,-45,-214,-91,-115,-109,3,-44,-47,-60,-134,-41,-7,-36,-188,-151,-91,-18,-31,-32,-80,-2,-136,-79,-64,-83,-85,-28,-56,-69,-69,-9,-35,-35,-104,-34,-92,-8,-113,-112,-244,-164,-144,-36,-113,-160,-110,-60,-98,7,-134,-70,-42,-286,-131,-139,-151,108,-33,119,-181,-16,-25,62,-143,7,10,73,-57,-27,8,66,106,56,-18,84,33,-8,83,60,48,-28,-29,110,13,39,133,52,2,56,-45,9,-60,126,-9,99,30,87,65,64,53,8,14,31,73,6,24,-36,14,45,72,35,-7,31,101,114,-2,216,48,54,0,30,-3671,-444,-756,-1275,-295,-498,-140,-917,-779,-5104]]]
3675975	p	3685533
3670218	n	-81.7237,12.5024,-81.6864,12.5913	[[[-817237,125115,63,-91,127,21,183,756,-46,112,-154,-110,-105,-171,-29,-200,83,-203,-122,-114]]]
3687025	r	-75.3351,7.521,-74.705,8.1381	[[[-753351,79289,3,-24,49,-112,4,-94,47,-30,98,22,125,80,7,-15,172,-3906,2517,2424,3,-80,45,-42,-63,-32,52,-110,-4,-36,-52,-4,-7,-111,65,-10,49,-43,35,-146,64,-42,-2,-35,46,-31,8,-29,-45,-1,14,-53,45,1,-59,-61,-76,-15,4,-75,-47,25,-94,-22,37,-79,66,-62,-64,-158,15,-15,-53,-87,5,-114,24,3,8,-38,32,9,-19,-94,-22,-45,-14,13,-10,-16,44,-90,54,18,34,-43,12,-77,27,-14,37,21,-26,-37,26,-10,44,36,54,-20,6,98,61,-16,22,46,39,7,-10,60,40,-4,-21,18,22,81,13,-12,12,20,42,-31,70,25,-24,66,29,75,47,-28,5,29,23,-7,17,-51,83,53,-17,-35,17,-19,43,42,44,-50,18,54,35,15,6,-16,1,27,32,-14,29,28,-11,39,18,1,-3,62,24,29,68,-40,13,91,34,-25,-16,26,30,13,-12,26,122,83,-47,33,-21,-11,10,65,46,-2,35,62,32,-13,25,34,-15,38,-23,1,17,23,-22,64,30,-31,64,58,18,-28,-21,-34,56,-3,41,30,-10,23,42,8,-22,32,38,0,38,50,20,-57,118,-3,-11,-19,31,-23,38,20,3,-26,62,-24,-21,-82,109,-53,21,34,44,-3,3,49,27,-2,12,37,32,-12,-4,18,56,27,91,-10,79,34,32,-16,43,72,79,51,-9,165,90,155,2,28,-93,117,-7,161,-90,127,-45,116,0,4,-4,10,5,13,1,28,15,16,2,7,23,20,1,1,-86,27,-157,-27,-33,60,-127,-22,-66,21,-2,-85,-56,-53,-52,28,-54,-7,-27,44,58,51,-15,98,-56,44,-22,-23,-20,31,-291,-40,-208,13,22,22,3,84,32,24,-32,-8,-9,23,32,29,-26,19,22,32,-70,34,24,15,-31,41,32,-16,12,16,-55,50,36,30,-64,18,-37,-55,8,66,-59,13,-4,5,1221,1175,3,47,32,34,45,-4,68,65,-6,31,-92,93,-8,47,35,49,66,28,134,-5,8,-64,20,-28,822,792,-1977,305,-69,-58,-88,-112,-30,141,-274,197,-10,77,-32,37,-50,4,7,-23,-252,-190,-45,5,-34,-70,-179,51,-37,-74,-108,26,-26,-34,-178,56,-6,-23,43,-43,-82,-67,-160,9,-66,25,-2,-15,-180,-2,-89,-44,-70,17,-61,-56,-114,-20,-34,70,-57,-8,-145,-105,-14,16,-85,-78,-64,103,13,23,-116,46,-6,89,-105,12,-28,53,0,73,-44,35,-72,-14,-153,22,4,-99,-77,7,-114,-74,-91,9,-74,-33,-64,28,-41,-15,-133,89,-102,-61,-81,94,-44,8,-29,72,-111,-15,-27,16,66,-1493,-6,-9,-28,-14,-36,25,-25,-44,27,-61,-24,-5,2,-24,27,-4,-20,-135,-36,6,-49,-27,-76,34,-39,-64,14,-45,-35,-123]]]
3668454	p	3672486
3829343	r	-77.3293,0.2161,-76.3036,1.0117	[[[-773293,3681,732,-149,188,-68,12,-6,136,-70,156,-46,217,12,504,189,174,33,135,-35,210,-52,383,-432,297,-101,400,-7,124,-20,166,-58,102,-73,45,-45,17,-14,3,-6,153,-155,147,-107,6,2,30,3,17,0,46,-15,6,-37,62,-23,152,-6,694,105,126,-13,357,-160,152,4,-25,398,124,47,345,-94,488,-54,143,-43,158,-110,268,-249,189,-65,146,18,259,134,189,21,95,79,270,255,254,272,235,289,24,34,23,691,-5,65,95,-18,216,14,106,20,64,24,63,119,153,340,131,349,107,357,84,364,61,368,36,371,12,373,-11,338,-6798,3079,-885,-652,2,-28,-70,-33,3,-29,-89,-122,-15,-102,-150,-42,-5,-50,-127,-59,-1,0,-2,-5,-36,-115,-14,-42,7,-8,31,-38,37,-46,5,-112,-24,-51,3,-6,2,-5,25,-66,125,-168,-141,-65,-111,-23,-23,-25,-50,13,-49,-25,-77,81,22,30,-56,101,-40,12,-38,53,-57,-6,-31,69,5,50,-44,62,-36,9,-86,-35,-5,8,-555,-408,-383,-1946,910,17,116,-149,79,-54,111,-51,209,-29,7,-55,31,-17,47,11,2,51,25,-49,20,2,3,-35,32,6,3,-6,7,-18,7,-16,-2,-3,-21,-33,0,-1,25,-41,-34,-103,55,-90,-4,-8,-2,-4,-6,-11,-32,10,-3,0,-1,-1,-58,-55,-48,-10,-1,0,1,-4,12,-84,-14,-43,-12,-35,10,-63,21,-138,80,-77,0,-27,-43,-30,63,-79,6,-144,127,-56,30,-73,-12,-111,-57,-95,33,-161,0,-3,18,-24,20,-28,3,-5,57,34,3,2,34,-37,27,-30,2,-2,-15,-55,-24,-22,-64,-58,53,-18,13,-33,-30,-30,57,-25,22,-53,-87,2,-22,-149,-56,26,-30,-50,-44,60,-11,-118,-117,24,-5,36,-32,21,-52,-45,-129,-9,-132,73,-48,70,-53,-11,-104,31,-60,-28,-44,-82,-94,-42,-16,-57,-77,-24,-11,-24,-102,-25,-52,14,-32,-28,-97,41,-157,-8,-89,59,-33,-10,-39,-55,-84,14,-88,-22,-44,31,-45,-11,-14,29,-49,2,-74,60,-26,69,-46,-16,-13,36,-67,48,-38,-195]]]
3675263	p	3674962
3674654	r	-76.9845,0.6875,-76.0525,1.7514	[[[-769845,10117,6798,-3079,361,-163,125,103,286,269,267,288,248,304,228,320,206,334,185,347,161,359,138,368,113,376,89,384,64,388,38,392,13,393,-13,393,-38,386,-173,391,-561,475,-4297,3640,-860,728,-33,1,-391,-13,-389,-38,-386,-65,-380,-89,-375,-114,-365,-139,-294,-133,-765,-6806]]]
3682573	r	-75.2501,3.7688,-74.5301,4.309	[[[-752501,40659,34,-146,72,-238,88,-234,102,-227,117,-220,131,-212,145,-203,158,-193,170,-182,181,-170,192,-158,202,-146,211,-131,219,-118,226,-103,233,-88,237,-72,242,-57,245,-41,248,-24,248,-8,248,8,248,24,245,41,242,57,237,72,233,88,226,103,219,118,211,131,202,146,192,158,181,170,170,182,158,193,145,203,131,212,117,220,93,207,-346,937,-3177,1465,-3,15,-12,-8,-1237,570,-4,0,0,2,-191,88,-31,-35,14,-25,-54,-88,-4,-96,22,-39,-78,25,-85,-25,-28,16,-1985,-2164]]]
3666577	p	3687238
3689381	r	-75.3885,8.079,-74.5569,8.4945	[[[-753885,82360,596,-500,5,-11,-34,-5,-40,36,-47,-27,9,-24,68,-14,-8,-66,70,-33,-54,-10,-14,-30,83,-35,-80,-114,34,-42,4,-54,43,-3,-28,-58,192,-114,111,15,29,-72,44,-8,81,-94,102,61,133,-89,41,15,64,-28,74,33,91,-9,114,74,77,-7,-4,99,153,-22,72,14,44,-35,0,-73,28,-53,105,-12,6,-89,116,-46,-13,-23,64,-103,85,78,14,-16,145,105,57,8,34,-70,114,20,61,56,70,-17,89,44,180,2,2,15,66,-25,160,-9,82,67,-43,43,6,23,178,-56,26,34,108,-26,37,74,179,-51,34,70,45,-5,252,190,-7,23,50,-4,32,-37,10,-77,274,-197,30,-141,88,112,69,58,1977,-305,1205,553,77,254,87,370,62,375,37,378,13,380,-13,380,-37,378,-62,375,-87,370,-27,90,-907,26,-2504,70,-14,13,-12,-12,-75,2,-32,114,-107,33,-138,6,-300,-136,-459,13,2,-16,-14,-22,-1,-19,22,-16,9,-17,-63,-14,-93,-32,-245,-118,-489,-306,-63,-47,-243,-77,-61,-24,-62,-36,-114,-69,-15,-18,-18,8,-22,-1,-19,-8,-4,-2,-11,-5,3,3,-30,27,-9,22,-76,55,-67,70,-56,109,-42,66,-68,83,-124,108,-116,81,-40,2,-19,9,-44,51,-127,39,-25,0,-53,30,-84,11,-13,15,-73,32,-123,25,-48,26,-36,7,-19,46,-164,5,-256,-1112,20,-27,-31,-23,-318,-1383]]]
3684917	r	-74.4906,8.4574,-73.3974,9.5793	[[[-744906,87216,60,-113,202,-322,222,-308,242,-293,260,-277,279,-259,294,-240,310,-221,324,-200,336,-179,347,-156,197,-74,7667,3952,80,344,62,374,38,377,12,379,-12,379,-38,377,-62,374,-86,369,-111,363,-134,355,-158,345,-179,335,-202,322,-222,308,-242,293,-260,277,-279,259,-294,240,-310,221,-324,200,-336,179,-347,156,-357,134,-365,110,-371,86,-377,62,-379,37,-381,12,-381,-12,-379,-37,-377,-62,-371,-86,-365,-110,-357,-134,-347,-156,-14,-8,-2515,-7972]]]
3688006	p	3665542
3689205	p	3674962
3673045	r	-73.0251,6.9865,-72.2557,7.7055	[[[-730251,75003,112,-201,1514,-2704,352,-478,1731,-1754,42,-1,258,8,256,25,255,42,251,59,247,74,241,91,235,106,228,122,219,136,209,150,200,163,188,176,176,188,164,199,150,210,137,218,121,227,107,235,90,241,75,246,59,251,42,254,25,257,9,257,-4,110,-656,-10,-490,91,-250,84,-188,63,-367,264,-274,443,-33,235,4,14,57,192,85,201,33,184,-982,388,-3091,996,-185,-133,-200,-163,-188,-176,-176,-188,-164,-199,-150,-210,-137,-218,-121,-227,-107,-235,-90,-241,-19,-62]]]
3828545	r	-74.0715,0.1899,-70.5068,3.9281	[[[-740715,19422,5139,-15656,120,-55,1449,-549,1482,-452,1508,-353,1528,-254,1541,-153,1548,-51,1548,51,1006,100,11366,20575,141,-171,-7,-35,-83,-36,-109,-119,106,-99,14,-72,106,-47,-47,-89,54,-84,-24,-110,57,63,38,141,86,59,-54,88,-63,12,81,30,353,-230,103,-16,-9,-44,-101,-53,-111,99,5,-128,261,-24,20,80,72,91,-13,65,-121,108,66,36,1,98,-76,34,58,51,113,-20,40,-75,155,-126,131,-13,74,22,34,39,-29,48,10,27,93,-30,78,18,37,-149,70,-38,15,127,23,20,49,-365,-52,-116,32,-53,35,-11,129,62,-48,107,26,73,94,15,112,68,48,-44,26,-86,87,-27,0,-95,71,-3,44,75,51,37,5,52,-199,117,-112,174,217,121,65,97,60,5,52,-21,7,-50,-31,-57,-77,-33,-13,-49,277,-76,168,54,243,7,59,-50,31,-164,47,-59,92,-23,60,24,39,47,96,-7,-27,-137,67,-73,29,48,-22,104,43,23,95,-195,-32,-69,8,-47,126,-69,37,58,-17,103,16,35,104,60,60,9,68,-24,25,19,-53,167,20,88,173,73,91,11,16,-62,-99,-105,21,-84,25,-11,216,37,-52,112,33,50,73,-33,99,8,82,-120,87,39,86,115,178,-8,41,-88,24,-5,112,100,67,99,-10,79,-83,52,5,46,67,2,71,-41,-11,-115,64,-28,18,87,67,104,40,23,97,-8,-11,34,-73,23,-8,55,98,68,68,-63,33,7,80,115,85,-75,94,-12,26,-83,79,-3,-56,-85,-52,-6,-47,3,-57,76,-28,3,-20,-19,51,-59,118,-57,147,12,131,94,260,91,23,40,-58,95,-2,87,26,29,150,47,45,-34,2,-102,53,-93,61,-31,70,28,30,-10,30,-86,27,-18,66,93,42,133,0,46,-81,102,64,19,-67,67,-8,-16,-47,35,-23,-25,-49,62,-75,-25,3,23,-36,-5,-7,22,-43,-56,-18,22,-10,-26,-40,25,-15,-22,-24,18,-2,47,-62,-18,-128,40,-66,87,-32,-5,5,18,-63,10,-61,46,-12,89,-31,-5,10,32,26,4,-22,13,9,43,-22,-11,15,38,-33,13,-24,94,38,30,-69,50,10,51,-26,41,-34,-12,-25,101,-55,60,10,30,-41,25,29,33,-54,-5,6,47,-34,47,-23,-4,14,31,-35,24,12,24,-12,43,-34,10,6,37,-48,8,-8,39,-50,48,20,34,-28,57,52,34,-34,42,9,48,-112,21,-51,81,-44,13,-2,100,-48,43,-16,48,-35,-15,-90,66,-4,25,-39,-24,-55,76,-40,-3,-13,90,-20,-5,-95,89,-5,92,39,35,-40,86,1,60,-37,42,-54,4,10,31,-31,13,-113,18,-30,-36,-123,-51,-93,-114,-70,69,-74,-33,-16,49,-68,2,-19,43,-23,-27,-106,25,-9,48,26,13,-90,171,-59,42,-14,46,-33,-5,7,36,-40,24,-48,-41,-130,6,-62,-59,-49,8,-102,-44,-47,20,-68,92,-71,-52,-121,15,-28,16,-11,70,-173,329,4357,1798,-231,198,-209,90,-75,50,-89,109,-133,55,-46,44,-139,-69,-14,-152,-54,-163,-54,-67,-66,-36,-44,12,-99,170,-1,295,-25,71,-62,58,-171,32,-52,-117,237,-236,20,-123,-27,-71,-158,-182,-80,-33,-116,12,-45,-17,-54,-174,-155,-218,-95,-35,-53,30,-31,56,-14,76,39,295,-28,95,-35,21,-55,-3,-149,-161,-133,-95,-208,-4,-264,-85,-70,0,-34,30,-5,44,24,33,119,32,34,33,7,146,-70,148,-66,56,-89,12,-153,-83,-84,-18,-89,-105,-52,-133,-47,-39,-67,3,-56,53,73,69,-14,63,-26,14,-109,-31,-111,61,-68,104,-121,375,-54,61,-49,18,4131,7479,-94,209,-730,1373,-153,247,-16072,1434,-3755,-2355,-14585,-15734,-244,-1770],[-709549,27931,201,364,73,-66,11,-122,-33,-126,-51,-77,-83,-44,-64,8,-54,63]]]
3792383	r	-73.9414,9.3177,-72.8973,10.2666	[[[-739414,98373,93,-302,169,-444,189,-414,5697,-4005,315,-31,177,441,800,1169,190,443,147,133,401,250,159,167,105,184,253,677,550,845,314,636,79,259,-40,185,-85,176,-27,8,-12,31,24,15,-54,211,8,190,-28,42,105,189,20,111,61,58,1,47,-46,62,21,58,77,165,85,35,56,107,-23,107,105,86,-4,140,-47,134,35,44,3,78,87,40,42,99,173,115,-19,43,41,84,-3,48,101,26,-97,266,41,232,93,144,10,143,-22,142,98,51,23,81,-68,107,21,33,-13,119,18,48,-58,185,-51,-40,18,-134,-59,-50,-50,-104,-70,-28,-1,-34,-24,-16,29,315,-3491,-83,-3,-58,-131,-93,-1,-33,-30,-2,28,-46,-42,-29,-29,-93,-42,33,-15,-40,-46,17,-41,-53,-57,-12,-53,17,7,-40,-58,-6,-32,-73,-55,-4,-25,-73,-34,0,-5,36,-30,-65,-64,-10,5,-39,39,18,9,-39,-48,13,-48,-69,-46,-6,6,-71,-52,10,-43,-46,-29,29,-15,-75,-37,26,-30,-81,-32,-4,-20,-57,-68,-63,11,-59,38,12,-45,-42,22,-37,-42,16,6,-58,-21,17,-60,-33,23,-39,-33,8,-41,-37,-40,-107,-51,10,8,-32,-27,-5,-66,-117,-32,8,-87,-46,-55,5,3,33,-49,-24,0,-34,-41,-45,-13,25,-47,-24,-6,40,-29,-29,-27,40,-62,-43,-43,19,-26,-36,-99,-41,-20,-73,-25,15,-19,-42,-37,-1,41,-86,-21,-20,40,-16,-20,-33,30,-65,-60,-31,16,-40,-25,-19,18,-21,-34,6,8,-28,-25,-19,27,-29,-35,-16,31,-16,-102,-36,-48,33,-43,-67,-57,-9,-16,42,-60,23,-13,-42,-28,-7,29,-18,-10,-19,-48,27,6,-38,-21,-2,21,-41,-30,-11,21,-9,-35,-15,-95,-163,-70,-229,-79,-81,5,-84,-27,-81,-77,-109,-127,-26,5,-187,-53,-146,57,-115,-25,-166,-24,-28,-85,-21,-32,-76,-118,-97,-14,-82,34,-67,-45,-89,-65,40,-16,53,-70,-26,-43,17,-18,154,20,41,-122,62,0,-224,-433,55,-323,-85,-52,178,-78,13,-33,43,-52,242,73,59,-3,106,-89,106,-31,81,-111,98,10,127,65,72,34,101,-28,43,-12,232,-36,48,-4,79,-130,151,-3,87,-109,39,-44,244,-78,-8,-2,94,-73,-28,-68,-86,-68,9,-46,53,-78,-33,-47,35,-1067,-2085]],[[-738199,100749,74,22,25,37,0,134,-99,-193]],[[-737886,101361,171,102,142,37,-109,50,-113,-11,-91,-178]]]
3684945	r	-75.4181,6.9407,-74.1405,8.1844	[[[-754181,73093,32,-70,208,-388,233,-374,257,-358,280,-341,302,-321,162,-152,3798,-1682,4197,1531,307,544,2130,3772,870,1541,-8,84,-72,434,-100,429,-128,422,-156,412,-182,401,-208,388,-233,374,-257,358,-280,341,-302,321,-322,301,-341,280,-359,256,-375,233,-27,15,-1090,-501,-1205,-553,-822,-792,-20,28,-8,64,-134,5,-66,-28,-35,-49,8,-47,92,-93,6,-31,-68,-65,-45,4,-32,-34,-3,-47,-1221,-1175,4,-5,59,-13,-8,-66,37,55,64,-18,-36,-30,55,-50,-12,-16,-32,16,31,-41,-24,-15,70,-34,-22,-32,26,-19,-32,-29,9,-23,32,8,-32,-24,-3,-84,-22,-22,208,-13,291,40,20,-31,22,23,56,-44,15,-98,-58,-51,27,-44,54,7,52,-28,56,53,2,85,66,-21,127,22,33,-60,157,27,86,-27,-1,-1,-23,-20,-2,-7,-15,-16,-1,-28,-5,-13,4,-10,0,-4,45,-116,90,-127,7,-161,93,-117,-2,-28,-90,-155,9,-165,-79,-51,-43,-72,-32,16,-79,-34,-91,10,-56,-27,4,-18,-32,12,-12,-37,-27,2,-3,-49,-44,3,-21,-34,-109,53,21,82,-62,24,-3,26,-38,-20,-31,23,11,19,-118,3,-20,57,-38,-50,-38,0,22,-32,-42,-8,10,-23,-41,-30,-56,3,21,34,-18,28,-64,-58,-30,31,22,-64,-17,-23,23,-1,15,-38,-25,-34,-32,13,-35,-62,-46,2,-10,-65,21,11,47,-33,-122,-83,12,-26,-30,-13,16,-26,-34,25,-13,-91,-68,40,-24,-29,3,-62,-18,-1,11,-39,-29,-28,-32,14,-1,-27,-6,16,-35,-15,-18,-54,-44,50,-43,-42,-17,19,17,35,-83,-53,-17,51,-23,7,-5,-29,-47,28,-29,-75,24,-66,-70,-25,-42,31,-12,-20,-13,12,-22,-81,21,-18,-40,4,10,-60,-39,-7,-22,-46,-61,16,-6,-98,-54,20,-44,-36,-26,10,26,37,-37,-21,-27,14,-12,77,-34,43,-54,-18,-44,90,10,16,14,-13,22,45,19,94,-32,-9,-8,38,-24,-3,-5,114,53,87,-15,15,64,158,-66,62,-37,79,94,22,47,-25,-4,75,76,15,59,61,-45,-1,-14,53,45,1,-8,29,-46,31,2,35,-64,42,-35,146,-49,43,-65,10,7,111,52,4,4,36,-52,110,63,32,-45,42,-3,80,-2517,-2424,-1335,-2117],[-747956,79935,31,13,-20,-20,-11,7]]]
3671540	r	-74.8841,5.9294,-74.0507,7.0717	[[[-748841,68159,288,-5285,857,-2488,143,-117,26,-19,614,-151,3258,-805,797,1970,-13,12,-164,-153,-189,-26,-228,75,-221,-23,-226,71,-163,84,-35,48,-51,286,4,167,-81,117,49,69,55,170,-29,108,-177,-9,-153,148,-287,67,-52,34,-43,91,-194,210,89,49,143,181,164,91,173,231,91,337,87,169,89,65,174,-13,129,23,112,53,126,91,6,33,0,5,11,74,-17,71,-144,86,-225,338,1,81,100,146,4,127,-65,177,-90,79,-26,136,62,198,27,217,170,170,21,18,13,17,20,20,63,82,135,167,196,16,115,-49,218,268,304,68,141,69,344,416,92,52,350,49,151,69,465,455,-3233,2975,-292,-29,-377,-62,-371,-87,-366,-111,-357,-135,-348,-157,-337,-180,-324,-202,-311,-223,-295,-242,-279,-261,-261,-279,-242,-295,-211,-295]],[[-741138,67429,130,32,108,-81,-34,-28,-113,8,-60,-79,8,-30,96,-39,20,-84,78,-24,2,-35,-55,-35,-10,-44,93,-66,-53,-60,51,-133,-60,-89,12,-68,-90,15,-21,-59,99,-50,13,63,76,-31,91,65,47,-8,203,501,-551,507,-6,-80,-66,-25,-8,-43]]]
3686255	r	-74.5056,5.6659,-73.3092,6.7838	[[[-745056,62810,194,-210,43,-91,52,-34,287,-67,153,-148,177,9,29,-108,-55,-170,-49,-69,81,-117,-4,-167,51,-286,35,-48,163,-84,226,-71,221,23,228,-75,189,26,164,153,13,-12,-797,-1970,144,-118,853,-696,2211,-1803,474,-18,4936,3736,1945,3610,-1198,1567,-291,295,-569,577,-5357,626,-203,-501,-47,8,-91,-65,-76,31,-13,-63,-99,50,21,59,90,-15,-12,68,60,89,-51,133,53,60,-93,66,10,44,55,35,-2,35,-78,24,-20,84,-96,39,-8,30,60,79,113,-8,34,28,-108,81,-130,-32,8,43,66,25,6,80,2,22,64,32,-65,32,-4,87,-49,88,-87,-57,-505,-494,-151,-69,-350,-49,-92,-52,-344,-416,-141,-69,-304,-68,-218,-268,-115,49,-196,-16,-135,-167,-63,-82,-20,-20,-13,-17,-21,-18,-170,-170,-27,-217,-62,-198,26,-136,90,-79,65,-177,-4,-127,-100,-146,-1,-81,225,-338,144,-86,17,-71,-11,-74,0,-5,-6,-33,-126,-91,-112,-53,-129,-23,-174,13,-89,-65,-87,-169,-91,-337,-173,-231,-164,-91,-143,-181,-89,-49]]]
3686540	p	3667983
3666570	r	-76.9803,7.8907,-76.4796,8.3395	[[[-769803,80900,5,-163,16,-163,27,-161,37,-159,47,-156,58,-153,68,-149,77,-144,86,-138,96,-133,104,-126,112,-119,119,-112,127,-104,19,-13,459,216,-190,4,-535,168,-266,351,183,565,-29,8,-25,0,-12,11,3,43,140,168,233,22,271,-73,250,-117,-67,123,-94,74,-99,63,-81,87,96,12,76,-9,58,-29,43,-48,10,33,-1,29,11,17,-82,90,-59,27,-90,15,0,68,348,130,0,75,-102,-47,-35,-28,-74,0,-2,116,31,109,52,99,61,86,-614,0,-20,-192,-226,-34,-242,150,-65,356,46,-20,114,-29,45,-19,14,151,95,162,-41,102,-136,-142,0,204,-155,-83,-42,22,-63,-138,-58,-153,-47,-156,-37,-159,-27,-161,-16,-163,-5,-163]],[[-767702,82585,56,-326,128,-330,39,-214,-115,-336,2,-232,37,-231,51,-159,63,0,-28,88,-8,55,10,52,26,78,28,-56,-16,-115,9,-40,20,4,0,13,-12,9,-2,28,44,18,50,-98,14,-280,-61,-616,-21,-94,-94,-100,-22,-82,11,-95,1,-2,2692,1267,3,109,-5,163,-16,163,-27,161,-37,159,-47,156,-58,153,-68,149,-77,144,-86,138,-96,133,-104,126,-112,119,-119,112,-127,104,-133,95,-139,86,-145,77,-149,67,-153,58,-157,47,-160,37,-161,27,-163,16,-164,5,-164,-5,-163,-16,-74,-12,-1,-777]]]
3689570	p	3687238
3676623	r	-70.7341,-4.2366,-69.6869,-2.7485	[[[-707341,-37820,435,-48,1356,-711,107,-73,534,-133,267,-3,257,111,393,358,215,131,281,30,385,-135,375,-273,120,-125,11,-39,59,-115,167,-106,209,-299,124,-351,57,-359,105,-330,93,-92,0,-8,47,-111,72,-75,73,-32,112,-15,882,-449,177,-143,30,-63,113,-129,164,-123,19,-21,174,-258,279,-556,10,22,12,23,11,22,11,22,11,22,11,22,11,23,11,21,10,22,1,2,83,-117,134,84,957,5331,3,-1,1232,6842,-148,0,165,907,255,1403,-631,105,-948,93,-952,32,-952,-32,-411,-40,-752,-1174,-784,-1222,-785,-1225,-784,-1224,-785,-1223,-784,-1225,-784,-1223,-785,-1223,-335,-524]]]
3674676	r	-70.488,1.0104,-69.992,1.5096	[[[-704880,12600,6,-163,15,-163,27,-161,37,-159,47,-156,57,-153,67,-149,76,-144,86,-139,95,-132,103,-127,111,-119,118,-112,125,-103,132,-95,138,-87,143,-77,148,-67,152,-58,155,-47,158,-37,160,-27,162,-16,162,-5,162,5,162,16,160,27,158,37,155,47,152,58,148,67,143,77,138,87,132,95,125,103,118,112,111,119,103,127,95,132,86,139,76,144,67,149,57,153,47,156,37,159,27,161,15,163,6,163,-6,163,-15,163,-27,161,-37,159,-47,156,-57,153,-67,149,-76,144,-86,139,-95,132,-103,127,-111,119,-118,112,-125,103,-132,95,-138,87,-143,77,-148,67,-152,58,-155,47,-158,37,-160,27,-162,16,-162,5,-162,-5,-162,-16,-160,-27,-158,-37,-155,-47,-152,-58,-148,-67,-143,-77,-138,-87,-132,-95,-125,-103,-118,-112,-111,-119,-103,-127,-95,-132,-86,-139,-76,-144,-67,-149,-57,-153,-47,-156,-37,-159,-27,-161,-15,-163,-6,-163]]]
3671519	r	-69.258,4.4377,-67.4084,6.3288	[[[-692579,60895,5,-161,114,-1161,190,-1151,265,-1136,338,-1117,411,-1092,481,-1062,549,-1029,616,-991,679,-948,739,-902,797,-852,851,-797,901,-740,947,-680,990,-616,1028,-550,1062,-481,1091,-411,1115,-339,1135,-265,226,-37,-45,16,-41,40,-84,349,-72,132,-186,133,0,-68,-89,63,-85,79,-67,95,-33,110,17,139,58,67,70,48,54,82,15,96,-15,319,64,265,32,555,50,218,100,160,77,161,24,440,70,187,-51,94,15,58,32,68,4,122,-26,68,-91,176,-20,66,8,233,68,385,129,390,17,189,-17,445,21,52,47,50,47,68,21,106,-37,69,-179,208,-63,96,-35,100,-21,98,-10,103,4,114,26,122,90,236,21,87,-12,237,-39,175,-64,150,-90,161,-97,383,91,421,78,124,24,-3,141,-152,324,227,250,232,263,82,60,137,117,122,97,50,158,31,235,91,151,217,195,86,67,129,5,315,68,102,123,95,42,151,-69,125,-110,75,-43,113,-62,30,19,135,-46,89,-7,9,-4,13,12,62,-36,95,-51,63,-1,41,24,97,-49,87,-20,83,24,154,-1,20,12,54,88,192,11,402,115,191,99,358,119,183,6,176,44,60,73,69,185,163,29,38,171,161,92,159,99,107,84,53,353,158,88,100,53,96,84,150,215,92,123,100,11,49,130,112,-17,129,-110,114,-75,199,-97,69,-220,212,-109,172,-49,135,-116,130,-35,86,-1,223,19,138,36,71,229,231,103,49,-35,32,61,46,-10,1,-114,11,-236,218,-525,389,-183,63,-124,-29,-48,30,-338,79,-128,160,-235,44,-477,-9,-392,91,-310,26,-104,93,-377,142,-224,-35,-56,-78,-144,-122,-120,-64,-94,-96,-188,-68,-72,-61,-44,-13,-47,-121,-41,-74,-201,-182,-291,-130,-27,-21,-130,-45,-410,-62,-384,37,-8,10,-50,145,-70,37,-100,10,-151,-82,-144,62,-265,-21,-178,30,-73,-27,-130,-117,-160,-22,-198,-71,-63,-3,-260,-88,-49,-42,-569,-204,-133,-1,-106,40,-281,13,-52,68,-54,21,-238,-6,-161,44,-207,24,-216,-23,-188,-56,-33,0,-200,-51,-183,9,-89,-19,-20,-93,-22,-7,-568,-30,-12,1,-5,-2,-37,-2,-110,-51,-18,-16,-27,-11,-124,-12,-127,-120,-188,-121,-152,18,-416,193,-207,45,-225,24,-638,194,-212,35,-638,-35,-216,44,-238,84,-226,53,-177,-51,-376,167,-207,48,-242,-10,-191,-84,-282,-268,-216,-127,-592,-573,-569,-319,-118,88]]]
