3553478	r	-82.6417,22.7505,-81.8946,23.1995	[[[-826417,230435,169,-174,107,-36,1,0,1290,-439,20,-38,28,10,12,8,78,-27,5,-37,40,25,-3,-2,244,-83,-10,-105,-12,-1,-9,-30,79,-20,-10,-20,28,-56,-4,-5,11,-5,29,6,0,-6,8,2,20,14,41,64,59,31,13,-16,-1,-13,33,-4,6,25,30,-3,9,-5,1,-26,15,-15,86,-38,32,0,31,-11,-13,-25,46,-35,23,-1,31,12,11,-7,12,4,23,-16,71,23,52,4,22,12,23,-10,15,3,1,0,37,-12,954,-1852,3589,3097,98,84,-33,66,-87,151,-97,145,-107,138,-117,132,-126,124,-134,117,-142,108,-149,99,-157,90,-162,81,-138,58,-45,-8,-109,-39,-101,-22,-232,-22,-73,-17,-46,-11,-283,-65,-219,-22,-690,153,-318,-121,-699,-106,-461,-185,-398,-56,-155,-85,-296,-214,-157,-90,-95,-33,-124,-14,-49,-31,-100,-142,-55,-32,-221,-62,-172,-91,-262,-140,-205,14,-240,-93,-217,-26]]]
3536729	r	-76.207,19.8824,-75.501,20.4777	[[[-762070,200380,39,-45,127,-128,135,-120,144,-111,151,-102,21,-13,333,-36,273,-62,1046,-239,146,20,133,78,201,55,383,41,204,-22,24,-7,-4,-3,60,-26,24,-3,-1,12,0,1,288,-72,190,-23,716,24,219,-24,348,-171,414,-278,409,-206,331,47,207,-115,148,-28,23,41,86,180,73,185,61,189,47,192,34,195,21,197,6,182,-289,1267,-28,58,-4056,-617,3432,522,1,6,28,158,17,160,5,161,-5,161,-17,160,-28,158,-38,157,-50,154,-59,150,-71,147,-80,142,-90,136,-99,131,-108,124,-116,118,-124,109,-132,102,-138,94,-145,85,-150,76,-155,66,-159,57,-163,47,-166,36,-168,26,-169,16,-170,5,-170,-5,-143,-13,36,218,-39,17,-173,61,-178,51,-180,40,-183,29,-185,17,-185,5,-185,-5,-185,-17,-49,-8,-1751,-4367]]]
3566067	r	-78.3005,20.8957,-77.4941,21.8595	[[[-783005,210528,152,-153,247,-216,261,-201,275,-185,287,-167,298,-150,308,-130,316,-112,324,-92,329,-72,334,-52,336,-31,338,-10,338,10,336,31,334,52,329,72,324,92,316,112,308,130,298,150,287,167,275,185,261,201,247,216,231,232,214,245,161,210,-1966,6893,-138,-62,-56,9,-283,85,-132,59,-93,87,-37,122,-14,118,-13,51,-190,54,-329,72,-290,45,-1144,-2041,-700,-1248,-3,0,-34,16,-59,-8,-68,17,-41,32,-33,-50,-11,-50,-13,-195,-60,-36,-9,-23,-89,-64,87,-90,-2,-12,15,-32,13,-11,6,-30,-86,-154,-19,0,-23,-10,-17,4,31,-35,-27,-58,-31,-55,-58,-7,-100,-68,-92,-44,-71,15,-101,-29,-25,-91,-17,-10,-44,7,-6,-30,-23,3,-73,-34,-43,18,-7,-43,2,-39,-8,-4,29,-68,-21,-138,-25,11,-96,10,-18,-4,-83,21,-34,-2,-40,-25,-39,-45,-144,-59,6,-19,-21,-25,-6,-17,7,-36,75,-42,58,-55,61,-11,59,8,24,-52,-7,-65,22,-19,22,5,13,35,10,5,47,-9,10,5,4,93,60,0,9,81,38,57,42,4,8,-65,116,-13,-12,-61,12,-4,-605,-1080,-1121,-1999]]]
3556969	r	-76.6012,20.593,-75.9611,21.1771	[[[-766012,208625,15,-146,37,-208,51,-205,65,-202,79,-197,92,-192,106,-186,118,-179,131,-172,142,-163,132,-132,1131,-713,2735,40,93,40,198,99,190,112,183,122,173,134,163,144,154,154,142,163,131,172,118,179,22,38,-510,3391,-46,19,-68,154,-22,-46,-32,-49,-20,-48,-63,0,0,125,-38,94,-71,71,-102,58,-144,34,-111,-25,-160,-84,-101,-99,-69,-7,-98,106,-41,121,7,214,-34,81,-44,235,-158,99,-4476,-3146]]]
3557689	r	-75.5118,19.8847,-74.9081,20.4252	[[[-755118,201400,7,-187,19,-185,32,-184,45,-182,58,-179,69,-174,82,-171,93,-164,104,-159,115,-151,125,-145,135,-136,144,-127,153,-119,161,-109,167,-98,164,-83,598,36,518,118,39,373,501,333,187,-1,11,72,121,65,-42,103,-21,46,-21,-43,-27,-35,-40,-10,-66,15,-54,16,-33,105,20,97,60,119,151,56,105,-53,80,-46,72,122,62,104,96,136,204,37,16,-257,59,-96,-52,-118,-120,-212,-130,-23,-146,-95,-55,-48,-18,-47,421,0,-1,-744,32,-1,255,78,-1,95,29,72,53,14,72,-36,53,-118,124,14,70,47,153,119,144,127,135,136,125,145,115,151,104,159,93,164,82,171,69,174,58,179,45,182,32,184,19,185,7,187,-7,187,-19,185,-32,184,-45,182,-58,179,-69,174,-82,171,-93,164,-104,159,-115,151,-125,145,-135,136,-144,127,-153,119,-161,109,-167,98,-174,88,-180,77,-185,66,-189,54,-192,42,-195,31,-197,18,-197,6,-197,-6,-197,-18,-195,-31,-192,-42,-189,-54,-185,-66,-180,-77,-174,-88,-167,-98,-161,-109,-153,-119,-144,-127,-135,-136,-125,-145,-115,-151,-104,-159,-93,-164,-82,-171,-69,-174,-58,-179,-45,-182,-32,-184,-19,-185,-7,-187]]]
3537906	r	-80.3063,22.104,-79.7168,22.6636	[[[-803063,224334,539,-858,336,-536,792,-1261,1,-1,262,-419,142,-60,207,-72,211,-60,28,-6,1518,-21,202,559,1451,4007,206,568,-147,146,-161,141,-170,130,-68,45,-714,-154,-3542,-764,-1,0,-711,-153,-43,-76,-92,-187,-77,-193,-64,-196,-51,-200,-35,-203,-19,-176]]]
3569175	p	3553478
6956648	p	3553478
3568342	p	3553478
3547932	p	3553478
3550598	r	-77.2551,20.6732,-76.648,21.2468	[[[-772551,209600,7,-188,20,-186,32,-186,45,-182,58,-180,71,-176,82,-170,94,-166,106,-159,116,-153,126,-145,137,-137,146,-128,154,-119,162,-110,170,-99,176,-88,182,-78,186,-66,191,-54,195,-43,197,-30,198,-19,200,-6,200,6,198,19,197,30,195,43,191,54,186,66,182,78,176,88,170,99,162,110,154,119,146,128,137,137,126,145,116,153,106,159,94,166,82,170,71,176,58,180,45,182,28,162,-130,163,-234,295,-27,-3,-148,25,-115,-14,-23,45,-18,11,-45,12,8,135,-61,17,58,216,16,2,-1851,2329,-52,8,-198,19,-200,6,-200,-6,-198,-19,-197,-30,-195,-43,-191,-54,-186,-66,-182,-78,-176,-88,-170,-99,-162,-110,-154,-119,-146,-128,-137,-137,-126,-145,-116,-153,-106,-159,-94,-166,-82,-170,-71,-176,-58,-180,-45,-182,-32,-186,-20,-186,-7,-188]]]
3567597	r	-76.892,20.0895,-76.4026,20.6505	[[[-768919,205186,94,-1289,2317,-2998,108,-4,194,6,194,18,192,30,189,42,186,53,182,65,177,75,172,87,36,21,196,942,589,2831,67,321,-16,21,-124,142,-133,134,-142,126,-150,116,-158,107,-165,97,-172,87,-177,75,-182,65,-186,53,-189,42,-192,30,-194,18,-194,6,-194,-6,-194,-18,-192,-30,-189,-42,-186,-53,-182,-65,-177,-75,-172,-87,-165,-97,-158,-107,-150,-116,-142,-126,-133,-134,-124,-142,-113,-149,-48,-72]]]
6956647	p	3553478
3544091	r	-84.011,22.1707,-83.2279,22.7623	[[[-840109,224200,6,-189,20,-189,33,-187,47,-184,59,-181,71,-177,84,-173,96,-167,108,-161,118,-154,129,-146,139,-138,149,-130,157,-120,165,-110,102,-59,370,-20,146,33,119,140,114,32,-10,-30,12,-66,27,-70,39,-39,54,-8,1107,151,-19,-38,-22,-70,-21,-35,274,68,292,174,248,242,142,267,68,0,57,-118,74,-112,27,-102,-83,-84,441,-168,26,-3,37,25,157,120,110,96,-127,261,51,1,184,17,182,28,180,39,177,50,172,60,168,71,163,81,157,91,150,100,143,109,134,117,127,125,117,133,107,139,98,146,87,152,76,156,65,161,53,164,42,167,30,170,18,170,7,172,-4,99,-909,1605,-18,-6,-8,2,-12,21,-25,-20,-13,0,-17,26,11,41,-26,17,-4,33,-8,9,3,12,-18,25,36,14,-129,228,-113,75,-129,75,-65,-1,12,29,-138,69,-168,71,-172,60,-177,50,-180,39,-182,28,-184,17,-184,5,-184,-5,-184,-17,-182,-28,-180,-39,-177,-50,-172,-60,-168,-71,-163,-81,-157,-91,-150,-100,-143,-109,-134,-117,-38,-37,-129,264,-145,-13,-201,-31,-198,-43,-194,-55,-191,-66,-185,-79,-180,-89,-173,-100,-165,-110,-157,-120,-149,-130,-139,-138,-129,-146,-118,-154,-108,-161,-96,-167,-84,-173,-71,-177,-59,-181,-47,-184,-33,-187,-20,-189,-6,-189]]]
3564124	r	-80.761,21.9021,-80.139,22.44	[[[-807610,221500,7,-190,20,-188,33,-188,46,-185,48,-148,1076,-70,1243,32,429,-151,61,236,-61,243,-132,228,-146,187,-302,203,-94,136,54,213,144,-59,148,-17,71,21,1,10,-1,-20,94,10,10,-8,13,-24,-26,-42,10,-36,24,7,5,14,24,-8,-6,-15,25,-7,-2,-9,66,-22,14,33,28,7,10,11,-2,-17,16,9,4,-4,-5,-9,-10,3,-17,-11,-2,-16,30,-26,10,5,73,-40,10,-12,-11,-3,0,-8,16,-14,8,20,32,8,5,13,12,-25,13,0,4,-7,13,3,-2,4,17,-2,5,-9,-15,5,-6,-35,-15,8,-10,-3,-1,-12,-19,-27,6,-4,-35,-5,1,22,-16,9,-20,2,-1,-7,11,-4,5,-12,-20,-50,-12,1,-8,9,11,14,-36,14,-13,-14,-3,-17,-7,1,-6,-12,-24,-7,4,-7,40,-6,-6,-31,10,-11,2,-35,10,-6,11,8,-3,19,12,31,21,3,12,13,12,-116,50,-28,0,-11,-17,-26,5,-22,-12,-45,11,5,4,25,14,8,11,29,31,17,-6,-4,35,-20,70,0,3,-9,-1,9,125,-1,-12,-130,91,-5,120,30,80,-31,2,-81,-42,-82,-55,-85,-41,-87,57,25,154,37,-134,-105,-171,-51,-175,-7,-141,26,-2,-119,30,-63,109,-91,40,-10,121,17,44,-7,41,-54,8,-55,0,-52,19,-44,1091,-1090,120,-96,116,68,121,81,987,1143,37,77,72,178,59,181,46,185,33,188,20,188,7,190,-6,179,-792,1261,-624,994,-133,78,-179,89,-186,78,-190,67,-195,55,-198,43,-201,31,-203,19,-203,6,-203,-6,-203,-19,-201,-31,-198,-43,-195,-55,-190,-67,-185,-78,-180,-89,-173,-101,-165,-110,-157,-121,-149,-129,-139,-139,-129,-147,-119,-154,-107,-161,-96,-167,-84,-173,-72,-178,-59,-181,-46,-185,-33,-187,-20,-189,-7,-190],[-804881,221872,7,5,30,43,37,-57,-7,0,-32,7,-17,14,-18,-12],[-804662,221682,23,-4,4,-16,-5,13,-22,7],[-804526,221830,3,5,-2,-5,-1,0],[-804525,221829,9,-8,-4,-8,3,8,-8,8],[-804369,221288,7,-13,-1,-1,-6,14],[-804311,221642,13,54,-12,-54,-1,0],[-804292,221789,24,9,24,-16,-25,16,-23,-9],[-804203,221387,19,90,-19,-89,14,-5,-14,4],[-804177,221675,-11,33,11,-34,-5,-9,5,10],[-804101,221714,1,0,6,-7,-7,7]]]
3558729	p	3553478
3746181	p	3553478
3538803	p	3553478
3746183	p	3553478
3567924	p	3553478
3547398	r	-81.8907,22.7254,-81.395,23.1652	[[[-818906,231575,122,-749,1723,-3345,170,-60,212,-59,217,-47,219,-34,221,-20,222,-7,222,7,221,20,219,34,217,47,212,59,208,73,203,85,196,97,152,88,0,3376,-692,-111,-91,-3,-74,-23,-83,-71,-35,-83,-63,-244,-39,-51,-149,-56,-112,-26,-114,14,-124,57,2,31,60,37,3,1,23,-2,-12,8,31,9,18,12,7,-7,-9,-8,10,-3,9,15,-7,16,43,26,58,68,7,1,29,86,0,77,-18,88,-20,51,-25,-8,5,-13,-16,-6,9,-22,10,3,32,-73,-8,-17,2,-43,-8,-49,-10,-5,0,-13,-13,-13,-38,32,-17,-15,16,56,32,230,-35,201,-212,114,-175,132,-69,38,-134,15,-118,-5,-112,8,-114,56,-133,-64,-158,-20,-258,1,-1562,9,-223,-68,-282,65]]]
3564178	r	-79.0453,21.5737,-78.4747,22.0653	[[[-790453,218400,6,-174,18,-174,31,-172,42,-170,54,-167,66,-163,77,-159,88,-154,99,-148,109,-142,118,-135,128,-127,136,-120,144,-110,152,-102,158,-92,94,-47,43,53,56,45,50,18,465,43,463,100,125,53,66,41,72,9,147,-41,207,-109,102,-70,69,-60,126,-159,51,-103,-40,-45,-275,-7,-127,20,-113,61,-65,-138,12,-18,86,2,185,18,185,28,181,40,179,50,175,62,170,72,165,82,158,92,152,102,144,110,136,120,128,127,118,135,109,142,99,148,88,154,77,159,66,163,54,167,42,170,31,172,18,174,6,174,-6,174,-18,174,-19,105,-4333,1800,-62,-36,-152,-102,-144,-110,-136,-120,-128,-127,-118,-135,-109,-142,-99,-148,-88,-154,-77,-159,-66,-163,-54,-167,-42,-170,-31,-172,-18,-174,-6,-174]]]
8393989	p	3553478
3547640	p	3553478
3564436	p	3553478
3547867	r	-77.3861,20.0737,-76.8824,20.6254	[[[-773861,202049,43,-76,105,-158,115,-152,125,-145,135,-136,145,-127,153,-119,161,-109,168,-98,174,-88,180,-77,73,-26,3459,3159,-94,1289,-6,93,-2,3,-135,136,-145,127,-153,119,-161,109,-168,98,-174,88,-180,77,-185,66,-190,54,-192,43,-195,30,-197,19,-198,6,-198,-6,-197,-19,-195,-30,-192,-43,-104,-29,-79,-103,-69,-36,-91,-28,-79,-39,-34,-67,39,-223,104,-102,155,-67,186,-121,62,69,-65,112,98,-13,358,-130,269,-170,98,-85,310,-471,-134,-351,-77,-65,-68,-73,-31,-479,-411,-244,-74,-58,-24,-161,-69,-149,-106,-124,-136,-84,-147,-36,-129,5,-60,57,57,117,-65,5,-36,-1,-29,-4,-144,-115,-158,-361,-149,-76,-192,-29,-855,-378]]]
3540667	r	-79.7383,21.6491,-79.1392,22.2032	[[[-797383,219664,569,-2038,27,-36,125,-142,135,-135,144,-125,152,-117,160,-107,167,-97,173,-87,180,-76,184,-64,188,-54,192,-41,194,-30,196,-18,197,-6,197,6,196,18,194,30,192,41,188,54,184,64,180,76,173,87,167,97,160,107,152,117,144,125,135,135,125,142,114,149,104,156,93,162,81,168,70,172,57,176,44,179,32,181,20,183,6,184,-6,184,-20,183,-32,181,-44,179,-57,176,-70,172,-81,168,-93,162,-104,156,-114,149,-125,142,-135,135,-144,125,-152,117,-160,107,-167,97,-173,87,-180,76,-184,64,-188,54,-84,18,-1013,-483,-2209,-1053,-252,-120,0,-1,-70,-172,-57,-176,-44,-179,-32,-181,-1,-3]]]
3557846	p	3553478
3534599	p	3553478
3545064	p	3536729
3569370	p	3553478
3565432	r	-81.395,22.7754,-80.9226,23.2124	[[[-813950,228364,101,-76,152,-102,160,-92,166,-82,171,-72,176,-61,180,-51,183,-39,186,-29,67,-6,724,98,2396,2003,7,26,30,171,19,174,6,174,-6,174,-10,93,-126,-38,-226,-39,-184,54,-75,220,-4,158,-18,37,-39,-18,-70,-3,-415,69,-64,-9,-205,-48,-113,-12,-51,-51,-105,-245,-48,-82,-152,-168,-70,-102,-86,-45,-199,4,-357,172,-570,616,-444,106,0,62,141,115,543,307,455,110,276,106,142,113,-186,68,-164,-46,-442,-241,-244,-173,-372,-168,-149,-48,-471,-65,-247,-66,-108,-108,-112,-45,-149,-24,0,-2776]],[[-809717,231107,335,157,-30,75,-192,-118,-113,-114]]]
3746184	p	3553478
3546791	r	-75.2388,20.3878,-74.6882,20.7228	[[[-752388,206600,6,-178,19,-177,31,-176,42,-173,55,-170,67,-167,78,-162,89,-157,100,-151,110,-145,120,-138,129,-130,138,-121,146,-113,154,-104,160,-94,167,-84,172,-73,177,-63,181,-52,184,-40,186,-29,188,-18,189,-6,189,6,188,18,186,29,184,40,181,52,177,63,172,73,167,84,160,94,154,104,146,113,138,121,129,130,120,138,110,145,100,151,89,157,28,58,-216,67,-54,39,-67,48,-65,35,-42,4,-23,28,-7,110,-143,238,42,15,101,54,-156,103,-206,62,-791,88,-184,113,-142,136,-166,112,-246,-27,-160,4,-72,57,-32,95,-80,37,-101,22,-97,51,-195,62,-804,-97,142,-135,-73,-44,-85,5,-90,40,-93,67,-9,-67,-45,-91,-20,-53,-92,233,-165,8,-173,-43,-117,80,-32,-19,-9,-14,-3,-14,-18,-20,-279,67,0,69,163,42,-34,69,-123,65,-365,72,-24,-97,-31,-176,-19,-177,-6,-178]]]
3543299	r	-76.8865,20.9324,-76.4985,21.3897	[[[-768865,212203,1667,-2098,117,11,-19,130,79,-11,209,-5,195,119,50,89,-41,195,180,-11,6,81,58,-3,90,-27,5,-10,119,-24,126,16,5,38,9,16,81,-36,11,28,-37,39,27,77,40,-18,22,0,-1,10,84,-1,402,1041,-86,29,-101,174,-85,68,-120,-6,-111,-50,-99,-5,-80,128,39,15,97,54,-204,0,0,68,532,21,115,131,35,401,-68,0,0,-211,-62,0,-129,158,-221,124,-239,70,-175,-5,-193,-72,-4,-64,67,-143,58,-88,66,-45,218,-72,0,-62,-213,13,-189,39,-169,71,-150,110,-160,59,-201,31,-134,65,49,158,-16,106,99,-4,92,-89,-39,-149,561,239,162,34,73,64,-59,141,-136,141,-154,63,-108,7,-270,62,-168,105,-45,16,-78,-43,-57,-3,-602,194,-16,-17,-14,-99,-41,-100,-140,-196,68,0,-40,-119,-24,-122,-45,-103,-96,-65,29,249,-195,-96,-20,-36,-78,-161,-66,-165,-55,-169,-42,-172,-31,-174,-16,-149]],[[-766844,209660,234,-295,49,-10,186,-29,19,-2,104,271,-29,10,-10,23,-34,14,-13,-15,-24,9,-17,-19,-39,3,-11,-15,-152,17,-35,20,-138,28,-90,-10]],[[-765324,212686,34,-160,86,-95,57,23,162,420,-88,3,-182,-56,-69,-135]]]
3534597	p	3553478
3563504	r	-76.4802,20.0444,-76.0382,20.5556	[[[-764802,201657,51,-77,103,-136,113,-129,121,-123,129,-114,137,-106,144,-97,150,-89,157,-79,161,-69,166,-59,169,-48,173,-38,175,-27,176,-17,177,-5,177,5,176,17,118,18,1647,4106,-83,95,-121,123,-129,114,-137,106,-144,97,-150,89,-157,79,-161,69,-166,59,-169,48,-173,38,-175,27,-176,17,-177,5,-177,-5,-176,-17,-175,-27,-173,-38,-169,-48,-166,-59,-161,-69,-157,-79,-150,-89,-89,-60,-709,-3408]]]
3557347	r	-82.6407,22.5593,-82.261,23.0225	[[[-826407,226821,78,-19,355,78,465,-93,98,21,194,94,117,21,526,-119,658,80,317,-76,209,-21,218,23,372,41,44,76,71,145,60,148,15,46,-23,239,-954,1852,-37,12,-1,0,-15,-3,-23,10,-22,-12,-52,-4,-71,-23,-23,16,-12,-4,-11,7,-31,-12,-23,1,-46,35,13,25,-31,11,-32,0,-86,38,-15,15,-1,26,-9,5,-30,3,-6,-25,-33,4,1,13,-13,16,-59,-31,-41,-64,-20,-14,-8,-2,0,6,-29,-6,-11,5,4,5,-28,56,10,20,-79,20,9,30,12,1,10,105,-244,83,-37,-23,-5,37,-78,27,-12,-8,-28,-10,-20,38,-1290,439,-111,-47,-156,-3357]],[[-825283,226400,5,-52,25,-84,-22,-629,46,-42,41,64,52,68,59,176,-31,231,-37,119,-14,40,-39,76,-48,42,-37,-9]]]
3563559	p	3544091
3557378	r	-82.2633,22.6549,-81.7614,23.0602	[[[-822633,227505,23,-239,16,-160,60,-91,103,-132,23,-26,419,1,679,-179,322,-130,1063,168,801,68,349,12,401,-133,94,93,111,126,103,132,92,139,83,144,73,148,62,153,51,156,40,159,28,161,17,162,6,163,-6,163,0,2,-857,1664,-52,45,-136,103,-143,95,-149,86,-87,44,-3589,-3097]]]
3568312	r	-82.9804,22.6002,-82.6247,23.0436	[[[-829804,229673,1277,-3671,35,27,338,105,147,93,61,181,3,197,34,194,102,162,208,99,215,4,977,-243,156,3357,3,83,-168,172,-3,2,-708,-86,-906,39,-220,-73,-241,-37,-358,53,-150,-3,-143,-83,-148,-98,-1,-1,-24,-35,-107,-248,-19,-12,-198,-122,-106,8,-56,-64]]]
3539093	p	3536729
3546434	r	-78.9156,21.8847,-78.3443,22.3702	[[[-789156,221100,6,-174,19,-174,18,-103,4323,-1796,12,-5,65,37,151,102,145,110,136,120,128,127,119,135,108,141,99,148,88,154,77,159,66,163,54,167,43,169,30,172,19,174,6,174,-6,174,-19,174,-30,172,-43,169,-54,167,-66,163,-57,118,-96,-44,5,67,-9,139,1,18,-9,15,-20,30,-152,-22,-602,96,-239,67,-175,86,-229,144,-199,158,-85,127,-141,92,-1092,360,-142,132,-136,-29,-120,-34,60,-80,-154,-317,-93,-80,-100,130,-94,-43,-36,-26,-73,223,-79,-39,-159,-92,-151,-102,-145,-110,-136,-120,-128,-127,-119,-135,-108,-141,-99,-148,-88,-154,-77,-159,-66,-163,-54,-167,-43,-169,-30,-172,-19,-174,-6,-174]]]
3563843	r	-81.1651,22.4683,-80.6267,22.9738	[[[-811650,227817,3000,-3134,7,1,176,27,174,38,171,48,168,58,163,69,157,78,152,88,146,97,138,105,130,113,123,122,113,128,104,135,95,141,84,147,74,151,63,155,52,159,40,162,29,164,18,165,6,166,-4,101,-2258,2398,-114,17,-178,16,-179,6,-179,-6,-178,-16,-118,-18,-724,-605,-1426,-1192,-15,-44,-10,-40]]]
3558771	r	-78.529,21.2499,-77.9626,21.8101	[[[-785290,215300,6,-183,19,-183,32,-180,44,-179,57,-175,69,-172,81,-167,92,-161,103,-156,114,-149,125,-142,133,-133,143,-126,152,-116,159,-107,166,-96,172,-87,179,-76,183,-64,187,-53,191,-42,193,-30,194,-18,196,-6,196,6,194,18,26,4,605,1080,-12,4,12,61,-116,13,-8,65,-42,-4,-38,-57,-9,-81,-60,0,-4,-93,-10,-5,-47,9,-10,-5,-13,-35,-22,-5,-22,19,7,65,-24,52,-59,-8,-61,11,-58,55,-75,42,-7,36,6,17,21,25,-6,19,144,59,39,45,40,25,34,2,83,-21,18,4,96,-10,25,-11,21,138,-29,68,8,4,-2,39,7,43,43,-18,73,34,23,-3,6,30,44,-7,17,10,25,91,101,29,71,-15,92,44,100,68,58,7,31,55,27,58,-31,35,17,-4,23,10,19,0,86,154,-6,30,-13,11,-15,32,2,12,-87,90,89,64,9,23,60,36,13,195,11,50,33,50,41,-32,68,-17,59,8,34,-16,3,0,700,1248,-84,146,-103,156,-114,149,-125,142,-133,133,-143,126,-152,116,-159,107,-166,96,-172,87,-179,76,-183,64,-187,53,-191,42,-193,30,-194,18,-196,6,-196,-6,-194,-18,-193,-30,-191,-42,-187,-53,-183,-64,-179,-76,-172,-87,-166,-96,-159,-107,-152,-116,-143,-126,-133,-133,-125,-142,-114,-149,-103,-156,-92,-161,-81,-167,-69,-172,-57,-175,-44,-179,-32,-180,-19,-183,-6,-183]]]
3541440	r	-80.3564,22.5718,-79.784,23.0699	[[[-803564,228100,6,-174,19,-173,30,-172,43,-169,54,-166,66,-163,78,-159,88,-153,99,-148,109,-141,119,-134,128,-127,137,-119,145,-111,152,-101,159,-92,162,-80,3542,764,109,141,99,148,88,153,78,159,66,163,54,166,43,169,30,172,19,173,2,78,-55,18,-412,35,-107,26,-95,58,-63,66,-108,155,130,363,111,82,230,-103,185,117,62,53,-26,80,-16,40,-13,3,-614,-160,-326,-285,-208,-59,1,22,-6,49,-28,49,-69,23,-179,-8,-54,8,-379,205,-22,65,-226,379,-34,96,-85,86,-109,71,-107,54,-38,-240,-201,-34,-235,67,-531,246,-169,-5,75,-239,-596,-216,-310,-61,-329,10,-171,37,-166,56,-13,7,-205,-533,79,1,-133,-317,-46,33,-17,-88,-25,4,-69,-179,-2,-41]],[[-800948,230483,36,-54,58,-46,81,-10,66,13,41,3,47,-47,56,-75,27,25,-40,132,-38,74,-32,82,-122,119,-108,-24,-19,-120,-16,-55,-34,7,-3,-24]],[[-799574,229530,77,-246,99,44,104,137,96,28,213,-126,107,96,7,134,-83,-5,-156,72,-162,-1,-158,-52,-144,-81]],[[-798712,229477,93,-48,90,-13,-24,-49,-62,-47,-30,-60,65,-91,115,-66,115,15,76,73,-16,57,-86,14,-46,56,71,72,120,35,9,7,-97,145,-78,101,-214,-52,-101,-149]]]
3534915	r	-80.2296,21.6777,-79.7176,22.0452	[[[-802296,218750,119,-35,295,-230,423,-86,410,-145,206,-33,171,-51,119,-133,68,-188,23,-215,74,-163,170,-179,186,-83,122,124,-81,17,-99,49,-64,68,27,71,90,20,116,-25,204,-69,222,-33,195,2,177,51,169,116,28,-123,-10,-141,32,-112,155,-33,0,-63,-205,-74,0,-68,224,-77,222,-108,169,-24,68,174,113,161,257,4,487,-131,37,77,60,150,50,154,39,156,28,158,17,160,6,160,-6,160,-17,160,-28,158,-39,156,-50,154,-60,150,-71,146,-81,142,-90,136,-100,130,-109,124,-118,117,-125,110,-133,102,-139,93,-146,85,-151,76,-156,66,-161,56,-164,47,-167,36,-170,27,-170,15,-172,5,-172,-5,-170,-15,-170,-27,-167,-36,-164,-47,-161,-56,-156,-66,-151,-76,-146,-85,-139,-93,-133,-102,-125,-110,-118,-117,-109,-124,-100,-130,-90,-136,-81,-142,-71,-146,-60,-150,-13,-38]]]
3540680	r	-83.4488,22.3607,-82.8527,23.0212	[[[-834488,228992,852,-1505,-29,-89,-62,-143,160,3,72,-19,75,-133,129,-228,-36,-14,18,-25,-3,-12,8,-9,4,-33,26,-17,-11,-41,17,-26,13,0,25,20,12,-21,8,-2,18,6,909,-1605,845,-1492,6,6,571,1015,274,266,327,204,11,5,1,-1,100,28,8,5,2,17,5,-17,63,20,116,6,153,34,70,25,102,59,27,25,12,25,3,28,-9,63,2,1,154,45,187,14,16,-3,2,4,22,2,8,-9,13,6,35,-5,34,5,95,53,31,28,75,110,58,44,-7,15,344,272,-1277,3671,-64,186,-21,-23,-78,-34,-61,34,-41,104,41,55,100,15,6,3,-54,157,-44,22,-74,-32,-60,-57,-52,-27,-105,31,-138,88,-104,17,-58,-16,-130,-83,-78,-37,-417,-75,-222,-87,-147,-114,-12,-131,183,-139,-71,-67,-87,-101,-102,-61,-122,52,-77,125,-19,141,38,119,92,65,0,62,-133,109,-161,53,-186,-8,-202,-79,-518,-307,-134,-41,-181,-81,-188,-190,-149,-216,-60,-165,-81,-79,-160,-92,-109,-31,71,103,-168,67,-120,84,-115,43,-112,-43]]]
3543961	r	-79.8825,22.0496,-79.367,22.5735	[[[-798825,221599,80,-103,118,-134,126,-126,135,-117,144,-110,150,-100,157,-91,164,-82,168,-71,174,-61,177,-50,180,-39,125,-19,2945,1404,20,34,76,157,65,162,54,165,42,168,30,170,18,172,6,172,-6,172,-18,172,-30,170,-42,168,-54,165,-65,162,-76,157,-88,152,-97,146,-108,140,-118,134,-126,126,-135,117,-144,110,-150,100,-53,31,-137,24,-57,45,-65,68,-9,5,-168,71,-174,61,-177,50,-180,39,-183,28,-184,17,-185,5,-185,-5,-184,-17,-183,-28,-180,-39,-142,-40,-1451,-4007]]]
3539560	p	3553478
3556437	r	-81.3939,22.2846,-80.8726,22.774	[[[-813939,225300,5,-161,17,-159,28,-159,40,-156,50,-154,61,-150,71,-147,81,-141,92,-137,100,-130,110,-124,118,-118,126,-109,133,-102,141,-94,146,-85,153,-75,157,-67,162,-56,165,-47,168,-36,171,-26,171,-16,173,-5,173,5,171,16,171,26,168,36,165,47,162,56,157,67,153,75,146,85,141,94,133,102,126,109,118,118,110,124,100,130,92,137,81,141,71,147,61,150,50,154,25,97,-2851,2978,-67,-7,-171,-26,-168,-36,-165,-47,-162,-56,-157,-67,-153,-75,-146,-85,-141,-94,-133,-102,-126,-109,-118,-118,-110,-124,-100,-130,-92,-137,-81,-141,-71,-147,-61,-150,-50,-154,-40,-156,-28,-159,-17,-159,-5,-161]]]
3545841	r	-77.5583,21.27,-76.9852,21.7853	[[[-775583,215400,6,-177,18,-175,31,-175,43,-172,55,-169,66,-165,78,-161,89,-156,99,-150,110,-144,120,-136,129,-129,138,-121,146,-112,153,-103,160,-94,167,-83,172,-73,176,-62,181,-51,183,-40,187,-29,187,-18,189,-5,189,5,187,18,187,29,183,40,181,51,176,62,172,73,167,83,160,94,153,103,146,112,138,121,129,129,120,136,110,144,99,150,89,156,78,161,66,165,55,169,43,172,20,112,-847,973,-184,104,-189,-32,-83,-98,-252,-448,-124,-531,-88,-152,-94,-12,-95,-51,-9,-12,-249,-117,-99,-25,80,177,-159,17,-223,-35,-113,21,-45,67,-87,174,-64,180,27,78,1,4,10,4,44,19,3,1,119,51,29,67,43,99,-32,104,-19,63,-197,76,-280,-22,-99,22,-93,52,-77,68,-83,59,-116,25,-114,53,-32,110,80,98,230,18,87,-31,109,-91,89,-38,59,-34,50,-15,22,36,16,10,33,35,25,36,-6,18,188,-18,163,-44,643,-279,49,-39,173,-180,88,-54,66,174,240,242,35,198,-59,87,-101,88,-54,121,78,189,-179,-44,-149,0,-140,42,-147,70,-589,415,-134,47,-339,259,-142,135,-143,94,-509,149,-91,41,-74,-31,-167,-83,-85,-50,41,-16,69,-39,46,-68,56,-233,124,-295,107,-133,260,-110,95,-120,60,-119,4,-55,-29,-21,-28,-47,-50,-47,-96,-21,-66,18,-238,118,-303,36,-128,39,-53,103,-35,159,-146,312,-23,183,30,152,-71,-55,-138,-121,-129,-129,-120,-136,-110,-144,-99,-150,-89,-156,-78,-161,-66,-165,-55,-169,-43,-172,-31,-175,-18,-175,-6,-177]],[[-774504,217505,41,-3,100,-56,143,18,-142,141,-93,-63,-49,-37]]]
3567869	r	-75.9893,20.7076,-75.5167,21.1369	[[[-759893,209600,5,-166,18,-165,28,-163,40,-161,51,-159,63,-155,72,-151,83,-146,93,-141,103,-135,112,-128,120,-121,129,-113,136,-105,144,-97,149,-87,156,-78,160,-69,165,-58,169,-48,172,-38,173,-27,66,-6,-145,77,-115,216,-93,88,45,105,28,118,9,126,-8,61,102,242,13,128,-53,114,656,-71,193,64,548,80,32,-16,73,-57,44,-61,23,-72,32,-59,75,-25,136,-64,160,-100,140,0,80,238,-138,0,-84,60,-41,106,-11,139,-64,48,-414,200,-219,27,-299,-13,-264,-74,-112,-158,-61,0,-87,172,-129,172,-6,122,283,19,-18,68,-39,42,-60,21,-81,11,60,38,59,19,66,-8,81,-49,125,72,61,-97,38,-151,50,-97,163,-3,164,93,139,131,86,115,21,59,23,149,18,64,41,55,112,87,59,70,204,410,-346,492,-228,138,-395,-78,-89,345,-197,159,-283,43,-345,-1,-175,-46,-97,4,-42,76,-31,27,-150,63,-55,13,-516,-348,51,-90,-52,-43,-84,15,-83,174,-97,51,-125,24,-125,5,-86,-28,-32,-27,-73,-95,-93,-141,-83,-146,-72,-151,-63,-155,-51,-159,-40,-161,-28,-163,-18,-165,-5,-166]],[[-756987,207076,139,13,173,27,172,38,169,48,165,58,87,38,25,62,-20,172,-96,154,-158,120,-101,-199,-478,-378,-77,-153]],[[-755785,207874,8,-179,102,-127,46,-23,69,46,136,105,129,113,120,121,8,9,-4,4,-121,15,-493,-84]]]
3567669	r	-77.2022,19.9117,-76.6724,20.3897	[[[-772022,200977,34,-107,63,-158,74,-154,84,-149,95,-144,104,-137,113,-131,123,-123,130,-116,138,-107,146,-98,152,-90,157,-79,163,-70,168,-60,171,-49,174,-38,176,-28,178,-16,179,-6,179,6,175,16,228,175,154,63,208,-14,144,-31,121,52,157,79,152,90,146,98,138,107,130,116,123,123,113,131,104,137,95,144,84,149,74,154,63,158,52,162,36,146,-2101,2719,-3197,-2920]]]
3563317	r	-80.8945,22.5702,-80.1172,23.2258	[[[-808945,230141,416,-442,2258,-2398,1506,-1599,275,37,928,2402,69,179,25,-4,17,88,46,-33,133,317,-79,-1,205,533,-77,40,25,36,-53,51,-62,0,-19,7,-42,47,-19,7,-20,18,-22,61,22,20,-27,9,-8,24,3,16,37,23,110,18,3,22,12,12,59,30,46,-2,43,9,142,-22,141,-11,95,6,81,14,10,-7,-1,0,83,-63,60,-36,-23,-68,11,-48,92,-9,17,49,-22,63,17,49,51,-13,128,-64,27,-20,37,17,21,26,12,-1,18,18,-16,17,-37,15,-47,51,-7,35,11,46,-3,34,16,11,-6,18,10,24,32,35,-31,18,13,44,29,-4,20,26,14,-11,20,-4,14,15,0,12,20,4,-4,12,-49,17,-6,18,30,13,2,14,33,37,41,65,-16,-11,-14,23,-30,13,-7,10,-13,27,3,14,-30,20,3,13,11,1,4,7,-7,11,-13,-5,-6,10,-11,-8,-18,20,-2,16,-13,-15,8,-15,-10,0,5,-4,-8,-4,0,-9,-24,-22,-37,-9,-27,3,-26,-10,-11,13,-19,-5,-8,12,-2,-18,-13,-5,-18,9,-10,15,0,-12,-18,-6,-12,21,6,7,-12,33,3,-20,-5,-2,-11,7,-9,28,3,17,11,12,-18,-1,-15,17,-5,-15,-18,-2,-9,6,-16,-11,6,-17,-6,-8,25,4,-5,-15,38,-2,-11,-11,31,-14,-6,-10,5,-8,-18,-10,-1,-8,-14,-3,-5,-9,-28,-6,-25,13,-10,13,-37,2,-8,29,-7,-9,11,-26,-43,-49,-32,17,-74,-32,1,-26,-6,-5,-61,7,-16,14,-34,-2,-20,-9,6,-7,-7,-7,2,-16,-17,-6,-21,17,-9,-21,-22,3,-12,-17,2,-26,-16,-39,-13,-1,-6,10,6,46,-9,-5,-6,13,-9,-1,4,-31,-14,-16,7,-18,27,-16,-210,-96,0,1,-21,-1,-7,4,-4,27,-17,3,-25,15,-55,6,-39,7,-59,-24,-61,-45,94,-69,-10,-12,-30,0,-19,8,-12,-4,-2,-10,-11,5,1,-8,-6,-5,-12,1,-40,20,-12,18,-21,6,-18,-2,-17,24,9,11,-38,-13,-16,8,-13,-12,-4,-36,-17,-21,-34,-6,0,-15,18,-56,30,-20,11,-36,25,-16,30,-5,9,-15,1,-6,-32,-24,-14,-1,-28,13,-17,-17,-5,-20,4,-18,41,-35,7,-23,20,-6,9,-12,-536,-1,-182,44,-132,105,-104,117,-94,82,-153,54,-406,72,-158,11,-36,23,-48,84,-20,47,-7,-2,0,10,-19,22,-1,22,-27,22,-7,16,5,17,-4,17,-13,10,-20,39,4,4,-8,10,-3,49,-32,27,-9,-1,-7,12,-17,-4,-3,9,-20,3,-38,20,-27,1,-36,-11,-176,294,-12,21,-279,194,262,479,85,74,0,62,-98,51,-126,21,-135,-15,-131,-57,185,-193,-55,-188,-187,-151,-210,-83,-249,-9,-467,90,-245,-6,-1286,-229,-66,-600]],[[-808803,231434,148,14,123,-31,106,-50,120,-11,166,92,92,81,0,46,-63,68,-97,146,-74,0,0,-137,-155,130,-44,69,-69,-62,42,-52,56,-105,39,-54,-212,44,-156,5,-22,-193]],[[-808614,232204,58,-27,73,-92,98,-23,285,-96,108,-7,184,18,70,-11,117,-34,213,-89,40,25,45,63,71,-3,74,-38,59,18,9,62,-15,29,-625,67,-349,72,-280,97,-194,23,-41,-54]],[[-807049,231931,6,-128,35,-31,20,67,75,38,115,-21,51,12,10,72,32,8,44,-3,25,69,-23,78,-26,30,-91,-19,-173,-64,-100,-108]],[[-805806,231789,121,62,44,-3,39,-59,171,33,202,-55,176,-70,101,-13,84,55,79,35,59,41,22,74,-26,71,-60,4,-70,-26,-55,-12,-254,-8,-87,8,-54,29,-79,88,-41,19,-163,-11,-107,-42,-66,-83,-36,-137]],[[-804778,231036,16,-22,-8,-15,35,-21,14,-16,46,3,34,19,-31,29,-18,2,-9,-17,-13,4,-23,56,-10,-3,-1,-12,-32,-7]],[[-804648,231385,62,-124,13,-5,110,8,50,50,15,6,42,6,16,17,47,19,22,16,42,-11,9,43,-8,0,31,24,60,7,28,-13,41,-41,-12,-38,-18,-4,-7,-12,-14,9,9,-24,-3,-20,18,-31,33,-5,32,-31,-17,26,-14,10,-26,1,-8,9,-5,36,44,31,1,11,-9,10,16,23,-22,10,-4,18,89,43,45,5,22,-1,10,-2,50,-37,43,-5,17,-17,-8,-20,-37,-31,1,-10,-8,-7,-33,-73,1,-13,33,3,43,30,20,33,-9,13,3,9,61,-17,15,2,9,18,28,17,12,18,4,-14,8,13,2,12,-9,20,-13,-1,-3,9,-21,-1,-2,12,30,42,1,24,-40,43,-36,-1,-13,9,-48,11,-103,-7,-104,1,-231,-18,-73,-3,-143,-19,-1,0,-5,3,-39,5,-24,-2,-16,-17,-9,-44,-20,-40,-64,-14,-9,-12]],[[-804359,229719,17,4,11,10,43,1,20,9,-18,13,-24,3,-13,28,-8,3,-18,-20,3,-28,-13,-23]],[[-804247,230154,19,-65,27,2,43,29,39,46,15,4,10,10,-31,0,-33,26,-16,-33,-24,-19,-49,0]],[[-803894,230911,54,24,29,39,-2,32,-23,6,-9,31,-9,5,-12,-4,-16,-17,23,-46,-19,-21,2,-27,-18,-22]],[[-803893,230118,33,-10,52,6,17,-1,21,-27,10,5,-3,23,-22,-3,-11,16,-37,26,-49,-14,-11,-21]],[[-803887,229738,51,-9,18,9,14,35,-6,26,-13,-5,-12,13,-33,-52,-10,-3,-9,-14]],[[-803830,231073,6,-13,114,3,47,22,18,18,-2,13,-26,12,-31,-5,-54,-24,-37,1,-35,-27]],[[-803642,229997,12,-27,23,-25,7,1,-3,6,7,4,-9,11,29,13,28,1,6,6,-5,2,-26,44,-67,-29,-2,-7]],[[-803610,231376,3,-35,12,-3,-5,-26,6,-13,13,-10,18,1,31,36,6,21,-13,21,-15,8,-3,15,-35,-5,-18,-10]],[[-803583,230682,4,-12,21,-20,46,-6,16,-27,-2,-25,-7,-6,-21,1,-10,-16,3,-13,7,-3,92,68,-5,5,-27,-2,-30,24,-38,9,-39,42,-10,-19]],[[-803458,230189,2,-18,22,-37,-8,-25,49,16,60,4,-14,10,-52,9,-47,42,-12,-1]],[[-803327,231204,134,-44,106,-82,10,0,61,35,47,90,25,-9,14,-35,13,-6,-22,-40,85,-45,105,-24,93,-57,25,-24,58,-93,22,-94,-52,-9,6,-36,41,-14,26,-39,24,2,66,53,26,-9,7,43,59,16,36,-15,41,-31,35,70,16,3,13,-23,39,-6,10,-70,23,12,-6,51,30,-20,49,-2,-17,-59,27,-43,14,-10,46,-13,23,1,25,31,-32,77,65,-24,14,-45,-16,-56,189,-46,22,-15,11,-51,-8,-18,-23,-16,-44,10,-18,-4,-3,-13,11,-14,88,-59,-5,-22,-14,-12,-45,3,-13,-16,-1,-37,21,-21,54,-3,52,17,18,20,37,102,-2,24,-20,24,-7,19,7,22,198,88,73,19,31,70,1,76,-57,83,184,57,4,40,-82,41,-138,-103,-83,-40,-54,-1,-40,7,-106,45,-92,53,-62,95,-34,-1,-32,11,-58,42,-44,61,-14,36,-28,-12,-95,0,-64,-19,-11,-19,56,-42,17,-51,-17,-9,-24,2,-42,19,-27,-7,-14,-15,-4,-19,0,-9,22,-8,-14,-28,-27,-6,-33,-40,1,-52,-29,-13,11,111,-6,16,-61,55,-17,61,-12,19,-38,12,0,21,-16,20,-81,81,-85,25,7,41,-19,16,-40,-14,-17,17,9,11,22,8,-3,20,112,-17,56,-24,5,9,-22,21,-20,8,-68,11,-35,12,-32,43,-26,19,-34,0,-52,-36,-5,1,-75,-6,-74,-13,-30,-18,-1,0,-288,-17,-22,-15,-26,-150]],[[-803284,230787,5,-1,25,17,21,-6,27,51,16,14,-9,3,-13,-11,-27,-8,-14,8,-4,12,-8,1,7,-25,-22,-34,-4,-21]],[[-802889,230863,15,-12,17,0,6,-6,14,16,23,9,-6,13,-31,-13,-2,8,16,4,7,10,-3,8,-23,12,-26,-26,-7,-23]],[[-802477,231343,4,-17,11,-6,14,14,14,36,-15,12,-16,6,-7,-5,-5,-40]],[[-802468,231175,30,-14,40,-2,28,39,34,3,48,28,-23,9,-22,-1,-4,16,-16,5,21,9,-7,24,6,28,-19,15,16,5,0,10,-17,18,-23,4,-4,21,-14,-1,-6,-15,15,-37,2,-24,-7,-15,-15,15,-1,18,-24,9,-37,-119,-1,-48]],[[-802323,231187,2,-10,44,-16,53,-14,8,6,-34,31,-43,8,2,12,-11,2,-21,-19]],[[-802318,231078,3,-23,24,-22,26,26,-12,10,7,13,-10,31,-12,-5,0,-11,-26,-19]],[[-802313,231373,26,-39,21,-17,-19,-13,33,-2,6,5,-3,77,17,77,-20,8,-35,-14,8,-16,-25,-62,-9,-4]],[[-802269,230400,10,-18,-3,-11,21,0,36,-21,-4,-18,29,-39,20,4,16,-16,24,6,6,-4,3,13,22,2,14,14,14,-2,6,-12,22,-2,19,-14,2,-11,9,3,10,-6,28,-31,-3,19,21,16,-2,7,-26,-2,-12,22,-6,-2,-21,11,3,15,-73,16,-1,22,-12,2,-5,14,-9,-13,-102,21,-15,-4,-17,12,-10,-1,-14,8]]]
3556268	r	-76.7273,20.8539,-76.1536,21.2875	[[[-767273,209888,61,-17,-8,-135,45,-12,18,-11,23,-45,115,14,148,-25,27,3,90,10,138,-28,35,-20,152,-17,11,15,39,-3,17,19,24,-9,13,15,34,-14,10,-23,29,-10,-104,-271,-73,-187,295,-598,122,86,4476,3146,-161,101,-1062,378,-144,87,-180,141,2,7,-13,24,-41,22,-8,-6,-22,17,-323,119,-142,110,-246,72,-1109,31,-162,-420,-57,-23,-10,-4,-5,-41,5,-3,5,13,9,1,31,-12,2,-7,27,-4,16,-25,2,5,10,-5,2,-10,61,-11,42,2,17,-9,74,11,10,-1,18,-5,17,-18,21,-4,28,-24,27,-9,33,-30,83,4,37,-19,-10,-4,-30,12,-20,-10,-29,-4,-26,-16,-49,0,-16,-17,-16,-2,-35,-43,-3,-14,-10,-2,-14,-36,-71,-39,-53,-4,-65,8,-57,-2,-24,-32,-25,-48,-60,-57,-69,-49,-51,-21,-6,3,-402,-1041,-84,1,1,-10,-22,0,-40,18,-27,-77,37,-39,-11,-28,-81,36,-9,-16,-5,-38,-126,-16,-119,24,-5,10,-90,27,-58,3,-6,-81,-180,11,41,-195,-50,-89,-195,-119,-209,5,-79,11,19,-130,-117,-11,-17,-1,-58,-216]]]
3545867	r	-83.0753,21.6376,-82.5912,21.9545	[[[-830753,218426,3,-18,40,-161,52,-158,62,-155,73,-150,83,-146,94,-140,103,-134,112,-128,121,-121,129,-113,136,-104,144,-97,150,-87,156,-78,161,-68,166,-58,169,-48,172,-37,174,-27,176,-17,177,-5,177,5,176,17,174,27,172,37,169,48,166,58,161,68,156,78,150,87,144,97,136,104,129,113,121,121,112,128,19,24,-41,72,-50,125,-67,111,-99,47,-135,-7,-449,342,-146,162,-10,114,53,122,35,186,-55,156,-135,110,-177,73,-561,148,-815,188,-1305,147,-93,-66,-64,-22,5,-20,121,-56,116,0,109,-20,110,-49,-166,-33,-228,-108,-202,-133,-86,-104,-55,-130,-424,-311,-1,-6]],[[-826681,219491,102,-170,278,-114,272,12,117,48,-165,120,-375,158,-229,-54]]]
