3067696	r	14.0878,49.6788,15.0565,50.4827	[[[140878,497395,139,-56,368,-127,379,-111,390,-94,398,-79,406,-61,411,-44,415,-26,416,-9,416,9,415,26,411,44,406,61,398,79,390,94,379,111,368,127,353,142,339,157,322,171,304,184,285,196,264,208,243,219,220,228,196,237,172,246,147,251,121,258,94,262,68,265,41,268,13,269,-13,269,-41,268,-68,265,-94,262,-121,258,-147,251,-172,246,-196,237,-220,228,-243,219,-264,208,-235,162,-2702,1054,-2074,-588,-1400,-3095,-3,2,-11,-21,-61,-17,-49,-8,-63,18,-18,-16,23,-29,-19,-6,-11,6,-58,-22,-49,-10,-12,-11,21,-26,64,19,41,-13,19,10,109,15,22,-11,-1038,-2295,-604,-1334]]]
3078610	r	16.0719,48.8459,17.144,49.554	[[[160719,492000,11,-232,35,-230,57,-229,80,-225,102,-222,124,-217,146,-211,166,-204,186,-197,205,-188,223,-179,241,-169,257,-159,272,-147,286,-135,299,-122,311,-109,321,-96,329,-81,337,-68,343,-52,348,-38,350,-23,352,-7,352,7,350,23,348,38,343,52,337,68,329,81,321,96,311,109,299,122,286,135,272,147,257,159,241,169,223,179,205,188,186,197,166,204,146,211,124,217,102,222,80,225,57,229,5,29,-73,1062,-4301,2852,-264,29,-350,23,-352,7,-352,-7,-350,-23,-348,-38,-343,-52,-337,-68,-329,-81,-321,-96,-311,-109,-299,-122,-286,-135,-272,-147,-257,-159,-241,-169,-223,-179,-205,-188,-186,-197,-166,-204,-19,-27,-469,-991,-21,-86,-35,-230,-11,-232]]]
3068799	r	17.9674,49.697,18.4491,49.9828	[[[179674,496970,2327,422,23,-14,69,7,29,9,20,18,17,-3,37,8,60,-7,61,-20,42,-5,10,21,34,-16,-1,-16,50,-16,31,-19,42,-9,1,-14,-22,-32,55,-26,12,9,-9,5,15,7,123,28,-34,42,16,45,-6,18,20,27,33,13,52,41,14,3,8,-13,29,0,-6,-13,29,18,32,5,12,13,74,8,9,-5,31,44,33,28,101,18,174,193,31,-3,43,-14,28,-25,51,-26,2,11,45,26,-1,62,37,5,22,71,21,29,24,13,-11,8,0,12,21,12,10,20,18,-9,0,-13,15,-6,15,2,53,55,18,-5,-17,19,-15,2,-2,17,-26,24,7,34,-63,39,843,931,-415,149,-387,88,-403,-32,22,0,18,-5,13,-12,11,-17,-280,-157,-144,-19,-199,105,-56,68,-69,155,-42,54,-119,57,-235,32,-118,34,-315,175,-152,54,-130,16,-1816,-2858]]]
3068160	r	12.9048,49.4409,13.8552,50.0591	[[[129048,497500,10,-202,31,-201,50,-200,71,-197,90,-194,110,-189,128,-184,147,-179,164,-171,181,-165,197,-156,213,-148,227,-138,240,-128,253,-118,264,-107,274,-95,283,-84,291,-71,298,-59,303,-46,307,-33,309,-20,311,-6,311,6,309,20,307,33,303,46,298,59,291,71,283,84,274,95,264,107,253,118,240,128,227,138,213,148,197,156,181,165,164,171,147,179,128,184,110,189,90,194,71,197,50,200,31,201,10,202,-10,202,-31,201,-50,200,-71,197,-90,194,-110,189,-128,184,-147,179,-164,171,-127,116,-515,384,-176,107,-240,128,-253,118,-264,107,-274,95,-283,84,-291,71,-298,59,-303,46,-307,33,-309,20,-311,6,-311,-6,-309,-20,-307,-33,-287,-44,-540,-238,-2,-1,-1598,-703,-457,-201,-140,-128,-164,-171,-147,-179,-128,-184,-110,-189,-90,-194,-71,-197,-50,-200,-31,-201,-10,-202]]]
3071961	r	14.5963,50.4747,15.5237,51.0207	[[[145963,507700,10,-193,29,-192,50,-191,69,-188,88,-185,107,-181,125,-176,143,-170,160,-164,177,-157,192,-150,208,-141,221,-132,235,-123,247,-112,257,-102,268,-91,276,-80,284,-68,291,-56,295,-44,300,-31,302,-19,303,-7,303,7,302,19,300,31,295,44,291,56,284,68,276,80,268,91,257,102,247,112,235,123,221,132,208,141,192,150,177,157,160,164,143,170,125,176,107,181,88,185,69,188,50,191,29,192,10,193,-6,121,-813,181,-417,-22,-93,-74,-95,-106,-110,-74,-17,3,-125,26,-64,82,8,95,28,101,-3,97,-120,187,-152,80,-181,51,-199,101,-107,108,-117,166,-93,176,-30,142,70,184,87,105,10,97,-160,163,-267,84,-569,6,-94,147,-47,151,-117,38,-129,-58,-90,-130,0,-1,-33,-102,-113,-15,-140,44,-118,74,-85,98,-506,71,-190,110,-28,-83,-47,-46,-144,-66,-57,-8,-57,-17,-51,-26,-45,-34,-1,0,42,-114,162,-81,152,-140,12,-290,-31,-51,-98,-70,-28,-34,-10,-56,7,-38,11,-29,12,-347,-20,-86,-1142,53,-362,-64,-213,4,-158,-268,-95,-115,-97,-71,-162,-28,-217,5,-371,53,-382,184,-143,50,-347,62,-9,13,-2,-5,-69,-188,-50,-191,-29,-192,-10,-193]]]
3069011	r	16.7434,49.2747,17.7566,49.9306	[[[167434,496000,11,-216,32,-215,54,-214,76,-211,14,-31,3440,-2281,128,-25,323,-49,104,-11,5894,2772,13,50,32,215,11,216,-11,216,-9,61,-3663,2902,-72,14,-323,49,-327,35,-330,22,-331,7,-331,-7,-330,-22,-327,-35,-323,-49,-317,-63,-311,-76,-302,-89,-292,-102,-282,-114,-269,-126,-256,-138,-242,-148,-227,-157,-210,-168,-193,-175,-175,-184,-157,-191,-136,-197,-117,-202,-96,-207,-76,-211,-54,-214,-32,-215,-11,-216]]]
3077916	r	14.0026,48.6611,14.9374,49.2789	[[[140026,489700,11,-202,29,-201,50,-200,70,-196,89,-194,107,-189,126,-184,145,-178,161,-172,178,-164,194,-157,209,-147,224,-138,236,-128,249,-118,259,-107,270,-95,279,-84,286,-71,292,-59,298,-45,302,-33,304,-20,306,-7,306,7,304,20,302,33,298,45,292,59,286,71,279,84,270,95,259,107,249,118,236,128,11,6,12,47,100,118,41,121,59,95,151,38,209,-19,44,36,178,164,161,172,145,178,126,184,107,189,89,194,70,196,50,200,29,201,11,202,-11,202,-29,201,-50,200,-70,196,-89,194,-107,189,-126,184,-145,178,-161,172,-178,164,-194,157,-209,147,-224,138,-236,128,-249,118,-259,107,-270,95,-279,84,-286,71,-292,59,-298,45,-302,33,-304,20,-306,7,-306,-7,-304,-20,-302,-33,-298,-45,-292,-59,-286,-71,-279,-84,-270,-95,-259,-107,-249,-118,-236,-128,-224,-138,-209,-147,-194,-157,-178,-164,-161,-172,-145,-178,-126,-184,-107,-189,-89,-194,-70,-196,-50,-200,-29,-201,-11,-202]]]
3074967	r	15.3663,50.0719,16.2937,50.5088	[[[153663,502100,10,-195,19,-124,8717,-1062,50,60,125,178,107,183,88,187,69,190,49,193,30,195,10,195,-10,195,-30,195,-49,193,-69,190,-88,187,-107,183,-125,178,-143,173,-161,166,-176,159,-193,151,-207,143,-222,133,-234,124,-247,114,-258,103,-267,92,-277,81,-284,69,-290,57,-295,44,-300,32,-302,19,-303,7,-303,-7,-302,-19,-300,-32,-295,-44,-290,-57,-284,-69,-277,-81,-267,-92,-258,-103,-247,-114,-234,-124,-222,-133,-207,-143,-193,-151,-176,-159,-161,-166,-143,-173,-125,-178,-107,-183,-88,-187,-69,-190,-49,-193,-30,-195,-10,-195]]]
3063548	r	13.895,50.4019,14.5182,50.8884	[[[138950,507805,782,-3400,381,-386,3311,189,95,50,233,139,218,149,203,157,186,166,169,173,150,180,132,186,113,191,92,195,73,198,52,201,31,203,11,204,-11,204,-31,203,-52,201,-73,198,-92,195,-113,191,-132,186,-150,180,-169,173,-186,166,-203,157,-218,149,-135,81,-152,-82,-784,39,-360,-47,-108,-68,-183,-175,-122,-72,-1559,-453,-192,-8,-366,30,-195,-27,-108,-49,-153,-124,-102,-48,-126,-12,-97,18,-60,-1]]]
3068582	r	15.2751,49.7135,16.2849,50.1833	[[[152751,500400,11,-214,32,-212,54,-211,75,-208,96,-204,116,-200,137,-195,156,-188,174,-182,192,-173,210,-166,226,-155,241,-147,255,-135,269,-124,281,-113,291,-101,301,-88,309,-75,316,-62,97,-15,567,-70,313,-20,330,-7,330,7,329,21,326,35,322,49,316,62,309,75,301,88,291,101,281,113,269,124,255,135,241,147,226,155,210,166,192,173,174,182,156,188,137,195,116,200,96,204,75,208,54,211,32,212,11,214,-11,214,-8,53,-421,52,-8717,1062,-428,52,-129,-184,-116,-200,-96,-204,-75,-208,-54,-211,-32,-212,-11,-214]]]
6694367	p	3078610
3075921	r	18.3146,49.5997,18.7957,49.913	[[[183147,497599,4298,-1602,53,37,171,135,157,143,131,136,-31,160,-42,78,-149,72,-156,-17,-157,-44,-145,-8,-126,49,-197,151,-130,69,-143,28,-308,17,-133,61,-63,75,-100,291,-236,314,-173,304,-5,268,275,206,-265,93,-44,122,25,153,-62,182,-148,58,-393,-163,-233,-1,-328,117,-843,-931,63,-39,-7,-34,26,-24,2,-17,15,-2,17,-19,-18,5,-53,-55,-15,-2,-15,6,0,13,-18,9,-10,-20,-21,-12,0,-12,11,-8,-24,-13,-21,-29,-22,-71,-37,-5,1,-62,-45,-26,-2,-11,-51,26,-28,25,-43,14,-31,3,-174,-193]]]
3061370	r	17.1829,48.9097,18.1557,49.5468	[[[171829,492300,10,-209,31,-209,52,-207,73,-204,92,-200,113,-197,131,-190,150,-185,169,-178,185,-171,203,-162,217,-153,233,-143,247,-133,259,-122,270,-111,281,-98,291,-87,298,-74,305,-61,311,-47,314,-34,317,-21,319,-7,319,7,317,21,314,34,305,47,4,0,5,1,302,60,298,74,276,82,29,49,77,310,62,148,133,175,210,89,241,25,537,-28,332,101,120,73,169,156,169,178,68,84,42,140,-13,446,-1,60,36,269,127,328,187,305,192,204,-27,183,-52,207,-73,204,-92,200,-113,197,-131,190,-150,185,-169,178,-185,171,-54,43,-966,605,-139,65,-270,111,-281,98,-291,87,-298,74,-305,61,-311,47,-248,27,-5489,-2582,-43,-168,-31,-209,-10,-209]]]
3073699	r	13.6676,49.871,14.3717,50.4148	[[[136676,501500,9,-182,28,-182,46,-180,64,-178,82,-175,100,-171,117,-166,133,-161,149,-155,165,-148,180,-141,193,-134,207,-124,218,-116,230,-107,241,-96,249,-86,258,-75,265,-65,271,-53,275,-41,280,-30,281,-18,283,-6,283,6,199,13,1038,2295,-22,11,-109,-15,-19,-10,-41,13,-64,-19,-21,26,12,11,49,10,58,22,11,-6,19,6,-23,29,18,16,63,-18,49,8,61,17,11,21,3,-2,1142,2525,-84,44,-230,107,-241,96,-249,86,-258,75,-265,65,-28,5,-2249,-128,-3287,-1789,-3,-8,-64,-178,-46,-180,-28,-182,-9,-182]]]
3070291	r	13.1427,50.1714,14.0113,50.6796	[[[131427,504977,2407,-2844,283,-97,308,-89,316,-77,323,-62,329,-50,333,-35,153,-9,947,516,3287,1789,-381,386,-4490,2391,30,-39,-39,-135,-133,-110,-167,-80,58,-80,-9,-60,-60,-47,-99,-36,-174,-138,-170,-98,-186,-30,-223,70,-66,53,-141,150,-53,39,-122,28,-28,-12,-6,-36,-60,-42,-375,-169,-56,-64,-107,-202,-210,-68,-166,47,-162,72,-195,11,-332,-567,-144,-165,-246,-118,-174,7]]]
3065112	p	3067696
3061412	p	3067696
3068927	r	17.3947,49.6141,18.149,50.2459	[[[173947,499400,11,-214,11,-75,3577,-2834,18,-14,128,-25,322,-49,326,-35,181,-12,430,309,723,519,1816,2858,-508,62,-131,98,65,184,-584,246,-141,23,-167,27,45,-227,53,-14,79,16,86,-2,70,-69,18,-100,-51,-44,-325,-62,-401,-8,-182,-30,-260,-150,-40,0,-24,-13,-112,14,-52,19,-33,3,-32,-17,-11,9,-167,-68,-18,10,-52,71,-18,2,-30,-9,-3,15,-19,14,-17,-7,-16,6,8,13,-17,28,-75,0,-45,33,7,11,-13,12,-14,-1,-8,-21,-15,-4,-12,7,-1,12,-27,6,-16,16,-20,1,-21,-40,69,-39,-5,-6,22,-11,-42,18,-41,-31,-175,112,-325,209,-113,100,-79,120,-55,123,-69,111,-110,85,-94,60,-31,58,32,55,93,51,4,7,2,8,-2,9,-4,10,-141,19,-272,87,-131,22,-106,-16,-85,-31,-101,-12,-156,45,-486,396,-21,73,73,100,110,36,483,12,266,67,426,164,203,113,94,151,-156,185,-106,67,-7,32,-141,-34,-301,-89,-291,-101,-281,-113,-269,-125,-256,-135,-241,-147,-226,-156,-210,-166,-192,-174,-175,-182,-156,-189,-136,-195,-117,-201,-96,-205,-75,-208,-54,-212,-32,-213,-11,-214]]]
3076127	r	17.8951,49.3815,18.7844,49.7599	[[[178951,496451,6,-41,49,-192,68,-191,87,-187,105,-182,124,-178,141,-173,159,-166,174,-158,191,-151,205,-143,219,-133,231,-124,244,-114,255,-103,264,-92,273,-81,281,-69,287,-57,292,-44,296,-32,298,-19,300,-6,300,6,73,5,3,72,292,-43,224,96,426,340,329,115,82,55,51,88,25,186,51,82,206,85,442,-42,286,98,69,9,69,-9,328,-108,168,-33,21,15,191,151,174,158,159,166,141,173,124,178,105,182,4,8,-398,149,-4298,1602,-101,-18,-33,-28,-31,-44,-9,5,-74,-8,-12,-13,-32,-5,-29,-18,6,13,-29,0,-8,13,-14,-3,-52,-41,-33,-13,-20,-27,6,-18,-16,-45,34,-42,-123,-28,-15,-7,9,-5,-12,-9,-55,26,22,32,-1,14,-42,9,-31,19,-50,16,1,16,-34,16,-10,-21,-42,5,-61,20,-60,7,-37,-8,-17,3,-20,-18,-29,-9,-69,-7,-23,14,-2327,-422,-723,-519]]]
3064288	r	13.5156,50.4405,13.9732,50.7806	[[[135156,506910,86,-114,4490,-2391,-782,3400,-25,-1,-92,-72,-42,-97,12,-85,24,-70,-5,-53,-68,-62,-58,-12,-61,-2,-290,-114,-179,-23,-459,32,-216,-14,-381,-89,-192,-25,-899,4,-453,-55,-410,-157]]]
3074199	r	15.1225,49.0937,16.0575,49.7063	[[[151225,494000,10,-200,30,-200,50,-198,70,-195,88,-191,108,-188,126,-183,145,-176,161,-171,178,-162,194,-155,210,-147,223,-137,236,-127,249,-117,260,-105,269,-95,279,-83,286,-70,293,-58,298,-46,302,-33,304,-19,306,-7,306,7,304,19,302,33,298,46,293,58,286,70,279,83,269,95,260,105,249,117,236,127,223,137,210,147,194,155,178,162,161,171,145,176,126,183,108,188,88,191,70,195,50,198,30,200,10,200,-10,200,-30,200,-50,198,-70,195,-88,191,-108,188,-126,183,-145,176,-161,171,-178,162,-194,155,-210,147,-223,137,-236,127,-249,117,-260,105,-269,95,-279,83,-286,70,-293,58,-298,46,-302,33,-304,19,-306,7,-306,-7,-304,-19,-302,-33,-298,-46,-293,-58,-286,-70,-279,-83,-269,-95,-260,-105,-249,-117,-236,-127,-223,-137,-210,-147,-194,-155,-178,-162,-161,-171,-145,-176,-126,-183,-108,-188,-88,-191,-70,-195,-50,-198,-30,-200,-10,-200]]]
3077700	p	3067696
3073803	r	12.408,49.9325,13.3319,50.4976	[[[124081,502300,10,-195,29,-193,49,-192,69,-190,88,-186,106,-183,125,-177,143,-172,159,-165,176,-158,192,-151,207,-142,220,-133,234,-123,246,-114,256,-102,267,-92,275,-81,283,-68,289,-57,295,-44,298,-32,301,-19,302,-6,302,6,301,19,298,32,295,44,289,57,261,63,1598,703,129,89,192,151,176,158,159,165,143,172,125,177,106,183,88,186,69,190,49,192,29,193,10,195,-10,195,-29,193,-37,143,-1387,1639,-110,67,-234,123,-246,114,-256,102,-176,61,-42,-9,-2,-1,-1,0,-91,-16,-94,-5,-93,5,-88,17,-78,37,-82,11,-84,-12,-83,-37,-65,-408,-65,-182,-142,-107,-218,-138,-80,-50,-342,12,-926,360,-84,16,-90,-12,-141,-59,-62,-16,-178,16,-161,-6,-163,-38,-128,-81,-221,-219,-112,-68,-130,-10,-534,62,-422,-20,-327,-15,-403,-76,-277,-152,-74,-42,-35,-49,-21,-51,-27,-45,2,-21,14,-33,6,-39,-22,-37,-40,-14,-90,2,-36,-13,-119,-69,-21,-7,-36,-62,-88,-186,-69,-190,-49,-192,-29,-193,-10,-195]]]
