2618425	r	11.4322,55.2832,12.6746,55.9143	[[[114322,556400,14,-241,42,-239,69,-238,59,-145,7877,-2705,94,13,323,56,0,1067,191,-49,290,-62,296,-51,301,-40,305,-29,19,-1,-81,55,-433,210,-167,43,-616,25,-105,21,-66,12,-485,247,-268,526,501,586,2,2,316,187,320,190,193,114,723,238,201,-4,131,-44,86,-40,23,-60,89,-8,47,-12,175,-12,3,8,-1,-8,20,-1,1,-7,9,-15,29,-10,-33,17,1,41,12,-28,86,-2,39,43,12,51,61,2,-21,4,-3,7,16,-1,19,35,-59,8,-3,21,-28,16,20,25,16,30,46,3,-43,3,1,2,43,2,-10,15,21,13,-39,-1,37,4,2,26,21,37,10,4,16,-11,113,29,78,-9,39,4,-51,4,0,17,5,-15,46,7,-12,42,19,-61,-34,-2,20,-7,-4,-34,3,-1,-1,0,-108,-127,-72,-58,32,1,-1,-6,42,14,2,-176,143,-274,215,-188,217,35,109,73,168,80,185,63,152,27,5,3,347,227,-8,42,-284,405,24,3,7,16,-20,1,-42,27,-71,105,-3,36,-20,-11,-6,9,0,1,-1,0,-1,1,23,5,5,-4,-33,37,6,10,-14,10,-26,-2,0,1,48,5,10,-8,23,1,24,-22,-18,-13,40,2,-21,12,9,15,20,4,-52,3,48,2,4,8,30,5,10,-10,-9,11,34,31,-1,10,-34,31,-43,-1,-9,-26,-32,5,-17,-13,-16,0,21,21,-8,16,9,1,3,-8,0,10,42,7,-41,46,-89,-33,-9,9,5,-12,-14,-9,56,-65,30,-20,-30,-10,-19,11,-23,26,7,2,-9,1,-45,51,-1,-1,-2,2,2,0,-7,8,36,24,11,-10,-6,14,111,40,-31,27,-48,-16,-20,9,1,-16,-14,5,-25,-9,-6,6,1,-7,-17,-5,-2,6,-18,-11,-15,2,-9,12,-2,7,38,3,9,-6,-6,13,27,4,-1,-15,6,11,24,2,-8,3,5,9,15,-3,17,12,29,3,14,12,26,4,13,22,25,11,-1,29,35,-1,5,10,17,1,7,14,-25,-10,-2,7,47,25,-15,17,1,18,7,3,6,-10,9,8,-24,44,-44,9,-150,-20,-102,-26,46,-35,7,-34,-15,-22,-26,-16,-62,-9,-25,36,-82,-60,-1,2,-25,4,8,30,-8,3,-12,-32,-14,1,12,54,16,13,-26,-12,-5,14,31,7,25,18,-33,-14,24,14,-18,-1,23,16,30,-3,-22,9,15,12,-2,2,30,-6,-17,16,-26,5,-11,13,2,3,110,-26,49,26,-97,21,3,5,114,-23,221,102,-73,27,-56,0,-61,-12,-48,-34,-136,52,-2,-8,3,3,40,-14,-5,-7,-40,8,3,8,-11,-12,-9,-30,45,-9,-8,-13,-84,14,-10,-17,-8,0,-10,11,-36,52,-13,48,11,66,57,173,12,212,21,134,42,97,-125,122,-137,197,-101,203,-109,-37,-2674,-808,-76,-15,-2178,520,245,-645,-3,0,-7,-3,9,1,2,1,83,-218,-30,-224,-131,-181,-9,-1,-19,-10,-17,-50,-24,-22,-15,-3,-6,-20,-13,1,17,-13,-13,-18,-79,-188,-27,2,-21,7,0,63,54,33,-14,19,-31,1,4,10,8,-1,-3,-6,9,7,-12,14,6,25,-4,-7,-30,-2,-41,14,-55,-14,-17,-11,-15,-34,-30,16,-3,9,-33,9,-30,-12,-18,-19,-30,-7,-33,4,-21,29,-59,2,-23,-11,-16,-18,-13,6,-63,92,42,23,311,-60,-85,127,-143,85,-164,30,-160,-38,-30,-160,-230,-138,-288,-75,-202,25,128,140,352,193,71,115,74,165,173,14,361,-74,258,212,-29,387,-177,413,-48,75,-790,188,-102,-176,-179,-59,-354,-57,-148,-89,-165,-225,-77,-144,-32,-115,22,-37,93,-127,22,-72,-11,-6,-21,-13,-417,-518,-130,-95,-178,-95,81,168,59,61,6,49,-71,132,-243,203,-167,96,-75,-50,-95,-24,-450,-20,-144,12,-127,81,74,62,177,42,804,82,10,73,-78,161,-104,165,-67,79,-184,14,-176,-53,-158,-70,-134,-34,-493,-30,-165,30,0,75,184,1,118,55,183,149,149,33,312,-48,152,15,140,197,-189,274,-496,491,32,28,-179,43,-264,-140,-290,-176,-269,-186,-247,-196,-224,-205,-199,-212,-175,-219,-150,-226,-123,-230,-96,-235,-69,-238,-42,-239,-14,-241],[125413,556430,43,-7,9,-6,-10,-5,3,4,-5,-3,-2,-3,-10,-5,-26,0,-2,25],[125420,556500,3,2,10,-3,9,8,-10,6,12,-4,7,6,21,-2,9,-6,-12,-11,48,-18,23,29,25,-7,19,22,-52,13,-17,-14,-6,2,17,15,-37,8,16,8,19,-10,5,24,4,-16,32,-8,-14,3,-5,-8,18,-4,40,33,-2,3,7,3,5,8,-17,-3,3,-6,-18,20,16,2,11,8,2,-6,18,7,13,-3,-3,8,8,-3,18,27,-40,-20,15,10,-14,10,26,11,-23,-11,8,-5,22,10,1,8,53,22,88,53,-44,38,41,18,44,-16,5,0,-1,-1,-21,5,-27,10,-38,-17,44,-35,24,10,-17,-25,-17,-10,-112,-86,-7,-9,9,-2,-12,-2,-36,-47,10,-3,-11,2,-66,-81,-1,0,-18,-10,-12,-6,2,2,18,17,-39,-19,9,-5,-2,-1,-8,6,-6,-5,13,-2,-6,-3,-8,3,-10,-5,13,0,-7,-4,-21,7,-10,-9,-30,16,8,15,-34,33],[125489,556429,0,2,9,3,-9,-5],[125965,557043,0,1,0,-6,0,5],[125982,556943,16,6,0,-1,-11,-8,-5,3],[126116,556966,16,-4,-5,-9,-3,1,-8,12]],[[126372,556623,29,-29,2,-16,23,-4,41,-30,-38,-35,42,-26,16,1,-6,37,19,23,21,2,-24,2,-19,10,-61,46,-28,41,6,10,-23,-32]]]
2624652	n	9.8067,55.9345,10.5997,56.3592	[[[98067,561600,20,-222,58,-219,96,-215,55,-87,4004,-1512,195,5,15,1,6,131,-16,253,25,127,250,316,-48,70,-176,-12,-240,-66,181,199,123,175,41,193,-66,253,-156,206,-165,136,-67,147,140,234,243,190,540,249,244,175,269,329,73,53,139,13,88,43,55,84,37,133,138,-63,258,68,110,-42,100,-76,132,-60,144,-32,135,1,-293,-331,-11,-125,169,-159,-134,-140,-171,39,-173,104,-142,59,-188,-40,-334,-152,-223,-12,215,-154,152,-140,173,-78,280,30,223,82,91,10,414,-70,87,-53,72,-112,-93,-20,-169,-69,-80,-47,73,-98,100,-192,101,-83,124,-25,170,11,160,43,97,70,-44,169,-131,254,-70,233,320,210,185,179,-38,85,-133,209,-169,201,-204,190,-236,178,-265,165,-294,149,-317,132,-333,112,-4306,-768,-1207,-216,-121,-143,-133,-209,-96,-215,-58,-219,-20,-222]]]
2615876	r	9.8817,55.046,10.8343,55.6182	[[[98817,552595,23,-60,92,-90,22,-55,48,-49,112,-56,126,-46,401,-57,154,-54,12,-79,-64,-96,-23,-106,23,-107,145,-222,10,-84,-28,-40,-29,7,3,-54,-10,-26,110,-52,263,-24,49,12,35,167,-346,304,-30,156,121,89,130,-30,227,-133,165,-12,118,25,113,36,151,25,190,-46,132,-132,125,-163,173,-142,-134,-143,-698,-306,69,-24,141,-43,275,40,205,-3,166,-55,235,-158,151,-66,6,218,77,76,289,-15,786,-285,131,-8,250,14,117,-16,87,-37,79,-45,96,-38,219,-38,200,-9,403,23,401,38,395,52,389,68,380,82,370,95,358,110,344,122,331,136,170,80,18,29,13,200,29,74,152,205,67,169,25,198,-19,215,-80,148,-266,244,-57,123,73,178,166,28,182,-69,118,-105,74,0,-59,163,-253,432,-65,87,-987,818,-149,76,-673,90,-197,28,-74,-103,10,-32,46,-51,-148,-52,-161,3,-93,64,54,127,119,59,171,22,691,-37,464,114,292,108,93,56,21,81,-64,137,-213,121,-24,22,-52,34,-22,80,-9,89,-20,64,-472,446,-293,187,-190,-6,-2,-67,66,-249,-4,-168,-155,91,-49,46,66,-171,97,-176,33,-157,-127,-111,-55,46,-133,77,-125,33,-29,-88,42,-49,80,-46,96,-34,90,-14,46,-30,49,-69,19,-68,-44,-32,-378,-67,-644,-191,-113,17,-197,-222,-100,-3,-41,11,-38,-10,1,-3,-2,3,-35,-11,23,8,-163,-5,-40,42,21,25,-1,18,19,15,-8,13,-56,10,14,11,29,-1,-9,5,10,10,-5,10,26,2,15,32,-3,37,64,17,-21,2,-42,-15,-38,-31,-65,-110,-8,8,44,80,-2,25,90,74,-14,4,-66,-26,-9,-1,265,217,108,27,100,4,82,23,52,83,-21,60,-147,67,-37,44,46,118,115,52,157,0,163,-38,-303,121,-166,35,-183,13,-94,29,-88,65,-124,123,-156,110,-690,271,-308,81,-138,-21,33,-205,-35,-75,-140,-30,-5,32,-63,142,-7,30,-79,11,-269,-11,-246,-48,-441,-184,-1293,-245,-845,-329,-685,-2205,69,-132,22,-109,-22,-57,-92,-90,-23,-61]]]
2624886	r	8.9528,56.7375,10.5466,57.5791	[[[89528,570500,21,-346,8,-48,74,-4,166,103,171,76,172,21,180,-64,-63,-62,170,1,127,34,244,101,330,74,81,68,-64,132,1119,-516,190,-47,197,11,2289,452,868,7,403,93,350,178,190,28,181,-100,187,-79,213,55,193,110,351,261,35,11,318,-93,10,-22,139,-23,81,-70,201,-76,38,-50,100,-42,256,-41,83,-36,21,-11,-131,-9,-90,1,47,15,-45,4,-144,-12,-5,-3,-1,1,-29,-11,26,7,-35,-19,-17,-1,9,10,-19,-11,-301,-19,180,18,100,54,58,1,-6,33,-109,33,-46,52,-160,19,-299,-32,44,-103,221,-76,-315,-21,-479,69,-330,-115,-345,-70,-6,-1,-2,-1,-39,-8,-35,-27,-100,-47,-48,-68,0,-1,-166,-180,-211,-184,-16,-2,12,-2,-18,-15,0,9,-16,-24,-115,-100,-98,-51,-137,-7,-134,38,-77,58,5,38,101,51,-10,5,41,15,0,74,-231,53,89,32,-54,-5,15,32,-42,33,-126,6,-17,-15,123,-80,-924,211,-331,6,-1483,-273,-32,-31,-55,-142,-53,-32,-87,-4,-75,-14,-70,-22,-310,-175,-203,-162,-187,-198,-186,-250,161,-95,88,-34,118,-14,63,-52,3,-8,4998,-1363,5915,378,-21,36,-71,212,-43,402,-109,510,-65,148,25,-1,-28,7,-4,10,34,73,6,28,2,5,1,12,39,198,172,155,-9,25,-72,-15,9,52,57,47,52,1,41,70,146,101,-108,33,-3,2,0,-1,-75,23,-298,4,70,24,269,27,112,-47,54,27,147,-34,46,18,363,503,60,104,-55,-55,13,50,102,56,-57,-15,-14,17,71,0,-7,102,-59,-82,35,84,37,73,13,46,41,98,-15,1,76,286,160,271,353,405,241,163,511,205,171,150,-212,1025,-5,521,292,440,-212,274,-166,75,-515,202,-537,183,-558,163,-577,143,-592,122,-606,101,-616,78,-625,57,-629,34,-319,6,-83,-66,-132,-50,-345,-359,-690,-417,-380,-306,-2151,-2164,-755,-459,-857,-316,-906,-184,-909,-59,-2501,199,-65,-16,-26,-61,-103,-342,-62,-345,-21,-346],[99580,570662,8,32,123,109,204,76,217,9,253,-128,9,-45,378,-159,171,-22,152,-66,635,-327,88,-76,405,-167,19,-2,-98,1,-220,43,-384,193,-327,88,-987,570,-206,48,-179,-49,-175,-68,-86,-60]],[[95914,569834,63,-30,143,6,-42,24,-59,-20,-69,40,-36,-20]]]
2621942	p	2618425
2622447	r	8.094,54.8894,8.9927,55.9482	[[[80940,555639,12,-148,154,-89,586,-61,244,-82,1197,-566,129,28,-95,173,-227,149,-272,101,-231,24,127,100,61,24,92,13,-297,180,-30,94,115,141,173,85,224,33,230,-11,96,-22,-12,-2,-68,-25,7,-11,-36,-10,-63,6,-93,-25,-20,-17,-11,-34,13,-32,170,-123,51,-61,172,-102,53,-24,154,-131,98,-44,368,-313,67,-36,-5,-15,10,10,9,-9,-4,-10,-10,4,61,-43,9,2,-35,19,29,7,16,-22,16,5,-2,2,19,-10,-18,-6,51,-39,-26,32,11,3,34,-18,-8,-2,-9,8,6,-10,10,-6,-4,6,9,2,16,-8,-24,-8,-5,4,6,-20,42,13,58,-30,23,-19,-39,-18,-10,20,-25,-17,-37,32,56,-52,0,-22,22,-13,26,-11,3,27,8,-4,11,21,11,-1,-3,-20,21,5,-9,-9,18,6,7,32,38,-7,-28,-13,-1,-14,52,-1,5,18,19,-2,-11,-42,-68,2,-45,-8,31,0,52,-12,-4,-5,37,-9,210,-49,11,13,72,27,21,-17,-28,-12,36,13,21,-19,-84,-15,48,-12,-53,-15,-1,-6,58,-17,197,84,-1,10,-66,20,112,-25,142,-11,51,4,94,26,10,1,189,-3,25,-10,64,-61,65,-22,129,-21,98,-41,38,-33,56,-27,40,-11,19,13,1,-8,38,-16,86,-26,11,4,32,-66,-5,-52,22,-27,-4,-10,20,-37,36,-31,-3,-15,-11,-1,11,-20,23,1,4,-6,-10,-32,11,-9,18,-2,-11,-15,21,-2,-14,-6,12,-33,11,-9,29,-1,9,-16,10,-49,-5,-8,7,-2,62,-313,113,-251,17,-128,-15,-63,-164,30,-5,-9,116,-28,-5,-11,49,-2,-19,-38,-67,-106,-20,-114,11,-61,-7,-11,-48,-29,6,-15,38,-8,14,-12,10,0,51,-292,129,-429,184,-340,23,-190,-202,-47,-545,75,-596,50,-31,111,174,133,108,51,135,21,-212,127,-421,71,-416,-36,-187,-196,-37,-260,-63,-242,-14,-239,114,-249,137,-110,155,-20,154,52,138,112,128,83,97,11,63,50,25,387,38,83,118,7,1064,-109,-110,-261,-144,-246,-117,-268,-38,-323,94,-254,160,-247,84,-254,-134,-276,74,-68,-80,-172,351,-63,229,-6,36,5,659,114,644,138,628,163,607,185,165,58,-142,2282,-1,1,-293,4717,-772,1102,-4918,1225,-323,-191,-390,-173,-225,-45,-478,-214,-449,-143,-85,28,-34,138,21,111,98,137,24,96,-26,110,-179,265,-138,425,-218,54,435,-1786,-17,-405,-126,-412,-189,-387,-562,-853]],[[83643,554490,66,-216,315,-474,229,-245,264,-158,247,57,-89,83,-70,187,-76,110,-27,100,129,223,3,117,-145,81,-203,-20,-166,52,-38,297,-338,-51,-101,-143]],[[85310,552753,46,-53,83,-43,150,-3,59,21,28,16,101,108,37,47,50,44,29,13,25,0,44,41,-91,13,-69,-22,-183,27,-47,-3,-96,-25,-93,-76,-44,-25,-27,-32,-2,-48]]]
2615006	r	9.706,56.2397,10.9489,56.7753	[[[97060,567375,76,-1527,129,-59,49,-79,149,-69,44,-87,162,6,155,46,139,0,-42,-14,-42,-64,-45,-41,-20,-5,-8,-21,27,-58,37,-37,44,-64,0,-3,-60,-90,33,-269,-47,-70,3,-30,-6,-36,9,0,17,-201,-68,-48,-30,-54,-45,-46,8,-64,-37,0,4,24,-130,-125,-62,0,-9,-29,99,-74,-41,-32,-92,-3,4,-51,-54,-6,-45,-75,61,-27,-105,-26,6,-32,-74,-23,-21,2,1,-33,69,-37,-67,-7,72,-1440,12182,2173,-468,262,-322,315,-149,95,-327,100,-332,22,-2376,-208,-816,53,-750,238,-297,137,-44,33,-9,64,-54,214,-36,64,-206,73,-176,-66,-331,-246,-420,-176,-100,-133,-24,-204,-11,1,-10,23,14,10,-17,-2,17,6,-15,1,-7,12,-7,-7,-13,5,-20,73,-13,14,10,68,-16,17,-13,-2,-2,5,14,-3,-6,8,27,17,1,13,-20,0,0,5,20,11,2,38,20,6,-11,7,24,13,-1,7,80,-5,59,41,9,24,47,50,0,9,-11,1,2,12,22,-1,6,6,-8,18,13,14,-1,12,237,148,18,0,34,13,19,16,-9,-11,35,-2,55,18,6,8,-27,13,-12,-3,7,-10,-10,-6,-19,-6,-14,8,-10,-7,21,20,451,192,1,-1,22,-5,68,24,-41,3,134,57,13,21,9,3,108,98,-5,12,10,10,10,4,-2,-11,35,31,18,89,-19,28,-4,3,-17,120,54,-1,18,10,-101,307,-142,86,-25,0,-21,25,-124,-25,-122,-3,-87,-44,-167,-32,-86,13,-94,38,-143,-3,-135,-42,-40,-20,-58,-14,-16,-6,-338,36,-174,19,50,94,26,37,-328,58,-158,-20,-67,-135,-43,-66,-102,-56,-123,-40,-107,-15,-63,12,-133,51,-82,12,-74,-22,-19,-47,-6,-46,-33,-22,-147,-22,-334,-115,-1502,-256,-454,45,0,68,1397,111,453,188,366,74,309,139,151,41,161,17,94,21,223,99,252,64,216,-24,189,-78,169,-99,180,98,157,39,450,0,126,-17,235,-61,81,4,138,88,-24,65,-97,59,-85,67,-225,388,-5915,-378],[101863,564715,14,9,58,4,90,-5,60,12,39,23,105,187,-11,3,11,-2,20,35,7,-224,-25,-11,-34,4,-29,-12,2,-7,-7,6,3,-12,-5,11,0,-13,-5,10,-12,-6,-77,-8,-10,-11,3,11,-46,-6,-2,-6,-1,6,-87,7,-61,-5],[102234,565205,18,1,0,-3,-18,2],[102239,565076,6,28,1,-32,-7,4],[102240,565149,0,49,11,4,-7,-60,-4,7]]]
2618528	r	8.9491,55.0748,9.9548,55.6557	[[[89491,556557,293,-4717,116,-62,368,-172,388,-158,404,-144,420,-128,434,-112,446,-96,456,-79,464,-61,470,-45,474,-26,476,-9,476,9,314,17,106,80,-238,215,-145,90,-132,36,-289,2,-126,17,-100,43,122,61,136,20,295,-6,0,69,-173,0,-83,73,0,88,81,43,128,14,146,35,241,87,90,65,66,66,83,53,135,21,588,-62,137,10,158,31,128,51,54,73,31,161,66,88,71,72,37,117,-42,164,-119,65,-123,30,-370,363,-103,67,0,74,137,79,-30,98,-118,93,-124,65,-167,61,90,56,47,54,38,107,-1,50,-87,47,-92,99,-79,64,-32,51,3,32,18,28,37,29,100,32,15,-3,63,14,89,-12,77,11,60,12,176,60,123,61,71,58,75,21,52,32,38,37,8,31,-48,19,-60,41,-61,15,-57,39,-33,44,-114,58,-61,20,-65,55,-100,23,-36,15,-35,25,2,14,-21,0,-47,-17,-114,-20,-40,11,-6,10,-12,-11,-1,0,-96,-15,-91,-31,-112,-17,-37,21,7,10,-98,-15,-100,0,-51,-10,-27,-14,-139,-11,-136,-40,-117,42,-3,6,-12,-1,-29,11,56,11,-1,16,-7,0,118,61,41,8,31,-13,56,6,114,-18,134,10,119,0,60,4,32,12,127,-25,-24,6,21,20,-53,105,-88,13,-58,36,-23,-9,-11,1,30,24,41,-6,51,-30,22,-3,2,-12,20,24,65,27,34,7,-2,19,-46,-8,-24,13,-16,-12,-45,-16,-46,10,-11,15,-34,18,-7,26,-10,3,77,2,224,-55,121,-16,138,21,228,94,630,90,34,43,3,93,18,94,85,43,233,18,135,52,37,27,-1795,180,-2,-4,-101,-13,-133,-121,-70,12,-97,-2,-24,13,-4,0,-134,60,-2,1,-10,112,-15,1,13,11,9,7,-13,39,-12,37,6,33,-59,2,-12,-6,-26,5,0,12,4,2,28,14,-3,21,-10,9,-1,1,-14,14,-13,-2,-3,0,-26,8,-3,5,-9,16,-33,1,6,15,-16,7,-15,30,-33,8,2,17,-27,3,-3,-8,-27,15,-1,-60,16,-58,11,-16,2,-3,17,-2,-11,-14,0,-24,-55,-48,-5,-25,-39,-30,-13,1,-81,-73,-74,-15,-45,-70,-68,-2,-43,-51,-23,-46,-109,-4,-26,0,-98,-22,-27,-3,2,-3,-96,-21,-2,0,-25,19,3,8,-58,35,-161,52,-102,0,-56,-30,-3,-17,-42,-4,-78,-19,-87,-84,-18,4,-6,8,-60,3,-19,39,-21,9,-24,1,-28,21,-1,1,-74,-2,-102,85,-101,-3,-79,-39,-208,61,-16,-2,-129,34,-324,33,-150,112,9,100,49,49,-62,-27,-79,33,-165,-36,-102,31,34,110,-294,-2,5,54,-2104,211]],[[96763,554957,371,-47,988,-499,-259,-39,-278,103,-283,140,-267,69,0,-63,338,-239,140,-33,397,-31,183,-63,103,-117,-259,-10,-82,10,546,-137,-100,-112,-164,-37,-188,-13,-168,-36,243,-179,142,-72,132,-29,291,18,156,-8,103,-44,-31,-345,23,-56,23,-44,685,2205,-145,-57,-521,-105,-481,149,-88,111,-5,84,-34,53,-183,19,-540,-62,-373,-273,-130,-44,-113,-22,-96,-42,-76,-103]]]
2619771	r	9.3948,55.6844,10.5831,56.1581	[[[93948,559803,4548,-2959,222,68,1099,182,235,-83,93,58,37,17,-114,164,120,113,410,132,0,69,-261,-4,-139,19,-25,77,83,174,166,204,35,106,-100,44,-791,99,38,29,-9,8,-46,-2,-61,8,-259,58,-92,8,-92,22,-81,6,-22,8,5,12,-9,-13,-19,-3,-40,18,-78,21,-17,11,8,-12,-49,17,-2,-1,-5,3,43,-8,4,28,-105,19,61,9,28,-4,29,-21,23,7,-30,25,129,18,527,-18,214,48,-4,-7,-13,1,13,-3,10,11,40,8,69,52,63,68,80,59,97,19,63,-24,93,-14,55,7,153,-4,47,12,31,18,20,1,-43,21,585,15,127,-25,93,-66,43,-74,29,-74,45,-65,156,-139,93,-48,123,-18,94,22,52,49,33,49,88,72,-38,106,-73,99,-49,25,68,60,116,62,109,40,48,-1,39,71,240,177,39,84,7,39,-6121,2312,-812,-195,-1619,-1583]],[[99931,558653,37,4,-18,-9,53,6,75,0,-51,-5,49,2,17,5,45,45,28,13,-49,-12,-128,6,-22,-4,-16,-8,-7,-32,-13,-11]],[[102349,557526,58,-45,65,-11,46,0,89,12,97,-10,47,14,52,-2,97,-18,181,-51,40,3,80,27,21,23,65,196,-22,96,-53,81,-39,25,-36,39,-10,30,-18,-37,-64,-74,-10,-47,14,5,4,19,13,-23,-11,1,-2,-19,-11,1,-23,-14,-39,-35,-3,-31,-7,-6,28,-26,48,25,1,-8,-17,-10,9,-4,-30,-8,0,-12,11,-1,-15,-5,-20,6,-63,-8,-78,-20,-103,-13,-12,4,-4,32,-3,-12,-11,3,-2,8,16,2,-20,-2,4,-21,-44,-8,-120,12,-39,12,-50,-22,-36,-30,-69,-13,-2,-30]],[[105116,558253,87,-367,86,-75,542,200,-708,267,-7,-25]]]
2610613	r	8.8719,55.5669,9.8538,55.9803	[[[88719,557659,772,-1102,2104,-211,-5,-54,294,2,-34,-110,102,-31,165,36,79,-33,62,27,-49,-49,-9,-100,150,-112,324,-33,129,-34,16,2,208,-61,79,39,101,3,102,-85,74,2,1,-1,28,-21,24,-1,21,-9,19,-39,60,-3,6,-8,18,-4,87,84,78,19,42,4,3,17,56,30,102,0,161,-52,58,-35,-3,-8,25,-19,2,0,96,21,-2,3,27,3,98,22,1,0,1,0,24,0,109,4,23,46,43,51,68,2,45,70,74,15,81,73,13,-1,39,30,4,22,1,3,55,48,0,24,11,14,-17,2,-2,3,-11,16,-16,58,1,60,27,-15,3,8,27,-3,-2,-17,17,-4,16,-4,15,-30,16,-7,-6,-15,33,-1,9,-16,3,-5,26,-8,3,0,13,2,13,-12,2,-3,10,-9,3,-21,-28,-14,-4,-2,0,-12,26,-5,9,5,3,1,59,-2,-6,-33,12,-37,13,-39,-9,-7,-13,-11,15,-1,10,-112,2,-1,134,-60,4,0,24,-13,97,2,70,-12,133,121,101,13,2,4,1795,-180,241,176,519,233,164,115,-957,0,-93,14,8,0,-120,303,-250,80,-78,-14,-71,31,-53,71,-35,-8,-30,84,-186,123,-97,-44,-121,42,-719,6,-135,36,-22,16,48,26,-94,15,2,10,2,8,21,-6,4,9,-22,5,3,7,40,25,63,-13,21,-33,125,-17,99,24,97,5,44,-24,157,33,193,-2,65,8,418,-1,91,-28,354,-177,612,-136,296,15,278,84,-4548,2959,-1063,-436,-78,16,-46,54,-188,98,-168,-9,-130,40,-89,-19,-37,-114,-49,11,-54,-88,-69,-12,-25,-37,7,-138,-186,-75,19,-28,-104,-96,-84,-13,-104,-121,-117,1,-207,-144,-203,79,-128,-106,-131,-189,-1995,-818]]]
2619528	p	2618425
2618741	n	11.2349,55.0246,11.9935,55.4261	[[[112349,552841,2,-1,64,-55,-27,-244,32,-54,234,8,107,21,102,45,-63,-138,-122,-64,-147,4,-146,61,69,-276,156,-142,249,-52,346,-8,-205,69,0,68,689,0,141,29,273,89,129,18,692,-177,136,41,182,-62,752,-108,368,-97,132,-6,144,73,144,111,169,87,225,2,155,-82,16,-114,-85,-118,-148,-90,171,-131,569,24,216,-103,26,-80,-56,-41,-864,-91,258,-252,619,-266,222,-232,-523,67,-1056,282,-537,66,145,-111,163,-88,188,-59,633,-21,82,-21,133,-94,53,-21,191,-21,671,-184,65,-56,13,6,286,149,260,165,230,178,198,190,165,201,131,209,93,215,57,219,19,222,-19,222,-57,219,-93,215,-131,209,-165,201,-198,190,-230,178,-260,165,-286,149,-310,132,-331,114,-349,95,-364,75,-374,54,-382,32,-386,11,-386,-11,-382,-32,-374,-54,-364,-75,-349,-95,-331,-114,-310,-132,-286,-149,-260,-165,-230,-178,-198,-190,-165,-201,-16,-24]]]
2624427	p	2618425
2614481	p	2618425
2620425	r	8.1034,55.7659,9.5567,56.5842	[[[81034,560969,45,-726,38,-120,43,-104,41,-53,147,-26,27,64,-37,166,61,227,17,203,-10,427,91,85,209,-16,771,-198,347,-139,257,-230,114,-359,0,-310,374,-273,160,-153,140,-169,64,-173,-56,-163,-76,-45,4918,-1225,1995,818,131,189,128,106,203,-79,207,144,117,-1,104,121,84,13,104,96,-19,28,186,75,-7,138,25,37,69,12,54,88,49,-11,37,114,89,19,130,-40,168,9,188,-98,46,-54,78,-16,1063,436,1619,1583,-3123,1332,-25,-6,-108,11,-86,-147,-3,-237,102,-81,-118,-74,-78,25,-28,80,-35,-4,-163,136,4,79,66,26,-20,92,63,21,-38,53,18,52,-50,16,-77,-77,-755,-10,74,101,-309,-9,-11,105,-113,47,-120,-29,11,41,-34,5,-37,83,57,-24,-7,37,48,17,-68,1,-179,98,20,129,92,85,51,-65,210,-104,184,119,140,41,-67,94,5,65,1,12,-182,146,-138,41,32,10,-22,81,-29,-11,-86,58,-31,72,-238,95,-22,-17,-3,20,-79,4,-68,51,-26,-23,-78,6,-81,45,-1,1,-7,39,-381,-107,-56,-160,22,63,-2220,947,-35,-32,-66,-19,-611,-73,-171,-2,-114,40,-196,141,-163,73,-65,94,-16,94,39,43,-9,76,-146,227,-188,80,-112,48,-100,-105,-129,-86,-138,-35,-495,222,-93,16,-194,117,-351,40,-188,-75,-496,-229,-469,-246,-439,-263,-407,-278,-374,-293,-339,-306,-32,-33,68,-2064,-32,-235,-241,-625,-31,-226]],[[81268,559830,10,-48,29,-21,49,-101,43,-178,218,-54,-111,342,-65,53,-30,12,-17,25,-27,26,-60,11,-29,-21,-10,-46]]]
2610319	r	8.5626,56.1386,9.7963,56.8738	[[[85626,565625,188,-80,-133,207,-6,-11,-49,-116]],[[85911,566149,22,15,148,146,-30,42,-14,-17,-126,-186]],[[86470,566829,14,-18,100,-30,280,85,797,121,52,173,414,186,132,92,132,135,151,226,132,112,-67,38,-74,29,80,-2,71,5,64,23,63,50,-172,41,-87,103,-4,13,-231,-105,-411,-215,-386,-229,-358,-243,-328,-255,-298,-266,-66,-69]],[[86815,566163,170,-51,45,-88,14,-87,46,-51,76,-24,100,-6,310,-136,49,-86,-21,-33,-53,-23,-43,-57,-58,-205,-13,-99,-3,-146,-14,-94,-35,-76,-18,-18,2220,-947,34,97,367,104,14,3,7,-39,1,-1,81,-45,78,-6,26,23,68,-51,79,-4,3,-20,22,17,238,-95,31,-72,86,-58,29,11,22,-81,-32,-10,138,-41,182,-146,-1,-12,-5,-65,67,-94,-140,-41,-184,-119,-210,104,-51,65,-92,-85,-20,-129,179,-98,68,-1,-48,-17,7,-37,-57,24,37,-83,34,-5,-11,-41,120,29,113,-47,11,-105,309,9,-74,-101,755,10,77,77,50,-16,-18,-52,38,-53,-63,-21,20,-92,-66,-26,-4,-79,163,-136,35,4,28,-80,78,-25,118,74,-102,81,3,237,86,147,108,-11,25,6,3123,-1332,812,195,928,816,-72,1440,67,7,-69,37,-1,33,21,-2,74,23,-6,32,105,26,-61,27,45,75,54,6,-4,51,92,3,41,32,-99,74,9,29,62,0,130,125,-4,-24,37,0,-8,64,45,46,30,54,68,48,-17,201,-9,0,6,36,-3,30,47,70,-33,269,60,90,0,3,-44,64,-37,37,-27,58,8,21,20,5,45,41,42,64,42,14,-139,0,-155,-46,-162,-6,-44,87,-149,69,-49,79,-129,59,-76,1527,-4998,1363,44,-107,8,-116,-47,-52,-26,-47,-229,-199,-52,-33,-10,-123,37,-120,57,-101,53,-66,68,-69,88,-67,102,-49,250,-49,20,-69,-57,-140,-104,-168,-461,-155,-112,-121,88,-129,212,8,216,77,99,78,402,102,199,15,52,-22,98,-61,202,-259,1,-2,-1,-4,-31,6,-14,31,23,-105,-66,-211,-165,-320,0,-11,-101,-20,67,-26,9,-50,-100,-248,-4,-117,73,-81,139,-19,296,57,198,86,74,13,47,-14,-3,-2,6,-1,1,2,19,-6,0,-2,-48,-32,-18,-67,-1,-72,-52,-34,-141,74,-61,-50,-64,-74,-169,-89,-9,0,-42,43,-25,54,-40,42,-251,81,-98,55,-68,76,-6,61,-22,44,-109,24,92,131,229,186,29,98,-91,127,-137,7,-153,-17,-135,52,-225,17,-357,-35,-261,35,60,224,-68,0,-49,-136,-70,-86,-78,-78,-76,-110,102,45,96,12,81,-35,62,-96,-157,-19,-181,20,-148,-22,-134,-327,-164,-107,-164,-17,-76,97,-42,318,12,126,93,142,274,156,108,88,-41,91,0,75,254,38,294,259,278,39,-131,210,-123,113,-161,98,-140,139,-60,234,-85,121,-199,83,-229,42,-176,-4,-80,-37,-49,-47,-61,-42,-117,-18,-112,13,-185,50,-109,13,-186,-24,-472,-256,-319,-131,-118,-85,-147,-156,-93,-178,103,-56,437,-8,239,-50,-19,-22,-552,-13,-411,-71,-151,-49,-645,-605,-457,-18,-133,-67,-4,-102]]]
2620320	r	11.6784,55.7635,12.6219,56.1287	[[[116784,559300,7,-122,67,21,318,9,-40,-100,-22,-36,165,-49,161,15,65,66,-117,104,85,120,281,191,44,100,-115,86,-205,-23,-364,-126,-319,-55,-11,-201]],[[118486,559482,169,-88,288,29,764,176,217,7,182,-53,155,-139,237,-534,37,-143,0,-354,87,-228,2178,-520,76,15,2674,808,109,37,-8,16,-45,188,-61,130,-142,154,-276,225,0,75,129,116,271,398,147,169,410,314,135,158,-518,245,-297,71,-350,178,-193,58,-712,0,-864,279,-834,18,-797,-250,-1529,-730,-952,-331,-517,-249,-170,-245]],[[119095,559155,236,-294,205,-326,-61,-106,790,-188,-140,217,-76,77,-47,30,-39,46,-43,126,18,78,41,113,3,100,-96,44,-186,54,-353,211,-179,8,-73,-190]]]
