3492908	r	-69.999,18.4227,-69.8747,18.6086	[[[-699989,185061,0,-33,166,-125,109,-104,38,-9,-14,-168,-31,-83,-19,-27,9,-14,-26,-20,-20,-54,-6,-8,-2,-4,-10,-13,-2,-2,-47,-57,-57,-49,-2,-12,13,-24,3,-28,58,23,7,9,20,0,10,7,13,-6,66,4,29,11,8,-3,16,11,26,2,15,11,24,2,9,8,46,15,21,-3,78,20,44,27,47,13,75,49,42,43,24,54,6,-2,45,33,175,60,48,29,24,-5,-10,12,31,26,30,8,25,-18,33,29,8,17,-30,95,-2,52,15,47,37,34,26,36,1,27,-12,43,-24,29,-9,5,-1,1,-36,17,-39,19,-4,1,-6,3,-11,1,-90,20,8,10,1,20,20,21,42,22,71,26,-236,844,-271,-889,-19,11,-29,-4,-17,-11,-48,-53,-25,2,-88,48,-28,30,-9,33,2,42,14,23,-8,37,-22,12,6,12,-4,16,-19,15,-23,3,-23,32,-35,-2,-1,15,-29,-5,-57,23,-15,-47,-47,14,0,-17,-26,5,-25,-17,21,-54,-23,-9,18,-18,2,-28,-20,-2,-32,-30,25,-40,32,2,0,-114,-18,-18,-9,-28,-42,3,-24,-17]]]
3492914	n	-70.9855,18.9415,-70.1618,19.7006	[[[-709855,191492,349,-263,792,-1211,179,-17,53,-71,63,-39,42,1,-31,-58,-46,-16,-7,-31,24,-10,-39,-116,35,-17,17,-68,28,-43,68,-16,16,-102,2983,1144,7,-44,-7,-8,18,-16,29,-4,16,4,10,-34,29,-15,12,-20,-1,-16,22,-13,1,-1,-1,6,-6,89,-33,60,6,96,-14,33,-26,35,-13,60,-41,38,12,28,-1,13,-71,102,-19,47,2,25,18,19,78,1,55,30,61,-12,13,7,49,55,53,3,96,-91,35,-47,20,-20,21,-25,29,-22,1,-1,1,0,1,-1,20,-4,43,18,10,9,4,2,15,17,15,55,-16,34,19,-1,29,-18,37,-45,15,1,45,35,72,12,67,28,34,32,6,16,-2,12,10,13,-5,10,3,57,28,10,30,32,-2,8,-13,1,-1,9,-16,20,8,21,9,-5,45,17,10,-7,7,5,263,-267,-1,-9,543,209,-127,456,8,-14,17,20,-1,17,6,2,8,-26,-11,-11,6,-14,11,-6,-8,-17,19,9,12,-3,1,-5,-17,-9,9,-7,19,4,6,-37,22,8,-15,37,2,9,21,-10,9,-15,24,23,5,-12,-8,-21,32,-11,15,-13,-7,-26,22,-8,14,22,12,-39,18,-4,12,24,1,18,23,-3,5,-29,9,-4,-22,-13,-1,-8,23,0,18,-8,12,-26,18,-2,27,20,19,1,5,25,9,4,9,-5,20,-43,33,3,6,6,-6,12,-29,-10,10,25,20,-6,17,2,19,20,10,2,8,-7,-3,-29,7,-4,10,-1,3,6,-4,19,14,-1,22,-6,17,-17,101,-23,2,-12,-38,-9,-2,-29,32,4,49,-22,14,3,8,34,19,11,-17,27,11,3,12,-9,30,1,18,-45,38,-6,37,32,14,-11,15,9,1,24,13,4,3,8,-15,11,-14,-27,-19,0,-11,8,-6,20,-18,2,-2,11,8,8,32,2,-8,18,-29,-13,-13,18,-8,1,-6,-10,-19,15,-5,11,-15,4,-8,10,-8,-2,0,13,-22,9,2,5,9,-3,-3,3,-6,6,4,19,-13,-1,-5,13,-8,-10,-4,8,-7,-5,-19,13,-21,-3,-1,23,-14,-3,1,10,-11,1,0,11,-12,1,5,10,-9,17,-33,17,-3,10,-48,-3,-20,11,-22,1,-2,8,-12,1,0,8,-10,-4,2,6,-17,9,-5,9,-9,-1,-23,12,-4,10,-9,-4,-2,11,-7,2,1,32,-17,12,-5,11,-10,-5,0,8,-23,6,5,10,-9,26,6,13,-4,14,-11,1,-5,10,-9,-1,-7,14,5,8,-16,-1,3,8,-10,5,-4,14,-6,-8,-1,-1,-1,-1,-1,1,-12,13,0,-1,-3,-6,-3,-7,-1,1,-3,3,-3,4,-1,0,0,1,-11,-4,-2,8,-11,-1,-6,9,-22,9,0,18,-14,-3,-4,12,-7,-4,-18,8,-13,-2,0,13,-9,-4,-9,4,-4,13,-10,-2,-3,4,-1,2,-1,2,5,15,-13,-7,-2,14,-2,-1,-1,0,-13,-5,-1,0,-1,0,8,12,-11,11,0,13,-17,-2,-2,3,-1,3,-2,6,15,-4,4,6,-6,14,-6,-7,-8,2,1,11,15,5,-20,8,14,18,-20,7,9,5,-10,10,9,13,-11,12,10,8,2,16,-26,33,-231,2,-40,143,399,676,3,5,-11,19,1,27,-7,13,13,33,-2,20,-12,8,25,13,-10,17,15,-9,4,12,11,3,-25,6,8,14,-22,0,2,13,-7,3,-3,-8,-17,4,-20,17,11,7,-9,10,4,18,-9,26,25,8,14,17,31,2,18,-10,48,-71,19,-14,-21,63,7,36,24,42,6,28,15,27,15,6,-1,13,17,38,35,33,20,29,-23,46,2,31,-10,12,46,32,11,22,12,65,-24,53,16,37,14,7,54,-1,17,7,26,29,24,34,6,19,10,8,-1,33,6,13,19,11,20,26,17,-12,8,32,17,4,44,25,13,34,-13,12,20,8,13,24,10,4,13,-4,35,19,13,-9,8,39,29,11,1,-14,6,0,11,23,-9,15,0,33,-14,24,14,2,-2,20,21,8,25,26,26,7,29,-2,9,-7,55,93,-19,19,-3,15,-14,-10,2,-27,-48,1,-14,-27,-2,-17,-24,-8,-12,11,-9,-16,-25,21,-31,13,13,40,-1,10,-11,8,-28,-2,-7,-8,-68,19,-10,19,21,11,24,24,10,-1,12,19,-13,15,-29,6,-7,33,5,19,-29,33,4,12,-7,7,1,18,4,11,62,52,79,32,52,-18,25,-29,14,-7,70,15,47,-4,24,4,33,40,15,47,26,13,5,11,3,21,-14,32,21,32,-10,43,24,43,-11,17,-37,26,-15,34,85,-10,37,-22,94,-16,42,-19,1,0,662,1118,-368,69,-366,125,-456,46,-205,59,-183,87,-166,112,-228,229,-811,-478,-860,-327,-4,0,36,-48,31,3,-1,-20,-8,-3,3,-45,8,-18,21,-11,-27,-27,10,-4,15,9,8,-5,-2,-40,37,15,-12,-28,2,-19,30,10,9,-16,32,-12,-10,-76,-24,-8,-13,-31,-36,-29,-55,-26,-28,-37,-48,-15,-59,-40,-21,-68,20,-87,2,-41,-22,-45,28,-59,3,-23,-13,-40,7,-35,-9,-15,-39,-12,-10,-18,3,-26,23,-40,14,-46,-10,-2,-86,49,-108,73,-46,18,-58,47,-88,33,12,23,-10,32,29,24,-7,17,-21,14,-27,2,-74,-32,-32,7,-66,31,-87,-3,-78,5,-52,-11,-99,56,-22,38,18,16,1,66,-20,13,-15,22,-25,13,0,31,-16,14,36,47,7,25,-5,45,7,20,-6,39,-18,34,6,33,-29,42,-4,40,5,12,39,26,-44,30,-11,45,-39,15,-4,8,-37,19,-2062,0,-433,-1509,56,-16,26,-60,6,-97,-9,-27,-11,-5,-110,57,-874,-3051],[-704824,193101,39,-15,21,-9,-60,24]]]
7874116	r	-70.3082,18.2515,-69.8995,18.7743	[[[-703082,184899,23,-5,2,-24,37,-1,6,-6,-13,-20,7,-14,18,-8,-14,-22,2,-11,29,-8,43,7,60,-34,4,-9,-36,-6,7,-15,28,-5,8,-11,-1,-7,-24,-15,9,-19,-1,-14,-5,-7,-23,-2,-4,-10,53,-76,1,-19,13,-3,10,27,29,10,6,16,12,7,10,-3,16,-25,27,-24,32,-8,19,3,17,36,22,1,30,-33,0,-9,-12,-13,-18,-3,-9,-15,4,-18,26,-19,35,-1,0,-12,-12,-15,-46,-25,-6,-13,19,-24,15,-5,29,11,10,-5,3,-9,-42,-46,3,-18,26,-21,99,-18,52,-35,10,-22,3,-15,-11,-23,-17,-17,-118,-37,-14,-20,-9,-29,1103,-1551,162,178,80,70,3,-5,10,-33,7,4,7,-8,9,8,80,117,24,24,2,19,3,3,11,9,0,1,102,90,41,110,52,73,76,39,154,77,53,81,66,301,138,205,8,4,19,37,13,-24,25,3,8,-14,69,119,8,23,104,88,126,61,86,42,20,-5,47,15,-3,28,-13,24,2,12,57,49,47,57,2,2,10,13,2,4,6,8,20,54,26,20,-9,14,19,27,31,83,14,168,-38,9,-109,104,-166,125,0,33,24,17,42,-3,9,28,18,18,0,114,-32,-2,-25,40,32,30,20,2,-2,28,-18,18,23,9,-21,54,25,17,26,-5,0,17,47,-14,15,47,57,-23,29,5,1,-15,35,2,23,-32,23,-3,19,-15,4,-16,-6,-12,22,-12,8,-37,-14,-23,-2,-42,9,-33,28,-30,88,-48,25,-2,48,53,17,11,29,4,19,-11,271,889,78,524,-1783,1133,-878,-214,-709,-592,-10,-91,-707,-1947]]]
8601412	r	-69.9074,18.4135,-69.5717,18.661	[[[-699073,186086,236,-844,-71,-26,-42,-22,-20,-21,-1,-20,-8,-10,90,-20,11,-1,6,-3,4,-1,39,-19,36,-17,1,-1,5,-2,4,-3,24,-29,5,-16,5,-18,2,-9,-1,-27,-26,-36,-37,-34,-15,-47,2,-52,30,-95,-1,-3,1,-3,-4,-4,-4,-7,-33,-29,6,-7,-25,-24,29,25,40,10,19,-5,-1,-30,47,30,29,3,31,12,18,-8,73,13,50,-3,16,-8,7,5,9,-4,30,5,79,-6,30,10,39,0,21,-3,11,-11,18,-4,13,-10,43,-10,70,-6,53,-2,15,6,19,-6,99,17,32,-3,9,6,38,-9,8,6,64,-6,4,-4,19,1,483,-50,16,-6,12,2,102,-34,92,-12,-1,27,95,-10,75,-23,79,-73,168,-273,57,-36,129,-23,140,-1,90,28,28,92,-18,113,-6,112,64,93,147,-16,209,-106,95,1537,-1667,317,0,-18,-16,0,-7,-10,-21,-4,-13,-20,3,-30,-5,-29,-11,-15,3,-22,-12,-11,-20,-5,-3,-23,-14,-13,-3,-34,-16,-25,2,-18,-16,-11,4,-22,-14,-23,-11,-8,-4,9,-3,1,0,1,-18,7,-5,-10,-10,6,-14,-3,-9,-13,-29,2,-12,-19,-13,2,-3,11,-25,-34,3,-7,12,5,3,-26,-12,-23,-24,-3,-12,-39,-20,7,-11,-5,-21,5,-2,-18,-16,-3,8,-40,-39,8,-8,-24,-26,-16,-5,53,-28,27,-11,68,-27,36,2,13,24,33,-2,23,9,35,-14,24,3,40,-18,15,-26,-6,-4,7,28,11,4,18,-37,47,-2,27,-31,43,-14,-2,-7,-10,-10,18,-22,-8,-23,28,-36,-31,-21,-6,-23,4,-35,21,6,23,-34,22,-5,24,12,20,-2,37,9,27,-5,35,-786,149,-78,-524]]]
3493032	r	-69.5812,18.4084,-69.1264,18.6446	[[[-695812,184451,12,-6,547,-361,206,5,388,137,1255,92,1,-65,21,1,14,8,23,-6,16,3,10,-6,44,22,32,7,18,18,11,-1,-1,6,-19,6,8,2,-7,4,5,19,21,14,17,-18,20,27,-3,12,-21,-5,-25,14,8,36,60,-4,65,-20,37,13,10,-15,48,-6,16,-28,-22,-13,30,-2,49,7,60,24,83,11,104,43,110,-11,86,1,144,25,50,22,5,14,10,4,124,-30,289,-234,173,-54,198,-31,59,-19,159,1620,-236,178,-1413,198,0,-1,-20,-34,1,-17,-8,-16,-17,-11,-37,-7,9,-46,-19,-36,6,-17,41,-36,-19,-57,-12,-7,-13,5,-5,-5,40,-41,-1,-28,-34,-22,-57,4,-13,-6,-29,-124,-23,9,-21,-5,-47,-35,-24,-8,-40,-33,-26,-9,-51,-42,-107,-68,-3,-8,23,-33,-1,-15,-32,-62,-37,-29,-29,32,-46,34,-9,44,-21,42,-59,18,-34,44,-4,11,11,78,-16,19,-24,68,-81,90,-5,19,11,58,23,35,5,26,-10,32,-40,74,-65,63,-59,7,-26,21,-13,22,-26,16,3,10,-6,13,15,7,-4,20,-10,0,-32,31,-21,5,1,10,14,5,-6,11,4,15,-9,20,-1268,177,-392,-458,-95,-1537]]]
3500957	r	-69.1424,18.1204,-68.6322,18.6107	[[[-691423,184113,379,-122,190,-32,728,32,8,3,-4,-20,19,10,15,0,2,19,9,-10,96,30,29,-5,11,9,33,-1,97,-22,34,6,31,20,0,9,9,11,1,26,16,19,7,-3,6,12,58,25,50,8,16,10,45,-7,7,11,3,-10,20,-17,30,-64,6,10,9,-3,10,10,-6,0,7,16,17,8,12,-2,22,-12,36,-7,41,-28,38,-9,15,9,23,0,46,-20,39,-11,24,0,21,-19,-46,-11,-5,-11,76,1,13,6,7,-4,9,8,17,-8,3,6,-7,9,5,7,33,-2,0,13,5,3,14,-17,-2,-5,-29,-11,-7,4,3,-11,4,6,35,8,1,-21,-19,-8,-30,8,16,-10,30,3,8,10,1,29,9,-4,0,22,164,-67,314,-207,295,-323,332,-471,244,-484,23,-366,172,-59,846,64,113,39,56,104,93,352,-1944,2382,-185,117,11,16,3,33,10,31,-8,10,-67,12,33,29,-711,872,-2084,-373,-159,-1620]],[[-690256,183567,6,-35,12,-23,82,-46,14,1,40,-23,137,-47,20,5,21,21,7,44,-21,2,8,47,-35,105,-23,11,-21,30,-1,14,-32,26,-74,81,-20,2,-40,-18,-14,-30,-18,-81,4,-58,-6,-24,-9,-13,-37,9]],[[-687869,181967,87,-247,161,-268,251,-216,126,-32,171,135,190,170,179,182,8,9,-412,54,-115,39,-149,102,-173,82,-176,32,-148,-42]]]
3511550	p	3492908
3511540	p	7874116
3493175	r	-71.0562,19.5122,-70.359,19.9377	[[[-710562,199190,2056,-2990,2062,0,37,-19,4,-8,39,-15,11,-45,44,-30,-39,-26,-5,-12,4,-40,29,-42,-6,-33,18,-34,6,-39,-7,-20,5,-45,-7,-25,-36,-47,16,-14,0,-31,25,-13,15,-22,20,-13,-1,-66,-18,-16,22,-38,99,-56,52,11,78,-5,87,3,66,-31,32,-7,74,32,27,-2,21,-14,7,-17,-29,-24,10,-32,-12,-23,88,-33,58,-47,46,-18,108,-73,86,-49,10,2,-14,46,-23,40,-3,26,10,18,39,12,9,15,-7,35,13,40,-3,23,-28,59,22,45,-2,41,-20,87,21,68,59,40,48,15,28,37,55,26,36,29,13,31,24,8,10,76,-32,12,-9,16,-30,-10,-2,19,12,28,-37,-15,2,40,-8,5,-15,-9,-10,4,27,27,-21,11,-8,18,-3,45,8,3,1,20,-31,-3,-36,48,4,0,860,327,811,478,-137,137,-610,610,-390,117,-101,-30,-136,-67,-121,-78,-52,-68,-50,-28,-604,4,-446,63,-144,49,0,4,-36,25,-16,-11,-2,-1,-96,32,-9,10,-36,22,-5,24,-28,32,-39,17,-27,0,-16,15,1,14,-77,39,-8,-4,-16,19,-8,-5,-28,7,-30,30,-35,8,-30,18,-3,17,-34,28,-3,-17,9,-17,-8,-6,-5,6,4,-6,-15,-6,-6,6,4,-7,-18,-20,-12,0,-3,3,14,50,-18,-47,-48,38,-1,15,16,10,15,-4,10,17,-34,19,-36,33,-3,11,-21,21,-18,-5,-15,4,-14,14,-42,10,-26,15,3,9,-10,16,-12,-3,-8,-14,-21,4,-7,6,-14,32,11,14,-11,14,2,5,-17,-1,-6,-8,-12,1,2,8,-5,0,-3,-9,-11,19,8,8,-3,10,-7,5,-22,-4,-8,9,4,16,-17,-6,-11,4,-23,19,-4,17,-16,6,-3,9,-17,-2,-10,7,-40,-6,-13,-9,-41,16,-1,-15,-10,-5,-11,6,-13,-15,-36,-10,-26,8,-29,0,-17,18,-3,-31,-120,1,1,9,43,35,17,38,-66,58,-23,47,-1,2,-9,18,-15,9,-11,12,0,6,-6,1,-39,44,-9,27,-11,11,-6,1,-2,-7,-22,25,3,6,-9,12,-10,-1,-9,11,-4,24,-13,10,-5,18,-12,-6,-12,17,-11,3,-21,44,-12,-5,-4,8,6,4,-20,5,-177,199,-123,78,-114,5,-296,-65,-142,-14,-484,74,25,-56,50,-154,-75,0,-193,74,52,160,-83,125,-154,85,-162,40,-175,-22,-325,-153,-53,-12]]]
3493146	r	-70.3875,19.1184,-70.0145,19.6278	[[[-703875,192462,40,-143,231,-2,26,-33,-2,-16,-10,-8,11,-12,-9,-13,10,-10,-9,-5,18,-6,2,-1,-14,-18,20,-8,-15,-5,-1,-11,8,-2,6,7,6,-13,0,-1,-4,-6,-15,4,2,-6,3,-5,0,-1,17,2,0,-13,11,-11,-7,-12,1,0,13,5,1,0,2,1,2,-14,13,7,0,-3,-3,-7,-2,-5,1,-2,3,-4,1,-2,10,2,4,-13,9,-4,9,4,0,-12,0,-1,13,2,18,-8,7,4,4,-12,14,3,0,-18,22,-9,6,-9,11,1,2,-8,11,4,0,-1,1,0,6,-7,1,-1,0,1,2,4,4,8,0,1,12,-13,1,-1,1,1,2,3,5,6,4,-14,10,-5,-3,-8,16,1,-5,-8,7,-14,9,1,5,-10,11,-1,4,-14,-6,-13,9,-26,-5,-10,23,-6,0,-8,10,5,5,-11,17,-12,-1,-32,7,-2,2,-11,9,4,4,-10,23,-12,9,1,5,-9,17,-9,-2,-6,10,4,0,-8,12,-1,2,-8,22,-1,20,-11,48,3,3,-10,33,-17,9,-17,-5,-10,12,-1,0,-11,11,-1,-1,-10,14,3,1,-22,0,-1,21,3,19,-13,7,5,4,-8,8,10,5,-13,12,1,1,0,0,-1,-4,-18,6,-6,3,-3,-9,3,-2,-5,1,0,21,-9,0,-13,8,2,8,-10,15,-4,5,-11,19,-15,6,10,8,-1,13,-18,29,13,8,-18,-32,-2,-8,-8,2,-11,18,-2,6,-20,11,-8,19,0,14,27,15,-11,-3,-8,-13,-4,-1,-24,-15,-9,-14,11,-37,-32,-38,6,-18,45,-30,-1,-12,9,-11,-3,17,-27,-19,-11,-8,-34,-14,-3,-49,22,-32,-4,2,29,38,9,-2,12,-101,23,-17,17,-22,6,-14,1,4,-19,-3,-6,-10,1,-7,4,3,29,-8,7,-10,-2,-19,-20,-17,-2,-20,6,-10,-25,29,10,6,-12,-6,-6,-33,-3,-20,43,-9,5,-9,-4,-5,-25,-19,-1,-27,-20,-18,2,-12,26,-18,8,-23,0,1,8,22,13,-9,4,-5,29,-23,3,-1,-18,-12,-24,-18,4,-12,39,-14,-22,-22,8,7,26,-15,13,-32,11,8,21,-5,12,-24,-23,-9,15,-21,10,-2,-9,15,-37,-22,-8,-6,37,-19,-4,-9,7,17,9,-1,5,-12,3,-19,-9,8,17,-11,6,-6,14,11,11,-8,26,-6,-2,1,-17,-17,-20,-8,14,127,-456,153,-63,3134,1169,-129,511,7,-7,25,-1,41,-16,25,-18,60,-21,15,68,50,63,10,72,-33,62,-6,43,10,28,-2,19,26,36,-7,20,-60,15,-8,1,-50,-3,-6,-2,-14,1,-12,-1,-3,2,-6,0,-29,17,-66,11,-54,38,-59,31,-140,33,-154,68,-111,21,-19,4,-26,10,-61,67,-1,1,13,33,53,72,13,43,15,21,38,24,10,15,-1,18,-14,22,4,50,12,27,28,15,11,47,16,24,36,25,7,12,-10,29,13,7,-16,12,4,18,18,32,18,10,9,21,-33,32,-6,21,6,25,-3,48,6,16,-9,29,11,18,0,4,-1,2,-1,6,-18,26,-13,1,-39,-24,-25,-3,-19,4,-50,30,-44,3,-24,-8,-25,29,-31,6,-13,-7,-29,7,-24,-7,10,-32,-46,-10,-4,-16,8,-21,-54,13,-25,-7,-7,22,8,18,-8,49,19,28,-10,24,14,37,-30,31,-1,13,-30,28,56,-13,144,21,164,48,22,14,16,14,21,44,42,13,-388,1544,-92,-2,-304,57,-662,-1118,-1,0,-42,19,-94,16,-37,22,-85,10,15,-34,37,-26,11,-17,-24,-43,10,-43,-21,-32,14,-32,-3,-21,-5,-11,-26,-13,-15,-47,-33,-40,-24,-4,-47,4,-70,-15,-14,7,-25,29,-52,18,-79,-32,-62,-52,-4,-11,-1,-18,7,-7,-4,-12,29,-33,-5,-19,7,-33,29,-6,13,-15,-12,-19,-10,1,-24,-24,-21,-11,10,-19,68,-19,7,8,28,2,11,-8,1,-10,-13,-40,31,-13,25,-21,9,16,12,-11,24,8,2,17,14,27,48,-1,-2,27,14,10,3,-15,19,-19,-55,-93,-9,7,-29,2,-26,-7,-25,-26,-21,-8,2,-20,-14,-2,14,-24,0,-33,9,-15,-11,-23,-6,0,-1,14,-29,-11,-8,-39,-13,9,-35,-19,-13,4,-10,-4,-13,-24,-20,-8,13,-12,-13,-34,-44,-25,-17,-4,-8,-32,-17,12,-20,-26,-19,-11,-6,-13,1,-33,-10,-8,-6,-19,-24,-34,-26,-29,-17,-7,-54,1,-14,-7,-16,-37,24,-53,-12,-65,-11,-22,-46,-32,10,-12,-2,-31,23,-46,-20,-29,-35,-33,-17,-38,1,-13,-15,-6,-15,-27,-6,-28,-24,-42,-7,-36,21,-63,-19,14,-48,71,-18,10,-31,-2,-14,-17,-25,-8,9,-26,-4,-18,9,-10,-11,-7,20,-17,17,-4,3,8,7,-3,-2,-13,22,0,-8,-14,25,-6,-11,-3,-4,-12,-15,9,10,-17,-25,-13,12,-8,2,-20,-13,-33,7,-13,-1,-27,11,-19,-3,-5,-399,-676]]]
3493240	r	-68.9378,18.2604,-68.3229,18.9743	[[[-689377,186803,142,-129,-33,-40,-7,-63,27,-42,124,-40,-33,-90,32,-9,50,24,33,-53,-138,-255,711,-872,-33,-29,67,-12,8,-10,-10,-31,-3,-33,-11,-16,185,-117,1944,-2382,61,230,78,181,123,156,85,195,-54,191,-26,160,166,106,106,-31,102,944,314,2908,51,36,69,39,42,-30,77,-51,-14,11,-72,74,15,23,-72,54,-37,-65,-40,-5,-9,5,6,59,-355,258,-2,2,-157,137,-370,428,-747,659,-14,17,-10,4,-301,265,-26,-48,-50,37,-132,50,-17,27,-56,-8,-82,38,-91,83,-4,-168,-78,74,-27,-56,79,-46,-62,-52,-141,41,-14,-44,-57,-27,0,-21,-55,-35,-37,6,9,-25,-36,2,-26,-89,41,-40,0,-112,-121,-27,-18,-65,-58,-5,-32,-41,23,-56,-32,11,-13,-23,14,-34,88,-22,7,-105,64,-37,-19,-78,179,-358,-35,-18,-17,-48,24,-99,20,-37,-126,-233,-21,2,-186,-137,-89,-17,0,-104,-78,-106,49,-53,0,-37,-120,-134,-28,-69,-30,12,-123,-49,-71,77,-71,-44,-63,16,-208,-14,-41,-69,11,-57,-28,-14,-9,-40,25,-7,12,-52,48,-5,-47,-73,-64,-28,-24,-71]],[[-684227,184501,58,12,30,48,37,-1,87,74,94,214,7,94,-304,-439,-9,-2]],[[-683903,184959,27,20,50,-33,67,66,157,310,115,133,74,182,31,2,46,48,107,292,-12,117,-42,37,32,35,-197,271,-37,16,199,-290,-55,-392,-562,-814]]]
3509382	p	3492914
3494242	n	-68.5681,18.4414,-68.3286,18.7719	[[[-685681,184736,200,51,230,-36,126,-54,377,-33,282,-95,123,-14,15,-113,38,-28,16,8,41,59,6,20,9,2,304,439,0,9,11,8,562,814,55,392,-199,290,-128,54,-178,140,-64,-47,-86,40,-151,123,-86,136,-208,122,-40,97,-229,228,-106,14,-176,117,-191,159,-77,51,-42,30,-69,-39,-51,-36,-314,-2908]]]
3492985	n	-71.3364,17.9908,-70.9486,18.4361	[[[-713364,182100,11,-222,34,-219,57,-215,78,-209,99,-201,119,-190,138,-178,156,-165,172,-149,187,-132,199,-114,209,-95,219,-75,119,-28,595,829,166,402,195,282,-2,119,-52,93,-163,544,-71,110,-66,64,-49,70,-19,129,21,111,88,146,22,84,62,153,157,60,201,-4,433,-90,106,-44,105,-75,65,-88,53,-100,62,-81,15,-6,29,29,31,155,86,154,11,153,-96,103,-58,124,-80,83,2,31,-42,45,-27,-18,-13,78,-28,29,-102,57,-147,38,-198,108,-41,-21,-47,10,-108,187,1,70,164,17,125,72,3,97,-136,47,-225,54,-229,32,-232,11,-232,-11,-229,-32,-225,-54,-219,-75,-39,-18,-483,-494,81,-102,-115,-85,-9,6,-27,2,-16,17,-31,-3,-19,9,-3,14,-656,-672,-40,-107,-57,-215,-34,-219,-11,-222]]]
3511233	r	-70.8313,18.6937,-70.1656,19.1316	[[[-708313,189414,3,-18,48,-15,6,-53,-37,4,-6,-20,166,-940,17,-10,191,-85,69,-2,52,-90,5439,-1248,709,592,-491,1039,-28,-4,-15,-48,-38,-42,-3,-11,-45,-25,-30,-1,-48,-14,-31,9,-32,-15,-37,-5,2,17,52,26,24,25,54,15,-5,31,10,34,30,16,1,15,27,27,-5,15,10,11,-2,16,20,15,1,13,-18,1,-8,8,5,6,9,-5,15,20,1,7,-14,15,18,-2,-47,98,-28,22,-10,-2,-7,15,-30,8,1,7,24,0,-12,9,-3,15,15,16,0,10,-6,4,-12,-5,-17,21,5,8,13,-2,-13,21,-22,-5,-5,16,11,-1,3,9,-10,14,-7,-4,-5,12,-25,-7,-9,7,-23,-14,-15,43,-28,-4,2,15,-9,27,-14,-9,-5,16,-13,-2,-18,10,-17,-9,8,-7,-3,-6,-18,7,0,39,14,-8,8,6,-3,19,-22,13,20,6,-18,33,5,22,24,39,-12,14,0,27,-15,0,-57,-22,-17,2,-10,17,-23,1,-37,26,-69,14,-29,-18,-40,7,-29,-13,-27,1,-30,53,-18,1,-13,13,6,34,-15,27,3,14,-32,41,-1,16,-25,21,-32,-10,-36,12,-1,1,-24,33,-16,2,-25,-8,-20,8,-4,7,7,15,-24,25,1,15,-20,15,-12,18,5,13,-20,9,-5,23,-17,15,-6,24,-15,10,-4,24,25,46,-5,8,15,18,-16,9,3,8,-7,9,-15,3,-7,22,-20,2,-10,11,-10,-3,-18,8,-19,-10,-24,-1,-15,8,-46,4,-5,8,-24,-5,-15,15,-20,5,-9,-12,-10,0,-40,21,-13,0,-6,10,-10,1,-3,13,-32,25,-11,29,3,36,-16,43,-27,31,24,35,-22,47,0,2,14,46,-10,49,23,68,20,19,45,23,4,9,41,14,36,-4,15,-8,20,17,60,12,21,28,27,18,24,-4,28,21,36,11,29,34,39,22,21,-1,48,-21,34,8,30,-24,8,10,-285,604,-153,63,-543,-209,1,9,-263,267,-7,-5,-10,7,-45,-17,-9,5,-8,-21,16,-20,1,-9,13,-1,2,-8,-30,-32,-28,-10,-3,-57,5,-10,-10,-13,2,-12,-6,-16,-34,-32,-67,-28,-72,-12,-45,-35,-15,-1,-37,45,-29,18,-19,1,16,-34,-15,-55,-15,-17,-4,-2,-10,-9,-43,-18,-20,4,-1,1,-1,0,-1,1,-29,22,-21,25,-20,20,-35,47,-96,91,-53,-3,-49,-55,-13,-7,-61,12,-55,-30,-78,-1,-18,-19,-2,-25,19,-47,71,-102,1,-13,-12,-28,41,-38,13,-60,26,-35,14,-33,-6,-96,33,-60,6,-89,1,-6,-1,1,-22,13,1,16,-12,20,-29,15,-10,34,-16,-4,-29,4,-18,16,7,8,-7,44,-2984,-1145]]]
3493081	r	-71.8471,18.5247,-70.8133,19.1787	[[[-718471,189494,26,3,248,81,234,-7,92,-71,141,-283,92,-102,229,-199,74,-90,55,-184,6388,-3395,290,56,144,179,-7,1,-18,39,-97,16,-143,69,-63,-30,-76,77,-77,-57,-54,1,-33,30,-51,-38,-134,23,-203,149,-45,59,0,76,-77,62,-79,188,13,74,89,7,113,51,1,2,3,1,83,135,117,-29,143,49,1,1,1,0,48,59,-2,76,39,21,8,21,31,27,13,-2,9,22,22,20,15,2,3,15,11,9,7,72,85,160,39,14,16,-21,-58,-164,86,-29,1,1,4,-1,45,65,78,-49,10,7,9,-5,4,14,12,8,7,48,43,135,-18,131,60,39,9,14,15,12,4,22,14,23,-1,39,-139,241,-19,72,29,25,-3,2,149,153,67,142,29,-108,121,-82,56,-112,-1,-76,82,1,48,106,84,34,13,-13,19,165,128,169,-2,96,-30,56,2,77,-90,99,-72,188,-44,37,11,56,-33,37,42,38,-42,188,19,146,76,10,31,35,75,-14,105,75,113,12,24,88,63,50,233,8,67,140,-74,65,-17,76,-61,36,-2,27,45,26,208,-6,106,50,71,60,-30,182,94,27,115,91,3,0,-792,1211,-349,263,-1211,220,-818,-120,-1,54,-177,141,-108,-7,-114,-45,-28,4,-86,-26,-20,-1,-18,5,-80,7,-51,-30,-48,15,-22,-17,-28,-8,-52,13,-28,0,-52,19,-27,24,-66,24,-38,-3,-1,-1,-17,-10,-41,-1,-37,-21,-67,2,-113,-22,-59,24,-44,-21,-111,2,-24,-53,17,-44,-36,-16,34,-80,-28,-147,6,-11,-780,-115,-75,77,-86,-79,4,-21,-1748,-257,-1670,-969,-33,-35,-131,-77,-50,-13,-420,-243,-33,-136]],[[-708406,189271,34,-82,-30,-72,20,-55,-23,-1,54,-151,-22,-98,107,-112,100,-315,31,-14,2,1,-166,940,-9,-29,-52,30,-46,-42]]]
3512128	p	7874116
3512067	r	-70.5879,18.1937,-70.15,18.5093	[[[-705879,182728,74,-36,29,-73,31,-25,31,1,32,-17,34,-1,61,-33,1,-1,2,-5,3,0,62,-54,28,-108,-46,-61,-94,-58,-72,-68,14,-85,15,-6,-18,1,9,-20,43,-31,64,-4,12,-11,21,7,18,2,307,0,60,-57,16,-30,18,-4,25,5,52,-19,33,0,22,13,34,3,101,39,149,47,70,9,271,168,96,52,67,31,16,4,16,-4,52,11,13,-3,132,57,61,10,87,-13,82,-41,32,-10,181,1,147,-39,56,-5,95,2,56,14,49,-5,64,16,35,-4,134,62,74,24,35,5,14,0,38,-9,42,1,55,-15,113,-56,73,-17,61,-53,25,-9,22,16,-3,10,16,-10,123,66,187,30,242,7,61,-28,137,112,81,89,-1103,1551,9,29,14,20,118,37,17,17,11,23,-3,15,-10,22,-52,35,-99,18,-26,21,-3,18,42,46,-3,9,-10,5,-29,-11,-15,5,-19,24,6,13,46,25,12,15,0,12,-35,1,-26,19,-4,18,9,15,18,3,12,13,0,9,-30,33,-22,-1,-17,-36,-19,-3,-32,8,-27,24,-16,25,-10,3,-12,-7,-6,-16,-29,-10,-10,-27,-13,3,-1,19,-53,76,4,10,23,2,5,7,1,14,-9,19,24,15,1,7,-8,11,-28,5,-7,15,36,6,-4,9,-60,34,-43,-7,-29,8,-2,11,14,22,-18,8,-7,14,13,20,-6,6,-37,1,-2,24,-38,8,0,46,-23,3,-7,-22,-20,-1,-24,17,-17,-5,-19,26,-11,-16,-8,17,-28,3,-13,54,-25,-2,-7,5,-3,15,9,10,1,20,-4,16,-8,5,-54,-27,5,-21,-3,-26,-21,-22,-9,-1,-10,10,12,28,-8,8,-67,-20,-62,50,-40,0,-15,-4,4,-32,-41,-12,-2,-24,-33,-15,-4,-13,-18,0,-34,-35,0,-12,-22,-30,6,-12,13,-4,-2,-7,-10,-11,-16,-5,-5,-22,-24,-1,-4,-7,-22,5,-8,-19,-16,2,-16,-20,-36,-12,-9,3,2,8,-13,4,-11,-10,-40,-11,-19,-15,-10,-21,-31,-16,-47,-2,-170,-63,-7,7,-19,2,-25,-8,-28,16,-13,-29,-13,-1,-51,-28,-13,-27,-16,-7,-15,-32,-8,-3,-14,5,-14,25,-8,-11,-26,-3,-4,-7,-13,17,-11,-3,5,-24,-10,-13,-11,1,-2,8,-8,-7,-16,3,-23,18,-1,10,-8,-8,-8,2,-10,-9,-27,-5,-22,-11,3,-9,-5,-5,-23,3,-28,-48,16,-15,6,-19,-8,-21,-9,-7,3,-22,-11,-16,-21,-10,-25,-50,2,-18,-17,-11,8,-9,-18,-43,4,-20,-5,-18,61,-46,25,-42,-2,-54,-15,-53,8,-53,-31,-54,2,-49,-8,-14,-17,-17,-19,-19,-91,-118,-12,-40,-4,-9,-18,-65,-3,-59,13,-37,12,-117,0,-42,12,-75,-43,-120,-3,-13,-49,-139,-8,-19,-53,-61,-96,7,-27,-13,-12,-13,-76,-51,-173,13,-3,2,-32,0,-128,-10,-62,-32,-60,3,-23,6,-85,0,-46,-46,-32,-22]]]
3496331	p	3492914
3512208	r	-71.1615,18.2489,-70.4696,19.0018	[[[-711615,186147,79,-188,77,-62,0,-76,45,-59,203,-149,134,-23,51,38,33,-30,54,-1,77,57,76,-77,63,30,143,-69,97,-16,18,-39,7,-1,-144,-179,201,-277,-48,35,-98,-13,-28,-47,78,-22,22,-28,56,24,65,-13,297,-410,4,-16,-119,-182,-9,-234,-125,-72,-164,-17,-1,-70,108,-187,47,-10,41,21,198,-108,147,-38,102,-57,28,-29,13,-78,27,18,42,-45,-2,-31,80,-83,58,-124,96,-103,-11,-153,-86,-154,-31,-155,-69,-69,30,-68,72,-19,118,56,149,3,-4,25,72,20,14,32,78,14,118,91,39,59,151,111,103,156,9,7,1,0,1,1,55,39,-21,17,8,33,59,117,28,37,98,89,45,26,127,-16,28,7,-10,-43,-35,-21,25,-11,71,29,18,53,51,-22,62,14,16,32,-18,50,63,40,100,-7,23,-30,-18,-33,36,-11,188,29,10,-3,117,-4,24,7,111,-17,219,99,18,52,60,19,64,69,72,128,-47,122,16,32,-32,25,-3,82,49,42,23,-10,97,45,11,34,28,3,-25,28,10,33,94,35,155,16,110,-44,138,4,165,-57,11,-29,83,19,8,-4,133,-89,219,-263,3,-6,10,-35,18,-24,25,-54,27,-185,0,-30,-29,-10,-12,-74,27,-134,-38,-164,-39,-51,-7,-3,-9,-17,-65,-33,-59,-45,-25,-100,44,-92,9,-6,24,-57,33,22,11,-8,46,46,85,0,23,-6,60,-3,62,32,128,10,32,0,3,-2,173,-13,76,51,12,13,27,13,96,-7,53,61,8,19,49,139,3,13,43,120,-12,75,0,42,-12,117,-13,37,3,59,18,65,4,9,12,40,91,118,19,19,25,31,-2,49,13,23,11,73,-1,11,7,26,9,58,0,4,0,11,-37,59,-25,19,-75,39,-39,15,-72,41,-20,79,3,42,16,48,-22,19,-15,6,-2,10,21,53,-13,5,-11,-8,1,11,-29,11,-11,-6,-11,6,0,8,-2,1,3,10,0,10,2,2,13,55,-2,9,13,40,-20,10,-18,-26,-40,62,-18,-7,-3,-10,-8,1,-6,12,-5,47,7,9,2,47,15,8,38,3,5,23,-6,14,17,32,-26,16,-26,6,-28,28,-45,-21,-37,3,-13,-3,-7,-5,-16,1,-18,17,2,20,-12,28,-32,-37,-37,8,-72,66,-13,5,-3,10,-24,22,-63,81,8,27,-31,-38,-3,-16,-14,-5,-19,13,-20,29,-12,39,-29,2,-40,19,-42,13,-58,-14,-10,2,-27,-3,-1,-1,-23,-3,-24,37,11,60,-56,20,-16,16,-116,-32,-20,-14,-15,1,-11,-9,-10,6,-39,43,-5,21,-12,12,4,7,-19,20,-21,65,-47,-13,-35,49,1,26,10,16,9,36,-38,45,-1,24,-36,15,-10,24,-24,8,-5,21,-32,19,-2,17,-32,-11,-12,3,-56,54,-47,2,-16,15,-12,1,-5,10,-1,0,-6,-5,-3,8,-29,10,-7,10,-4,37,-23,-2,-30,30,-11,11,-16,4,-5,23,-22,29,3,11,21,16,26,30,-5,8,15,4,-10,18,-12,14,-1,11,20,43,15,5,5,7,9,26,35,33,-11,10,1,26,5,4,-3,22,11,38,14,11,-27,31,5,16,-22,48,14,61,-5,9,11,16,8,35,-105,121,-13,7,-2,9,-31,37,14,9,-25,35,-6,22,-12,21,-5,4,-91,49,-70,-4,65,84,21,100,55,20,36,55,-47,136,-57,78,49,66,-1,181,-82,42,-3,41,-39,19,-34,75,-99,-84,-237,48,-220,10,-80,108,-71,182,-99,171,-52,90,-69,2,-191,85,-17,10,-2,-1,-31,14,-100,315,-107,112,22,98,-54,151,23,1,-20,55,30,72,-34,82,46,42,52,-30,15,49,37,-4,-6,53,-48,15,-3,18,-15,103,-87,20,-26,107,-35,17,39,116,-24,10,7,31,46,16,31,58,-42,-1,-63,39,-53,71,-182,17,-115,-91,-94,-27,30,-182,-71,-60,-106,-50,-208,6,-45,-26,2,-27,61,-36,17,-76,74,-65,-67,-140,-233,-8,-63,-50,-24,-88,-113,-12,-105,-75,-75,14,-31,-35,-76,-10,-19,-146,42,-188,-42,-38,33,-37,-11,-56,44,-37,72,-188,90,-99,-2,-77,30,-56,2,-96,-128,-169,-19,-165,-13,13,-84,-34,-48,-106,-82,-1,1,76,-56,112,-121,82,-29,108,-67,-142,-149,-153,3,-2,-29,-25,19,-72,139,-241,1,-39,-14,-23,-4,-22,-15,-12,-9,-14,-60,-39,18,-131,-43,-135,-7,-48,-12,-8,-4,-14,-9,5,-10,-7,-78,49,-45,-65,-4,1,-1,-1,-86,29,58,164,-16,21,-39,-14,-85,-160,-7,-72,-11,-9,-3,-15,-15,-2,-22,-20,-9,-22,-13,2,-31,-27,-8,-21,-39,-21,2,-76,-48,-59,-1,0,-1,-1,-143,-49,-117,29,-83,-135,-3,-1,-1,-2,-113,-51,-89,-7,-13,-74]]]
3509183	p	3492908
3491941	p	3492908
3496831	r	-71.2993,19.1492,-70.8506,19.919	[[[-712993,198118,797,-2648,2,2,29,6,38,-7,43,-23,32,-50,64,-46,93,-51,3,8,11,-15,-15,-58,-18,-28,7,-25,-13,-18,3,-6,18,7,-1,-16,14,-3,-1,-25,9,-8,25,-3,3,18,14,4,7,-35,-8,-67,28,-27,-11,-15,25,-1,4,-27,20,-11,-29,-53,8,-13,-7,-30,-10,-6,1,-13,-19,-22,4,-32,-12,-15,14,-19,-4,-8,-28,-4,4,-8,30,-1,4,-23,-50,-38,0,-30,-16,-14,22,-4,6,-9,-16,-17,7,-6,-6,-13,-12,-6,-11,7,13,-23,-12,-27,-13,-18,-3,0,840,-2793,1211,-220,874,3051,110,-57,11,5,9,27,-6,97,-26,60,-56,16,433,1509,-2056,2990,-99,-24,-122,-75,-185,-329,-102,-74,-162,-19,-134,-32,-131,-7,-157,58,32,-68,2,-26,18,-12,85,-25,-27,-66,-41,-56,-59,-49,-78,-45,-111,263,-85,93,-117,-43,-53,-104,-5,-102,-28,-77,-116,-30,-444,14,-137,60,-175,-297]]]
3493283	p	3492914
3509207	r	-70.3713,18.7529,-69.8481,19.2353	[[[-703713,190149,27,-31,16,-43,-3,-36,11,-29,32,-25,3,-13,10,-1,6,-10,13,0,40,-21,10,0,9,12,20,-5,15,-15,24,5,5,-8,46,-4,15,-8,24,1,19,10,18,-8,10,3,10,-11,20,-2,7,-22,15,-3,7,-9,-3,-8,16,-9,-15,-18,5,-8,-25,-46,4,-24,15,-10,6,-24,17,-15,5,-23,20,-9,-5,-13,12,-18,20,-15,-1,-15,24,-25,-7,-15,4,-7,20,-8,25,8,16,-2,25,-34,36,-12,32,10,25,-21,1,-16,32,-41,-3,-14,15,-27,-6,-34,13,-13,18,-1,30,-53,27,-1,29,13,40,-7,29,18,69,-14,37,-26,23,-1,10,-17,17,-2,57,22,15,0,0,-27,12,-14,-24,-39,-5,-22,18,-33,-20,-6,22,-13,3,-19,-8,-6,-14,8,0,-39,18,-7,3,6,-8,7,17,9,18,-10,13,2,5,-16,14,9,9,-27,-2,-15,28,4,15,-43,23,14,9,-7,25,7,5,-12,7,4,10,-14,-3,-9,-11,1,5,-16,22,5,13,-21,-13,2,-5,-8,17,-21,12,5,6,-4,0,-10,-15,-16,3,-15,12,-9,-24,0,-1,-7,30,-8,7,-15,10,2,28,-22,47,-98,-18,2,14,-15,-1,-7,-15,-20,-9,5,-5,-6,8,-8,18,-1,-1,-13,-20,-15,2,-16,-10,-11,5,-15,-27,-27,-1,-15,-30,-16,-10,-34,5,-31,-54,-15,-24,-25,-52,-26,-2,-17,37,5,32,15,31,-9,48,14,30,1,45,25,3,11,38,42,15,48,28,4,491,-1039,878,214,2297,3171,-1768,1439,-3134,-1169,285,-604,-8,-10,-30,24,-34,-8,-48,21,-21,1,-39,-22,-29,-34,-36,-11,-28,-21,-24,4,-27,-18,-21,-28,-60,-12,-20,-17,-15,8,-36,4,-41,-14,-4,-9,-45,-23,-20,-19,-23,-68,10,-49,-14,-46,22,-49,-24,-35]]]
3504765	r	-69.5325,18.5269,-69.15,19.2548	[[[-695325,186446,1268,-177,9,-20,-4,-15,6,-11,-14,-5,-1,-10,21,-5,32,-31,10,0,4,-20,-15,-7,6,-13,-3,-10,26,-16,13,-22,26,-21,59,-7,65,-63,40,-74,10,-32,-5,-26,-23,-35,-11,-58,5,-19,81,-90,24,-68,16,-19,-11,-78,4,-11,34,-44,59,-18,21,-42,9,-44,46,-34,29,-32,37,29,32,62,1,15,-23,33,3,8,107,68,51,42,26,9,40,33,24,8,47,35,21,5,23,-9,29,124,13,6,57,-4,34,22,1,28,-40,41,5,5,13,-5,12,7,19,57,-41,36,-6,17,19,36,-9,46,37,7,17,11,8,16,-1,17,20,34,0,1,1413,-198,0,4251,-75,-40,-157,-11,-385,99,-929,239,-344,40,-171,43,-169,122,-137,307,-177,124,-156,27,-534,-27,0,-69,111,-13,96,-34,80,-45,61,-51,-248,-26,-303,112,-388,-4513]],[[-694203,191916,22,-6,860,62,784,-137,219,52,175,119,116,163,43,182,80,151,-32,5,-331,31,-333,10,-333,-10,-331,-31,-314,-49,-625,-542]],[[-691575,190464,2,-97,73,-42,0,159,-75,-20]]]
3496021	r	-70.13,19.0914,-69.327,19.6801	[[[-701299,194538,30,-28,1,-13,30,-31,-14,-37,10,-24,-19,-28,8,-49,-8,-18,7,-22,25,7,54,-13,-8,21,4,16,46,10,-10,32,24,7,29,-7,13,7,31,-6,25,-29,24,8,44,-3,50,-30,19,-4,25,3,39,24,13,-1,18,-26,1,-6,1,-2,0,-4,-11,-18,9,-29,-6,-16,3,-48,-6,-25,6,-21,33,-32,-9,-21,-18,-10,-18,-32,-4,-18,16,-12,-13,-7,10,-29,-7,-12,-36,-25,-16,-24,-11,-47,-28,-15,-12,-27,-4,-50,14,-22,1,-18,-10,-15,-38,-24,-15,-21,-13,-43,-53,-72,-13,-33,1,-1,61,-67,26,-10,130,-25,154,-68,140,-33,59,-31,54,-38,66,-11,29,-17,6,0,3,-2,12,1,14,-1,6,2,50,3,8,-1,60,-15,7,-20,-26,-36,2,-19,-10,-28,6,-43,33,-62,-10,-72,-50,-63,-15,-68,-60,21,-25,18,-41,16,-25,1,-7,7,129,-511,1768,-1439,2163,237,-17,86,75,406,32,476,55,133,144,38,1274,-150,371,-175,181,-49,625,542,216,186,43,177,49,277,-86,-164,-171,117,-580,225,-110,-65,-69,-19,-32,49,-16,58,-40,31,-54,12,-58,2,-105,-11,-242,-57,-131,22,-212,99,-104,21,-114,-24,-296,-187,-204,-79,-200,-40,-450,-18,-200,-31,-388,-142,-203,-31,-342,132,-38,34,-299,277,-591,837,-25,43,-86,196,-36,106,-7,46,-3,20,15,39,21,16,-11,17,6,22,-5,60,23,46,-21,48,12,138,-44,35,1,89,-76,177,-201,80,164,549,6,254,-107,233,-341,342,-153,85,-122,14,-272,-25,-554,9,-189,-84,-365,-369,-89,-73,-100,-35,-58,-1,388,-1544,8,2,-50,-15,-21,-44,-16,-14,-22,-14,-164,-48,-144,-21,-56,13]]]
3492984	n	-69.15,18.5733,-68.8095,18.9953	[[[-691500,185911,236,-178,2084,373,138,255,-33,53,-50,-24,-32,9,33,90,-124,40,-27,42,7,63,33,40,-142,129,24,71,64,28,47,73,-48,5,-12,52,-25,7,9,40,28,14,-11,57,41,69,208,14,63,-16,71,44,71,-77,123,49,30,-12,28,69,120,134,0,37,-49,53,78,106,0,104,89,17,186,137,21,-2,126,233,-20,37,-24,99,17,48,7,4,-15,59,-61,162,-75,151,2,9,-44,88,-90,143,-8,2,-12,29,-10,16,-138,178,-157,165,-172,149,-187,132,-200,114,-210,95,-219,75,-226,54,-231,32,-62,3,-195,-85,-119,-93,-68,107,-128,53,-123,-17,-226,-54,-219,-75,-192,-87,0,-3791]]]
3493100	r	-70.7804,18.4181,-70.2365,18.8185	[[[-707804,188185,99,-171,71,-182,80,-108,220,-10,237,-48,99,84,34,-75,39,-19,3,-41,82,-42,1,-181,-49,-66,57,-78,47,-136,-36,-55,-55,-20,-21,-100,-65,-84,70,4,91,-49,5,-4,12,-21,6,-22,25,-35,-14,-9,31,-37,2,-9,13,-7,105,-121,-8,-35,-11,-16,5,-9,-14,-61,22,-48,-5,-16,27,-31,-14,-11,-11,-38,3,-22,-5,-4,-1,-26,11,-10,-35,-33,-9,-26,-5,-7,-15,-5,-20,-43,1,-11,12,-14,10,-18,-15,-4,5,-8,-26,-30,-21,-16,-3,-11,22,-29,5,-23,16,-4,41,-41,23,2,4,-37,7,-10,29,-10,3,-8,6,5,1,0,5,-10,12,-1,16,-15,47,-2,56,-54,12,-3,32,11,2,-17,32,-19,5,-21,24,-8,10,-24,36,-15,1,-24,38,-45,-9,-36,-10,-16,-1,-26,35,-49,47,13,21,-65,19,-20,-4,-7,12,-12,5,-21,39,-43,10,-6,11,9,15,-1,20,14,116,32,16,-16,56,-20,-11,-60,24,-37,23,3,1,1,27,4,10,-3,58,14,42,-13,40,-19,29,-2,12,-39,20,-29,19,-13,14,5,3,16,31,38,-8,-27,63,-81,24,-22,3,-10,13,-5,72,-66,37,-8,32,37,12,-28,-2,-20,18,-17,16,-1,7,5,13,3,37,-3,45,21,28,-28,26,-6,26,-16,-17,-32,6,-14,-5,-23,-38,-3,-15,-8,-2,-47,-7,-9,5,-47,6,-12,8,-1,3,10,18,7,40,-62,18,26,20,-10,-13,-40,2,-9,-13,-55,-2,-2,0,-10,-3,-10,2,-1,0,-8,11,-6,11,6,29,-11,-1,-11,11,8,13,-5,-21,-53,2,-10,15,-6,22,-19,-16,-48,-3,-42,20,-79,72,-41,39,-15,75,-39,-23,18,5,18,-4,20,18,43,-8,9,17,11,-2,18,25,50,21,10,11,16,-3,22,9,7,8,21,-6,19,-16,15,28,48,23,-3,5,5,-3,9,22,11,27,5,10,9,8,-2,8,8,1,-10,23,-18,16,-3,8,7,2,-8,11,-1,10,13,-5,24,11,3,13,-17,4,7,26,3,8,11,14,-25,14,-5,8,3,15,32,16,7,13,27,51,28,13,1,13,29,28,-16,25,8,19,-2,7,-7,170,63,47,2,31,16,10,21,19,15,40,11,11,10,13,-4,-2,-8,9,-3,36,12,16,20,16,-2,8,19,22,-5,4,7,24,1,5,22,16,5,10,11,2,7,-13,4,-6,12,22,30,0,12,34,35,18,0,4,13,33,15,2,24,41,12,-4,32,15,4,40,0,62,-50,67,20,8,-8,-12,-28,10,-10,9,1,21,22,3,26,-5,21,54,27,8,-5,4,-16,-1,-20,-9,-10,3,-15,7,-5,25,2,13,-54,28,-3,8,-17,11,16,19,-26,17,5,24,-17,20,1,7,22,23,-3,0,-46,15,-3,707,1947,10,91,-5439,1248]]]
3495857	r	-71.8887,18.0587,-71.0892,18.849	[[[-718887,184900,10,-293,30,-291,21,-122,244,-58,85,-72,151,-213,82,-89,377,-240,537,-193,143,-89,92,-79,22,-28,-118,-193,-6,-10,-444,-727,-79,-188,-6,-40,22,-26,210,-214,223,-200,238,-186,249,-170,260,-155,271,-138,279,-121,287,-103,259,-75,2882,2948,3,-14,19,-9,31,3,16,-17,27,-2,9,-6,115,85,-81,102,1535,1570,-6103,3243,-58,-39,-217,-170,1,-46,81,-393,-15,-188,-50,-184,-68,-169,-120,-187,-140,-109,-268,-158,-69,-40,-25,-15,-137,-145,-206,-334,-130,-133,-304,-99,-8,-23,-69,-285,-50,-289,-30,-291,-10,-293]]]
3493174	n	-71.7711,19.6691,-71.4111,19.9103	[[[-717711,197851,35,-106,268,-13,0,-75,-11,-99,178,-386,18,-96,2150,-385,88,61,173,149,158,165,139,178,121,190,100,201,79,209,57,215,34,219,12,222,-12,222,-10,66,-393,193,-258,88,-261,34,-1027,-74,-37,-21,-69,-94,-33,-21,-77,11,-120,52,-77,11,-128,-31,-53,-79,11,-112,68,-125,-115,-100,-87,-39,-89,-21,-119,-45,-60,-50,-111,-129,-68,-26,-112,3,-51,-10,-45,-31,-157,-163,-109,-158]]]
3508952	r	-71.7765,19.124,-71.493,19.7101	[[[-717765,193275,49,-199,179,-238,42,-41,330,-319,648,-299,126,-58,-46,-596,-51,-172,-80,-113,58,6,292,45,160,36,878,4156,10,-17,14,-12,29,4,6,13,14,8,23,2,34,-11,12,28,16,-9,24,3,1,11,-11,8,-2,9,-20,9,-8,25,-19,27,-29,5,-20,13,-2,24,-8,7,20,43,-3,15,-22,4,-7,11,-6,-4,82,387,2,2,-1,2,121,575,-2293,411,20,-101,-180,86,-191,40,88,-275,36,-177,-10,-159,-17,-262,31,-152,13,-229,123,-118,159,-354,119,-782,-7,-447,-114,-229,-55,-57,-127,-305,-95,-71,-270,-146,-65,-63]]]
3493383	r	-71.6134,19.0966,-71.1066,19.8119	[[[-716134,190967,1748,257,-4,21,86,79,75,-77,780,115,-6,11,28,147,-34,80,36,16,-17,44,24,53,111,-2,44,21,59,-24,113,22,67,-2,37,21,41,1,17,10,1,1,38,3,66,-24,27,-24,52,-19,28,0,52,-13,28,8,22,17,48,-15,51,30,80,-7,18,-5,20,1,86,26,28,-4,114,45,108,7,177,-141,1,-54,818,120,-840,2793,3,0,13,18,12,27,-13,23,11,-7,12,6,6,13,-7,6,16,17,-6,9,-22,4,16,14,0,30,50,38,-4,23,-30,1,-4,8,28,4,4,8,-14,19,12,15,-4,32,19,22,-1,13,10,6,7,30,-8,13,29,53,-20,11,-4,27,-25,1,11,15,-28,27,8,67,-7,35,-14,-4,-3,-18,-25,3,-9,8,1,25,-14,3,1,16,-18,-7,-3,6,13,18,-7,25,18,28,15,58,-11,15,-3,-8,-93,51,-64,46,-32,50,-43,23,-38,7,-29,-6,-2,-2,-797,2648,-1937,-1453,-121,-575,1,-2,-2,-2,-82,-387,6,4,7,-11,22,-4,3,-15,-20,-43,8,-7,2,-24,20,-13,29,-5,19,-27,8,-25,20,-9,2,-9,11,-8,-1,-11,-24,-3,-16,9,-12,-28,-34,11,-23,-2,-14,-8,-6,-13,-29,-4,-14,12,-10,17,-878,-4156,-76,-360]]]
3496134	r	-70.0778,18.5745,-69.4937,19.1152	[[[-700778,187743,1783,-1133,786,-149,5,-35,-9,-27,2,-37,-12,-20,5,-24,34,-22,-6,-23,35,-21,23,-4,21,6,36,31,23,-28,22,8,10,-18,7,10,14,2,31,-43,2,-27,37,-47,-4,-18,-28,-11,4,-7,26,6,18,-15,-3,-40,14,-24,-9,-35,2,-23,-24,-33,-2,-13,27,-36,11,-68,28,-27,5,-53,26,16,8,24,39,-8,-8,40,16,3,2,18,21,-5,11,5,20,-7,12,39,24,3,12,23,-3,26,-12,-5,-3,7,25,34,3,-11,13,-2,12,19,29,-2,9,13,14,3,10,-6,5,10,18,-7,0,-1,3,-1,4,-9,11,8,14,23,-4,22,16,11,-2,18,16,25,3,34,14,13,3,23,20,5,12,11,-3,22,11,15,5,29,-3,30,13,20,21,4,7,10,16,0,0,18,1667,-317,392,458,388,4513,-168,61,-237,-72,-191,67,-552,-80,-124,85,-95,65,-14,66,-2163,-237,-2297,-3171]]]
