2507480	r	2.7999,36.2513,3.7604,36.8812	[[[27999,366499,25,-15,22,11,57,-11,0,-1,1,0,-6,-21,14,-28,36,4,51,-18,153,-14,92,-24,61,1,32,-17,85,-18,50,-11,118,-10,71,-6,-71,-122,58,-1,13,5,34,-8,-6,-10,24,-28,0,-10,54,2,0,-30,55,-21,55,-81,54,19,39,-28,-5,-8,61,-34,48,63,47,-26,112,-37,10,83,-14,45,105,8,8,-51,15,2,34,-116,23,-41,84,71,7,-18,58,4,34,-56,52,-24,31,8,34,-85,20,59,45,35,7,-4,99,6,-3,61,96,21,124,55,-36,50,64,45,-100,-1598,65,-317,378,-898,1997,-746,1,-1,136,-51,237,73,241,88,232,100,225,113,214,124,204,136,193,146,181,156,167,165,154,173,127,166,69,193,-166,169,194,37,237,58,25,7,31,29,842,789,65,123,-263,308,106,40,236,114,221,132,203,149,113,101,544,744,44,98,67,215,40,219,14,222,-14,222,-40,219,-67,215,-93,209,-117,201,-35,46,-143,-80,-598,-492,-376,-154,-103,-5,-214,19,-98,-14,-63,-43,-62,-66,-76,-63,-107,-26,-207,-22,-386,-94,-198,-21,-387,18,-634,30,16,20,-140,26,-63,-4,-228,37,-58,17,-11,11,-2,-6,-8,0,-15,22,-22,16,-15,1,-30,-12,-41,10,-30,-1,-77,40,-34,26,-80,2,-26,11,-19,16,-66,17,-46,48,-3,18,8,2,-6,-1,-1,5,-22,-6,-12,17,-29,-3,-1,-5,-9,6,-17,-8,-14,7,-16,-5,-16,16,-10,-4,-6,9,-87,1,-7,7,-10,-9,-18,11,-16,-11,-31,-1,-1,-5,-6,4,-16,-18,-15,-4,9,-17,-2,9,9,3,14,-21,10,0,1,-5,-10,-226,-49,-148,-41,-53,-6,-2,4,-1,-14,-18,0,1,-1,-3,-16,-21,-9,-4,-17,0,-19,-17,-36,0,8,-4,-4,-22,-27,-9,-4,12,-2,-11,-21,-10,-2,-9,-68,-32,-7,2,-41,-19,-8,3,2,5,-13,-2,6,-5,-6,-9,-22,4,6,-5,-5,-6,-9,-3,0,8,-13,-1,6,-9,-15,-4,-5,6,6,2,-14,0,6,-6,-12,-8,-20,-3,-5,6,-4,-9,-35,-9,-40,-8,-18,7,3,-7,-16,-6,-89,-10,-2,-4,-9,0,-23,4,-4,9,6,1,-16,10,-10,-2,0,-5,-28,3,1,-6,28,0,0,-15,-47,-1,-1,0,0,9,-9,3,6,8,22,8,46,5,-5,4,-58,-11,-29,-27,-6,0,-39,2,-3,7,-5,-7,-29,10,-1,-2,-22,6,1,2,-2,-2,-18,4,2,5,-3,-4,-300,80,-278,195,-48,43,13,26,-43,-72,28,48,-40,36,4,12,-15,11,7,22,15,1,-13,6,11,3,1,15,21,1,3,-9,-11,-5,9,-22,36,-29,-2,-5,12,2,55,-28,-92,55,-8,15,14,23,0,22,-11,3,-3,-14,-6,-1,-26,11,-45,46,4,4,11,-10,-4,8,-14,7,-15,0,-7,-12,-9,5,6,6,-21,7,4,-6,-8,-4,-14,6,-4,6,6,10,-49,39,5,25,-8,-3,-12,15,-10,2,-8,16,-50,22,-4,23,-13,0,-4,9,-23,-15,-20,12,-18,-6,-25,14,4,6,-9,1,-6,13,-29,-11,-10,5,-6,-4,-19,4,-9,6,-1,12,-16,-4,-12,8,5,13,-11,-1,-7,16,6,2,-7,6,-15,-8,-12,7,1,-8,-12,11,13,0,-4,7,-14,-2,-25,16,-4,-6,-14,9,9,-8,-9,-3,7,-12,-20,1,2,-9,-11,1,2,-5,-10,-4,-7,8,-14,-14,-32,1,-14,-6,-5,4,-13,-9,-11,1,-3,7,0,-6,-7,4,-7,-5,-11,8,-9,-14,-14,-5,-63,7,-78,9,-53,-9,-15,8,-21,-6,-1,5,-14,-15,-38,3,1,-5,-9,0,-4,-7,-49,-8,-12,7,-10,-3,-5,8,-6,-8,-13,9,2,-17,-13,-3,-2,-3,-178,-29,-58,-35,-8,-2,-89,-5,-4,6,-63,-2,-18,9,-48,3,-8,7,-2,-9,-22,-3,-22,-10,-12,3,-6,-7,-26,11,-4,-21,15,-10,-3,11,19,-11,0,-29,1,34,7,3,13,-26,-11,-5,15,1,9,-11,-4,-9,-11,-1,11,-2,0,-6,-14,-12,5,-4,-10,-14,12,-16,-1,-15,-10,-6,-11,-28,-83,-49,14,-34,-11,-6,-77,-77,-64,-47,-42,-21,-9,-2,-9,10,6,-12,-10,-7,-8,-1,-6,7,3,-8,-14,-8,-82,-20,-15,1,2,11,-12,-2,9,-7,-13,-7,-14,6,7,6,-15,-2,7,-8,-10,-5,-13,6,1,9,7,-2,-6,4,-8,-8,-9,2,-20,17,10,12,-21,-6,-2,8,14,2,-19,2,15,8,6,-9,-4,9,6,2,14,-14,-13,17,-12,3,-51,-6,-12,-13,-18,-7,-9,-16,18,3,12,-12,-6,-7,16,-2,23,-29,12,-33,-4,-30,-18,3,-10,-16,12,12,17,-1,-3,-19,-16,7,3,-7,16,-2,-1,-19,-9,-6,-3,3,2,-24,-13,-6,-3,-8,7,-5,-10,-1,-4,-9,5,2,2,-7,-7,-5,-2,5,-4,-9,6,-6,-2,-2,-1,-1,-15,-12,1,-12,-11,-8,4,-10,-26,-37,-9,-6,-10,4,7,-9,-11,0,-6,-8,5,-6,-11,0,-3,-15,-15,-7,7,-5,-5,-12,-24,-24,-8,0,-2,-13,-60,-62,-125,-104,-73,-51,27,-123,15,-36,-41,-44,-4,-29,19,-13,61,-10,46,-32,9,-30,42,6,30,-16,-12,-49,-15,-1,-56,17,-24,-5,38,-24,6,-11,-8,-7,-20,-4,-47,25,-35,3,-8,-29,-48,-34,-4,-40]]]
2485926	r	-1.0355,35.4239,-0.2908,35.8448	[[[-10354,356788,26,-211,42,-209,59,-206,27,-75,1819,-1521,539,505,6,-5,182,-165,201,-149,218,-132,232,-114,245,-95,256,-75,263,-54,268,-32,271,-11,271,11,268,32,263,54,256,75,170,66,363,769,1201,1557,-1531,1152,-416,493,-379,-651,-70,-68,-103,-50,-10,9,-71,5,-15,17,8,38,-27,17,2,-9,-8,-6,-24,8,13,-29,-27,-15,-37,6,-4,-6,-44,10,-122,-16,-120,-283,-134,-92,-34,-24,-204,-79,-180,-37,-381,-19,-99,19,-88,76,-46,88,-54,73,-118,30,-114,12,-195,51,-100,11,-132,30,-89,67,-74,70,-82,38,-233,-54,-245,-342,-381,-183,-118,-42,-53,41,-55,84,-125,9,-236,-59,-152,-81,-162,-114,-190,-102,-362,-70,-25,-21,0,-17],[-5952,356969,46,-2,-28,1,-18,1]]]
2501152	r	6.3929,36.0576,7.1134,36.7427	[[[63929,362681,319,-458,101,-11,1083,-395,4,-24,-15,-22,-22,-9,-12,-24,-35,-26,21,-52,12,-14,46,-19,36,-46,8,-32,44,-4,26,-15,25,-5,23,3,11,14,33,14,12,13,30,4,45,-38,49,-12,67,-6,2,-18,12,-2,-3,-36,65,1,31,85,18,15,7,57,0,1,2860,-1044,2302,1702,-973,2410,-90,541,-132,-44,-95,205,-35,63,-345,152,-3905,1724,-221,97,-150,-20,-265,-50,-90,-22,-37,-208,1,-1,-684,-3890,-184,-554],[65858,362844,3,13,5,16,-8,-29]]]
2506999	n	7.3785,36.4485,8.2585,37.0248	[[[73785,367720,288,-269,3186,-2966,1057,353,2860,467,685,112,74,73,280,144,59,104,94,202,78,207,60,210,44,213,26,214,9,216,-9,216,-26,214,-44,213,-60,210,-78,207,-94,202,-110,196,-126,191,-142,183,-132,149,-1296,-347,26,141,-1409,-279,-420,48,-566,138,-361,216,-4,2,178,284,-169,131,43,196,124,221,76,204,-95,-70,-183,-165,-100,-32,-481,-37,-79,73,-88,65,-102,54,-113,44,-126,17,-97,-23,-88,-35,-98,-22,-447,71,-330,203,-200,169,-136,-182,-118,-201,-92,-209,-67,-215,-41,-219,-13,-222,13,-222,41,-219,67,-215,92,-209,16,-27,-1129,72,-51,-90,-89,-190,-67,-180]]]
2503769	r	2.4883,36.075,3.0673,36.7826	[[[24883,362353,51,-26,76,44,96,-85,116,-12,-21,-23,-66,9,-33,-71,-44,7,-5,-82,38,-48,-30,-27,18,-27,63,-19,36,26,21,-33,-21,-101,68,-129,41,-6,0,25,154,-36,40,62,20,-36,-18,-25,83,-33,32,-56,220,-63,80,34,-33,-39,49,-36,-112,25,-52,-103,10,-16,64,28,39,-24,40,9,-53,-91,66,-14,24,42,2,-28,27,1,-45,-24,60,-12,37,-44,-90,-35,-33,-39,-7,-92,29,-45,-63,-73,16,-93,-144,16,-51,50,-10,-33,-325,-138,-50,-64,1550,0,2938,2420,892,141,-378,898,-65,317,100,1598,-64,-45,36,-50,-124,-55,-96,-21,3,-61,-99,-6,-7,4,-45,-35,-20,-59,-34,85,-31,-8,-52,24,-34,56,-58,-4,-7,18,-84,-71,-23,41,-34,116,-15,-2,-8,51,-105,-8,14,-45,-10,-83,-112,37,-47,26,-48,-63,-61,34,5,8,-39,28,-54,-19,-55,81,-55,21,0,30,-54,-2,0,10,-24,28,6,10,-34,8,-13,-5,-58,1,71,122,-71,6,-118,10,-50,11,-85,18,-32,17,-61,-1,-92,24,-153,14,-51,18,-36,-4,-14,28,6,21,-1,0,0,1,-57,11,-22,-11,-25,15,4,40,48,34,8,29,35,-3,47,-25,20,4,8,7,-6,11,-38,24,24,5,56,-17,15,1,12,49,-30,16,-42,-6,-9,30,-46,32,-61,10,-19,13,4,29,41,44,-15,36,-27,123,73,51,125,104,60,62,2,13,8,0,24,24,5,12,-7,5,15,7,3,15,11,0,-5,6,6,8,11,0,-7,9,10,-4,9,6,26,37,-4,10,11,8,-1,7,-216,-256,-257,-180,-654,-277,-946,-601,-195,-53,197,-842,-466,-987,-528,-322,147,-42,95,4,134,-49,3,-32,-50,4,1,-48,-47,-4,-97,-73,26,-39,75,6,12,-30,-57,-21,86,-15,-8,-45,78,14,14,-30,41,18,-8,-40,35,-18,129,34,57,-17,11,23,85,14,34,-56,124,-55,-216,-112,-77,-88,-132,-80,-175,61,-185,12,-284,-52,-20,-68,87,-62,11,-62,1,-21,-87,-24,35,-132,-22,-18,-34,16,13,-52,-30,-74,-75,-76,-26,-67,-103,1,-56,-99]],[[28574,367601,7,-1,82,20,14,8,-3,8,6,-7,8,1,10,7,-6,12,9,-10,9,2,42,21,64,47,77,77,11,6,-14,34,-133,-78,-183,-147]]]
2505572	r	5.808,35.2419,6.5694,35.86	[[[58080,356979,4542,-4560,112,21,250,62,245,76,238,88,230,101,222,113,213,125,202,135,190,147,179,156,166,165,152,174,138,182,123,189,108,195,92,200,76,205,60,209,42,211,26,213,8,214,-8,214,-26,213,-42,211,-60,209,-76,205,-92,200,-108,195,-72,111,-2586,1442,-2513,0,-178,-66,-230,-101,-222,-113,-213,-125,-202,-135,-190,-147,-179,-156,-166,-165,-152,-174,-138,-182,-123,-189,-38,-68]]]
2505854	p	2507480
2500017	r	2.79,34.3143,3.7299,35.0057	[[[27901,346700,10,-254,30,-254,50,-251,70,-248,89,-244,108,-238,127,-232,145,-225,163,-216,179,-207,195,-197,210,-185,225,-175,237,-161,250,-148,261,-135,272,-120,179,-67,6148,1899,93,169,108,238,89,244,70,248,50,251,30,254,10,254,-10,254,-30,254,-50,251,-70,248,-89,244,-108,238,-127,232,-145,225,-163,216,-179,207,-195,197,-210,185,-225,175,-237,161,-250,148,-236,122,-7004,-2696,-30,-153,-30,-254,-10,-254]]]
2481700	r	5.042,36.0111,5.6114,36.5039	[[[50421,362854,16,-58,1,-1,416,-1510,4307,-1174,953,4466,-82,42,-223,96,-231,85,-236,73,-242,59,-246,47,-250,33,-251,20,-253,7,-253,-7,-251,-20,-250,-33,-246,-47,-242,-59,-236,-73,-231,-85,-223,-96,-214,-109,-206,-120,-195,-130,-185,-140,-173,-150,-160,-159,-147,-167,-134,-174,-119,-182,-104,-187,-89,-192,-21,-55]]]
2481007	r	-0.9484,34.8919,-0.2677,35.4394	[[[-9484,350481,46,-72,125,-165,139,-159,150,-151,162,-142,173,-133,183,-124,193,-114,201,-103,210,-92,215,-80,222,-69,227,-56,231,-45,234,-32,236,-19,237,-6,237,6,236,19,234,32,231,45,227,56,222,69,215,80,210,92,201,103,193,114,183,124,173,133,162,142,150,151,139,159,125,165,111,173,98,177,84,183,69,186,54,190,38,193,23,194,8,195,-8,195,-23,194,-25,127,-1924,1667,-3567,311,-1260,-3913]]]
2503826	r	5.4521,34.5467,6.0971,35.1479	[[[54521,350480,65,-9,544,-1864,1730,-3117,200,-16,240,-7,240,7,239,19,237,33,234,45,230,57,225,70,218,82,212,94,204,105,195,115,186,126,175,136,165,144,152,154,140,161,127,169,113,175,99,180,85,186,69,190,55,193,39,196,24,198,7,198,-7,198,-24,198,-39,196,-55,193,-69,190,-85,186,-99,180,-113,175,-127,169,-140,161,-152,154,-165,144,-175,136,-71,48,-3031,651,-34,-5,-234,-45,-230,-57,-225,-70,-218,-82,-212,-94,-204,-105,-195,-115,-186,-126,-175,-136,-165,-144,-19,-20]]]
2477461	r	7.7799,35.0576,8.4312,35.771	[[[77799,356304,2937,-5594,2202,-134,47,17,20,84,132,354,472,428,605,762,98,195,-88,44,-136,-10,-135,81,-25,45,-143,88,-143,46,-14,14,-76,19,-107,43,-109,18,-39,42,-123,49,-230,356,-65,410,21,365,109,349,358,709,3,295,-98,835,-36,308,-170,327,-489,654,-11,31,-196,49,-288,55,-292,40,-294,24,-296,8,-296,-8,-294,-24,-292,-40,-288,-55,-283,-70,-277,-86,-269,-100,-261,-114,-251,-129,-241,-141,-228,-154,-64,-49,-357,-436]]]
2497411	r	6.4898,33.0486,7.2302,33.6713	[[[64898,333600,8,-204,24,-202,39,-201,55,-199,71,-195,85,-190,100,-186,114,-179,128,-173,141,-166,154,-157,165,-149,177,-139,187,-130,197,-118,206,-108,214,-96,220,-84,227,-72,232,-59,236,-46,239,-33,241,-20,242,-7,242,7,241,20,239,33,236,46,232,59,227,72,220,84,214,96,206,108,197,118,187,130,177,139,165,149,154,157,141,166,128,173,114,179,100,186,85,190,71,195,55,199,39,201,24,202,8,204,-8,204,-24,202,-39,201,-55,199,-71,195,-85,190,-100,186,-114,179,-128,173,-141,166,-154,157,-165,149,-177,139,-187,130,-197,118,-206,108,-214,96,-220,84,-227,72,-232,59,-236,46,-239,33,-241,20,-242,7,-242,-7,-241,-20,-239,-33,-236,-46,-232,-59,-227,-72,-220,-84,-214,-96,-206,-108,-197,-118,-187,-130,-177,-139,-165,-149,-154,-157,-141,-166,-128,-173,-114,-179,-100,-186,-85,-190,-71,-195,-55,-199,-39,-201,-24,-202,-8,-204]]]
2479536	r	6.5114,36.5605,7.3086,37.0893	[[[65114,368800,8,-210,26,-209,42,-207,60,-205,75,-201,92,-196,108,-192,34,-51,3905,-1724,156,12,258,34,254,48,249,61,244,74,54,20,2123,1760,73,154,75,201,60,205,42,207,26,209,8,210,-8,210,-26,209,-42,207,-60,205,-75,201,-92,196,-108,192,-123,185,-138,178,-152,171,-141,139,-194,-50,-110,-13,0,-63,294,-197,394,-339,50,-77,18,-113,-31,-94,-71,-124,-81,-108,-61,-46,-141,-61,-424,-289,-89,-97,-105,-75,-237,6,-252,50,-158,56,-278,-126,-889,-221,-270,-12,-58,5,89,34,-1,4,-99,-37,-323,25,-287,87,-2,26,26,12,5,25,-6,3,14,4,-9,12,10,-1,-4,4,9,0,4,8,-23,26,12,23,-43,19,1,5,-105,108,-168,111,-180,88,-128,35,-1508,68,-201,45,-195,85,-175,55,-146,-48,-162,167,-105,380,-115,73,-1,1,-87,-132,-108,-192,-92,-196,-75,-201,-60,-205,-42,-207,-26,-209,-8,-210],[68796,369021,1,15,5,2,0,-19,-6,2]]]
2476897	r	0.9303,35.0915,1.6172,35.6899	[[[9303,353700,9,-209,24,-209,42,-206,58,-204,74,-200,90,-196,105,-191,120,-185,135,-177,148,-171,162,-161,175,-153,186,-143,197,-133,207,-122,217,-111,32,-14,1741,1165,-25,38,-4,27,11,17,-2,11,20,11,16,-12,12,-2,19,-28,21,-8,43,21,1560,1044,2,39,37,-13,1437,962,-1892,2585,-71,18,-249,48,-251,34,-254,20,-255,7,-255,-7,-254,-20,-251,-34,-249,-48,-244,-61,-238,-73,-233,-87,-224,-98,-217,-111,-207,-122,-197,-133,-186,-143,-175,-153,-162,-161,-148,-171,-135,-177,-120,-185,-105,-191,-90,-196,-74,-200,-58,-204,-42,-206,-24,-209,-9,-209]]]
2498611	r	0.888,35.8318,1.6899,36.5005	[[[8880,362613,2742,-2524,1278,-1753,136,-11,264,-7,264,7,263,21,261,35,257,49,253,62,247,76,241,89,233,101,224,113,215,125,204,137,193,146,181,157,167,166,154,175,140,182,102,156,-8,2,-94,109,-44,12,-154,-30,-12,21,126,115,-136,26,18,49,-38,-18,-11,14,-5,100,-35,62,-233,254,15,48,-33,72,57,86,-30,12,51,53,63,155,-78,-6,-87,-51,-85,53,-133,-66,-71,63,-124,1,58,71,-100,96,-87,41,91,62,-12,29,-79,-36,-7,93,65,9,91,-40,21,84,-72,42,-7,50,-87,10,-21,37,14,55,139,46,176,-42,30,69,81,66,138,34,71,86,-8,86,-123,-20,-12,45,44,129,-169,52,-16,-62,41,-52,-25,-17,-78,89,-83,-4,24,50,-83,-71,-50,33,9,42,-99,-11,-98,-91,-70,63,-91,19,104,106,241,35,10,122,136,93,3,88,78,12,-51,49,-68,-10,-5,64,-85,-14,-43,33,-109,12,-93,185,-67,36,-63,95,-44,19,3,32,-49,51,29,2,0,53,-50,-11,-19,31,47,49,-51,59,31,50,-49,43,-6,141,81,50,8,62,41,-13,52,61,55,-7,18,53,82,-5,26,32,66,-1,-2,26,65,20,43,80,1,0,-42,28,-215,125,-224,113,-233,101,-107,40,-175,-234,-52,35,-197,114,-206,104,-213,93,-221,81,-226,69,-232,57,-235,45,-239,32,-241,19,-242,7,-242,-7,-241,-19,-239,-32,-235,-45,-232,-57,-226,-69,-221,-81,-213,-93,-206,-104,-197,-114,-187,-125,-176,-134,-166,-144,-153,-152,-141,-160,-128,-167,-114,-173,-100,-179,-85,-184,-71,-188,-47,-165]]]
2505329	r	4.615,36.388,5.451,36.8981	[[[46150,367600,10,-245,30,-245,49,-242,70,-239,88,-235,107,-229,126,-224,143,-216,161,-209,177,-199,193,-190,208,-179,222,-168,235,-156,248,-142,137,-69,1615,-502,224,-29,13,-2,4304,1668,-146,1104,-26,0,-57,-13,-557,-130,-680,-79,-353,11,-332,68,-1175,485,-282,174,-54,158,64,157,25,9,40,27,-61,-28,8,20,1,2,32,77,10,2,14,-32,-10,26,49,-5,-2,-56,6,58,19,4,20,14,-35,13,-8,10,15,15,-4,13,19,3,14,32,10,2,-13,13,-16,3,-6,-6,-15,14,11,27,35,7,-9,12,-11,6,-7,-4,-8,7,-6,-2,19,47,-186,-5,-206,27,-197,50,-168,65,-39,37,-88,123,-71,51,-98,10,-99,0,-11,16,-9,-16,-19,0,-121,18,-53,68,-184,141,-1628,556,-180,26,-711,-68,-517,36,-66,-142,-88,-235,-70,-239,-49,-242,-30,-245,-10,-245]]]
2475687	r	-1.5446,34.591,-0.9586,35.1488	[[[-15446,350960,6,-61,125,-126,-67,-39,-50,-34,164,-4302,59,-34,181,-93,188,-83,194,-73,199,-62,204,-51,208,-40,210,-29,212,-17,213,-6,213,6,212,17,210,29,208,40,204,51,199,62,194,73,188,83,181,93,173,102,165,112,66,51,166,-167,60,35,178,121,168,130,157,138,146,147,134,154,122,162,108,167,95,173,81,178,67,182,52,185,37,187,23,189,7,190,-7,190,-23,189,-37,187,-52,185,-67,182,-81,178,-95,173,-108,167,-52,68,-4315,1169,-22,-6,-209,-79,-203,-89,-195,-101,-187,-110,-178,-121,-29,-22]]]
2485801	r	4.0602,30.5164,6.9925,32.671	[[[40602,313176,766,-944,64,9,61,37,122,-37,18,-35,69,50,60,0,26,-27,74,31,15,-92,117,45,49,111,38,-37,-37,-74,76,-29,62,63,-28,22,15,58,130,71,43,-23,51,-81,98,60,10,-15,63,21,-64,-179,-334,-935,3574,-4408,495,-227,979,-379,1006,-323,1029,-267,1047,-209,1060,-149,1070,-90,1074,-30,1074,30,1070,90,1060,149,1047,209,1029,267,1006,323,979,379,948,433,913,485,873,535,831,583,785,628,734,670,682,710,626,747,568,780,507,810,443,837,379,859,312,879,244,895,175,906,105,914,35,918,-29,768,-7922,3208,-8274,3533,-4427,-2928,-1461,1170,-2178,-1895,-935,-917,-43,-53,-91,-312,-201,-1239,-255,-169,-1971,-4054,16,-44,271,-616,318,-599,224,-358,-2062,-920,-303,-599]]]
2505530	r	-3.3739,30.6307,-1.0661,32.1939	[[[-33739,316200,24,-647,74,-644,123,-639,172,-630,219,-620,266,-606,312,-590,356,-570,398,-550,440,-526,479,-501,516,-472,552,-443,583,-411,614,-377,641,-342,666,-305,688,-267,707,-228,722,-188,736,-147,745,-105,751,-64,755,-21,755,21,751,64,745,105,736,147,722,188,707,228,688,267,666,305,641,342,614,377,583,411,552,443,516,472,479,501,440,526,398,550,356,570,312,590,266,606,219,620,172,630,123,639,74,644,24,647,-24,647,-74,644,-123,639,-172,630,-219,620,-266,606,-312,590,-228,365,-24,-44,-393,-80,-754,30,-84,4,-240,10,-380,15,-502,19,-607,24,-695,28,-766,31,-819,33,-857,34,-876,35,-879,35,-864,34,-832,34,-783,31,-718,29,-634,25,-1375,54,-1795,-425,-1856,-134,-575,-277,689,-1562,420,-978,-1748,-210,-2166,-559,-1511,-232,-12,-98,-24,-647]],[[-13096,321674,44,-162,162,-3,337,115,-52,72,-203,243,-22,-37,-62,-53,-165,-112,-39,-63]]]
2487134	r	-0.0869,35.7523,0.4739,36.2078	[[[-869,357937,80,-274,3540,-140,1988,3292,-13,23,-132,201,-147,193,-163,185,-177,176,-191,166,-204,155,-215,145,-33,19,-41,-18,-47,-85,-48,-237,-35,-88,-82,-61,-220,-115,-47,-66,-109,-64,-640,-179,-173,-100,-482,-415,-85,-50,-99,-44,-83,-48,-35,-62,-14,-112,-84,-232,-338,-632,-33,-81,-85,-55,63,32,20,18,-10,-23,-6,-4,-2,-5,4,-3,-13,-32,-13,15,-11,-1,19,-25,-24,-59,-113,-9,-32,7,-21,-11,-9,-22,6,-1,7,22,8,-2,3,7,3,-4,3,7,3,-7,3,5,10,-7,-9,-3,6,-4,-10,2,6,-7,-5,-10,-10,3,3,7,-4,-7,-8,3,30,-14,-38,-79,4,-11,64,24,45,11,-311,-514,-316,-253,-414,-247,-446,-189,-38,-7]]]
2503701	r	4.6598,35.7832,5.0854,36.3819	[[[46598,363711,322,-2800,-21,-21,2,-22,-19,-39,12,-37,-4,-18,23,-39,-18,-22,1,-16,30,-20,4,-15,18,-1,-1,-13,9,-12,-5,-8,18,-7,5,-27,22,-17,0,-20,5,-2,4,-17,0,-1,1,-1,0,-1,6,-6,2,-3,1,0,3,-4,19,-7,4,-11,14,-1,0,-10,18,-20,1,0,3,-3,16,-4,4,-15,2,-1,1,-1,0,1,5,-3,12,4,-2,-15,14,-4,0,-13,22,-1,18,-8,28,-18,38,-30,2,-2,1,0,4,-3,-18,-12,-24,1,-24,22,-3,15,-50,6,-27,-5,-40,9,-32,-4,-4,8,-17,0,-5,9,-10,-4,-10,2,205,-1783,1925,-788,187,69,189,83,1370,3300,-416,1510,-128,111,-183,139,-194,130,-203,119,-213,107,-222,97,-228,84,-235,72,-240,59,-244,46,-248,34,-249,20,-251,6,-251,-6,-249,-20,-248,-34,-244,-46,-10,-2]]]
2498766	r	4.2386,35.8621,4.7242,36.3785	[[[42386,360600,9,-208,25,-208,41,-205,59,-203,74,-200,83,-180,4506,-775,-205,1783,10,-2,10,4,5,-9,17,0,4,-8,32,4,40,-9,27,5,50,-6,3,-15,24,-22,24,-1,18,12,-4,3,-1,0,-2,2,-38,30,-28,18,-18,8,-22,1,0,13,-14,4,2,15,-12,-4,-5,3,0,-1,-1,1,-2,1,-4,15,-16,4,-3,3,-1,0,-18,20,0,10,-14,1,-4,11,-19,7,-3,4,-1,0,-2,3,-6,6,0,1,-1,1,0,1,-4,17,-5,2,0,20,-22,17,-5,27,-18,7,5,8,-9,12,1,13,-18,1,-4,15,-30,20,-1,16,18,22,-23,39,4,18,-12,37,19,39,-2,22,21,21,-322,2800,-7,65,-35,3,-256,6,-256,-6,-255,-21,-253,-34,-249,-47,-245,-61,-240,-73,-233,-86,-226,-98,-217,-110,-209,-122,-198,-132,-186,-143,-176,-152,-162,-161,-149,-169,-135,-177,-121,-184,-106,-190,-90,-195,-74,-200,-59,-203,-41,-205,-25,-208,-9,-208]]]
2479215	r	7.6182,36.0135,8.2906,36.5306	[[[76182,362281,28,-96,65,-173,78,-170,92,-164,105,-160,118,-154,130,-147,141,-139,153,-132,162,-124,173,-115,181,-105,189,-96,197,-85,203,-75,208,-63,213,-53,218,-41,219,-29,222,-18,223,-6,223,6,222,18,219,29,218,41,213,53,208,63,203,75,197,85,189,96,181,105,173,115,162,124,153,132,141,139,130,147,118,154,105,160,92,164,78,170,65,173,51,176,36,178,22,180,7,181,-7,181,-22,180,-36,178,-51,176,-65,173,-78,170,-92,164,-105,160,-118,154,-40,45,-158,-14,-96,34,-44,87,-38,20,-196,-12,-72,46,-65,106,-75,56,54,81,-6,42,-59,42,15,22,65,-4,67,32,-111,74,-181,105,-189,96,-27,11,-2860,-467,-1057,-353,-1077,-2204]]]
2488835	p	2503769
2498392	r	5.5161,35.8342,5.9378,36.4658	[[[55161,360111,1554,-1765,185,-4,254,6,253,21,251,33,248,47,243,60,238,73,231,85,225,98,215,109,207,120,112,75,-143,4587,-489,622,-127,55,-231,85,-238,73,-243,60,-248,47,-251,33,-253,21,-254,6,-254,-6,-253,-21,-251,-33,-24,-5,-4,-16,-953,-4466]]]
2475475	r	5.4887,32.6198,6.6099,33.5648	[[[54887,331100,12,-321,37,-319,62,-316,87,-313,110,-307,134,-300,157,-292,180,-283,200,-273,222,-260,241,-248,260,-235,278,-219,294,-203,309,-187,323,-170,336,-151,346,-132,356,-113,364,-93,371,-73,375,-52,379,-32,380,-10,380,10,379,32,375,52,371,73,364,93,356,113,346,132,336,151,323,170,309,187,294,203,278,219,260,235,241,248,222,260,200,273,180,283,157,292,28,62,-2961,6262,-213,81,-61,19,-5743,-686,-254,-176,-278,-219,-260,-235,-241,-248,-222,-260,-200,-273,-180,-283,-157,-292,-134,-300,-110,-307,-87,-313,-62,-316,-37,-319,-12,-321]]]
2496049	r	3.0568,31.9693,4.2529,33.0107	[[[30568,324900,14,-341,39,-339,65,-336,91,-332,117,-326,141,-319,166,-310,189,-300,212,-290,234,-277,254,-263,274,-249,293,-233,310,-216,326,-198,341,-180,354,-161,366,-141,375,-120,384,-99,391,-77,396,-55,399,-34,401,-11,401,11,399,34,396,55,391,77,384,99,375,120,366,141,354,161,341,180,326,198,310,216,293,233,274,249,254,263,234,277,212,290,189,300,166,310,141,319,23,65,-3463,6412,-20,8,-375,120,-384,99,-391,77,-396,55,-399,34,-401,11,-401,-11,-399,-34,-396,-55,-391,-77,-384,-99,-375,-120,-366,-141,-354,-161,-341,-180,-326,-198,-310,-216,-293,-233,-274,-249,-254,-263,-234,-277,-212,-290,-189,-300,-166,-310,-141,-319,-117,-326,-91,-332,-65,-336,-39,-339,-14,-341]]]
2482572	r	-0.2098,34.5326,0.5098,35.1162	[[[-2098,348300,7,-194,23,-194,39,-192,53,-190,69,-186,83,-182,97,-177,111,-172,124,-165,137,-158,150,-151,161,-142,171,-133,182,-123,192,-114,200,-102,208,-92,214,-80,220,-69,226,-56,229,-45,232,-31,235,-19,235,-7,235,7,235,19,232,31,229,45,226,56,220,69,214,80,208,92,200,102,192,114,182,123,171,133,161,142,150,151,137,158,124,165,111,172,97,177,83,182,69,186,53,190,39,192,23,194,7,194,-7,194,-23,194,-39,192,-53,190,-69,186,-83,182,-97,177,-111,172,-124,165,-137,158,-150,151,-161,142,-171,133,-182,123,-192,114,-200,102,-208,92,-214,80,-220,69,-184,46,-2041,-24,-89,-22,-220,-69,-214,-80,-208,-92,-200,-102,-192,-114,-182,-123,-171,-133,-161,-142,-150,-151,-137,-158,-124,-165,-111,-172,-97,-177,-83,-182,-69,-186,-53,-190,-39,-192,-23,-194,-7,-194]]]
2491191	r	2.3471,33.356,3.3927,34.244	[[[23471,337257,24,-123,79,-283,101,-278,122,-272,144,-265,163,-256,184,-247,202,-236,220,-224,238,-212,253,-199,269,-184,282,-169,295,-154,306,-137,316,-120,325,-102,333,-84,338,-66,342,-48,346,-28,347,-10,347,10,346,28,342,48,338,66,333,84,325,102,316,120,306,137,295,154,282,169,269,184,253,199,238,212,220,224,202,236,184,247,163,256,144,265,122,272,101,278,79,283,22,114,-2254,2715,-463,558,-1528,1841,-289,40,-346,28,-347,10,-347,-10,-346,-28,-342,-48,-338,-66,-333,-84,-325,-102,-316,-120,-55,-25,-601,-1000,-676,-1124,-1550,-2576]]]
2486690	r	4.0881,35.3198,4.9984,35.9502	[[[40881,355922,5500,-2724,281,53,305,76,298,92,291,107,281,123,271,138,259,152,247,165,233,178,4,4,1132,1966,-607,1472,-268,109,-1925,788,-4506,775,-615,106,-1181,-3580]]]
2492913	r	5.4364,36.519,6.1804,36.8852	[[[54364,366652,13,-93,51,-67,146,-164,158,-155,171,-147,182,-137,193,-128,203,-117,212,-106,220,-95,227,-83,234,-71,239,-59,214,-40,404,757,211,-127,236,-114,249,-95,259,-75,267,-54,272,-32,275,-11,275,11,272,32,267,54,259,75,158,60,1195,900,47,63,117,201,93,209,67,215,40,219,14,222,-14,222,-40,219,-67,215,-93,209,-117,201,-65,86,-1037,-316,-1683,-307,-243,-7,-167,-4,-690,116,-251,-11,-232,-68,-139,-100,-32,11,8,31,-33,-14,-6,6,-8,-4,-8,-9,30,-17,6,-26,7,-4,-61,-44,-15,6,-2,15,-13,11,-22,-40,-3,10,-13,-24,-3,7,-11,-32,1,-11,-42,-31,-187,-78,-439,-105,-181,-74,-177,-125,-134,-154,-138,-363,-199,-120,-400,-126,-69,-49,-126,-125,-47,-25,-285,0]]]
2483668	r	0.2751,35.4129,0.9381,36.0665	[[[2751,357523,885,-1935,1756,-1453,208,-5,262,7,260,21,259,35,255,48,250,62,245,76,239,88,231,101,222,113,213,125,202,135,192,147,179,156,166,165,152,174,139,182,123,189,108,195,84,182,-207,226,-2161,2366,-1590,1742,-85,-2,-260,-21,-259,-35,-232,-44,-1836,-3040]]]
2503661	p	2507480
2495662	r	7.0772,36.1743,7.7259,36.7451	[[[70772,364600,7,-187,23,-186,37,-184,53,-182,67,-179,81,-175,95,-171,109,-165,122,-158,135,-152,146,-145,158,-136,169,-128,178,-119,188,-109,196,-98,203,-88,211,-78,216,-65,221,-55,225,-42,227,-31,230,-18,231,-6,231,6,230,18,227,31,225,42,221,55,216,65,211,78,203,88,56,28,62,127,1077,2204,-3186,2966,-4,0,-230,-18,-227,-31,-225,-42,-221,-55,-216,-65,-211,-78,-203,-88,-196,-98,-188,-109,-178,-119,-169,-128,-158,-136,-146,-145,-135,-152,-122,-158,-109,-165,-95,-171,-81,-175,-67,-179,-53,-182,-37,-184,-23,-186,-7,-187]]]
2482908	p	2507480
2508287	r	7.1741,35.5111,7.7605,36.1025	[[[71741,356622,3252,-1511,98,24,227,70,221,82,213,93,206,105,197,115,188,126,177,135,165,144,154,153,141,161,128,168,115,175,100,180,85,186,70,189,56,193,39,195,24,197,8,198,-8,198,-24,197,-39,195,-56,193,-70,189,-85,186,-100,180,-115,175,-128,168,-141,161,-154,153,-165,144,-177,135,-188,126,-197,115,-206,105,-213,93,-221,82,-227,70,-232,57,-236,45,-239,32,-242,20,-242,6,-242,-6,-42,-4,-1140,-2672,35,-185,69,-85,30,-56,-50,-111,-118,-8,-6,-43,39,-215,17,-181,-19,-239,-8,-6,-10,-66,-200,9,-25,-9,-2,116,-24,50,-7,36,-19,32,-52,33,-44,6,-341,-799]]]
2491889	r	6.8222,35.1794,7.4578,35.6622	[[[68222,354400,7,-170,21,-170,33,-168,48,-167,60,-163,73,-159,86,-156,98,-150,110,-145,121,-139,132,-132,142,-124,152,-117,161,-108,169,-99,176,-90,184,-81,189,-70,195,-60,199,-50,202,-38,205,-28,207,-17,208,-5,208,5,207,17,205,28,202,38,199,50,195,60,189,70,184,81,176,90,169,99,161,108,152,117,142,124,132,132,121,139,110,145,98,150,86,156,73,159,60,163,48,167,33,168,21,170,7,170,-7,170,-21,170,-33,168,-48,167,-60,163,-73,159,-14,25,-2581,1200,-2182,-99,-93,-55,-161,-108,-152,-117,-142,-124,-132,-132,-121,-139,-110,-145,-98,-150,-86,-156,-73,-159,-60,-163,-48,-167,-33,-168,-21,-170,-7,-170]]]
2502385	r	3.7141,34.8349,4.6259,35.5817	[[[37141,352100,9,-245,30,-245,48,-242,68,-239,86,-235,106,-229,123,-224,140,-216,158,-209,174,-199,189,-190,204,-179,218,-168,230,-156,243,-142,253,-130,263,-116,272,-101,279,-87,286,-71,290,-56,295,-39,297,-25,298,-8,298,8,297,25,295,39,290,56,286,71,279,87,272,101,263,116,253,130,243,142,230,156,218,168,204,179,189,190,174,199,158,209,140,216,123,224,106,229,86,235,68,239,48,242,30,245,9,245,-9,245,-30,245,-48,242,-68,239,-86,235,-43,93,-4882,2418,-283,-38,-290,-56,-286,-71,-133,-42,-769,-307,-165,-85,-243,-142,-230,-156,-218,-168,-204,-179,-189,-190,-174,-199,-158,-209,-140,-216,-123,-224,-106,-229,-86,-235,-68,-239,-48,-242,-30,-245,-9,-245]]]
2490098	r	-0.1623,35.1137,0.5054,35.5588	[[[-1623,352317,124,-142,152,-152,163,-143,175,-134,185,-125,194,-114,203,-104,211,-92,218,-81,224,-69,96,-24,110,1,2041,24,110,1,215,67,218,81,211,92,203,104,194,114,185,125,175,134,163,143,152,152,139,159,126,167,113,173,99,179,84,183,69,188,55,191,38,194,24,195,8,196,-8,196,-24,195,-12,60,-1374,1137,-3900,-962,-1359,-2309]]]
2505653	p	2507480
2475744	r	3.7617,36.4882,4.4553,36.9172	[[[37617,367188,5859,-2306,71,61,168,166,155,174,140,181,125,189,109,195,94,201,77,204,60,209,43,211,26,213,9,214,-9,214,-26,213,-43,211,-60,209,-77,204,-94,201,-109,195,-125,189,-140,181,-112,126,-555,-63,-143,25,-274,100,-166,11,-127,-37,-265,-137,-123,-30,-135,21,-254,89,-121,20,-130,-24,-417,-181,-193,84,-460,48,-81,9,-350,-9,-215,-46,-109,-11,-157,21,-357,183,-387,56,-464,-43,-368,-93,-290,-1848]]]
2505629	r	4.8514,35.0524,5.6434,35.6823	[[[48514,353702,3,-81,34,-277,55,-276,77,-271,99,-267,120,-261,140,-254,160,-246,180,-237,197,-227,216,-216,230,-200,15,3,106,85,622,-294,319,-103,11,-56,2475,24,77,11,30,-10,36,1,58,43,107,-42,23,1,11,26,107,30,123,-13,2140,955,149,5273,-6451,-571,-1132,-1966,-337,-584]]]
2507972	r	2.4627,35.1649,3.5508,35.8281	[[[24627,355806,2304,-3791,1476,312,428,-271,454,-251,166,-156,47,14,89,189,49,26,51,91,63,39,74,113,152,54,105,111,-37,27,-59,23,-57,59,0,14,16,24,38,17,33,39,13,35,24,37,8,56,-17,56,5461,1155,-2924,3915,-2124,-517,-1,-1,-1006,-244,-11,41,-246,-77,0,395,19,92,-7,10,12,76,26,29,-6,57,-23,6,-33,40,-17,66,13,213,-12,70,14,20,34,4,8,8,82,22,41,-16,51,-5,40,5,19,-19,2,-26,-35,-38,120,-43,16,-17,3,-24,12,3,16,-102,34,-8,13,-19,-29,-42,16,-29,-29,-25,39,-72,-27,-29,7,-27,-2,-78,51,-94,-27,-110,30,-16,42,43,-4,27,16,31,45,3,31,30,17,-9,10,13,41,4,2,11,39,24,-49,25,-30,58,-8,58,-15,0,1,8,14,-1,12,9,28,87,-21,8,-10,16,13,34,-23,24,-4,55,-26,39,8,12,-18,46,9,34,-15,20,50,47,-17,0,8,17,-6,14,16,16,14,33,14,4,9,21,31,5,60,46,0,23,-22,27,2,12,9,0,6,24,-28,38,-66,-10,-70,4,-16,23,-13,6,-13,-32,-29,-35,-24,-19,-41,-13,-31,-47,-96,19,-5,-2,14,-25,-80,-25,-79,-37,-58,19,-69,-16,-89,7,-121,-7,-38,43,18,40,-111,-31,-69,-12,-90,-59,-75,12,40,-22,18,-23,16,-38,-21,-18,-9,-24,-39,-24,-9,-24,36,-27,43,-21,19,-20,10,-25,41,-23,4,-11,-28,-32,42,-72,-2,-54,-16,-38,22,-92,-11,-38,31,-77,0,-67,9,-11,-40,-57,-11,-94,17,-38,55,-44,78,11,30,-7,19,-79,-2,-99,-2860,-697,-1,0,-1521,-370]]]
2487772	r	3.103,33.8192,3.897,34.4731	[[[31030,341500,8,-216,26,-216,42,-213,59,-211,45,-123,1356,-1633,17,-12,211,-126,221,-115,229,-102,237,-89,243,-76,248,-63,253,-49,257,-35,258,-22,260,-7,260,7,258,22,257,35,253,49,248,63,243,76,237,89,229,102,221,115,211,126,201,137,189,148,178,158,165,167,151,176,137,184,123,191,107,197,91,203,76,207,59,211,42,213,26,216,8,216,-8,216,-26,216,-42,213,-59,211,-76,207,-91,203,-107,197,-123,191,-137,184,-151,176,-165,167,-178,158,-189,148,-201,137,-211,126,-221,115,-229,102,-237,89,-243,76,-248,63,-185,36,-4011,-1239,-133,-154,-137,-184,-123,-191,-107,-197,-91,-203,-76,-207,-59,-211,-42,-213,-26,-216,-8,-216]]]
2508737	r	1.6298,33.718,2.5702,34.502	[[[16298,341100,10,-256,30,-256,50,-253,70,-249,89,-246,109,-240,127,-234,145,-226,162,-218,180,-208,195,-198,210,-188,225,-175,238,-163,250,-149,261,-135,271,-121,281,-106,288,-91,294,-74,300,-58,303,-42,306,-25,308,-9,308,9,306,25,303,42,300,58,294,74,288,91,281,106,271,121,261,135,250,149,84,58,1751,2909,5,143,-10,256,-30,256,-50,253,-70,249,-89,246,-109,240,-127,234,-145,226,-162,218,-180,208,-195,198,-210,188,-225,175,-238,163,-250,149,-261,135,-271,121,-281,106,-288,91,-294,74,-300,58,-303,42,-306,25,-308,9,-308,-9,-306,-25,-303,-42,-300,-58,-294,-74,-288,-91,-281,-106,-271,-121,-261,-135,-250,-149,-238,-163,-225,-175,-210,-188,-195,-198,-180,-208,-162,-218,-145,-226,-127,-234,-109,-240,-89,-246,-70,-249,-50,-253,-30,-256,-10,-256]]]
2504622	p	2503769
2497849	p	2501152
2490584	r	-2.2096,34.4182,-1.5197,35.2271	[[[-22096,350212,158,-176,305,-96,373,-221,311,-242,337,-180,449,-35,127,-80,39,-119,13,-136,49,-138,138,-136,530,-272,339,-264,38,-20,3,-35,85,-11,925,-484,182,-154,-36,-72,-130,-83,-244,-451,-525,-671,-81,-170,1204,-1024,365,-91,112,-54,-602,-606,332,-9,342,9,340,28,338,46,333,64,327,82,320,100,103,38,-71,1849,-64,1665,-108,2836,-6,61,-89,830,-548,481,-212,-149,-82,-177,-111,-61,-640,-178,-328,-318,-155,-92,-131,-23,-302,8,-83,-16,-260,-156,-938,-222,-173,-116,-67,-21,-83,12,-229,63,-647,-75,-337,70,-361,127,-330,60,-94,-108,-180,-240,-161,-249,-109,-198]]]
2498543	r	0.5164,33.2581,1.5236,34.1019	[[[5164,336800,10,-276,33,-275,53,-272,75,-269,96,-264,116,-259,136,-251,155,-244,174,-234,192,-225,209,-213,226,-202,240,-188,255,-176,268,-160,280,-146,290,-130,301,-114,308,-98,315,-80,321,-62,326,-45,328,-27,329,-9,329,9,328,27,326,45,321,62,315,80,308,98,301,114,290,130,280,146,268,160,255,176,240,188,226,202,209,213,192,225,174,234,155,244,136,251,116,259,96,264,75,269,53,272,33,275,10,276,-10,276,-33,275,-53,272,-75,269,-96,264,-116,259,-136,251,-155,244,-174,234,-192,225,-209,213,-226,202,-240,188,-255,176,-268,160,-280,146,-290,130,-301,114,-308,98,-315,80,-321,62,-326,45,-328,27,-329,9,-329,-9,-328,-27,-326,-45,-321,-62,-315,-80,-308,-98,-301,-114,-290,-130,-280,-146,-268,-160,-255,-176,-240,-188,-226,-202,-209,-213,-192,-225,-174,-234,-155,-244,-136,-251,-116,-259,-96,-264,-75,-269,-53,-272,-33,-275,-10,-276]]]
2494610	p	2501152
2478216	r	3.0937,20.538,7.9463,25.0421	[[[30937,227900,52,-1473,156,-1466,259,-1454,360,-1436,461,-1410,559,-1379,656,-1342,748,-1300,838,-1252,925,-1197,1007,-1140,1086,-1075,1159,-1008,1227,-934,1290,-859,1349,-778,1400,-695,1446,-608,1486,-519,1519,-428,1547,-334,1566,-240,1580,-145,1587,-48,1587,48,1580,145,1566,240,1547,334,1519,428,1486,519,1446,608,1400,695,1349,778,1290,859,1227,934,1159,1008,1086,1075,1007,1140,925,1197,838,1252,748,1300,656,1342,559,1379,461,1410,360,1436,259,1454,156,1466,52,1473,-52,1473,-156,1466,-259,1454,-360,1436,-461,1410,-559,1379,-656,1342,-748,1300,-838,1252,-925,1197,-1007,1140,-1086,1075,-1159,1008,-1227,934,-1290,859,-1349,778,-1400,695,-1446,608,-1486,519,-1519,428,-1547,334,-1566,240,-1580,145,-1587,48,-1587,-48,-1580,-145,-1566,-240,-1547,-334,-1519,-428,-1486,-519,-1446,-608,-1400,-695,-1349,-778,-1290,-859,-1227,-934,-1159,-1008,-1086,-1075,-1007,-1140,-925,-1197,-838,-1252,-748,-1300,-656,-1342,-559,-1379,-461,-1410,-360,-1436,-259,-1454,-156,-1466,-52,-1473]]]
2482886	p	2485801
2491911	r	2.095,36.2218,2.3459,36.5254	[[[20950,364330,20,6,72,68,144,30,52,42,118,-30,35,-64,175,47,63,-36,110,23,87,-59,159,-1,53,-27,98,22,28,-84,97,11,-2,41,109,24,65,-18,-3,-44,76,6,55,-44,-42,-44,9,-52,152,20,108,-19,13,-23,173,90,50,-17,11,37,39,-25,4,25,30,-23,89,19,83,-29,33,28,61,-16,31,-40,54,25,-2262,1055,-97,-23,-150,-46,0,-855]],[[21729,362254,37,-5,20,36,29,-14,24,1,26,-12,31,-3,73,40,18,27,34,-27,-27,-31,1,-35,15,-13,16,0,10,4,11,19,1,49,39,-2,22,27,28,-4,40,-17,33,17,44,-1,8,27,29,15,46,-51,2,-20,51,-3,12,15,-9,20,12,18,44,-13,7,-22,66,-4,8,38,29,55,-10,13,82,114,-53,21,46,36,18,44,41,48,11,38,24,13,7,31,-25,14,1,15,-28,13,-4,14,-6,27,7,21,24,5,-14,50,-6,-16,-9,-3,-1,-29,-9,-3,-16,-29,-24,-10,-19,1,-27,-8,-5,-12,-26,1,-20,-41,-46,-31,-10,-1,-25,17,-20,54,-20,17,-7,-7,1,-20,-12,-7,-38,21,-33,8,-25,32,-20,-10,-17,10,-16,-15,-15,9,-32,3,-10,12,-12,-1,-31,-24,-2,-8,-37,-14,-42,-42,-46,-9,-41,36,-1,16,-27,-24,-33,-16,-93,-29,-11,-41,-4,-5,-17,3,-17,-26,-12,-22,77,7,-34,-113,-61,-279]]]
2494073	r	2.5543,34.6711,3.6163,35.3794	[[[25543,347303,24,-24,281,-247,301,-232,132,-89,1690,650,7004,2696,1188,457,-543,2955,-85,113,-185,212,-5303,-1121,17,-56,-8,-56,-24,-37,-13,-35,-33,-39,-38,-17,-16,-24,0,-14,57,-59,59,-23,37,-27,-105,-111,-152,-54,-74,-113,-63,-39,-51,-91,-49,-26,-89,-189,-47,-14,-166,156,-454,251,-428,271,-1476,-312,-1388,-4712]]]
2503847	p	2507480
2479247	r	1.0502,34.7903,1.9178,35.4187	[[[10502,350392,10,-22,131,-238,150,-231,168,-222,185,-212,202,-203,217,-190,232,-179,246,-166,258,-153,270,-138,280,-123,290,-108,297,-92,305,-76,309,-59,314,-43,316,-26,318,-8,318,8,316,26,314,43,309,59,305,76,297,92,290,108,280,123,270,138,258,153,246,166,232,179,217,190,202,203,185,212,139,184,-105,2891,-2901,1433,-1437,-962,-37,13,-2,-39,-1560,-1044,-43,-21,-21,8,-19,28,-12,2,-16,12,-20,-11,2,-11,-11,-17,4,-27,25,-38,-1741,-1165,-782,-523]]]
2507901	r	-1.5281,35.0178,-0.8224,35.6187	[[[-15281,352831,2,-40,25,-208,41,-206,58,-204,74,-200,90,-195,87,-159,5320,-1441,2,1,98,302,1260,3913,-157,172,-1730,1446,-39,13,-244,60,-248,48,-251,34,-247,20,-30,-18,-258,-300,-52,-48,-235,-11,-118,-45,-70,-104,-351,-748,-116,-156,-103,-179,-119,-475,-85,-200,-109,-123,-162,-134,-190,-109,-189,-43,-263,-272,-50,-39,-55,-24,-264,-65,-950,-84,-195,-55,-177,-124]]]
2503878	r	7.3167,34.2156,8.301,35.071	[[[73167,347400,16,-402,48,-401,79,-397,110,-392,141,-385,172,-376,201,-367,229,-355,257,-341,283,-328,309,-311,332,-293,355,-275,376,-256,395,-234,255,-131,614,82,189,83,125,126,90,163,376,1183,196,351,19,11,231,-102,191,14,142,93,130,-21,42,24,80,-14,177,50,41,28,-44,11,-10,45,101,96,91,16,27,79,214,4,226,88,139,15,68,142,250,211,290,35,-10,63,139,81,-18,45,109,-10,44,-28,64,18,108,-15,8,75,93,80,58,-1,37,44,129,13,31,130,52,8,20,47,83,8,-60,94,26,11,-20,60,98,-48,-11,99,35,10,148,-34,176,26,0,32,163,3,1,28,-180,82,48,26,19,119,95,22,62,49,20,-13,-16,44,47,17,58,-21,125,12,-62,61,-26,109,238,128,87,-3,0,51,70,57,-8,35,-31,22,-207,13,-111,53,-80,96,13,70,63,73,200,13,281,306,10,75,72,18,-157,88,-49,10,-105,-27,-85,51,52,59,27,136,-186,1008,-18,373,27,102,-6,4,10,15,5,15,-73,55,104,66,34,130,239,533,151,633,-42,3,-2202,134,-7555,-2958,-14,-352]]]
2502958	r	3.5284,36.0968,4.2716,36.5235	[[[35284,363800,8,-197,23,-196,40,-195,55,-192,71,-188,86,-185,100,-179,115,-174,128,-168,142,-160,154,-152,166,-144,44,-33,3844,-669,162,49,222,81,214,93,207,104,197,115,188,125,178,135,166,144,154,152,142,160,128,168,115,174,100,179,86,185,71,188,55,192,40,195,23,196,8,197,-3,75,-6499,1360,-842,-789,-17,-58,-40,-195,-23,-196,-8,-197]]]
2508813	r	-0.9559,27.2773,0.3759,28.4627	[[[-9559,278700,14,-388,42,-386,71,-382,99,-378,127,-371,153,-363,180,-353,206,-342,230,-330,254,-315,276,-300,298,-283,318,-265,337,-246,354,-226,370,-205,385,-183,397,-160,407,-136,417,-113,425,-88,430,-63,433,-38,436,-13,436,13,433,38,430,63,425,88,417,113,407,136,397,160,385,183,370,205,354,226,337,246,318,265,298,283,276,300,254,315,230,330,206,342,180,353,153,363,127,371,99,378,71,382,42,386,14,388,-14,388,-42,386,-71,382,-99,378,-127,371,-153,363,-180,353,-206,342,-230,330,-254,315,-276,300,-298,283,-318,265,-337,246,-354,226,-370,205,-385,183,-397,160,-407,136,-417,113,-425,88,-430,63,-433,38,-436,13,-436,-13,-433,-38,-430,-63,-425,-88,-417,-113,-407,-136,-397,-160,-385,-183,-370,-205,-354,-226,-337,-246,-318,-265,-298,-283,-276,-300,-254,-315,-230,-330,-206,-342,-180,-353,-153,-363,-127,-371,-99,-378,-71,-382,-42,-386,-14,-388]]]
2503874	p	2485926
2484620	r	6.6986,35.6405,7.3744,36.2278	[[[66986,356405,2573,118,2182,99,341,799,44,-6,52,-33,19,-32,7,-36,24,-50,2,-116,25,9,200,-9,10,66,8,6,19,239,-17,181,-39,215,6,43,118,8,50,111,-30,56,-69,85,-35,185,1140,2672,128,299,-2610,964,-2302,-1702,-1846,-4171]]]
2481246	r	3.2584,35.4369,4.2062,36.2007	[[[32584,357743,1918,-2568,155,-91,304,-154,316,-138,327,-120,335,-103,343,-85,349,-67,354,-47,9,-1,2338,934,769,307,780,312,1181,3580,-381,1218,-1421,248,-3844,669,-2131,370,-47,-28,-1648,-3793,-6,-443]]]
2504072	p	2506999
2501404	r	7.3412,34.9052,8.0737,35.6304	[[[73412,351058,7,-12,140,-216,157,-208,174,-199,189,-189,203,-179,218,-167,230,-155,242,-143,253,-129,262,-116,272,-101,278,-86,285,-71,180,-34,4234,1657,-2937,5594,-2716,-1235,-1671,-4011]]]
2475860	r	1.3994,35.2754,2.2409,35.9531	[[[13994,357163,286,-391,1892,-2585,2901,-1433,3282,2801,17,85,28,229,9,231,-9,231,-28,229,-46,228,-64,225,-82,221,-99,216,-116,210,-133,203,-149,196,-164,188,-179,179,-193,168,-206,158,-218,146,-229,135,-159,81,-1039,171,-55,-45,-146,-51,-15,-69,-70,-95,-69,-41,-62,12,-80,-37,-9,-54,-51,-53,-15,-175,-67,-40,-78,79,3,-71,-192,-39,-58,50,-58,-14,4,74,-41,8,-65,98,61,153,-125,59,-10,42,-60,5,-81,-37,-70,96,-254,-4,-114,34,-152,7,-37,7,9,35,-43,24,-123,25,-91,-94,-21,57,22,68,-77,74,165,117,-55,29,-6,12,-125,-24,-270,-67,-11,-4,-2003,-1170,-20,-19,-164,-188,-149,-196,-133,-203,-116,-210,-99,-216,-26,-71]]]
2508002	r	6.2624,35.6943,6.8832,36.2223	[[[62624,358600,2586,-1442,380,-212,110,-3,278,8,276,22,274,37,271,51,266,66,260,79,18,7,1489,3363,-2860,1044,0,-1,-7,-57,-18,-15,-31,-85,-65,-1,3,36,-12,2,-2,18,-67,6,-49,12,-45,38,-30,-4,-12,-13,-33,-14,-11,-14,-23,-3,-25,5,-26,15,-44,4,-8,32,-36,46,-46,19,-12,14,-21,52,35,26,12,24,22,9,15,22,-4,24,-1083,395,-101,11,-1624,-3623]]]
2489865	r	-0.9551,32.9836,0.39,34.1164	[[[-9551,335500,15,-370,43,-369,72,-366,100,-361,128,-355,156,-347,182,-337,209,-327,233,-315,257,-301,280,-287,302,-270,323,-254,341,-235,359,-216,376,-196,389,-174,403,-153,413,-131,423,-107,430,-85,436,-60,439,-36,442,-12,442,12,439,36,436,60,430,85,423,107,413,131,403,153,389,174,376,196,359,216,341,235,323,254,302,270,280,287,257,301,233,315,209,327,182,337,156,347,128,355,100,361,72,366,7,54,-409,2732,-54,121,-182,337,-209,327,-233,315,-257,301,-280,287,-302,270,-323,254,-341,235,-359,216,-376,196,-389,174,-403,153,-413,131,-423,107,-430,85,-436,60,-439,36,-442,12,-442,-12,-439,-36,-436,-60,-430,-85,-423,-107,-413,-131,-403,-153,-389,-174,-376,-196,-359,-216,-341,-235,-323,-254,-302,-270,-280,-287,-257,-301,-233,-315,-209,-327,-182,-337,-156,-347,-128,-355,-100,-361,-72,-366,-43,-369,-15,-370]]]
11204500	p	2501152
2487452	r	5.8682,36.268,6.4797,36.7663	[[[58683,364500,6,-151,56,-71,489,-622,4695,-975,184,554,684,3890,-21,12,-218,110,-226,98,-233,85,-240,74,-245,60,-250,47,-253,34,-235,18,-1450,-1092,-1195,-900,-1547,-1165,-1,-6]]]
2487293	r	-0.1177,35.4626,0.3636,35.7663	[[[-1177,357273,913,-2647,3900,962,-885,1935,-3540,140,-388,-390]]]
2491578	p	2503769
2479609	r	-0.4657,35.2129,-0.0264,35.7273	[[[-4657,354083,1924,-1667,295,-255,33,-5,252,-20,253,-7,169,5,1467,2492,-913,2647,-1731,-470,-1201,-1557,-548,-1163]]]
12326384	p	2492913
2498954	p	2498611
2491323	r	2.3897,35.6176,3.1101,36.075	[[[23897,358900,8,-192,23,-192,38,-189,54,-188,68,-184,83,-180,98,-175,111,-169,124,-164,138,-156,149,-149,161,-140,172,-131,183,-122,191,-112,201,-102,207,-91,215,-79,28,-9,2860,697,2,99,-19,79,-30,7,-78,-11,-55,44,-17,38,11,94,40,57,-9,11,0,67,-31,77,11,38,-22,92,16,38,2,54,-42,72,28,32,-4,11,-41,23,-10,25,-19,20,-43,21,-36,27,9,24,39,24,9,24,21,18,-16,38,-18,23,-40,22,75,-12,90,59,69,12,111,31,-18,-40,38,-43,121,7,89,-7,69,16,58,-19,79,37,80,25,-14,25,5,2,96,-19,31,47,41,13,24,19,29,35,13,32,13,-6,16,-23,70,-4,66,10,28,-38,-6,-24,-9,0,-2,-12,22,-27,0,-23,-60,-46,-31,-5,-9,-21,-14,-4,-14,-33,-16,-16,6,-14,-8,-17,17,0,-50,-47,15,-20,-9,-34,18,-46,-8,-12,26,-39,4,-55,23,-24,-13,-34,10,-16,21,-8,-28,-87,-12,-9,-14,1,-1,-8,15,0,8,-58,30,-58,49,-25,-39,-24,-2,-11,-41,-4,-10,-13,-17,9,-31,-30,-45,-3,-16,-31,4,-27,-42,-43,-30,16,27,110,-51,94,2,78,-7,27,27,29,-39,72,29,25,-16,29,29,42,-13,19,-34,8,-16,102,-12,-3,-3,24,-16,17,-120,43,35,38,-2,26,-19,19,-40,-5,-51,5,-41,16,-82,-22,-8,-8,-34,-4,-14,-20,12,-70,-13,-213,17,-66,33,-40,23,-6,6,-57,-26,-29,-12,-76,7,-10,-19,-92,0,-395,246,77,11,-41,1006,244,37,42,124,164,111,169,98,175,83,180,68,184,54,188,38,189,23,192,6,142,-4258,1900,-1550,0,-17,-21,10,-60,-92,-31,-44,31,-27,-8,-55,-107,-78,-60,-223,33,-57,44,-46,1,-65,-62,12,-131,-87,-151,95,-77,-88,-135,39,-24,-78,-113,99,-118,-161,-134,-12,-117,-154,-68,-200,29,-108,-48,-28,-139,-23,-192,-8,-192]]]
2495524	r	3.8168,32.1171,5.2968,33.4644	[[[38168,331366,898,-1663,3463,-6412,1097,-2031,334,-46,507,-43,98,603,91,312,43,53,935,917,2178,1895,1461,-1170,3373,2231,51,143,118,429,85,436,51,439,17,441,-17,441,-51,439,-85,436,-118,429,-152,423,-183,413,-215,402,-246,389,-276,375,-303,359,-331,341,-357,322,-380,301,-403,280,-424,257,-443,234,-460,208,-475,182,-488,155,-499,128,-507,100,-515,72,-519,44,-521,14,-521,-14,-519,-44,-515,-72,-507,-100,-499,-128,-488,-155,-475,-182,-460,-208,-443,-234,-424,-257,-403,-280,-380,-301,-357,-322,-331,-341,-303,-359,-207,-281]]]
2484933	r	4.5711,34.024,5.5367,34.8129	[[[45711,344300,11,-266,31,-264,52,-262,73,-259,93,-254,112,-249,132,-242,151,-234,169,-225,187,-216,203,-206,218,-194,234,-181,247,-169,260,-154,272,-141,282,-125,291,-110,300,-93,306,-77,311,-61,316,-43,318,-26,320,-9,320,9,318,26,316,43,311,61,306,77,300,93,291,110,282,125,272,141,260,154,247,169,234,181,218,194,203,206,187,216,169,225,151,234,132,242,112,249,93,254,45,162,-6388,4718,-250,-78,-291,-110,-282,-125,-272,-141,-260,-154,-247,-169,-234,-181,-218,-194,-203,-206,-187,-216,-169,-225,-151,-234,-132,-242,-112,-249,-93,-254,-73,-259,-52,-262,-31,-264,-11,-266]]]
2491050	p	2507480
2506385	r	-0.4855,35.6803,-0.0789,35.9092	[[[-4855,358448,416,-493,1531,-1152,1731,470,388,390,-80,274,-268,-49,-102,-19,-212,35,-430,148,-713,123,-262,108,-163,145,-9,36,51,25,-22,-9,6,6,-36,-20,-6,26,22,11,-23,-8,-9,35,37,7,-30,-2,-2,13,24,55,-1,-22,17,-1,1,22,25,-3,4,-62,63,-55,-55,51,-8,39,0,18,17,4,30,-8,-26,9,-13,27,19,14,14,37,-9,21,7,10,18,5,-11,14,-21,8,12,20,-32,2,-4,8,7,11,-19,-8,0,10,-12,2,-2,9,6,1,-12,0,-29,17,-6,6,16,-2,-16,8,0,7,-58,11,5,10,-9,2,9,2,-8,8,-14,-10,-18,8,-17,-4,1,6,-10,-3,-4,5,-21,-7,2,7,-25,2,0,9,-12,1,-22,20,-4,-3,-6,13,-12,-4,-15,10,-19,15,4,8,-5,7,-4,-6,0,8,-19,-8,-14,5,-31,74,-36,19,0,11,29,24,-16,30,-19,0,-15,-12,-31,-7,-24,7,-7,-12,-4,3,-62,-16,-32,5,-1,9,-37,13,-3,-10,-38,12,-8,-9,-13,6,-3,-7,-12,-4,-29,5,-37,-9,-10,3,-7,12,-9,-6,-27,13,-57,-7,-19,-17,22,-35,-11,-9,-3,-21,-21,-7,-3,-10,-13,-5,-4,-20,-22,-26,-23,-9,-15,-2,1,-3,-199,-79,-101,-10,-209,15,-101,-5,-38,14,-51,35,-58,26,-57,-13,-13,-43,5,-66,19,-62,23,-28,-9,-107,-85,-146]]]
2498305	r	0.713,28.6421,5.0458,32.1927	[[[7130,310538,7354,-9844,1456,1467,4046,1642,-956,-3599,1196,-5851,-883,-164,5576,-7464,963,-138,1456,-124,1462,-42,1462,42,1456,124,1444,207,1425,288,1400,368,1369,447,1332,523,1291,598,1242,669,1189,739,1131,804,1068,867,1000,926,928,980,853,1031,772,1077,690,1118,604,1155,515,1187,425,1213,62,232,-4718,5822,-3574,4408,334,935,64,179,-63,-21,-10,15,-98,-60,-51,81,-43,23,-130,-71,-15,-58,28,-22,-62,-63,-76,29,37,74,-38,37,-49,-111,-117,-45,-15,92,-74,-31,-26,27,-60,0,-69,-50,-18,35,-122,37,-61,-37,-64,-9,-766,944,-6286,1740,21,-61,-24,71,-16,-4,-91,25,-1,7,-72,29,-10,77,-59,4,-63,-38,-58,59,-95,24,-53,63,30,56,-79,77,-25,73,-222,91,-187,162,-2343,979,-8548,5317,222,-1923,84,-1403,-392,-368,-6199,1716,-4592,-1844,-481,-508,-853,-1031,-772,-1077,-690,-1118,-604,-1155,-515,-1187,-425,-1213,-74,-278]]]
2503181	p	2503769
2503229	p	2507480
2504099	r	2.6843,35.8729,3.2996,36.3311	[[[26843,360750,4258,-1900,271,-121,99,58,198,131,186,142,174,151,162,161,148,168,135,176,120,183,105,189,90,194,74,198,58,202,41,205,25,206,9,207,-9,207,-25,206,-41,205,-58,202,-74,198,-90,194,-29,53,-1997,746,-892,-141,-2938,-2420]]]
2507877	r	5.6285,35.0463,6.3105,35.7473	[[[56285,351550,333,-71,3031,-651,1699,-365,260,133,250,147,237,160,224,172,210,184,195,195,179,205,162,214,40,61,-5025,5045,-492,494,-97,-24,-287,-89,-95,-35,-675,-502,-149,-5273]]]
2485582	r	0.5617,35.6556,1.2719,36.263	[[[5617,360453,3557,-3896,26,-1,244,7,243,19,242,33,238,45,234,58,228,70,223,82,215,94,208,105,199,116,189,127,178,136,167,145,155,154,142,162,129,169,116,176,101,181,68,149,-1097,1505,-2742,2524,-18,17,-149,-12,-242,-33,-238,-45,-234,-58,-228,-70,-223,-82,-215,-94,-208,-105,-199,-116,-189,-127,-178,-136,-167,-145,-155,-154,-142,-162,-129,-169,-116,-176,-101,-181,-86,-187,-46,-125]]]
2508228	r	1.5264,35.8606,2.6258,36.5704	[[[15264,363818,6,-141,49,-43,-31,-50,51,-59,-47,-49,19,-31,50,11,0,-53,-29,-2,49,-51,-3,-32,44,-19,63,-95,67,-36,93,-185,109,-12,43,-33,85,14,5,-64,68,10,51,-49,-78,-12,-3,-88,-136,-93,-10,-122,-241,-35,-104,-106,91,-19,70,-63,98,91,99,11,-9,-42,50,-33,83,71,-24,-50,83,4,78,-89,25,17,-41,52,16,62,169,-52,-44,-129,12,-45,123,20,8,-86,-71,-86,-138,-34,-81,-66,-30,-69,-176,42,-139,-46,-14,-55,21,-37,87,-10,7,-50,72,-42,-21,-84,-91,40,-65,-9,7,-93,79,36,12,-29,-91,-62,87,-41,100,-96,-58,-71,124,-1,71,-63,133,66,85,-53,87,51,78,6,-63,-155,-51,-53,30,-12,-57,-86,33,-72,-15,-48,233,-254,35,-62,5,-100,11,-14,38,18,-18,-49,136,-26,-126,-115,12,-21,154,30,44,-12,94,-109,8,-2,70,-23,95,-410,-23,-9,75,-154,55,-29,-165,-117,77,-74,-22,-68,21,-57,91,94,123,-25,43,-24,-9,-35,37,-7,152,-7,114,-34,254,4,70,-96,81,37,60,-5,10,-42,125,-59,-61,-153,65,-98,41,-8,-4,-74,58,14,58,-50,192,39,-3,71,78,-79,67,40,15,175,51,53,9,54,80,37,62,-12,69,41,70,95,15,69,146,51,55,45,1039,-171,615,-102,0,576,136,-53,61,17,-3,66,50,34,103,-40,-48,-80,14,-23,63,-6,6,-99,31,-21,-12,25,28,1,-11,-73,34,-48,129,28,63,-37,84,35,309,-49,71,-99,83,-2,-6,-93,124,-65,68,-83,-1,-42,59,-48,153,25,66,-44,93,49,213,-147,69,76,42,-12,37,20,60,-22,42,17,17,156,290,52,73,49,-53,59,38,45,107,49,-31,71,59,78,-20,16,28,9,-57,-2,-30,18,16,24,-56,-12,-15,35,-69,14,17,89,30,-24,75,52,53,-62,64,11,21,-48,31,68,44,-24,57,30,32,-48,26,32,43,-112,6,3,108,48,200,-29,154,68,12,117,161,134,-99,118,78,113,-39,24,88,135,-95,77,87,151,-12,131,-3,33,-31,30,99,-1,46,-1,57,-44,223,-33,78,60,55,107,27,8,44,-31,92,31,-10,60,67,85,325,138,10,33,51,-50,144,-16,-16,93,63,73,-29,45,7,92,33,39,90,35,-37,44,-60,12,45,24,-27,-1,-2,28,-24,-42,-66,14,53,91,-40,-9,-39,24,-64,-28,-10,16,52,103,112,-25,-49,36,33,39,-80,-34,-220,63,-32,56,-83,33,18,25,-20,36,-40,-62,-154,36,0,-25,-41,6,-68,129,21,101,-21,33,-36,-26,-63,19,-18,27,30,27,-38,48,5,82,44,-7,33,71,66,-9,21,23,-116,12,-96,85,-76,-44,-51,26,56,99,103,-1,26,67,75,76,30,74,-13,52,34,-16,22,18,-35,132,87,24,-1,21,-11,62,-87,62,20,68,284,52,185,-12,175,-61,132,80,77,88,216,112,-124,55,-34,56,-85,-14,-11,-23,-57,17,-129,-34,-35,18,8,40,-41,-18,-14,30,-78,-14,8,45,-86,15,57,21,-12,30,-75,-6,-26,39,97,73,47,4,-1,48,50,-4,-3,32,-134,49,-95,-4,-147,42,-10,3,-66,-37,-60,10,-79,53,25,23,-76,9,-8,221,-74,-33,-137,0,-168,65,-175,20,-20,28,-163,-19,-101,55,-131,23,-165,-16,-91,-46,-152,54,-62,-31,-62,18,-158,-73,-31,40,-61,16,-33,-28,-83,29,-89,-19,-30,23,-4,-25,-39,25,-11,-37,-50,17,-173,-90,-13,23,-108,19,-152,-20,-9,52,42,44,-55,44,-76,-6,3,44,-65,18,-109,-24,2,-41,-97,-11,-28,84,-98,-22,-53,27,-159,1,-87,59,-110,-23,-63,36,-175,-47,-35,64,-118,30,-52,-42,-144,-30,-72,-68,-20,-6,0,1040,-343,333,-8,-2,-871,-85,-123,6,-467,80,-562,-27,-547,-121,-114,1,-215,50,-88,11,-110,-25,-235,-91,-101,-21,-157,-7,-1282,-59,274,-1177,-1,0,-100,-78,-101,18,-43,-80,-65,-20,2,-26,-66,1,-26,-32,-82,5,-18,-53,-55,7,-52,-61,-41,13,-8,-62,-81,-50],[21729,362254,61,279,34,113,-77,-7,12,22,17,26,17,-3,4,5,11,41,93,29,33,16,27,24,1,-16,41,-36,46,9,42,42,37,14,2,8,31,24,12,1,10,-12,32,-3,15,-9,16,15,17,-10,20,10,25,-32,33,-8,38,-21,12,7,-1,20,7,7,20,-17,20,-54,25,-17,10,1,46,31,20,41,26,-1,5,12,27,8,19,-1,24,10,16,29,9,3,1,29,9,3,6,16,14,-50,-24,-5,-7,-21,6,-27,4,-14,28,-13,-1,-15,25,-14,-7,-31,-24,-13,-11,-38,-41,-48,-18,-44,-46,-36,53,-21,-82,-114,10,-13,-29,-55,-8,-38,-66,4,-7,22,-44,13,-12,-18,9,-20,-12,-15,-51,3,-2,20,-46,51,-29,-15,-8,-27,-44,1,-33,-17,-40,17,-28,4,-22,-27,-39,2,-1,-49,-11,-19,-10,-4,-16,0,-15,13,-1,35,27,31,-34,27,-18,-27,-73,-40,-31,3,-26,12,-24,-1,-29,14,-20,-36,-37,5]]]
2499055	p	2506999
2483757	p	2507480
2503755	r	3.6214,36.3818,4.3449,36.7188	[[[36214,365235,6775,-1417,99,151,108,192,93,199,76,202,59,207,25,123,-5832,2296,-1338,-1830,-65,-123]]]
2501541	r	5.9234,35.86,6.4248,36.3656	[[[59234,363656,143,-4587,13,-423,90,-46,3144,0,1624,3623,-319,458,-4695,975]]]
2494065	p	2485926
2503669	p	2507480
2490183	p	2475687
2497269	p	2485926
2491335	r	1.909,34.8713,2.6931,35.5487	[[[19090,352298,22,-592,5,-48,44,-219,61,-216,79,-212,94,-207,112,-202,127,-196,142,-188,157,-180,171,-171,184,-162,197,-152,208,-140,219,-130,229,-117,238,-104,245,-92,252,-78,258,-64,263,-50,265,-36,269,-22,269,-7,269,7,269,22,265,36,263,50,258,64,252,78,245,92,238,104,229,117,219,130,208,140,197,152,184,162,3,3,632,2145,-1894,3116,-16,7,-245,92,-252,78,-258,64,-263,50,-265,36,-269,22,-269,7,-269,-7,-269,-22,-265,-36,-254,-48,-2152,-1837,-804,-686,-26,-90,-44,-219,-26,-220,-1,-24]]]
2507979	r	4.9414,35.6353,5.6793,36.1285	[[[49415,357817,27,-48,122,-186,137,-180,151,-172,165,-164,178,-154,189,-145,201,-134,211,-124,220,-111,105,-46,4465,395,30,20,189,145,178,154,165,164,151,172,137,180,122,186,107,193,92,198,36,98,-78,88,-1554,1765,-4307,1174,-1370,-3300,-69,-168]]]
2475612	r	4.7493,34.3049,5.7728,35.0978	[[[47493,349226,1486,-1097,6388,-4718,491,-362,1869,877,-867,1564,-1730,3117,-544,1864,-65,9,-63,9,-163,90,-273,29,-107,-30,-11,-26,-23,-1,-107,42,-58,-43,-36,-1,-30,10,-77,-11,-2475,-24,-11,56,-319,103,-622,294,-106,-85,-175,-41,160,-45,13,-293,-1777,-18,-768,-1269]]]
2476301	r	-8.6824,24.8966,-3.9861,29.7909	[[[-86824,272854,1980,-1164,1980,-1163,1978,-1165,1978,-1163,1980,-1164,1979,-1163,1979,-1165,1979,-1163,1979,-1165,1979,-1163,1979,-1164,1979,-1164,1676,-986,1676,-986,1677,-986,1431,-841,245,-144,1210,-712,1737,-1071,1736,-1070,1735,-1071,1736,-1070,1,-1,1,-2,2,0,763,-477,762,-478,45,-27,275,262,1940,2107,1781,2217,1294,1855,-210,5521,29,54,97,433,144,428,32,213,361,570,125,257,320,468,232,190,361,509,-1898,2059,-799,21004,-10744,10796,-136,-231,-909,-1258,-1048,-1188,-978,-279,-839,279,-350,909,-1258,-140,-1188,-210,-2725,0,-1398,-140,-1468,-349,-1397,-140,-839,-699,-1747,629,-1119,70,-768,-70,-1119,-419,-908,-839,-1137,57,-208,-67,-220,-22,-224,7,-442,67,-468,18,-341,-132,-611,-544,-153,-106,-480,-219,-611,-503,-1059,-628,-913,-763,-334,-206,-1126,-438,-682,-407,-663,-557,-165,-87,-352,-139,-150,-107,-343,-535,-126,-113,-454,-222,-450,-317,-1280,-612,-188,-142,-112,-189,-36,-269,0,-13805]]]
2497655	n	5.6493,33.7239,6.1907,34.1761	[[[56493,339500,13,-222,39,-219,64,-215,90,-209,113,-201,137,-190,158,-178,179,-165,197,-149,213,-132,228,-114,240,-95,250,-75,258,-54,263,-32,265,-11,265,11,263,32,258,54,250,75,240,95,228,114,213,132,197,149,179,165,158,178,137,190,113,201,90,209,64,215,39,219,13,222,-13,222,-39,219,-64,215,-90,209,-113,201,-137,190,-158,178,-179,165,-197,149,-213,132,-228,114,-240,95,-250,75,-258,54,-263,32,-265,11,-265,-11,-263,-32,-258,-54,-250,-75,-240,-95,-228,-114,-213,-132,-197,-149,-179,-165,-158,-178,-137,-190,-113,-201,-90,-209,-64,-215,-39,-219,-13,-222]]]
2474141	p	2507480
2476403	r	-2.1847,27.9991,2.545,31.386	[[[-21847,292600,52,-1393,7,-60,43714,-11156,634,777,838,1184,748,1229,655,1269,559,1304,90,261,-531,710,-5576,7464,883,164,-1196,5851,956,3599,-4046,-1642,-1456,-1467,-7354,9844,-2429,3251,-715,62,-326,9,-25120,-17525,-179,-955,-156,-1387,-52,-1393]]]
2476028	n	2.1703,36.3813,2.6332,36.6383	[[[21703,365900,13,-222,41,-219,66,-215,93,-209,93,-159,1450,-677,104,48,62,-18,62,31,152,-54,91,46,165,16,131,-23,101,-55,163,19,20,-28,175,-20,168,-65,137,0,74,33,8,-221,76,-9,-25,-23,79,-53,60,-10,66,37,10,-3,528,322,466,987,-197,842,-127,-35,-1438,-68,-97,11,-205,47,-108,10,-119,29,-39,70,-20,91,-63,90,-186,96,-217,44,-220,-10,-198,-68,-1391,-336,-4,-69]]]
