3652462	r	-78.9477,-0.6246,-77.8254,0.4494	[[[-789477,2043,40,-67,-6,-15,13,-3,14,16,27,-25,11,-23,-17,-12,2,-17,-15,3,2,-9,11,-3,-8,-19,24,-45,-9,-9,30,-67,-6,-38,-11,-21,0,-12,12,-17,-16,-74,24,-28,9,-33,2,-20,-13,-10,2,-14,30,-24,5,-10,-13,-63,-43,-39,5,-34,23,-14,6,-39,-5,-22,-43,-62,19,-27,-4,-27,5,-19,24,-31,-2,-17,9,-56,21,-38,-8,-21,2,-14,11,-11,11,10,8,-1,16,-34,28,-20,6,-26,29,-16,-2,-35,35,10,14,-2,30,-28,24,0,24,-27,13,4,15,16,53,-3,18,-18,-17,-41,8,-14,19,-11,73,-2,25,-35,23,14,-3,-46,13,8,14,-9,16,6,40,-11,39,3,27,-20,26,-2,15,-24,11,-7,20,22,59,-1910,26,-15,34,-9,90,20,39,22,-4,-13,-4,-15,-1,-2,9,-6,16,4,-1,-18,22,-5,6,-7,-2,-2,-4,-4,-11,-9,9,-9,14,0,7,-10,-22,-72,-3,-9,2,-6,5,-29,-3,-19,21,-12,3,-42,0,-2,-7,-9,-17,2,-20,-10,-2,-1,-20,12,-28,-52,-1,-30,-62,-47,-3,-48,-29,-21,-8,-16,-35,-38,112,-3622,184,-21,305,-34,6164,-705,3548,3315,-5195,3670,-1,7,9,17,20,23,87,43,30,34,32,23,1,20,11,12,2,12,40,41,-10,-4,-5,13,-13,-6,-6,4,3,20,-7,2,-18,29,-30,8,8,21,34,2,37,21,18,20,5,17,14,-10,44,10,17,22,-13,30,20,-9,30,10,23,-17,57,-10,-6,37,-32,43,-9,24,4,6,-34,40,-3,17,7,10,-5,11,14,66,14,13,-1,11,22,9,-3,30,23,17,61,3,-20,17,-31,48,-2,13,27,20,-9,31,24,1,-3,28,-20,-2,-23,19,-13,29,-4,20,20,31,-36,20,-32,32,-26,63,-61,25,-39,-2,-29,29,-86,10,-6,74,3,33,-28,1,-27,11,-8,-4,-10,-23,-1,-26,-25,-45,-44,-55,-7,-18,-81,-124,-67,-64,-18,1,-15,-19,-15,1,-15,-11,1,-18,-41,-20,-9,-15,-15,21,4,39,-12,10,-3,17,24,20,-1,11,10,-2,12,9,4,16,37,30,24,44,6,58,52,80,0,37,18,49,-47,27,-14,30,13,13,18,40,20,15,11,20,-25,3,-53,35,-82,24,-9,30,-31,24,-17,31,-7,38,5,29,-23,111,-22,9,-8,-5,-1,-18,-6,-7,-23,-4,-23,-28,-13,-1,-40,13,-32,37,-1,-65,-30,-22,1,7,-39,52,-79,35,-13,0,-16,13,-36,-1,-85,-55,-27,-27,-120,-53,-59,-7,-70,25,-24,61,-23,9,-29,25,-19,65,-7,3,-18,-33,-48,-46,-21,-9,-18,0,-56,47,-38,6,-25,16,-56,-37,-15,-15,-12,-51,-76,-52,-23,-32,-4,-30,-12,-6,2,-37,-20,-21,-30,-5,-35,15,-9,-8,-8,16,-12,-3,-1,8,-12,5,-28,-14,-30,9,-5,7,-10,-1,-11,11,-11,0,1,14,-7,7,-17,-5,-3,14,-17,-2,-22,15,-9,-13,-7,1,-8,23,-11,-5,3,19,-13,8,-33,-32,-14,-51,-11,7,-9,-2,-6,-13,-12,-2,-3,-11,-17,6,-13,-31,-26,-13,-17,3,-3190,2254,66,-2159,-8,1,-21,-24,-39,-16,-10,-10,-32,-59,-24,1,-49,-18,-47,-4,-33,-31,-100,-27,-38,-6,-22,4,-16,10,-50,-10,-14,34,-18,12,-17,29,-7,0,-23,-14,-20,-32,-44,-11,-26,-38,-31,-31,-15,-30,-49,-22,-28,0]]]
3657509	r	-80.2627,-2.5737,-79.6528,-1.942	[[[-802626,-22000,8,-245,24,-244,40,-242,55,-239,71,-235,86,-229,101,-224,114,-216,129,-208,142,-200,155,-189,167,-179,177,-168,189,-156,82,-59,326,456,431,1113,89,122,113,78,93,9,203,-16,83,34,105,109,51,31,92,25,-204,-324,-75,-78,-106,-43,-114,-22,-90,-49,-38,-124,-43,-240,-188,-427,-41,-220,56,-140,145,45,199,102,220,25,236,-229,135,-44,45,210,59,-109,7,-102,-45,-85,-96,-57,-111,6,-76,78,-60,85,-63,42,-270,-30,-103,-88,-45,-151,-91,-210,-215,-145,146,-67,228,-86,234,-71,237,-56,241,-40,158,-16,267,298,70,109,105,406,156,1948,-23,303,-21,37,28,25,82,22,-224,254,-36,108,26,126,153,387,11,-19,15,-68,16,-14,-2,-6,11,-51,16,-14,29,4,52,-69,-61,-2,-58,11,-103,-110,-21,-31,-32,-61,-8,-31,4,-34,20,-34,70,-68,10,-1,0,-8,73,-103,22,-16,10,3,-13,-10,24,-27,56,-47,31,-13,1,-53,68,-465,-9,-583,18,-141,61,-123,125,-196,193,-537,121,-185,80,-39,113,-9,219,13,33,-56,135,-349,19,-131,44,20,215,116,207,130,99,71,203,-339,-406,2533,12,-1,15,19,21,5,18,16,27,-7,12,27,30,13,-4,31,9,20,-2,15,-144,4,36,320,-108,26,-10,65,0,1,29,164,8,3,-48,158,25,76,-28,-30,-49,18,-398,2488,-2066,-933,-2975,-787,-30,-129,-40,-242,-24,-244,-8,-245],[-798853,-20970,19,54,17,78,74,84,324,22,73,32,6,177,26,87,65,49,593,337,-73,-216,-165,-111,-165,-75,-76,-112,-48,-234,-123,-73,-158,-46,-155,-163,78,-123,-23,-90,-66,-86,-50,-110,-6,-120,4,-14,-28,24,-50,216,-10,79,12,137,-81,177,-14,20]],[[-798622,-25737,208,21,241,40,237,56,96,29,114,171,-121,212,-243,91,-106,258,-273,-485,-153,-393]]]
3658666	r	-79.3497,-3.2516,-78.6825,-2.592	[[[-793497,-29000,7,-230,23,-229,37,-227,52,-224,67,-220,80,-216,95,-209,108,-203,120,-196,134,-187,145,-177,156,-168,167,-158,177,-146,186,-134,194,-121,202,-109,209,-95,214,-81,219,-66,223,-53,226,-37,227,-23,229,-7,229,7,227,23,226,37,223,53,219,66,214,81,209,95,202,109,194,121,186,134,177,146,167,158,156,168,145,177,134,187,120,196,108,203,38,84,-30,28,-2084,1953,-2,9,66,26,-7,7,-28,-8,-2,11,-76,1,-2646,2478,-49,46,-65,-35,-194,-121,-186,-134,-177,-146,-167,-158,-156,-168,-145,-177,-134,-187,-120,-196,-108,-203,-95,-209,-80,-216,-67,-220,-52,-224,-37,-227,-23,-229,-7,-230]]]
3651297	r	-79.767,-0.7318,-78.8335,0.3411	[[[-797670,-2500,13,-387,37,-384,63,-382,87,-377,112,-370,135,-361,105,-233,6476,-2324,2187,1833,-112,3622,35,38,8,16,29,21,3,48,62,47,1,30,28,52,20,-12,2,1,20,10,17,-2,7,9,-3,44,-21,12,3,19,-7,35,25,81,-7,10,-14,0,-9,9,17,15,-6,7,-22,5,1,18,-16,-4,-9,6,4,14,1,3,4,13,-39,-22,-90,-20,-34,9,-26,15,-59,1910,-20,-22,-11,7,-15,24,-26,2,-27,20,-39,-3,-40,11,-16,-6,-14,9,-13,-8,3,46,-23,-14,-25,35,-73,2,-19,11,-8,14,17,41,-18,18,-53,3,-15,-16,-13,-4,-24,27,-24,0,-30,28,-14,2,-35,-10,2,35,-29,16,-6,26,-28,20,-16,34,-8,1,-11,-10,-11,11,-2,14,8,21,-21,38,-9,56,2,17,-24,31,-5,19,4,27,-19,27,43,62,5,22,-6,39,-23,14,-5,34,43,39,13,63,-5,10,-30,24,-2,14,13,10,-2,20,-9,33,-24,28,16,74,-12,17,0,12,11,21,6,38,-30,67,9,9,-24,45,8,19,-11,3,-2,9,15,-3,-2,17,17,12,-11,23,-27,25,-14,-16,-13,3,6,15,-40,67,28,0,49,22,15,30,31,31,26,38,44,11,20,32,23,14,7,0,17,-29,18,-12,14,-34,50,10,16,-10,22,-4,38,6,100,27,33,31,47,4,49,18,24,-1,32,59,10,10,39,16,21,24,8,-1,-6,180,-163,103,-339,182,-350,160,-359,136,-368,112,-374,88,-379,63,-382,38,-384,13,-384,-13,-382,-38,-379,-63,-374,-88,-368,-112,-359,-136,-350,-160,-339,-182,-326,-204,-312,-226,-297,-245,-281,-264,-262,-283,-244,-298,-224,-315,-202,-328,-181,-341,-159,-353,-135,-361,-112,-370,-87,-377,-63,-382,-37,-384,-13,-387]]]
3660689	r	-78.9046,-1.4783,-78.3354,-1.0826	[[[-789046,-12500,7,-187,18,-187,30,-185,42,-182,5,-17,1077,-1202,3385,-323,14,11,144,119,136,128,127,136,119,145,108,153,98,159,88,165,77,171,66,175,54,180,42,182,30,185,18,187,7,187,-7,187,-18,187,-30,185,-42,182,-54,180,-66,175,-77,171,-88,165,-58,94,-4713,148,-59,-83,-98,-159,-88,-165,-77,-171,-66,-175,-54,-180,-42,-182,-30,-185,-18,-187,-7,-187]]]
3652941	r	-80.7229,-1.4543,-80.0583,-0.6657	[[[-807228,-13428,145,-137,198,-163,209,-150,217,-137,227,-121,233,-107,240,-91,245,-75,250,-58,253,-42,255,-26,256,-8,256,8,255,26,253,42,250,58,245,75,240,91,233,107,227,121,217,137,209,150,198,163,187,177,175,188,163,200,149,209,135,219,121,228,106,235,90,242,75,246,58,252,42,254,25,257,8,258,-8,258,-25,257,-42,254,-58,252,-75,246,-90,242,-106,235,-121,228,-135,219,-149,209,-163,200,-175,188,-187,177,-198,163,-209,150,-217,137,-227,121,-233,107,-240,91,-245,75,-250,58,-253,42,-255,26,-256,8,-67,-2,-412,-1048,0,-1,-1846,-4696,-403,-1024]]]
3658192	p	3657509
3654533	r	-80.2988,-3.6116,-79.6102,-2.921	[[[-802988,-33472,9,-38,66,-220,81,-216,94,-209,42,-79,39,-30,-4,-35,31,-59,121,-196,134,-187,145,-178,156,-167,167,-158,177,-146,186,-134,195,-121,202,-109,208,-95,214,-81,220,-67,222,-52,226,-37,228,-23,229,-7,229,7,228,23,226,37,222,52,220,67,214,81,208,95,202,109,195,121,186,134,177,146,167,158,156,167,145,178,134,187,121,196,108,203,94,209,81,216,66,220,52,224,37,227,23,229,7,230,-7,230,-23,229,-37,227,-52,224,-66,220,-81,216,-94,209,-108,203,-121,196,-134,187,-145,178,-156,167,-167,158,-177,146,-186,134,-195,121,-202,109,-208,95,-214,81,-199,60,-6,-54,-132,-390,-36,-227,99,-174,-85,-200,-337,-538,-162,-361,-47,-386,-55,-225,-73,-159,-5,5,-30,10,20,-15,-29,-9,-18,3,-139,-85,-16,-19,-1,-12,-51,-62,-7,-27,21,-35,-78,-4,-8,-11,-12,3,6,-16,-15,5,-9,-7,8,-9,-15,-21,-26,0,-1,-31,-27,14,-26,-33,0,-15,-28,-33,0,-15,-4,-3,-91,-73,-80,-108,-57,-111,-66,-97,-107,-64,70,478,-46,238,-224,43,-106,-142,-378,-786,-45,-39,-228,-269,-96,-36,-73,4,-82,20,-125,12,-723,-148,-136,-57,-273,274,-103,-147,-21,-118]],[[-802264,-30323,227,-18,169,51,200,117,358,-36,159,229,61,144,152,143,-6,234,132,150,116,47,-29,-8,-214,-81,-208,-95,-202,-109,-195,-121,-186,-134,-177,-146,-167,-158,-156,-167,-34,-42]]]
3654667	r	-79.5715,-4.3631,-78.9809,-3.6169	[[[-795715,-39900,8,-244,24,-243,40,-241,55,-238,70,-233,86,-229,100,-222,115,-215,128,-208,142,-198,154,-189,166,-178,178,-167,188,-155,197,-142,207,-129,214,-115,221,-101,228,-86,233,-71,236,-55,240,-40,242,-24,243,-8,243,8,64,7,511,1824,-44,18,-21,41,-11,38,-69,67,-22,7,20,31,26,6,10,12,1,17,23,25,11,27,-2,10,-20,18,-9,26,-23,11,5,9,-10,31,-15,10,-23,-7,-2,14,-15,5,-3,19,-16,5,7,17,14,-7,5,8,-8,10,2,8,22,6,-7,4,9,25,-2,13,3,10,9,3,-6,29,15,4,3,6,-21,1,-12,11,5,23,17,3,11,15,-12,7,14,9,-13,10,11,19,-4,17,11,4,4,13,42,1,3,10,-5,10,14,-2,17,8,11,-5,15,12,19,4,1,19,-17,5,7,12,13,-1,-1,11,18,8,5,11,10,-3,17,18,18,6,-19,11,-11,19,17,-3,13,4,7,27,10,-2,21,15,7,8,-2,15,11,4,1,9,47,7,1,15,-11,18,9,27,14,11,3,25,44,27,33,4,16,26,30,11,19,15,1058,3777,-127,92,-207,129,-214,115,-221,101,-228,86,-233,71,-236,55,-240,40,-242,24,-243,8,-243,-8,-242,-24,-240,-40,-236,-55,-233,-71,-228,-86,-221,-101,-214,-115,-207,-129,-197,-142,-188,-155,-178,-167,-166,-178,-154,-189,-142,-198,-128,-208,-115,-215,-100,-222,-86,-229,-70,-233,-55,-238,-40,-241,-24,-243,-8,-244]]]
3654410	r	-80.9162,-1.2445,-80.4979,-0.7482	[[[-809162,-10655,130,-293,210,-510,442,-777,140,-53,183,-56,186,-44,189,-31,191,-19,191,-7,191,7,191,19,93,15,1846,4696,0,1,-122,148,-71,77,-118,-585,-38,-196,-144,-622,-227,-237,-216,-195,-248,-97,-184,21,-86,22,-97,140,-108,-32,-76,-97,-76,-33,-119,-103,-151,11,-184,86,9,38,16,21,-1,38,26,6,-27,-4,-2,-11,-118,-44,-119,-43,-152,32,-129,-54,-141,-86,-141,0,-141,43,-108,-44,-32,-86,-120,-141,-129,-140,-76,-98,-76,-97,-130,-141,-140,-119,-121,-120,-66,-206],[-807230,-9343,7,29,-4,-27,-3,-2]]]
3652350	r	-78.8831,-1.9613,-78.3706,-1.446	[[[-788831,-18554,55,-66,129,-140,139,-130,146,-121,154,-111,161,-100,167,-90,172,-79,178,-67,181,-55,184,-44,187,-31,189,-18,189,-7,189,7,189,18,187,31,184,44,181,55,178,67,172,79,167,90,161,100,154,111,146,121,139,130,129,140,120,147,111,155,100,162,89,168,78,173,67,179,55,182,43,186,31,188,18,189,6,191,-6,191,-18,189,-31,188,-43,186,-55,182,-67,179,-78,173,-89,168,-100,162,-111,155,-112,138,-66,6,-3385,323,-964,-4094]]]
3655673	r	-78.9295,-0.293,-77.5051,1.1012	[[[-789295,5435,533,-941,3190,-2254,17,-3,26,13,13,31,17,-6,3,11,12,2,6,13,9,2,11,-7,14,51,33,32,13,-8,-3,-19,11,5,8,-23,7,-1,9,13,22,-15,17,2,3,-14,17,5,7,-7,-1,-14,11,0,11,-11,10,1,5,-7,30,-9,28,14,12,-5,1,-8,12,3,8,-16,9,8,35,-15,30,5,20,21,-2,37,12,6,4,30,23,32,76,52,12,51,15,15,56,37,25,-16,38,-6,56,-47,18,0,21,9,48,46,18,33,7,-3,19,-65,29,-25,23,-9,24,-61,70,-25,59,7,120,53,27,27,85,55,36,1,16,-13,13,0,79,-35,39,-52,-1,-7,30,22,1,65,32,-37,40,-13,13,1,23,28,23,4,6,7,1,18,8,5,22,-9,23,-111,-5,-29,7,-38,17,-31,31,-24,9,-30,82,-24,53,-35,25,-3,-11,-20,-20,-15,-18,-40,-13,-13,14,-30,47,-27,-18,-49,0,-37,-52,-80,-6,-58,-24,-44,-37,-30,-4,-16,-12,-9,-10,2,1,-11,-24,-20,3,-17,12,-10,-4,-39,15,-21,9,15,41,20,-1,18,15,11,15,-1,15,19,18,-1,67,64,81,124,7,18,44,55,25,45,1,26,10,23,8,4,27,-11,28,-1,-3,-33,6,-74,86,-10,29,-29,39,2,61,-25,26,-63,32,-32,36,-20,-20,-31,4,-20,13,-29,23,-19,20,2,3,-28,-24,-1,9,-31,-27,-20,2,-13,31,-48,20,-17,-61,-3,-23,-17,3,-30,-22,-9,1,-11,-14,-13,-14,-66,5,-11,-7,-10,3,-17,34,-40,-4,-6,9,-24,32,-43,6,-37,-57,10,-23,17,-30,-10,-20,9,13,-30,-17,-22,-44,-10,-14,10,-5,-17,-18,-20,-37,-21,-34,-2,-8,-21,30,-8,18,-29,7,-2,-3,-20,6,-4,13,6,5,-13,10,4,-40,-41,-2,-12,-11,-12,-1,-20,-32,-23,-30,-34,-87,-43,-20,-23,-9,-17,1,-7,5195,-3670,1097,252,1527,2136,579,2737,-2424,2106,-3417,2969,-4306,3742,-237,-127,-471,-295,-450,-325,-428,-354,-405,-381,-379,-408,-351,-431,-174,-244,-1202,-3012]]]
3657990	r	-79.9579,0.6292,-79.3212,1.0794	[[[-799578,8445,42,-111,88,-197,102,-191,113,-184,126,-176,136,-167,147,-158,157,-148,166,-138,175,-126,183,-114,189,-102,196,-90,202,-76,205,-63,210,-49,212,-35,214,-21,215,-7,215,7,214,21,212,35,210,49,205,63,202,76,196,90,189,102,183,114,175,126,166,138,157,148,147,158,136,167,126,176,113,184,102,191,88,197,76,203,63,207,48,211,36,213,21,216,7,216,-7,216,-21,216,-36,213,-48,211,-63,207,-48,131,-123,-49,-88,-20,-703,55,-215,-55,-680,-621,-473,-267,-431,124,-178,-101,-62,-100,-14,7,-10,19,-1,155,-50,8,-26,27,-27,-17,-41,77,-262,-187,-598,-189,-238,-109,-73,-73,-129,-186,-72,-76,-304,-242,-74,-37,-125,-31,-189,-142,-317,-54,-250,-98,-143,-22,-136,-42,-110,-103],[-796677,9139,113,8,-16,129,12,46,9,17,59,42,22,30,46,41,10,-173,-9,-57,-52,-92,0,-56,42,-63,129,-110,163,-448,-70,76,-134,272,-113,106,-105,72,-83,88,-23,72]]]
3652567	r	-79.8447,-1.4173,-79.0753,-0.6427	[[[-798447,-10300,8,-253,24,-253,41,-250,58,-246,73,-243,88,-237,104,-231,119,-223,133,-216,147,-206,159,-196,172,-185,184,-173,195,-161,204,-147,214,-134,222,-120,230,-104,235,-89,241,-74,245,-57,201,-34,396,-36,154,-5,252,8,250,25,249,42,245,57,241,74,12,4,2062,1693,21,34,119,223,104,231,88,237,73,243,58,246,41,250,24,253,8,253,-8,253,-24,253,-41,250,-58,246,-73,243,-88,237,-104,231,-119,223,-133,216,-147,206,-159,196,-172,185,-184,173,-195,161,-204,147,-214,134,-222,120,-230,104,-235,89,-241,74,-245,57,-249,42,-250,25,-252,8,-252,-8,-250,-25,-249,-42,-245,-57,-241,-74,-235,-89,-230,-104,-222,-120,-214,-134,-204,-147,-195,-161,-184,-173,-172,-185,-159,-196,-147,-206,-133,-216,-119,-223,-104,-231,-88,-237,-73,-243,-58,-246,-41,-250,-24,-253,-8,-253]]]
3654870	r	-79.044,-1.1023,-78.1954,-0.5506	[[[-790440,-9032,181,-1540,41,-135,25,-67,1685,-53,1,1,4713,-148,1574,-49,266,3039,-28,91,-100,268,-117,261,-135,253,-150,243,-166,233,-180,222,-195,209,-119,112,-5127,586,-4,-2,-241,-152,-232,-167,-220,-181,-207,-196,-195,-209,-180,-222,-166,-233,-150,-243,-135,-253,-117,-261,-100,-268,-83,-274,-65,-279,-46,-283,-28,-285,0,-18]]]
3658501	r	-80.3246,-2.1061,-79.7414,-1.5133	[[[-803246,-18600,8,-227,22,-226,37,-223,51,-221,65,-217,80,-213,93,-206,106,-201,119,-192,131,-185,144,-175,154,-166,10,-9,2677,708,2066,933,69,100,-481,3609,-182,114,-199,107,-205,93,-211,80,-216,66,-220,51,-222,37,-225,23,-225,7,-225,-7,-225,-23,-222,-37,-220,-51,-216,-66,-211,-80,-205,-93,-199,-107,-191,-120,-183,-132,-175,-144,-164,-155,-154,-166,-144,-175,-131,-185,-119,-192,-106,-201,-93,-206,-80,-213,-65,-217,-51,-221,-37,-223,-22,-226,-8,-227]]]
3654215	r	-79.7483,-2.5019,-79.2204,-1.932	[[[-797483,-19420,398,-2488,49,-18,28,30,-25,-76,48,-158,-8,-3,-29,-164,10,-66,109,-26,-37,-320,144,-4,2,-15,-9,-20,4,-31,-30,-13,-12,-27,-27,7,-18,-16,-21,-5,-15,-19,-12,1,337,-2100,215,-36,240,-24,242,-8,242,8,240,24,239,40,236,55,231,71,226,86,221,100,213,115,205,128,197,142,187,154,177,167,165,177,153,188,141,198,128,207,114,214,100,222,85,228,70,233,55,237,39,240,24,242,8,243,-8,243,-24,242,-39,241,-55,236,-30,99,-5054,919,-69,-100],[-796149,-21919,1,-4,33,-12,-32,12,-2,4],[-796076,-22006,11,-21,-10,21,-27,24,26,-24],[-795903,-22161,1,0,-2,-19,1,19],[-795813,-22239,33,-10,24,-1,-24,0,-33,11],[-795683,-20244,52,-33,6,-13,-7,13,-51,33],[-795475,-20817,1,0,15,-16,-16,16],[-795452,-20721,14,40,42,47,-41,-47,-15,-40],[-795440,-20854,1,0,1,-3,-2,3],[-795293,-20003,2,-10,-3,10,1,0],[-795260,-20005,8,2,-1,0,-7,-2],[-795137,-20397,17,-7,-1,0,-16,7]]]
3650472	r	-78.0985,0.429,-77.4788,0.9049	[[[-780985,8100,8,-249,25,-248,40,-246,20,-87,3417,-2969,28,-3,247,-8,248,8,246,25,244,40,242,57,237,72,231,88,226,103,218,117,96,60,21,74,27,15,-14,32,6,14,-10,35,5,18,-7,20,3,36,-29,18,2,32,-21,49,23,53,-12,59,27,14,17,29,-8,34,27,63,12,8,-3,30,30,14,4,49,11,40,-6,27,6,14,-6,16,11,6,29,-2,33,24,10,34,-4,18,6,11,-10,10,48,49,27,8,13,15,25,-6,8,23,21,4,-3,15,14,6,3,25,-3,50,16,16,-8,31,24,34,11,3,4,15,15,18,-6,14,8,3,15,20,-12,9,-3,13,18,12,-13,27,1,22,14,26,-11,21,-2,70,18,17,-1,21,-9,18,1,15,10,7,-6,16,7,11,-4,7,-19,8,-1,21,-16,16,3,17,-10,29,22,3,-8,27,10,8,1,3,-139,35,-38,10,-2,-1,-3,2,-15,3,-12,-11,-9,5,5,10,-14,4,2,-12,-18,-10,-12,-22,-18,3,-2,6,-17,-3,-9,13,-13,-10,-15,6,-12,-5,-41,15,-10,-10,-16,13,-9,-23,-38,3,-3,-8,-17,-2,-20,-20,-30,-7,-20,5,-35,-13,-17,-21,-11,13,-20,-10,-26,4,-19,-17,-19,18,-12,-6,-7,5,-24,-8,-5,4,-6,-7,-14,4,-11,-5,-6,3,0,8,-14,-5,-12,9,-6,-5,0,6,-15,-1,-26,23,-19,42,-10,2,-5,-7,-2,11,-10,-6,-17,12,-7,-2,-3,11,-15,-1,-35,12,-10,21,-9,1,1,9,-10,6,4,5,-13,12,3,11,-22,0,-16,21,-10,-3,-18,9,7,8,-8,1,3,27,-28,-4,-2,8,-41,-6,-35,29,-10,-5,-2,8,-17,-8,-20,30,-18,5,-1,12,-13,9,5,4,-5,11,6,5,-15,18,2,10,-24,12,-11,22,-15,3,-8,-9,4,-6,-7,5,-8,-5,-7,11,-1,-6,-12,-2,-7,8,7,1,-6,14,-33,10,0,7,-13,3,-11,17,-21,6,-3,13,-14,0,-1,-7,-29,1,-15,23,-27,2,-6,8,-9,1,-4,-6,-9,8,-9,-3,3,11,-11,13,1,10,-12,-2,-9,9,-7,-6,-2,9,-25,0,-14,8,0,-6,-8,-1,-5,7,-5,-5,-32,18,-14,-2,-31,8,-7,-12,-36,-8,-38,11,-34,1,-47,67,-8,44,-30,56,13,70,2,61,0,1,-33,22,-52,12,-27,13,-40,-1,-29,10,-31,2,-23,-6,-14,14,7,37,12,24,-1,16,15,1,18,19,-6,35,-12,16,18,13,19,26,9,42,-4,9,10,20,7,-2,4,22,25,9,7,15,9,1,16,39,48,12,34,29,27,0,18,22,0,1,-6,60,-2,24,-58,4,-4,13,6,23,-8,20,22,19,5,32,19,1,7,12,-9,101,27,9,26,2,25,-16,11,10,-17,27,8,14,-52,3,-12,25,16,6,-15,16,-13,-3,-6,16,-33,3,-5,-16,-16,9,-6,-5,1,-14,-18,27,-15,5,-10,14,-17,-11,0,1,2,29,1,2,-1,1,-6,15,-6,-1,2,-12,-1,7,-1,1,-84,65,1,8,-18,15,11,18,-23,2,-13,-10,-7,14,-12,7,-7,0,-22,17,-19,0,-1,0,8,-3,-7,3,-17,7,7,17,-26,12,6,8,-5,8,-30,1,-19,25,-16,-4,-4,-15,-19,0,-7,15,-7,-10,-20,6,-9,-21,-11,-4,5,-11,-32,6,-3,-14,-32,-22,0,-6,-205,-78,-10,11,-18,11,-21,-4,-71,28,-5,16,-19,7,-15,-14,-18,-6,-2,-15,-15,18,-44,-6,37,-122,-380,-145,-106,-21,-95,-20,-203,4,-159,35,-54,13,-127,49,-106,41,-65,55,-41,35,-12,62,-9,46,3,111,-24,69,-11,33,-98,102,-48,6,-25,-13,-26,-13,-35,0,-73,2,-680,256,-197,7,-512,19,-85,41,-48,-206,-40,-246,-25,-248,-8,-249]]]
3660418	r	-79.7992,-2.0307,-79.1598,-1.404	[[[-797992,-14986,97,-725,481,-3609,5054,-919,372,-67,38,54,139,225,124,234,88,193,-2111,5324,-37,17,-1007,91,-396,36,-1007,92,-186,-44,-252,-77,-247,-93,-240,-110,-232,-125,-224,-140,-215,-155,-203,-168,-36,-34]]]
3655131	r	-81.013,-2.3213,-80.8689,-2.1625	[[[-810130,-21669,21,-98,47,-105,41,-64,371,-297,138,-143,164,-233,77,-151,59,-337,76,-91,119,-23,157,2,10,-4,0,501,17,-1,13,-39,9,4,6,16,31,-13,15,20,29,16,18,-4,4,14,-24,55,16,11,4,19,-4,17,5,7,-5,22,16,12,5,20,-15,13,1,7,13,-2,7,7,-48,89,15,62,-71,130,1,41,-9,10,3,4,-8,-6,-3,12,-8,3,0,9,-7,-1,-42,34,7,35,-3,-1,1,5,-7,-7,-195,-71,-169,-7,-1,1,18,2,-4,7,-19,-7,2,-3,-77,-3,-130,140,-50,171,-54,32,-120,7,-254,61,-33,28,-21,47,-37,42,-80,20,-38,-44]]]
3652743	r	-77.3291,-0.7813,-76.6709,-0.1434	[[[-773291,-4500,7,-217,22,-215,35,-214,49,-211,62,-208,76,-203,89,-197,101,-191,114,-184,125,-177,137,-167,147,-158,157,-149,167,-137,175,-126,183,-115,190,-102,196,-90,201,-76,206,-63,210,-49,212,-35,215,-22,215,-7,215,7,215,22,212,35,210,49,206,63,201,76,196,90,190,102,183,115,175,126,167,137,157,149,147,158,137,167,125,177,114,184,101,191,89,197,76,203,62,208,49,211,35,214,22,215,7,217,-7,217,-22,215,-35,214,-49,211,-62,208,-76,203,-89,197,-101,191,-114,184,-125,177,-137,167,-142,153,-3578,729,-13,-5,-196,-90,-190,-102,-183,-115,-175,-126,-167,-137,-157,-149,-147,-158,-137,-167,-125,-177,-114,-184,-101,-191,-89,-197,-76,-203,-62,-208,-49,-211,-35,-214,-22,-215,-7,-217]]]
3651438	r	-80.8866,-2.606,-80.368,-1.6948	[[[-808866,-22124,42,-34,7,1,0,-9,8,-3,3,-12,8,6,-3,-4,9,-10,-1,-41,71,-130,-15,-62,47,-87,1,-2,-7,-7,-13,2,-1,-7,15,-13,-5,-20,-16,-12,5,-22,-5,-7,4,-17,-4,-19,-16,-11,23,-52,1,-3,-4,-14,-18,4,-29,-16,-15,-20,-31,13,-6,-16,-9,-4,-13,39,-17,1,0,-501,211,-80,420,-371,184,-84,530,-176,324,11,292,-140,323,-105,825,-771,961,-1131,199,214,222,272,204,286,185,299,165,310,125,278,-91,2932,-1377,3273,-198,163,-284,205,-297,186,-309,166,-318,145,-328,124,-334,102,-341,80,-345,57,-200,20,98,-153,95,-115,88,-154,65,-185,150,-420,276,-1065,28,-254,-30,-244,-141,-75,-108,-22,-44,-104,30,-81,79,-312,142,-303,-76,-594,-50,-56,-3,2,-10,-17,-294,-328,-287,-143,1,3,-12,12,-52,-20,-14,15,-32,-54,-37,-42,-18,-15,-15,-2,-8,6,2,-6,-12,-12,-9,-20,-343,-276,-55,-6,-19,-10,-26,-46,-7,-5,-47,-17,-26,3,-18,-19,-9,-3,0,-1,-9,-2,0,-1,-7,-35]]]
3660434	r	-79.1635,-3.0443,-78.5054,-2.3935	[[[-791635,-25966,2646,-2478,76,-1,2,-11,28,8,7,-7,-66,-26,2,-9,2084,-1953,79,42,191,120,184,132,174,144,165,155,154,165,143,176,131,184,119,192,106,200,93,207,80,212,65,217,52,221,36,224,22,225,8,227,-8,227,-22,225,-36,224,-52,221,-65,217,-80,212,-93,207,-106,200,-119,192,-131,184,-143,176,-154,165,-165,155,-174,144,-184,132,-191,120,-199,107,-205,93,-211,80,-216,66,-220,52,-222,36,-225,23,-225,7,-225,-7,-225,-23,-222,-36,-220,-52,-216,-66,-211,-80,-205,-93,-199,-107,-191,-120,-184,-132,-174,-144,-165,-155,-154,-165,-143,-176,-131,-184,-119,-192,-106,-200,-45,-99]]]
3652584	r	-78.3278,-1.8199,-77.6722,-1.1731	[[[-783278,-14900,7,-216,21,-215,35,-213,49,-210,62,-206,76,-203,88,-196,101,-191,113,-183,125,-175,136,-167,147,-158,157,-147,165,-137,175,-126,182,-114,189,-102,196,-89,200,-76,206,-63,208,-49,212,-35,214,-21,214,-7,214,7,214,21,212,35,208,49,206,63,200,76,196,89,189,102,182,114,175,126,165,137,157,147,147,158,136,167,125,175,113,183,101,191,88,196,76,203,62,206,49,210,35,213,21,215,7,216,-7,216,-21,215,-35,213,-49,210,-62,206,-76,203,-88,196,-101,191,-56,90,-3689,1429,-148,-45,-200,-76,-196,-89,-189,-102,-182,-114,-175,-126,-165,-137,-157,-147,-147,-158,-136,-167,-125,-175,-113,-183,-101,-191,-88,-196,-76,-203,-62,-206,-49,-210,-35,-213,-21,-215,-7,-216]]]
3655185	r	-77.3196,-0.2461,-76.4604,0.3576	[[[-773196,900,9,-283,28,-282,46,-279,64,-275,81,-271,99,-265,116,-258,69,-129,1438,-292,3578,-729,1468,-298,132,109,206,194,192,206,178,219,164,230,148,241,133,249,116,258,99,265,81,271,64,275,46,279,28,282,9,283,-9,283,-28,282,-46,279,-64,275,-81,271,-25,68,-203,-24,-189,-21,-259,-134,-146,-18,-189,65,-268,249,-158,110,-143,43,-488,54,-345,94,-124,-47,25,-398,-152,-4,-357,160,-126,13,-694,-105,-152,6,-62,23,-6,37,-46,15,-17,0,-30,-3,-6,-2,-147,107,-153,155,-3,6,-17,14,-45,45,-102,73,-166,58,-124,20,-400,7,-297,101,-383,432,-210,52,-135,35,-174,-33,-504,-189,-217,-12,-156,46,-136,70,-111,-155,-148,-241,-133,-249,-116,-258,-99,-265,-81,-271,-64,-275,-46,-279,-28,-282,-9,-283]]]
3654541	r	-78.4451,-2.637,-77.7949,-1.983	[[[-784451,-23100,7,-214,21,-213,34,-211,49,-208,62,-205,74,-201,88,-194,101,-189,112,-182,124,-174,135,-165,145,-157,155,-146,165,-136,173,-124,180,-113,188,-101,194,-88,199,-76,204,-62,207,-49,210,-34,211,-21,213,-7,213,7,211,21,210,34,207,49,204,62,199,76,194,88,188,101,180,113,173,124,165,136,155,146,145,157,135,165,124,174,112,182,101,189,88,194,74,201,62,205,49,208,34,211,21,213,7,214,-7,214,-21,213,-34,211,-49,208,-62,205,-74,201,-88,194,-101,189,-112,182,-124,174,-135,165,-145,157,-155,146,-165,136,-173,124,-180,113,-188,101,-194,88,-199,76,-204,62,-207,49,-210,34,-211,21,-213,7,-213,-7,-211,-21,-210,-34,-207,-49,-204,-62,-199,-76,-194,-88,-188,-101,-180,-113,-173,-124,-165,-136,-155,-146,-145,-157,-135,-165,-124,-174,-112,-182,-101,-189,-88,-194,-74,-201,-62,-205,-49,-208,-34,-211,-21,-213,-7,-214]]]
3657571	r	-79.3716,-2.0638,-78.7867,-1.1579	[[[-793716,-14262,6,-14,2111,-5324,332,-837,31,-34,18,-5,300,-71,304,-50,306,-31,308,-10,308,10,306,31,77,12,478,2031,964,4094,-1077,1202,-1503,1679,-842,-691,-2062,-1693,-365,-299]]]
3650721	r	-78.222,-1.3825,-77.3495,-0.5365	[[[-782220,-11023,70,-226,1244,-482,3689,-1429,1715,-665,205,148,233,192,220,207,206,222,191,234,176,247,159,257,142,268,124,276,106,284,88,290,68,296,49,299,30,302,10,303,-10,303,-30,302,-49,299,-68,296,-88,290,-106,284,-124,276,-142,268,-159,257,-176,247,-191,234,-206,222,-220,207,-233,192,-245,177,-256,160,-265,143,-275,125,-282,107,-288,88,-294,69,-297,49,-300,30,-301,10,-301,-10,-300,-30,-297,-49,-294,-69,-288,-88,-282,-107,-275,-125,-265,-143,-256,-160,-245,-177,-233,-192,-220,-207,-206,-222,-191,-234,-149,-209,-52,-596,0,-1,-266,-3039]]]
3649959	r	-79.1974,-4.5327,-78.4965,-3.5874	[[[-791974,-44618,121,-75,271,-146,281,-128,288,-108,295,-90,300,-70,304,-51,306,-30,308,-10,308,10,306,30,304,51,300,70,295,90,288,108,281,128,271,146,262,163,250,180,111,91,-86,52,-122,192,-80,371,-12,375,83,210,184,153,86,195,95,437,610,1273,107,444,-10,595,48,164,102,106,111,29,122,9,129,40,139,77,42,41,-1,69,12,88,-79,258,-108,290,-127,281,-145,273,-163,263,-179,251,-196,239,-210,226,-225,211,-238,197,-250,180,-262,163,-271,146,-281,128,-288,108,-295,90,-300,70,-304,51,-306,30,-308,10,-24,-1,-285,-1015,-1058,-3777,-19,-15,-30,-11,-16,-26,-33,-4,-44,-27,-3,-25,-14,-11,-9,-27,11,-18,-1,-15,-47,-7,-1,-9,-11,-4,2,-15,-7,-8,-21,-15,-10,2,-7,-27,-13,-4,-17,3,11,-19,19,-11,-18,-6,-17,-18,-10,3,-5,-11,-18,-8,1,-11,-13,1,-7,-12,17,-5,-1,-19,-19,-4,-15,-12,-11,5,-17,-8,-14,2,5,-10,-3,-10,-42,-1,-4,-13,-11,-4,4,-17,-11,-19,13,-10,-14,-9,12,-7,-11,-15,-17,-3,-5,-23,12,-11,21,-1,-3,-6,-15,-4,6,-29,-9,-3,-3,-10,2,-13,-9,-25,7,-4,-22,-6,-2,-8,8,-10,-5,-8,-14,7,-7,-17,16,-5,3,-19,15,-5,2,-14,23,7,15,-10,10,-31,-5,-9,23,-11,9,-26,20,-18,2,-10,-11,-27,-23,-25,-1,-17,-10,-12,-26,-6,-20,-31,22,-7,69,-67,11,-38,21,-41,44,-18,-511,-1824,-281,-1002]]]
