588409	r	24.0211,59.0609,25.4906,59.5981	[[[240211,593739,26,-79,31,-69,14,-14,639,-451,80,-181,-165,-196,22,-26,228,-218,256,-211,283,-202,307,-192,331,-181,354,-169,375,-158,394,-144,411,-131,428,-117,441,-102,454,-88,463,-72,472,-56,478,-40,483,-25,484,-8,484,8,483,25,478,40,472,56,463,72,454,88,441,102,428,117,411,131,394,144,375,158,354,169,331,181,307,192,283,202,256,211,228,218,200,226,171,232,140,238,110,241,79,245,48,247,16,248,-16,248,-48,247,-79,245,-82,181,-280,0,-243,-50,-134,-128,70,-233,-17,0,-2136,317,-486,164,-234,4,-142,-105,86,-259,-187,-52,-206,31,-414,142,-236,32,-778,-104,-252,35,-676,429,-381,161,-309,-105,41,-78,23,-67,10,-71,1,-94,34,-92,79,-51,89,-41,65,-59,90,-154,-26,-53,-231,-251,-59,-41,-116,-47,-124,-13,-3,5,-17,3,-22,-4,1,-8,-23,-2,-11,5,-1,-6,-24,-3,-1,1,-2,-1,-9,-1,-40,9,-18,20,-34,15,3,24,-14,7,-18,-1,27,-5,-1,-16,-33,0,-41,29,33,-2,-36,4,-35,25,-84,115,36,29,52,0,-48,9,-37,21,-63,13,-8,7,-9,27,-40,51,-17,4,3,-29,-93,77,-112,41,-113,9,-87,-39,-35,-110,-43,-90,-98,-27,-22,15,9,-9,-13,-7,-243,13,0,-75,186,-40,162,-92,39,-93,-179,-42,-23,4,-41,12,7,3,-30,2,-181,82,-98,25,14,20,-30,-4,-27,12,20,12,47,-16,-47,18,-33,-21,-53,10,-77,41,-9,21,-97,16,-26,18,-38,-4,-10,-16,37,-55,-31,46,-29,10,-189,30,-158,-62,-156,-86,-185,-44,-200,46,-362,215,-196,75,-228,14,-659,-82,-42,-68,-119,-328,-115,-119,-349,-70,-884,-33,-198,-65,242,-116,261,-184,85,-171,-280,-75,-290,64,-562,307,-281,107,-176,19,-148,-23,-134,-64,-126,-106,-11,-42]],[[244873,595785,18,-189,272,-153,265,35,73,100,-192,262,-150,141,-154,-18,-132,-178]],[[247377,595804,63,-40,31,-34,59,-1,48,-19,2,15,51,4,29,22,56,19,80,56,62,18,9,17,-32,20,1,12,-25,5,23,10,-48,6,13,-12,4,-35,-6,-9,-44,-17,-21,1,-17,8,1,9,-40,10,-3,13,-26,6,-11,14,-27,-15,-38,-2,-17,6,-11,-15,-42,-15,-100,-7,7,-10,-16,-7,6,-10,-21,-23]]]
590775	p	588409
588335	r	26.2101,58.1056,27.2499,58.6544	[[[262101,583800,11,-179,33,-179,56,-177,77,-175,99,-172,120,-168,140,-164,160,-158,180,-153,198,-146,216,-138,233,-132,248,-122,263,-114,276,-105,289,-95,300,-84,310,-74,319,-64,325,-52,332,-41,335,-29,339,-18,340,-5,340,5,339,18,335,29,332,41,325,52,319,64,310,74,300,84,289,95,276,105,263,114,248,122,233,132,216,138,198,146,180,153,160,158,140,164,120,168,99,172,77,175,56,177,33,179,11,179,-11,179,-33,179,-56,177,-77,175,-99,172,-120,168,-140,164,-160,158,-180,153,-198,146,-216,138,-233,132,-248,122,-263,114,-276,105,-289,95,-300,84,-310,74,-319,64,-325,52,-332,41,-335,29,-339,18,-340,5,-340,-5,-339,-18,-335,-29,-332,-41,-325,-52,-319,-64,-310,-74,-300,-84,-289,-95,-276,-105,-263,-114,-248,-122,-233,-132,-216,-138,-198,-146,-180,-153,-160,-158,-140,-164,-120,-168,-99,-172,-77,-175,-56,-177,-33,-179,-11,-179]]]
794965	p	588409
795155	p	588409
8435741	p	588409
590031	r	27.5225,59.1019,28.209,59.4818	[[[275225,593800,14,-224,43,-223,71,-221,99,-218,127,-214,154,-210,180,-204,206,-198,231,-190,254,-182,277,-173,299,-164,319,-153,337,-142,178,-65,410,593,311,753,173,215,-85,177,216,147,558,161,698,-8,37,-56,21,-1,2,0,8,13,51,11,-5,-15,143,2,2,11,12,-8,33,8,-2,12,4,-12,51,9,4,-15,7,14,21,5,-17,-33,3,0,-1,-7,-24,-4,-3,5,-21,-10,53,7,-53,-15,30,7,65,-2,-15,4,12,3,-9,5,-29,-4,13,6,27,-1,3,-6,35,5,-35,-8,27,0,7,-6,24,3,6,-5,6,9,6,-2,-6,-9,-18,1,-20,-9,1,-6,64,-11,78,16,15,-7,8,7,15,-6,29,20,38,10,178,19,21,8,22,28,25,9,19,18,-5,18,32,33,-14,29,36,36,-4,20,40,32,-16,24,-72,9,33,5,-31,7,10,89,40,20,27,-6,3,9,-12,3,11,13,10,0,5,-9,36,16,-18,6,36,3,8,-9,37,5,3,-8,22,-4,-4,10,19,-3,-7,9,-24,-3,23,8,-20,5,56,14,14,-7,52,5,14,8,52,-2,59,10,17,-18,-1,-14,-14,-2,21,-2,-4,30,18,-1,36,16,34,0,-7,18,10,4,-31,0,16,26,88,7,50,52,4,10,-18,-6,52,29,72,24,-7,25,40,34,-17,13,-7,-18,-5,18,-40,21,14,45,31,37,-6,21,-54,60,-70,57,-89,49,-86,23,-88,35,-40,22,-8,30,-163,36,-73,30,-35,23,-22,-11,54,-191,167,-49,-29,-33,-28,13,-118,72,-94,91,-236,297,-214,117,-448,121,-195,188,-359,-348,-297,-188,-388,-137,-414,-69,-1562,196,-1539,49,-314,40,-36,-114,-43,-223,-14,-224],[280006,593337,318,83,55,2,2,-70,-22,6,-36,-5,-17,22,-97,-15,-18,-3,21,-20,-29,-11,7,-26,-184,37]]]
8435738	p	588409
589580	r	23.9487,58.0991,25.0491,58.6809	[[[239487,583900,12,-190,36,-190,58,-188,50,-112,159,-36,269,-179,461,-222,303,-274,106,-62,176,-37,92,42,180,228,171,88,182,0,366,-54,181,27,144,61,126,93,310,290,39,90,14,156,35,119,88,131,114,119,111,81,348,92,414,-20,410,-92,97,-40,0,-6,10,2,135,-57,19,-14,-88,-60,64,38,59,50,-29,-25,34,-14,-24,-22,-78,-50,79,50,24,22,544,-228,222,-170,94,-214,-119,-230,-270,-132,-300,-104,-205,-148,-34,-111,5,-110,-6,-110,-127,-214,3,-112,47,-107,77,-92,54,-106,-15,-122,-73,-219,0,-209,359,-6,361,6,359,19,355,31,352,43,345,55,338,68,328,78,318,90,307,100,293,111,279,121,263,130,247,139,228,147,211,155,190,162,170,167,149,174,127,178,105,182,82,185,0,3,84,810,-26,135,-58,188,-82,185,-105,182,-127,178,-149,174,-170,167,-190,162,-211,155,-228,147,-247,139,-263,130,-279,121,-293,111,-307,100,-318,90,-328,78,-338,68,-345,55,-352,43,-355,31,-359,19,-361,6,-361,-6,-359,-19,-355,-31,-352,-43,-345,-55,-338,-68,-328,-78,-318,-90,-307,-100,-293,-111,-279,-121,-263,-130,-247,-139,-228,-147,-211,-155,-190,-162,-170,-167,-149,-174,-127,-178,-105,-182,-82,-185,-58,-188,-36,-190,-12,-190]]]
587577	r	25.1038,58.1032,26.0762,58.6168	[[[251038,583600,10,-168,31,-167,52,-166,72,-164,93,-160,112,-158,131,-153,150,-148,168,-143,185,-136,202,-130,218,-123,232,-115,246,-106,259,-98,270,-89,280,-79,290,-70,298,-59,305,-49,309,-38,314,-27,317,-17,318,-5,318,5,317,17,314,27,309,38,305,49,298,59,290,70,280,79,270,89,259,98,246,106,232,115,218,123,202,130,185,136,168,143,150,148,131,153,112,158,93,160,72,164,52,166,31,167,10,168,-10,168,-31,167,-52,166,-72,164,-93,160,-112,158,-131,153,-150,148,-168,143,-185,136,-202,130,-218,123,-232,115,-246,106,-259,98,-270,89,-280,79,-290,70,-298,59,-305,49,-309,38,-314,27,-317,17,-318,5,-318,-5,-317,-17,-314,-27,-309,-38,-305,-49,-298,-59,-290,-70,-280,-79,-270,-89,-259,-98,-246,-106,-232,-115,-218,-123,-202,-130,-185,-136,-168,-143,-150,-148,-131,-153,-112,-158,-93,-160,-72,-164,-52,-166,-31,-167,-10,-168]]]
