360630	r	31.147,29.7075,32.0101,30.465	[[[311470,298658,114,-217,245,-1366,2948,80,76,89,131,190,91,170,221,36,2022,53,667,-160,1078,-50,27,2432,-118,745,-259,1636,1281,65,57,198,38,219,12,222,-12,222,-38,219,-62,215,-86,209,-107,197,-1346,588,-1069,-51,-1345,-1616,122,-356,604,-373,1996,-1231,-11,-64,-62,-215,-86,-209,-109,-201,-131,-190,-152,-178,-171,-165,-189,-149,-204,-132,-219,-114,-230,-95,-240,-75,-247,-54,-252,-32,-255,-11,-255,11,-252,32,-247,54,-240,75,-107,44,-126,116,-281,329,-56,195,39,880,692,818,-532,-27,-517,-82,-196,-10,-184,-21,-68,-19,-1028,651,-180,-502,254,-451,-604,-302,-7,-30,-355,0,-169,-235,485,-294,-42,-42,-22,-88,1,-105,9,-33,55,-119,-6,-86,10,-46,50,-91,30,-112,11,-15,50,-27,149,-107,11,-5,-1102,-837]]]
361058	r	28.65,30.3597,30.0931,31.3335	[[[286500,310095,50,-262,192,-708,245,-695,297,-680,349,-662,397,-641,446,-618,492,-590,535,-562,577,-531,262,-211,5685,3720,5,-127,88,-2859,54,-1072,1080,1052,2653,1145,-554,1191,266,290,-931,1418,455,266,1013,2126,775,882,-54,856,-1,83,-209,143,29,286,-274,-130,-5,-50,15,-13,27,0,32,-11,-95,-60,-66,-67,-79,-55,-139,-24,-81,-54,-199,-238,-132,-55,-138,-77,-465,-360,-115,-109,-73,0,-61,106,-78,-2,-78,-71,-57,-101,83,37,39,8,89,-114,-462,-354,-291,-118,-278,56,-155,-263,-1473,-923,-77,-74,-72,-99,-57,-25,-125,-56,-293,-130,-530,-342,-1476,-616,-1368,-571,-297,-48,-1611,-61,-1738,789,-186,48,-68,44,-39,93,-70,267,-60,56,-242,29,-196,70,-355,174,-827,254]]]
360995	n	31.0466,29.8658,31.2572,30.0948	[[[310466,300948,200,-1669,125,-27,679,-594,1102,837,-11,5,-149,107,-50,27,-11,15,-30,112,-3,5,-47,86,-10,46,6,86,-55,119,-9,33,-1,105,22,88,42,42,-485,294,-67,-32,-1248,315]]]
349076	n	30.9827,30.09,31.2916,30.2929	[[[309827,301596,73,-46,1794,0,256,-227,0,-423,355,0,7,30,604,302,-254,451,180,502,-42,168,-552,355,-339,-14,-876,235,-1206,-1333]]]
358619	r	32.0336,30.8685,33.0371,31.2951	[[[320336,310622,727,-423,828,70,71,-386,185,-277,108,-317,-82,-302,-266,-263,952,-39,988,111,1540,847,553,-173,-205,1056,49,146,-127,33,-299,161,-263,203,-283,420,-185,121,-425,354,-188,207,-115,94,-308,70,-149,84,-104,128,-24,167,-113,13,-63,0,-133,87,-439,74,-239,41,-132,9,-125,13,71,-168,122,38,205,-29,211,-65,151,-74,-125,-77,25,-88,168,-183,53,-171,-3,-140,-50,-298,-24,6,-9,2,-240,-8,180,-146,30,-185,-113,-176,-240,-120,-141,-20,-156,3,-128,40,-109,166,-110,-9,-78,-71,39,-109,-57,7,-45,-5,-29,12,-5,61,-120,-67,-15,-11,15,-26,-2,-15,9,-7,44,-10,0,-75,-51,5,-159,-5,79,-136,-37,6,-95,14,-201,89,-150,27,32,-105,62,-100,100,-65,147,-3,0,-62,-123,-69,-133,5,-127,51,-100,75,0,74,68,0,0,63,-68,47,-83,20,-89,-15,-57,-31,-63,-94,-210,-102]],[[326703,310625,129,-65,693,154,546,219,325,79,558,362,319,105,0,75,-69,0,-112,-72,-412,-179,-172,-115,-888,-376,-745,-168,-172,-19]],[[326905,310523,188,-95,57,28,0,67,-245,0]],[[327173,310387,2109,-1067,138,190,228,369,201,380,130,298,-34,-1,-332,104,138,0,-18,50,-21,99,-24,56,-93,120,-155,94,-169,39,-135,-49,0,-61,273,0,0,-75,-237,-105,-105,-31,0,68,77,8,33,49,-142,32,-42,54,-62,0,-103,-72,-517,-139,-616,-341,-57,7,-43,-7,-33,9,-8,58,-62,0,-64,-97,-115,-38,-140,-1]],[[329347,311479,212,153,806,371,6,53,-223,-89,-133,-84,-124,-62,-194,-91,-232,-97,-118,-154]],[[329544,311069,162,-54,236,-30,195,-3,23,67,111,407,31,165,-158,-171,-126,-202,-172,-153,-302,-26]],[[329697,310866,54,-1,34,-48,108,-83,-23,102,-39,63,-60,14,-74,-47]]]
359796	r	31.8445,28.7927,34.0783,30.5316	[[[318445,290106,1266,-211,1492,92,1392,367,1091,-1735,534,-692,2536,1213,-22,75,-106,126,-307,278,-66,108,17,352,51,297,-76,106,35,88,107,43,53,116,99,80,56,82,-8,217,-27,98,-17,60,1431,121,-2397,4641,-181,1172,27,544,886,321,26,14,147,-133,46,-63,34,-112,244,-263,60,-90,39,-82,24,-108,8,-168,-20,-95,-86,-204,-25,-147,17,-144,35,-147,9,-141,-61,-121,0,-62,316,-194,117,-410,-16,-468,-75,-367,135,0,-56,49,-15,66,24,78,47,85,62,0,7,-65,-17,-34,-27,-20,-25,-23,72,-13,54,-16,43,-36,38,-71,-77,0,488,-306,269,-114,39,-170,-37,-372,17,-7,203,-429,66,-79,92,-32,131,-77,72,-179,46,-206,55,-158,130,-121,212,-135,223,-109,158,-45,450,-410,20,-27,26,-81,16,-29,30,-16,83,-33,30,-19,168,-225,30,-17,34,-48,146,-102,13,-24,9548,4567,214,617,232,868,164,867,-8912,7407,-9163,-2871,-914,7,-3081,-156,259,-1636,118,-745,-27,-2432,-618,-7377]]]
353225	p	360630
360761	n	31.2931,30.9364,31.5075,31.1307	[[[312931,310225,648,-861,1496,568,-351,1119,-385,256,-372,-33,-1036,-1049]]]
360829	n	30.9896,30.8298,31.2203,31.0891	[[[309896,309585,12,-110,1642,-1177,255,52,398,2112,-334,253,-925,176,-1048,-1306]]]
347497	r	30.9009,30.7081,31.155,30.9475	[[[309009,307636,1341,-555,799,303,401,914,-1642,1177,-628,-603,-271,-1236]]]
359783	n	30.9486,26.9737,31.4103,27.2853	[[[309486,270900,88,-166,127,-190,147,-178,167,-165,183,-149,199,-132,213,-114,162,-69,43,35,0,1,1948,1592,1340,1357,-70,131,-3722,-942,-825,-1011]]]
361320	n	30.7498,29.2134,31.0287,29.3776	[[[307498,293103,1789,-969,513,177,105,65,382,526,-33,310,-2478,564,-278,-673]]]
360890	p	360630
355449	n	32.4345,25.1588,32.798,25.5111	[[[324345,254901,16,-211,-14,-324,27,-384,78,-272,11,-68,61,-142,45,-224,46,-156,209,-269,23,-156,292,-331,194,-121,179,-176,820,-381,121,-97,1,0,0,-1,87,59,75,85,36,17,-25,12,-4,2,-29,14,-3,10,-1,5,0,2,15,23,6,61,24,43,1,1,1,1,5,4,28,-7,46,62,-32,16,69,72,-93,62,-216,107,16,44,112,22,47,-9,28,8,19,21,15,6,-113,86,-15,21,-35,22,-19,21,20,46,261,431,1200,17,-8,147,-36,219,-59,215,-82,209,-104,201,-126,190,-145,178,-164,165,-180,149,-196,132,-40,22,-1855,309,-206,-47,-230,-75,-204,-88]]]
359493	n	31.4271,30.4879,31.6277,30.6487	[[[314271,305515,391,-636,1615,433,-57,330,-989,845,-960,-972]]]
361055	n	32.0842,30.3739,32.5309,30.8261	[[[320842,304414,13,-13,190,-149,205,-132,220,-114,232,-95,241,-75,248,-54,253,-32,256,-11,256,11,253,32,248,54,241,75,232,95,220,114,205,132,190,149,172,165,152,178,132,190,110,201,86,209,62,215,38,219,12,222,-12,222,-38,219,-62,215,-86,209,-110,201,-132,190,-152,178,-172,165,-190,149,-205,132,-220,114,-232,95,-241,75,-248,54,-253,32,-256,11,-256,-11,-253,-32,-248,-54,-211,-66,-511,-521,-379,-3163]]]
360502	r	32.1123,25.2975,33.4698,25.8925	[[[321123,255754,3105,-517,110,-235,7,-101,204,88,230,75,206,47,1855,-309,40,-22,196,-132,180,-149,164,-165,145,-178,126,-190,104,-201,82,-209,59,-215,36,-219,8,-147,6717,94,-116,33,-10,29,-46,52,10,45,-9,18,0,16,-38,19,-12,19,-12,51,-17,36,-30,17,-18,22,-19,-7,-15,3,-16,24,-17,6,-6,30,-12,6,4,19,-11,13,-1,13,-26,31,-37,25,-13,30,4,32,-7,21,-20,12,-14,35,-26,-8,-22,4,-17,11,-49,15,-8,12,-14,5,-1,17,-17,22,-18,8,-2,17,-24,24,2,27,-10,22,9,50,-14,23,-30,32,-49,25,-22,20,-14,33,17,19,-6,24,-59,47,-2,34,-27,34,-30,4,-17,19,-15,63,-47,36,-13,1,-13,17,3,6,-54,61,-36,15,-54,80,-26,12,1,12,-10,11,9,12,-17,20,5,22,-11,33,-28,24,-42,77,-33,29,-13,23,-23,10,-16,22,681,172,-1298,563,-211,176,-41,44,-40,17,-43,53,-69,2,-21,-30,-68,38,-24,23,-39,64,-24,88,-7,58,2,178,-15,62,12,30,4,93,-10,91,7,108,-67,188,-8,69,-2468,6,-1476,640,-48,74,-54,-29,-578,250,-4,27,-5,-1,3,51,-10,5,-13,24,0,26,-28,4,11,27,-58,12,-16,-15,-15,12,1,76,-5,5,-210,42,-13,21,-45,6,-104,1,-293,72,-19,-38,-1602,695,-588,-180,-2394,-2077,-877,-914]]]
353802	n	32.7072,24.37,33.1969,24.7061	[[[327072,245191,4555,-1482,27,-9,22,34,104,201,81,209,59,215,36,219,12,222,-12,222,-36,219,-59,215,-81,209,-104,201,-124,190,-145,178,-162,165,-180,149,-194,132,-208,114,-219,95,-228,75,-235,54,-239,32,-242,11,-242,-11,-239,-32,-235,-54,-228,-75,-219,-95,-208,-114,-194,-132,-180,-149,-162,-165,-145,-178,-124,-190,-104,-201,-81,-209,-59,-215,-8,-50]]]
359792	r	30.284,21.9944,35.7925,25.3069	[[[302840,224539,1051,-1347,1314,-1472,1415,-1389,449,-386,2112,0,975,-1,973,0,1355,0,101,56,1786,0,-16,-46,592,0,271,0,16380,0,213,0,2113,1,9307,0,2327,0,2327,1,3059,0,436,375,1415,1389,1314,1472,1207,1547,1093,1616,977,1679,357,725,-31,144,-68,174,-87,146,-128,90,-195,6,282,-459,121,-156,-266,136,-418,481,-202,345,-73,160,-132,912,-194,371,-141,284,-464,733,-73,328,-92,367,-79,481,11,473,-39,165,-61,156,-172,294,-216,282,-93,152,-39,146,23,152,98,277,22,158,18,868,47,414,-17,224,-8,115,-16,168,32,71,8,147,-84,123,-185,38,-84,254,66,304,93,417,-68,478,73,298,137,234,90,61,214,-53,152,-63,9,-51,104,-32,114,-124,68,-85,185,-69,152,-23,135,15,186,-30,185,-70,202,-77,152,69,363,154,144,-8,202,-200,152,-194,67,93,-177,216,-211,448,-151,146,-211,101,-262,77,-245,62,-312,-54,-303,169,-5,54,-19639,1911,-1898,90,186,10826,-7917,-111,-261,-431,-20,-46,19,-21,35,-22,15,-21,113,-86,-15,-6,-19,-21,-28,-8,-47,9,-112,-22,-16,-44,216,-107,93,-62,-52,-59,-8,-5,-9,-8,32,-16,-3,-5,-43,-57,-31,4,-3,-2,-25,-45,-6,-60,-15,-23,0,-2,3,-9,14,-12,20,-10,19,-5,6,-7,-36,-17,-75,-85,-87,-59,0,1,-40,-36,-86,-114,-23,-53,-26,-26,-85,-54,-303,-134,-138,-81,-76,-29,-1938,-4609,-1744,-3616,-7040,334,-12115,-18632],[356211,231393,-1344,-1160,-1409,-1217,-1337,-1153,2171,1920,1919,1610],[326322,249800,12,222,36,219,59,215,82,209,104,201,73,110,1089,880,75,33,229,75,236,54,240,32,243,11,243,-11,240,-32,236,-54,229,-75,220,-95,208,-114,196,-132,180,-149,163,-165,145,-178,125,-190,104,-201,82,-209,59,-215,36,-219,12,-222,-12,-222,-36,-219,-59,-215,-82,-209,-104,-201,-125,-190,-145,-178,-163,-165,-180,-149,-196,-132,-208,-114,-220,-95,-229,-75,-236,-54,-240,-32,-243,-11,-243,11,-240,32,-236,54,-229,75,-220,95,-208,114,-196,132,-180,149,-163,165,-145,178,-125,190,-104,201,-82,209,-59,215,-36,219,-12,222],[326734,244100,12,222,35,219,59,215,82,209,103,201,22,33,25,-8,8,50,59,215,81,209,104,201,124,190,145,178,162,165,180,149,194,132,208,114,219,95,228,75,235,54,239,32,242,11,242,-11,239,-32,235,-54,228,-75,219,-95,208,-114,194,-132,180,-149,162,-165,145,-178,124,-190,104,-201,81,-209,59,-215,36,-219,12,-222,-12,-222,-36,-219,-59,-215,-81,-209,-104,-201,-22,-34,-27,9,-8,-50,-59,-215,-82,-209,-103,-201,-124,-190,-145,-178,-162,-165,-101,-84,-3467,165,-82,84,-145,178,-124,190,-103,201,-82,209,-59,215,-35,219,-12,222],[341475,221919,2753,573,2593,487,-1804,-358,-1806,-358,-1736,-344],[347776,224998,844,1804,-338,-733,-506,-1071]]]
353219	n	30.7911,29.6351,31.1829,29.9279	[[[307911,298200,13,-222,37,-219,62,-215,86,-209,108,-201,131,-190,104,-123,2340,-470,1037,724,-245,1366,-114,217,-679,594,-125,27,-2667,-507,-38,-131,-37,-219,-13,-222]]]
356436	p	360630
358448	n	30.3579,30.9106,30.6134,31.1432	[[[303579,309951,742,-845,1224,325,589,640,-704,961,-1119,400,-732,-1481]]]
7799991	p	360630
8134081	p	360630
358048	r	31.4909,31.1602,32.0433,31.5356	[[[314909,312927,906,-423,495,-191,489,638,325,-145,361,-1204,102,20,360,327,356,643,0,57,-17,92,-80,42,-94,4,-68,13,-142,51,16,-37,13,-9,13,-5,20,-17,-15,-6,-107,-43,-110,25,-63,88,22,141,84,62,114,24,70,36,-57,95,0,61,125,47,-14,36,-70,35,-41,51,20,101,50,59,67,6,67,-61,61,0,83,67,92,-8,109,-37,133,-22,0,75,-215,4,-90,65,28,114,140,152,-61,75,-36,32,-46,29,33,12,30,-1,19,11,-7,53,68,0,70,-64,100,-21,101,22,71,63,-105,5,-78,24,-58,42,-39,59,0,74,75,0,0,68,-78,-4,-56,19,-71,48,-41,-58,-34,-12,-62,7,62,155,73,67,39,-10,-37,-75,140,-9,102,-55,66,-92,34,-123,68,0,-14,50,-32,48,-22,44,68,0,0,63,-68,0,29,137,-153,236,55,111,-205,0,48,71,18,55,-4,79,38,-20,70,-21,35,-21,5,30,-7,68,2,32,137,-68,41,100,65,36,168,-68,3,43,114,-56,144,-162,107,-162,99,-106,405,-432,-122,-13,-130,0,93,-66,81,-95,63,-119,30,-135,75,0,41,3,107,-78,171,-79,89,62,-184,143,-159,171,-132,285,-316,367,-45,107,-5,12,-144,266,-319,140,-385,7,-365,-103,-896,-437,-1340,-330,-169,-41,-258,-7,-148,-5,-309,59,607,-607,-66,-142,-299,-289,-592,-527]]]
350203	n	30.3344,31.2766,30.6831,31.5087	[[[303344,313809,1031,-1043,2455,1211,1,23,-11,200,-69,16,-91,-161,-122,-97,-271,-71,-281,-13,-151,76,-68,0,-64,-49,-71,1,-205,48,0,74,152,198,44,1,87,43,397,25,174,52,379,227,76,25,-18,61,-87,209,-32,58,-1241,-284,-433,-47,-361,35,-308,109,-270,176,-364,175,-65,-176,149,-295,280,-183,-202,34,-138,134,-89,187,-49,192,-69,0,85,-348,-40,-419,-139,-403,-1,-1]]]
360686	n	30.5054,27.9277,31.0145,28.2375	[[[305054,280900,13,-222,36,-219,61,-215,84,-209,107,-201,128,-190,149,-178,168,-165,31,-24,3029,1150,1285,488,-12,207,-36,219,-61,215,-84,209,-107,201,-128,190,-149,178,-42,41,-2348,-405,-1985,-343,-29,-71,-61,-215,-36,-219,-13,-222]]]
359173	n	31.0333,28.8773,31.3547,29.1217	[[[310333,289990,2005,-1217,90,47,202,132,187,149,169,165,150,178,130,190,108,201,85,209,61,215,27,159,-2810,799,-404,-1227]]]
349158	n	30.9329,30.4881,31.0947,30.6232	[[[309329,305381,567,-430,254,-70,786,149,11,16,-104,593,-893,593,-148,-61,-473,-790]]]
347796	n	31.4807,26.3605,31.725,26.6642	[[[314807,264503,105,-159,147,-178,166,-165,182,-149,198,-132,211,-114,3,-1,1431,1358,0,1679,-1383,-675,-1060,-1464]]]
13680149	n	32.0698,31.2951,32.1996,31.3706	[[[320699,313706,50,-95,16,-2,70,-21,46,-44,25,-72,-78,56,-27,12,-15,-2,32,-61,872,-470,306,-56,-101,57,-398,270,-144,57,-61,39,-249,241,-105,42,-18,7,-221,42]]]
350550	n	32.5621,26.0239,32.9803,26.3861	[[[325621,263272,614,-3033,3273,299,104,197,82,209,60,215,36,219,12,222,-12,222,-36,219,-60,215,-82,209,-105,201,-127,190,-146,178,-165,165,-182,149,-197,132,-211,114,-221,95,-232,75,-238,54,-243,32,-245,11,-245,-11,-243,-32,-238,-54,-232,-75,-221,-95,-211,-114,-197,-132,-92,-76]]]
353229	p	360630
355795	p	360630
352951	n	30.5863,27.6685,31.0937,27.83	[[[305863,277300,12,-222,37,-219,28,-99,555,-75,4427,374,3,19,12,222,-12,222,-37,219,-60,215,-84,209,-71,135,-4546,0,-71,-135,-84,-209,-60,-215,-37,-219,-12,-222]]]
361291	n	33.5574,27.0339,33.905,27.4386	[[[335574,272600,12,-222,36,-219,60,-215,84,-209,106,-201,127,-190,148,-178,167,-165,183,-149,199,-132,213,-114,224,-95,234,-75,240,-54,245,-32,248,-11,248,11,245,32,240,54,217,70,-36,81,-183,221,-171,144,-188,118,-104,138,-43,171,-9,221,-13,59,-49,87,-7,59,23,36,91,67,23,34,21,379,-21,105,-130,171,-197,124,-423,183,-386,233,-331,282,-69,138,-73,444,-63,203,-71,99,-87,83,-57,-38,-183,-149,-167,-165,-148,-178,-127,-190,-106,-201,-84,-209,-60,-215,-36,-219,-12,-222]]]
361546	n	33.5379,30.9039,34.0624,31.2259	[[[335379,311247,10,-169,38,-219,62,-215,87,-209,110,-201,133,-190,153,-178,173,-165,191,-149,206,-132,221,-114,233,-95,242,-75,250,-54,255,-32,257,-11,257,11,255,32,250,54,242,75,233,95,221,114,206,132,191,149,173,165,153,178,133,190,110,201,87,209,62,215,38,219,13,222,-13,222,-38,219,-62,215,-87,209,-51,94,-1830,-624,-2063,-462,-332,-19,-227,59,0,-69,-196,72,-346,31]]]
354502	n	30.7908,30.9585,31.0944,31.3321	[[[307908,310739,1988,-1154,1048,1306,-297,1052,-1729,1378,-30,-3,-249,-54,-243,-75,-232,-95,-44,-22,-212,-2333]]]
358840	n	31.4432,30.2983,31.7381,30.5312	[[[314432,304511,518,-1181,1086,-347,1345,1616,-1104,713,-1615,-433,-230,-368]]]
359280	n	31.0936,30.3998,31.293,30.5258	[[[310936,305030,292,-1032,1672,254,30,46,-447,960,-1536,-212,-11,-16]]]
355628	n	30.1795,31.1989,30.4375,31.3809	[[[301795,312714,590,26,161,43,0,-69,-33,-3,-73,8,-31,-5,0,-61,177,36,148,64,142,29,154,-68,-103,-268,-40,-67,-73,30,-48,55,-20,81,5,108,-63,0,-10,-80,-18,-41,-22,-33,-24,-58,-33,23,-8,4,-27,48,-248,-203,428,-324,1223,42,426,735,-1031,1043,-216,-303,-611,-472,-351,-170,-371,-81,0,-69]]]
352733	n	26.977,31.1239,27.4554,31.4303	[[[269770,313500,13,-222,38,-219,63,-215,86,-209,111,-201,132,-190,154,-178,174,-165,191,-149,207,-132,221,-114,234,-95,243,-75,250,-54,255,-32,258,-11,258,11,255,32,250,54,243,75,234,95,221,114,207,132,191,149,174,165,121,140,-91,26,-288,140,-239,175,-101,138,-100,299,-70,112,-27,59,-15,150,-29,30,-51,23,-45,55,-75,127,-22,70,19,37,3,35,-75,69,-73,41,-69,18,-626,-10,-119,13,-41,-40,-96,-50,-62,-46,-162,104,-249,62,-677,61,-630,182,-274,137,-112,22,-93,5,-101,37,-19,16,-61,-147,-63,-215,-38,-219,-13,-222]]]
360716	n	31.9702,30.9762,32.1934,31.3858	[[[319702,312204,632,-2156,1095,-286,108,44,221,114,176,113,-43,236,-828,-70,-727,423,210,102,63,94,-39,-21,-80,48,-50,20,36,84,50,59,73,38,102,23,0,75,-95,30,-61,56,-22,58,-9,24,-13,106,-61,0,-30,-75,-58,-46,-83,-20,-108,4,0,68,208,154,-5,108,-68,85,0,62,72,28,36,37,19,56,17,85,-32,-25,-112,-44,17,134,17,33,41,44,0,62,-143,68,-46,-45,-62,-43,-27,-42,-143,62,0,68,143,0,-227,67,-164,-99]],[[320344,313796,96,-45,48,-41,26,-46,46,-35,189,-18,-50,95,-23,5,-106,40,-137,107,-89,-62]],[[320701,313540,117,-63,-32,61,-29,-3,-56,5]]]
350789	p	349076
361179	p	360630
362485	n	31.6009,30.6617,31.735,30.923	[[[316009,308431,154,-1293,516,-521,671,278,0,1931,-277,404,-371,-62,-693,-737]]]
352181	n	31.25,30.6044,31.366,30.8387	[[[312500,306183,256,-139,616,222,288,486,-453,1549,-96,86,-611,-37,0,-2167]]]
361661	n	31.725,26.4963,31.9911,26.7643	[[[317250,264963,2661,1262,-8,31,-83,209,-106,201,-126,190,-147,178,-166,165,-182,149,-198,132,-211,114,-115,49,-1319,-1001,0,-1679]]]
355026	n	31.6418,26.1424,32.1177,26.5115	[[[316418,263107,24,-148,60,-215,83,-209,105,-201,126,-190,147,-178,165,-165,182,-149,198,-132,176,-95,3492,2916,-66,125,-126,190,-147,178,-165,165,-142,116,-45,-22,-4067,-1986]]]
358108	n	30.543,31.0071,30.812,31.3359	[[[305430,311032,704,-961,809,51,965,617,212,2337,-162,104,-221,114,-161,65,-2146,-2327]]]
13680148	p	358619
349717	n	30.4549,28.1624,30.959,28.4693	[[[304549,283100,12,-222,37,-219,61,-215,84,-209,107,-201,129,-190,149,-178,43,-42,4342,749,28,71,49,172,-4299,2077,-163,-159,-149,-178,-129,-190,-107,-201,-84,-209,-61,-215,-37,-219,-12,-222]]]
12451089	n	31.4099,30.1597,31.6158,30.333	[[[314099,302832,296,-1235,440,69,532,27,791,934,-122,356,-1086,347,-851,-498]]]
353492	p	360995
358821	n	31.2604,31.1274,31.4577,31.4359	[[[312604,312686,378,-1004,985,-408,372,33,237,2887,1,4,-215,66,-250,54,-255,32,-204,9,-1049,-1673]]]
358600	n	30.9905,29.0415,31.3871,29.2902	[[[309905,292376,832,-1159,2810,-799,0,-1,8,-2,13,19,108,201,85,209,61,215,37,219,12,222,-12,222,-7,40,-3565,1140,-382,-526]]]
347634	n	31.3255,26.72,31.6995,26.9233	[[[313255,267200,2169,0,1571,1873,-51,61,-99,99,-2745,-1042,-845,-991]]]
347907	n	30.7059,29.3212,31.0288,29.6088	[[[307059,295843,717,-2067,2478,-564,34,127,-2816,2749,-204,-108,-203,-132,-6,-5]]]
354775	n	29.961,30.9939,30.2186,31.1773	[[[299610,309939,2345,324,231,789,-1425,721,-605,-688,-546,-1146]]]
360754	n	31.8487,31.0048,32.0334,31.2204	[[[318487,310141,1847,-93,-632,2156,-27,-16,-156,-142,-116,-14,-56,-156,-83,-6,-48,95,50,141,-68,0,0,-74,-47,11,-12,22,3,25,-10,12,-645,-1961]]]
352354	n	30.696,30.3383,30.9896,30.5381	[[[306960,304966,496,-1583,1143,255,1297,1313,-567,430,-2369,-415]]]
360048	n	30.7276,30.149,31.1033,30.371	[[[307276,302464,35,-120,86,-209,109,-201,131,-190,152,-178,79,-76,1959,106,1206,1333,-162,451,-941,330,-1331,-72,-1143,-255,-180,-919]]]
359815	n	31.3111,30.8064,31.6702,30.9932	[[[313111,308387,96,-86,2028,-237,774,367,693,737,-1627,764,-1496,-568,-468,-977]]]
353183	n	30.5841,28.5275,31.0959,28.7907	[[[305841,286500,12,-222,9,-54,4290,-868,397,-81,108,159,107,201,85,209,61,215,37,219,12,222,-12,222,-5,27,-4298,1152,-245,6,-127,-151,-129,-190,-107,-201,-85,-209,-61,-215,-37,-219,-12,-222]]]
352913	n	30.7327,27.0851,31.1191,27.5185	[[[307327,272328,38,-93,106,-201,127,-190,148,-178,167,-165,184,-149,199,-132,213,-114,224,-95,233,-75,241,-54,239,-31,865,1060,880,3011,-87,58,-213,114,-215,91,-50,-14,-78,-21,-3221,-2822]]]
356989	n	31.735,30.6417,31.9312,30.8826	[[[317350,306895,990,-478,972,1034,-1962,1375,0,-1931]]]
359212	n	30.5448,28.4133,31.0555,28.6225	[[[305448,285066,4902,-931,10,-2,1,2,84,209,61,215,37,219,12,222,-12,222,-9,56,-4680,947,-108,-159,-107,-201,-84,-209,-61,-215,-37,-219,-9,-156]]]
361329	n	30.6644,28.6745,31.1423,28.8852	[[[306644,287901,4316,-1156,21,21,150,178,130,190,107,201,55,136,-2273,1381,-2506,-951]]]
347591	p	360761
362973	n	31.0311,27.1911,31.4018,27.4961	[[[310311,271911,3707,939,-4,72,-36,219,-60,215,-84,209,-106,201,-127,190,-148,178,-166,165,-184,149,-199,132,-213,114,-224,95,-234,75,-240,54,-245,32,-248,11,-248,-11,-54,-7,-887,-3032]]]
346030	n	31.1149,30.6183,31.25,30.835	[[[311149,307384,568,-861,783,-340,0,2167,-695,0,-255,-52,-401,-914]]]
362004	n	31.0815,26.9546,31.3608,27.1365	[[[310815,269773,55,-138,47,-89,2349,105,342,432,-845,1282,-1948,-1592]]]
358269	n	30.5567,27.4846,31.0537,27.6761	[[[305567,275600,12,-222,36,-219,61,-215,39,-98,4822,305,-4042,1534,-565,76,-64,-95,-106,-201,-84,-209,-61,-215,-36,-219,-12,-222]]]
347296	n	31.3607,26.8191,31.6812,26.9734	[[[313607,269439,493,-1248,2712,1030,-6,101,-36,219,-54,193,-3109,-295]]]
358172	n	31.4724,30.9168,31.7561,31.1524	[[[314724,311051,351,-1119,1627,-764,371,62,488,531,-1369,1299,-12,-7,-12,30,-465,441,-979,-473]]]
361029	n	31.7485,31.0064,31.9132,31.2592	[[[317485,311602,460,-1538,542,77,645,1961,-3,4,-37,-25,-23,-25,-28,-18,-47,-6,-10,67,18,31,28,16,33,22,-137,0,0,68,137,0,-43,70,-14,55,15,62,42,93,-77,-50,-52,-67,-76,-163,-98,97,-150,91,-156,66,-112,26,-39,42,0,34,-356,-643,-360,-327,-102,-20]]]
360526	n	30.567,27.2293,31.0548,27.5151	[[[305670,274400,12,-222,36,-219,60,-215,84,-209,106,-201,128,-190,148,-178,167,-165,184,-149,199,-132,213,-114,225,-95,55,-18,3261,2857,-11,1,-4817,-305,-2,-5,-36,-219,-12,-222]]]
352352	n	31.2483,30.4298,31.4662,30.6266	[[[312483,305258,447,-960,1502,213,230,368,-391,636,-899,751,-616,-222,-273,-786]]]
12640364	n	30.7406,29.8771,31.0666,30.1596	[[[307406,300200,13,-222,37,-219,62,-215,86,-209,109,-201,130,-190,147,-173,2676,508,-200,1669,-566,602,-73,46,-1955,-106,-29,-34,-130,-190,-109,-201,-86,-209,-62,-215,-37,-219,-13,-222]]]
358870	n	30.915,28.7461,31.2321,29.0086	[[[309150,288852,2273,-1381,16,-10,175,140,169,165,150,178,130,190,107,201,85,209,61,215,5,24,-1988,1207,-533,96,-650,-116,0,-1118]]]
360542	n	31.622,30.4599,31.845,30.6895	[[[316220,305642,57,-330,1104,-713,1069,51,-110,1767,-990,478,-671,-278,-459,-975]]]
359576	n	30.99,30.0633,31.195,30.155	[[[309900,301550,566,-602,1248,-315,67,32,169,235,0,423,-256,227,-1794,0]]]
356806	n	30.3949,31.1032,30.7585,31.3962	[[[303949,312031,362,-599,1119,-400,2155,2337,-55,65,-173,165,-191,149,-207,132,-159,82,-2425,-1196,-426,-735]]]
7799998	n	31.4636,29.9139,31.8758,30.2254	[[[314636,299995,56,-195,281,-329,126,-116,107,-44,240,-75,247,-54,252,-32,255,-11,255,11,252,32,247,54,240,75,230,95,219,114,204,132,189,149,171,165,152,178,131,190,109,201,86,209,62,215,11,64,-1996,1231,-461,-274,-142,-91,-234,-168,-558,-28,-692,-818,-39,-880]]]
360773	n	31.5852,26.3084,32.0485,26.6237	[[[315852,263636,62,-92,147,-178,165,-165,143,-117,4116,2009,-24,148,-60,215,-83,209,-105,201,-127,190,-147,178,-3,3,-25,-12,-2661,-1262,-1398,-1327]]]
361473	p	360630
362277	n	30.5859,27.83,31.0942,28.0923	[[[305859,279287,11,-209,37,-219,61,-215,84,-209,71,-135,4554,0,71,135,84,209,61,215,37,219,12,222,-12,222,-37,219,-61,215,-84,209,-106,201,-129,190,-148,178,-168,165,-29,24,-4309,-1636]]]
358726	n	31.0647,31.0715,31.2982,31.2686	[[[310647,311943,297,-1052,925,-176,1113,967,-378,1004,-1957,-743]]]
349715	n	31.1805,30.835,31.3579,31.0462	[[[311805,308350,695,0,611,37,468,977,-648,861,-728,237,-398,-2112]]]
362865	p	360995
355648	n	30.4223,29.1677,30.7776,29.5861	[[[304223,293600,13,-222,37,-219,61,-215,85,-209,109,-201,130,-190,150,-178,170,-165,187,-149,203,-132,81,-43,2049,1426,278,673,-717,2067,-2,7,-4,0,-253,11,-253,-11,-250,-32,-245,-54,-238,-75,-229,-95,-217,-114,-203,-132,-187,-149,-170,-165,-150,-178,-130,-190,-109,-201,-85,-209,-61,-215,-37,-219,-13,-222]]]
410366	p	358619
350422	n	32.5105,25.7201,33.0097,26.0539	[[[325106,259055,9,-177,2,-11,1467,-637,19,38,293,-72,104,-1,45,-6,13,-21,210,-42,5,-5,-1,-76,15,-12,16,15,58,-12,-11,-27,28,-4,0,-26,13,-24,10,-5,-3,-51,5,1,4,-27,578,-250,54,29,48,-74,868,-376,32,18,197,132,181,149,165,165,146,178,126,190,105,201,82,209,60,215,36,219,12,222,-12,222,-36,219,-60,215,-82,209,-105,201,-126,190,-146,178,-5,5,-3290,-300,-1129,-1184]]]
360615	p	349076
354365	n	30.7316,30.7073,30.928,30.8872	[[[307316,308332,828,-1259,865,563,271,1236,-1698,-108,-266,-432]]]
360923	n	30.3013,25.35,30.7987,25.6762	[[[303013,254500,12,-222,36,-219,59,-215,82,-209,70,-135,4456,0,70,135,82,209,59,215,36,219,12,222,-12,222,-36,219,-59,215,-82,209,-105,201,-125,190,-145,178,-164,165,-181,149,-196,132,-210,114,-220,95,-230,75,-237,54,-241,32,-244,11,-244,-11,-241,-32,-237,-54,-230,-75,-220,-95,-210,-114,-196,-132,-181,-149,-164,-165,-145,-178,-125,-190,-105,-201,-82,-209,-59,-215,-36,-219,-12,-222]]]
12640357	n	30.3017,25.0239,30.7983,25.35	[[[303017,252500,12,-222,36,-219,59,-215,82,-209,104,-201,125,-190,146,-178,163,-165,181,-149,196,-132,209,-114,220,-95,229,-75,237,-54,241,-32,243,-11,243,11,241,32,237,54,229,75,220,95,209,114,196,132,181,149,163,165,146,178,125,190,104,201,82,209,59,215,36,219,12,222,-12,222,-36,219,-59,215,-82,209,-70,135,-4448,0,-70,-135,-82,-209,-59,-215,-36,-219,-12,-222]]]
356000	n	30.23,30.6839,30.4321,31.0059	[[[302300,306902,89,-20,254,-32,257,-11,257,11,225,29,939,2227,-742,845,-1279,108,0,-3157]]]
352344	n	31.6101,31.106,31.7485,31.2951	[[[316101,311250,67,-167,24,-23,825,450,468,92,-361,1204,-325,145,-489,-638,165,-63,-87,-338,-260,-130,-27,-532]]]
352628	n	30.5308,28.2606,31.035,28.5067	[[[305308,284685,4303,-2079,163,160,149,178,129,190,107,201,85,209,60,215,37,219,9,157,-4908,932,-1,-2,-85,-209,-48,-171]]]
360928	n	31.28,30.1534,31.4395,30.2834	[[[312800,302353,42,-168,1028,-651,68,19,184,21,196,10,77,13,-296,1235,-33,2,-1266,-481]]]
9075170	p	358619
358095	n	31.3207,30.6752,31.5235,30.8301	[[[313207,308301,453,-1549,1189,139,386,1173,-2028,237]]]
355635	n	32.6322,24.7539,33.1278,25.2061	[[[326322,249800,12,-222,36,-219,59,-215,82,-209,104,-201,125,-190,145,-178,163,-165,180,-149,196,-132,208,-114,220,-95,229,-75,236,-54,240,-32,243,-11,243,11,240,32,236,54,229,75,220,95,208,114,196,132,180,149,163,165,145,178,125,190,104,201,82,209,59,215,36,219,12,222,-12,222,-36,219,-59,215,-82,209,-104,201,-125,190,-145,178,-163,165,-180,149,-196,132,-208,114,-220,95,-229,75,-236,54,-240,32,-243,11,-243,-11,-240,-32,-236,-54,-229,-75,-75,-33,-1089,-880,-73,-110,-104,-201,-82,-209,-59,-215,-36,-219,-12,-222]]]
360170	p	360502
347883	n	30.8599,30.3638,31.015,30.4951	[[[308599,303638,1331,72,220,1171,-254,70,-1297,-1313]]]
355417	n	30.5545,30.8157,30.7582,31.0122	[[[305545,309431,774,-1274,997,175,266,432,-639,1358,-809,-51,-589,-640]]]
354981	n	31.2487,26.4449,31.5867,26.72	[[[312487,266700,12,-222,36,-219,60,-215,83,-209,106,-201,126,-190,147,-178,166,-165,183,-149,198,-132,211,-114,223,-95,232,-75,240,-54,244,-32,14,-1,39,54,1060,1464,-443,1233,-2169,0,-767,-471,-1,-29]]]
349114	n	31.4339,31.1051,31.631,31.4261	[[[314339,311307,385,-256,979,473,607,789,-495,191,-906,423,592,527,299,289,66,142,-359,359,-50,6,-257,11,-257,-11,-255,-32,-112,-24,-237,-2887]]]
359953	n	30.6581,30.4966,30.9802,30.684	[[[306581,305454,379,-488,2369,415,473,790,-1760,669,-1461,-1386]]]
352679	n	31.29,30.2832,31.495,30.4511	[[[312900,303897,1166,-1063,33,-2,851,498,-518,1181,-1502,-213,-30,-46,0,-355]]]
358970	n	30.6943,30.8764,30.9908,31.0739	[[[306943,310122,639,-1358,1698,108,628,603,-12,110,-1988,1154,-965,-617]]]
355939	n	31.5138,30.5642,31.6679,30.7138	[[[315138,306671,93,-184,989,-845,459,975,-516,521,-1025,-467]]]
355420	n	30.5461,29.0548,30.9287,29.3103	[[[305461,291685,61,-150,108,-201,130,-190,150,-178,170,-165,187,-149,161,-104,948,135,1911,1451,-1789,969,-2037,-1418]]]
349156	n	31.2248,30.2353,31.4066,30.3897	[[[312248,302708,552,-355,1266,481,-1166,1063,-652,-1189]]]
347542	n	30.7477,29.3339,31.1367,29.6821	[[[307477,296084,2811,-2745,1079,1461,-575,1551,-2342,470,-66,-27,-217,-114,-204,-132,-187,-149,-170,-165,-129,-150]]]
347612	n	30.8042,30.6171,31.035,30.7636	[[[308042,306840,1760,-669,148,61,400,849,-1341,555,-865,-563,-102,-233]]]
353223	n	30.2497,30.1439,30.7456,30.5961	[[[302497,303700,13,-222,37,-219,62,-215,86,-209,109,-201,132,-190,152,-178,171,-165,190,-149,205,-132,219,-114,231,-95,240,-75,248,-54,253,-32,255,-11,255,11,253,32,248,54,240,75,231,95,219,114,205,132,190,149,171,165,152,178,11,16,181,923,-496,1583,-379,488,-1359,502,-122,5,-255,-11,-253,-32,-248,-54,-240,-75,-231,-95,-219,-114,-205,-132,-190,-149,-171,-165,-152,-178,-132,-190,-109,-201,-86,-209,-62,-215,-37,-219,-13,-222]]]
356933	n	31.9107,25.8238,32.2,26.2217	[[[319107,260368,5,-90,36,-219,60,-215,83,-209,104,-201,127,-190,146,-178,164,-165,182,-149,197,-132,211,-114,221,-95,231,-75,238,-54,243,-32,245,-11,245,11,155,21,0,3946,-2893,-1849]]]
361301	n	31.0782,26.6685,31.41,26.9651	[[[310782,268800,12,-222,37,-219,60,-215,83,-209,105,-201,128,-190,147,-178,166,-165,183,-149,198,-132,212,-114,223,-95,81,-26,71,44,767,471,845,991,-493,1248,-341,212,-2340,-105,-35,-90,-60,-215,-37,-219,-12,-222]]]
360612	n	31.3372,30.5515,31.5231,30.6891	[[[313372,306266,899,-751,960,972,-93,184,-289,220,-1189,-139,-288,-486]]]
355595	n	30.7376,28.997,30.98,29.2311	[[[307376,290683,1774,-713,650,116,0,2225,-513,-177,-1911,-1451]]]
361827	n	30.3377,30.6054,30.6319,30.9431	[[[303377,306867,1,-1,173,-165,190,-149,206,-132,220,-114,232,-95,242,-75,249,-54,218,-28,1211,2103,-774,1274,-1224,-325,-944,-2239]]]
361435	n	31.7726,26.0317,32.2482,26.4375	[[[317726,261460,66,-126,126,-190,147,-178,165,-165,182,-149,197,-132,211,-114,208,-89,79,51,2893,1849,482,463,-26,161,-60,215,-83,209,-105,201,-126,190,-147,178,-165,165,-182,149,-197,132,-175,95,-40,-34,-3074,-2567,-376,-314]]]
362882	n	29.9092,30.6839,30.23,31.0263	[[[299092,308929,3,-51,38,-219,62,-215,87,-209,110,-201,132,-190,153,-178,172,-165,190,-149,207,-132,220,-114,232,-95,242,-75,249,-54,254,-32,257,-11,257,11,254,32,89,20,0,3157,-345,204,-2345,-324,-467,-980,-51,-30]]]
350370	n	31.0843,30.5046,31.2756,30.6523	[[[310843,305639,104,-593,1536,212,273,786,-256,139,-783,340,-874,-884]]]
347751	n	30.5934,28.7901,30.915,29.0683	[[[305934,289200,13,-222,37,-219,61,-215,85,-209,107,-201,130,-190,30,-36,247,-7,2506,951,0,1118,-1774,713,-930,-133,-79,-94,-130,-190,-107,-201,-85,-209,-61,-215,-37,-219,-13,-222]]]
358115	n	32.2815,25.8939,32.6235,26.3461	[[[322815,262683,1489,-3713,151,-20,245,-11,245,11,69,9,1221,1280,-621,3064,-188,61,-238,54,-243,32,-245,11,-245,-11,-243,-32,-238,-54,-231,-75,-222,-95,-211,-114,-197,-132,-182,-149,-116,-116]]]
355596	n	30.98,28.999,31.0737,29.2376	[[[309800,290086,533,-96,404,1227,-832,1159,-105,-65,0,-2225]]]
361457	n	30.993,30.338,31.1228,30.503	[[[309930,303710,941,-330,357,618,-292,1032,-786,-149,-220,-1171]]]
358388	n	32.6734,24.2417,33.1627,24.5199	[[[326734,244100,12,-222,35,-219,59,-215,82,-209,103,-201,124,-190,145,-178,82,-84,3467,-165,101,84,162,165,145,178,124,190,103,201,82,209,59,215,8,50,-4555,1482,-25,8,-22,-33,-103,-201,-82,-209,-59,-215,-35,-219,-12,-222]]]
359900	n	31.0792,29.4059,31.5382,29.7154	[[[310792,296351,575,-1551,3196,-738,10,-3,53,42,170,165,151,178,130,190,109,201,85,209,61,215,38,219,12,222,-12,222,-38,219,-61,215,-85,209,-109,201,-130,190,-151,178,-21,20,-2946,-79,-1037,-724]]]
362552	n	30.1955,30.9951,30.4311,31.2031	[[[301955,310263,345,-204,1279,-108,732,1481,-362,599,-1223,-42,-540,-937,-231,-789]]]
358274	n	30.6495,27.515,31.1035,27.7059	[[[306495,276685,4042,-1534,11,-1,78,21,110,163,106,201,84,209,60,215,37,219,12,222,-12,222,-37,219,-60,215,-1,3,-4430,-374]]]
361360	n	30.7287,31.3653,31.0424,31.6008	[[[307287,315121,77,-186,21,-38,506,206,773,380,924,298,151,18,0,68,-2452,-746]],[[307756,314373,6,-7,174,-165,192,-149,207,-132,222,-114,234,-95,191,-58,991,473,196,818,-112,-82,-35,-66,59,-83,-112,-202,-69,-78,-93,-68,-67,76,-343,129,-20,-32,-2,-12,-5,-9,-34,-21,-3,-45,15,-9,25,2,24,-11,-133,-102,-170,-93,-170,-47,-135,32,-5,47,15,12,28,-1,31,10,-121,54,-140,-12,-128,-31,-95,-11,-148,56,-130,74,-111,44,-89,-32,-140,-60]],[[309780,315843,452,-13,137,-51,55,229,-300,-39,-248,-80,-96,-46]]]
351434	n	32.2,25.8238,32.4285,26.2754	[[[322000,258271,155,-21,245,-11,245,11,243,32,238,54,231,75,221,95,211,114,197,132,182,149,116,117,-1488,3712,-151,20,-85,4,-560,-537,0,-3946]]]
433774	n	31.834,30.4066,32.1222,30.7577	[[[318340,306417,110,-1767,1337,-584,122,16,249,54,241,75,231,95,212,110,379,3161,-1909,-126,-972,-1034]]]
351708	n	31.1869,31.0225,31.3967,31.1682	[[[311869,310715,334,-253,728,-237,1036,1049,-985,408,-1113,-967]]]
361213	n	30.8888,31.1943,31.3666,31.4734	[[[308888,313345,1759,-1402,1957,743,1049,1673,13,20,-134,155,-173,165,-46,35,-3340,-608,-1023,-489,-28,-96,-34,-196]]]
360464	n	31.0254,29.1757,31.4676,29.48	[[[310254,293212,33,-310,3565,-1140,15,-5,55,44,169,165,151,178,130,190,108,201,85,209,62,215,37,219,12,222,-12,222,-37,219,-62,215,-2,6,-3196,738,-1079,-1461,-34,-127]]]
361478	n	31.3266,26.9439,31.672,27.1792	[[[313266,269651,341,-212,3104,295,9,166,-12,222,-36,219,-60,215,-84,209,-105,201,-127,190,-148,178,-166,165,-183,149,-199,132,-23,12,-23,-20,0,-1,-1946,-1688,-342,-432]]]
353828	n	30.5104,30.5454,30.8144,30.8332	[[[305104,306047,48,-46,46,-36,1383,-511,1461,1386,102,233,-828,1259,-997,-175,-1215,-2110]]]
421251	p	358048
359892	n	31.2763,27.0083,31.5554,27.2761	[[[312763,271365,845,-1282,1946,1688,-57,85,-148,178,-166,165,-183,149,-199,132,-212,114,-224,95,-223,72,-1379,-1396]]]
361103	n	31.4849,30.6671,31.6163,30.8431	[[[314849,306891,289,-220,1025,467,-154,1293,-774,-367,-386,-1173]]]
360748	n	31.5424,26.5967,31.852,26.9103	[[[315424,267200,443,-1233,1383,675,1270,964,-14,50,-84,209,-105,201,-127,190,-147,178,-165,165,-183,149,-198,132,-212,114,-223,95,-43,14,-24,-29,0,-1,-1571,-1873]]]
358620	n	33.6885,26.5239,34.0518,26.9756	[[[336885,267500,12,-222,36,-219,60,-215,84,-209,105,-201,127,-190,147,-178,166,-165,183,-149,198,-132,211,-114,224,-95,232,-75,239,-54,244,-32,247,-11,247,11,244,32,239,54,232,75,156,66,-279,330,-99,309,-104,140,-158,85,-324,89,-140,105,-93,291,198,608,-2,259,-39,131,-20,176,0,178,25,132,113,188,92,-34,109,-93,164,8,75,110,-9,160,-66,317,-51,108,-121,75,-145,70,-127,91,-96,136,-126,296,-8,14,-134,-6,-244,-32,-239,-54,-232,-75,-224,-95,-211,-114,-198,-132,-183,-149,-166,-165,-147,-178,-127,-190,-105,-201,-84,-209,-60,-215,-36,-219,-12,-222]],[[339551,267900,277,-559,68,-138,140,-121,-7,234,-74,201,-199,383,-50,6,0,1,-155,-7]]]
361119	n	30.0761,31.1052,30.2726,31.2906	[[[300761,311773,1425,-721,540,937,-428,324,-54,-44,-39,-67,-47,-8,-86,15,-55,56,51,114,-416,-211,-106,54,-109,73,-36,78,120,68,-35,10,-31,0,-14,15,6,50,84,42,113,112,82,44,-366,34,-375,99,-36,9,-73,50,1,-83,54,-856,-170,-194]]]
347236	n	31.0871,30.2694,31.29,30.4252	[[[310871,303380,162,-451,876,-235,339,14,652,1189,0,355,-1672,-254,-357,-618]]]
358683	p	360630
359304	n	30.9973,31.4126,31.3508,31.6079	[[[309973,314126,3364,613,85,205,63,215,23,134,-9,3,-1289,503,-923,250,-313,30,-550,-71,-55,-229,339,-125,403,-257,193,-227,-69,9,-60,-19,-64,-37,181,-78,-39,-67,-61,-47,-81,-19,-95,13,-18,39,3,46,-27,38,-167,94,-94,31,-364,24,-58,-12,-58,-47,3,-46,11,-51,-30,-61,-48,-36,-196,-818]]]
358769	n	30.995,30.5639,31.1717,30.7384	[[[309950,306232,893,-593,874,884,-568,861,-799,-303,-400,-849]]]
361125	n	31.7073,30.7451,32.1817,31.0141	[[[317073,309230,277,-404,1962,-1375,1909,126,535,546,10,36,38,219,12,222,-12,222,-38,219,-62,215,-87,209,-110,201,-64,92,-1109,290,-1847,93,-542,-77,-384,-303,-488,-531]]]
359678	n	33.4212,28.0512,33.8749,28.4661	[[[334212,283814,20,-32,43,-13,64,-105,1308,-693,97,-164,235,-310,77,-134,72,43,54,-73,148,-488,18,-32,88,-90,31,-49,74,0,0,75,62,0,21,-61,33,-31,41,-20,48,-32,-21,-145,118,-217,171,-205,141,-109,5,-176,440,-241,16,8,201,132,186,149,168,165,149,178,128,190,107,201,84,209,61,215,37,219,12,222,-12,222,-37,219,-61,215,-84,209,-107,201,-128,190,-149,178,-168,165,-186,149,-201,132,-214,114,-226,95,-236,75,-243,54,-247,32,-250,11,-250,-11,-247,-32,-243,-54,-236,-75,-226,-95,-214,-114,-201,-132,-186,-149,-168,-165,-17,-20]]]
