344979	r	38.3927,8.6939,39.1711,9.42	[[[383927,89200,11,-222,32,-219,55,-215,75,-209,95,-201,115,-190,133,-178,150,-165,165,-149,179,-132,191,-114,202,-95,210,-75,217,-54,220,-32,223,-11,223,11,220,32,217,54,210,75,202,95,191,114,59,44,471,972,11,-5,44,39,46,12,47,23,51,-33,-5,50,72,-5,-12,103,30,60,4,24,279,224,38,12,55,-8,43,-101,18,9,-1,72,77,150,-24,31,2945,2358,-16,67,-83,270,-100,265,-117,257,-134,249,-150,240,-165,230,-181,218,-194,206,-207,194,-220,179,-231,164,-242,150,-250,133,-60,27,-1878,-48,-182,-1603,-41,15,-216,54,-221,32,-223,11,-223,-11,-221,-32,-216,-54,-210,-75,-202,-95,-191,-114,-180,-132,-165,-149,-150,-165,-133,-178,-115,-190,-95,-201,-75,-209,-54,-215,-33,-219,-7,-149,-6,2,-14,-19,-115,-190,-95,-201,-75,-209,-55,-215,-32,-219,-11,-222]]]
333795	n	42.5724,9.1239,43.0276,9.5761	[[[425724,93500,11,-222,33,-219,54,-215,75,-209,96,-201,115,-190,133,-178,150,-165,165,-149,180,-132,191,-114,202,-95,210,-75,217,-54,221,-32,223,-11,223,11,221,32,217,54,210,75,202,95,191,114,180,132,165,149,150,165,133,178,115,190,96,201,75,209,54,215,33,219,11,222,-11,222,-33,219,-54,215,-75,209,-96,201,-115,190,-133,178,-150,165,-165,149,-180,132,-191,114,-202,95,-210,75,-217,54,-221,32,-223,11,-223,-11,-221,-32,-217,-54,-210,-75,-202,-95,-191,-114,-180,-132,-165,-149,-150,-165,-133,-178,-115,-190,-96,-201,-75,-209,-54,-215,-33,-219,-11,-222]]]
336014	n	37.2399,12.3739,37.7001,12.8261	[[[372399,126000,11,-222,33,-219,55,-215,76,-209,97,-201,116,-190,134,-178,152,-165,167,-149,182,-132,193,-114,204,-95,213,-75,219,-54,223,-32,226,-11,226,11,223,32,219,54,213,75,204,95,193,114,182,132,167,149,152,165,134,178,116,190,97,201,76,209,55,215,33,219,11,222,-11,222,-33,219,-55,215,-76,209,-97,201,-116,190,-134,178,-152,165,-167,149,-182,132,-193,114,-204,95,-213,75,-219,54,-223,32,-226,11,-226,-11,-223,-32,-219,-54,-213,-75,-204,-95,-193,-114,-182,-132,-167,-149,-152,-165,-134,-178,-116,-190,-97,-201,-76,-209,-55,-215,-33,-219,-11,-222]]]
331180	r	39.2076,13.2333,39.7524,13.7269	[[[392076,135000,6,-174,17,-174,30,-172,40,-170,52,-167,63,-163,73,-159,84,-154,94,-148,104,-142,113,-135,122,-128,130,-119,138,-110,145,-102,151,-92,157,-83,163,-72,166,-61,171,-51,174,-39,175,-29,178,-17,178,-6,178,6,178,17,175,29,174,39,171,51,166,61,163,72,157,83,151,92,145,102,138,110,130,119,122,128,113,135,104,142,94,148,84,154,73,159,63,163,52,167,40,170,30,172,17,174,6,174,-6,174,-17,174,-30,172,-24,104,-4076,1645,-84,-52,-145,-102,-138,-110,-130,-119,-122,-128,-113,-135,-104,-142,-94,-148,-84,-154,-73,-159,-63,-163,-52,-167,-40,-170,-30,-172,-17,-174,-6,-174]]]
330186	r	38.8985,8.2681,39.5531,8.8319	[[[388985,85408,42,-164,75,-209,95,-201,115,-190,132,-178,150,-165,165,-149,179,-132,191,-114,202,-95,210,-75,216,-54,220,-32,223,-11,189,9,-153,-559,48,-30,164,-87,169,-76,173,-65,177,-53,181,-42,182,-30,185,-18,185,-7,185,7,185,18,182,30,181,42,177,53,173,65,169,76,164,87,157,97,150,108,144,117,135,126,126,135,118,142,108,150,98,157,87,162,77,168,65,173,54,177,42,179,30,182,18,184,6,184,-6,184,-18,184,-30,182,-42,179,-54,177,-65,173,-77,168,-87,162,-98,157,-108,150,-118,142,-126,135,-135,126,-144,117,-150,108,-157,97,-164,87,-169,76,-173,65,-177,53,-181,42,-182,30,-185,18,-185,7,-34,-2,-157,-572,-47,35,-191,114,-202,95,-41,15,-3043,-2596]]]
326282	n	45.1138,6.7439,45.5662,7.1961	[[[451138,69700,10,-222,33,-219,54,-215,75,-209,95,-201,114,-190,132,-178,149,-165,165,-149,178,-132,190,-114,201,-95,209,-75,216,-54,219,-32,222,-11,222,11,219,32,216,54,209,75,201,95,190,114,178,132,165,149,149,165,132,178,114,190,95,201,75,209,54,215,33,219,10,222,-10,222,-33,219,-54,215,-75,209,-95,201,-114,190,-132,178,-149,165,-165,149,-178,132,-190,114,-201,95,-209,75,-216,54,-219,32,-222,11,-222,-11,-219,-32,-216,-54,-209,-75,-201,-95,-190,-114,-178,-132,-165,-149,-149,-165,-132,-178,-114,-190,-95,-201,-75,-209,-54,-215,-33,-219,-10,-222]]]
343137	n	38.2537,6.8749,38.8264,7.3621	[[[382537,70600,11,-222,33,-219,54,-215,74,-209,95,-201,111,-184,629,-119,2552,-482,140,103,164,149,149,165,133,178,114,190,95,201,74,209,10,39,16,-13,76,36,191,114,178,132,165,149,149,165,132,178,114,190,95,201,75,209,54,215,33,219,10,206,-28,12,-36,-219,-44,-172,-254,70,-172,66,-168,126,-211,197,-142,180,-156,215,-159,109,-2469,1053,-25,-22,-149,-165,-132,-178,-114,-190,-95,-201,-75,-209,-10,-39,-15,13,-76,-36,-190,-114,-179,-132,-164,-149,-149,-165,-133,-178,-114,-190,-95,-201,-74,-209,-54,-215,-33,-219,-11,-222]]]
342884	r	37.1258,11.3294,37.6543,11.8506	[[[371258,115900,6,-170,17,-170,28,-168,39,-166,50,-164,61,-159,71,-155,82,-151,91,-145,101,-138,110,-132,118,-124,126,-117,134,-108,140,-100,147,-90,152,-80,158,-70,162,-60,165,-50,169,-39,170,-27,172,-17,173,-6,173,6,172,17,170,27,169,39,165,50,162,60,158,70,152,80,147,90,140,100,134,108,126,117,118,124,110,132,101,138,91,145,82,151,71,155,61,159,50,164,39,166,28,168,17,170,6,170,-6,170,-17,170,-28,168,-39,166,-50,164,-61,159,-71,155,-82,151,-91,145,-101,138,-110,132,-118,124,-126,117,-134,108,-140,100,-147,90,-152,80,-158,70,-162,60,-165,50,-169,39,-170,27,-172,17,-173,6,-173,-6,-172,-17,-170,-27,-169,-39,-165,-50,-162,-60,-158,-70,-152,-80,-147,-90,-140,-100,-134,-108,-126,-117,-118,-124,-110,-132,-101,-138,-91,-145,-82,-151,-71,-155,-61,-159,-50,-164,-39,-166,-28,-168,-17,-170,-6,-170]]]
338832	r	41.1539,9.093,42.3407,10.3005	[[[411539,95900,15,-465,46,-463,76,-459,107,-453,136,-445,165,-435,193,-424,221,-410,248,-396,273,-378,297,-359,267,-283,4244,2897,1341,915,229,64,157,95,281,194,74,-19,54,-1,70,12,167,5,127,-38,121,-61,83,-63,154,-172,72,-11,63,145,152,131,134,67,292,267,137,217,-55,121,1,0,-10,21,-128,119,-55,159,-30,161,174,58,173,104,208,136,202,88,200,31,202,4,179,-50,40,53,92,100,141,92,322,295,102,78,58,26,56,36,-462,379,-426,260,-376,2,-276,-102,-40,-39,-3243,5299,-352,-11,-467,-46,-462,-76,-456,-105,-449,-135,-438,-164,-427,-192,-414,-219,-398,-246,-380,-271,-363,-295,-342,-318,-320,-340,-297,-359,-273,-378,-248,-396,-221,-410,-193,-424,-165,-435,-136,-445,-107,-453,-76,-459,-46,-463,-15,-465]]]
339219	n	39.4011,10.8539,39.9688,11.3561	[[[394011,111300,11,-222,33,-219,55,-215,75,-209,96,-201,116,-190,134,-178,151,-165,166,-149,180,-132,193,-114,203,-95,212,-75,217,-54,75,-10,-1,-1,21,-19,181,-132,192,-114,203,-95,212,-75,218,-54,222,-32,224,-11,224,11,222,32,218,54,212,75,203,95,192,114,181,132,166,149,151,165,134,178,115,190,96,201,76,209,54,215,33,219,11,222,-11,222,-33,219,-54,215,-76,209,-96,201,-115,190,-134,178,-151,165,-166,149,-181,132,-192,114,-203,95,-212,75,-218,54,-74,10,1,1,-21,19,-180,132,-193,114,-203,95,-212,75,-217,54,-223,32,-224,11,-224,-11,-223,-32,-217,-54,-212,-75,-203,-95,-193,-114,-180,-132,-166,-149,-151,-165,-134,-178,-116,-190,-96,-201,-75,-209,-55,-215,-33,-219,-11,-222]]]
333772	r	35.8494,6.9852,37.6247,8.8732	[[[358494,78401,114,-96,151,-75,227,-149,248,-202,190,-128,195,-75,253,-118,108,-95,150,-356,84,-175,213,-177,100,-204,-48,-196,-146,-429,28,-188,98,-71,171,-80,247,-36,407,17,290,-130,243,-190,197,-200,241,-192,162,-71,245,-80,141,-60,74,-36,149,-98,219,-29,250,-16,130,-140,129,-158,317,-71,208,47,261,42,170,-20,137,6,227,-102,346,-128,338,-137,233,-103,77,-6,8,5,2542,-3849,907,33,1735,1850,827,1168,37,36,263,194,244,133,254,90,436,91,-1,62,254,112,232,191,105,224,65,311,39,271,65,316,315,539,64,182,-97,197,-74,265,-81,233,-129,238,-58,250,5,269,-16,315,20,294,28,568,69,267,226,441,23,205,-78,122,-123,128,-176,105,-92,79,-20,124,40,186,124,6,53,48,72,28,79,17,80,5,271,43,180,66,131,28,63,-25,46,-27,51,-44,72,-78,45,-78,33,-148,110,-174,65,-58,102,-46,81,-9,152,39,159,73,142,53,-18,93,8,208,-3,157,-98,634,4,191,33,186,103,386,112,268,69,229,-22,90,-113,43,-369,115,-398,77,-164,38,-291,160,-161,137,-80,163,-15,236,8,57,-141,29,-93,106,-63,57,-459,578,-132,198,-183,423,-165,230,-159,204,-189,354,-184,202,-140,186,-107,168,-153,6,-215,-13,-152,144,-79,168,-121,152,-92,177,-17,189,-137,93,-237,50,-51,124,76,162,149,137,204,126,157,81,205,137,95,116,11,150,-45,161,-98,201,-64,168,41,175,-89,106,-137,59,-129,-149,-215,-88,-250,-68,-141,-61,-495,-186,-182,-151,-205,-303,-82,-289,-24,-196,-15,-219,-85,-204,-166,-121,-240,-110,-120,-65,-81,32,-332,-12,-401,18,-256,-43,-296,-177,-210,-189,-181,-252,-170,-191,-257,-145,-80,-56,-269,-96,-168,-100,-134,-101,14,-24,-23,-34,5,-63,23,-17,17,-2,16,6,29,28,15,2,5,-11,-5,-26,25,-47,19,-18,10,-44,10,-9,70,-20,29,-39,37,-22,5,-17,-6,-43,-19,-28,-2,-13,42,-67,15,-8,56,14,34,-1,24,-21,103,-40,9,-31,6,-73,-32,-32,8,-32,-24,-49,-3,-28,12,-21,74,-50,-35,-68,-9,-35,-9,-8,-16,9,-9,-8,-15,-55,-15,-18,-2,-11,14,-25,13,-2,42,50,12,5,21,0,37,-19,7,-18,-17,-84,21,-23,6,-22,48,-25,-1,-14,-24,-29,-29,-11,-37,-30,37,-35,37,-16,18,-169,-20,-32,-5,-30,12,-16,26,-14,10,-21,-13,-37,-6,-70,15,-19,46,-23,6,-8,-7,-35,-21,-34,25,-20,29,-49,-21,-32,-2,-13,-15,-11,-15,-38,2,-17,19,-17,4,-18,-12,-29,2,-19,-10,7,-7,-9,13,-26,4,-26,62,-27,15,-25,14,-10,-4,-18,9,-40,-8,-32,-21,-3,-25,-25,4,-104,-26,-8,-10,-21,31,-22,41,-15,39,-6,27,5,22,-6,9,-14,-13,-33,-23,-26,7,-20,15,0,40,29,57,14,71,-14,24,2,23,-26,26,-5,27,7,27,40,11,0,35,-30,0,-39,-10,-32,16,-18,29,-4,14,-17,3,-22,-19,-31,-11,-61,-53,-65,-9,-28,51,-15,35,4,10,-7,-13,-56,-16,-15,4,-21,29,-63,49,-1,4,-46,28,-59,0,-17,-14,-27,5,-44,-18,-20,2,-7,35,-16,8,-13,3,-43,23,-55,-3,-22,-16,-18,-3,-29,7,-20,23,-17,4,-14,-11,-49,39,-49,7,-41,32,-50,0,-19,-14,-41,10,-32,-10,-63,-56,-15,-9,-7,-1,-20,-15,-18,-46,-11,-11,-6,-4,-11,-48,6,-31,-47,-3,-36,18,-42,-46,-4,1,-37,-8,-20,-9,-6,-37,-2,-34,-41,-14,6,-2,7,14,66,-8,24,4,105,11,16,20,7,-2,25,-18,23,-7,-2,-5,-35,-8,-13,-13,1,-10,14,-12,0,-58,-45,-28,-40,-26,-2,3,20,-33,18,-8,11,-10,-23,-21,3,-12,-6,-7,-24,-26,-9,-18,-19,-2,-12,12,-8,1,-10,-19,-17,5,-23,-29,-36,-10,5,-4,11,4,17,13,16,-1,29,-3,5,-16,0,-26,-45,-24,-14,8,-19,-4,-10,-32,-16,3,-20,-13,-20,19,-45,-2,-36,-14,-30,-40,-14,-17,-36,4,-19,-7,-23,25,-21,5,-16,-25,-17,-23,-29,3,-9,19,-6,-1,-16,-8,-6,-21,-1,-15,17,-16,8,-48,1,98,-35,201,-95,190,-114,179,-132,165,-149,149,-165,133,-178,114,-190,95,-201,75,-209,54,-215,7,-44,-2679,-2613,-209,52,-210,75,-201,95,-190,114,-179,132,-165,149,-149,165,-133,178,-114,190,-95,201,-75,209,-54,215,-33,219,-11,222,11,222,33,219,54,215,75,209,95,201,114,190,133,178,149,165,165,149,179,132,190,114,201,95,96,34,-17,2,-8,21,-18,9,-24,1,-17,32,-34,-21,-1,-24,-28,7,-22,-5,-37,4,-23,-7,-58,25,-22,21,-67,22,-30,3,-10,-7,-2,-48,-22,-37,-11,-36,-16,-15,-40,8,-13,10,-46,-24,-24,15,-9,20,-6,1,-30,-25,-35,8,-58,-17,-58,2,-24,-12,-30,-26,-16,-3,-4,-25,-18,-10,-20,4,-18,-37,-57,-17,-20,9,-17,-16,-28,7,-11,22,-69,15,-24,-5,-70,22,-24,25,-68,-13,-17,0,-17,11,-38,-8,-38,6,-45,-20,-24,8,-253,116,-57,224,45,201,109,234,70,218,15,189,-105,151,-135,62,-111,3,-119,82,-152,170,-112,191,-126,83,-146,-23,-100,-177,-127,-114,-96,34,-162,102,-237,-152,-298,-155,-298,-74,-220,23,-209,75,-145,109,-198,-94,-189,-243,-156,-58,-120,-19,-65,4,-282,-38,-523,-37,-185,28,-214,-8,-197,-97,-132,-217,-64,-252,-94,-215,-110,-132,-51,-35,39,-65,53,-185,100,-397,38,-85,70,-210,63,-250,-27,-198,-71,-169,-84,-168,-127,-168,-151,-156,-80,-122,-25,-90]]]
328689	p	343137
339666	n	38.7533,8.5396,39.2015,8.9761	[[[387533,87386,6,-108,32,-219,55,-215,75,-209,95,-201,115,-190,133,-178,149,-165,166,-149,179,-132,191,-114,201,-95,42,-15,13,11,0,1,2755,2351,275,234,-41,163,-75,209,-95,201,-115,190,-133,178,-149,165,-166,149,-179,132,-191,114,-201,95,-210,75,-217,54,-220,32,-223,11,-79,-4,-955,-764,24,-31,-77,-150,1,-72,-18,-9,-43,101,-55,8,-38,-12,-279,-224,-4,-24,-30,-60,12,-103,-72,5,5,-50,-51,33,-47,-23,-46,-12,-44,-39,-11,5,-460,-950]]]
7910079	n	37.4059,6.6339,38.1491,7.1015	[[[374059,69200,5,-160,16,-158,26,-158,36,-156,46,-152,57,-150,65,-145,76,-141,84,-136,93,-129,102,-124,109,-116,116,-109,124,-102,130,-93,135,-84,141,-75,146,-66,149,-56,153,-47,28,-6,97,173,8,-9,164,-149,178,-132,191,-114,200,-95,209,-75,216,-54,219,-32,222,-11,222,11,219,32,216,54,209,75,200,95,191,114,178,132,164,149,150,165,132,178,114,190,67,142,413,-403,21,11,155,97,148,106,141,116,134,125,125,133,115,141,107,148,96,155,86,161,76,167,64,170,53,175,42,178,29,180,18,182,6,182,-6,182,-18,182,-29,180,-42,178,-24,79,-732,428,-2298,86,-780,-1292,-61,-17,-2952,959,-79,-109,-84,-136,-76,-141,-65,-145,-57,-150,-46,-152,-36,-156,-26,-158,-16,-158,-5,-160]]]
343663	n	37.3242,5.8038,37.7758,6.2561	[[[373242,60300,11,-222,32,-219,54,-215,75,-209,94,-201,114,-190,132,-178,149,-165,164,-149,178,-132,190,-114,201,-95,208,-75,215,-54,220,-32,221,-11,221,11,220,32,215,54,208,75,201,95,190,114,178,132,164,149,149,165,132,178,114,190,94,201,75,209,54,215,32,219,11,222,-11,222,-32,219,-54,215,-75,209,-94,201,-114,190,-132,178,-149,165,-164,149,-178,132,-190,114,-201,95,-208,75,-215,54,-220,32,-221,11,-221,-11,-220,-32,-215,-54,-208,-75,-201,-95,-190,-114,-178,-132,-164,-149,-149,-165,-132,-178,-114,-190,-94,-201,-75,-209,-54,-215,-32,-219,-11,-222]]]
334609	n	37.6235,7.3755,38.0765,7.7761	[[[376235,75500,10,-222,33,-219,54,-215,75,-209,95,-201,114,-190,133,-178,149,-165,162,-146,2184,199,1518,1481,3,65,-10,222,-33,219,-54,215,-75,209,-95,201,-114,190,-133,178,-149,165,-165,149,-178,132,-191,114,-201,95,-209,75,-216,54,-220,32,-222,11,-222,-11,-220,-32,-216,-54,-209,-75,-201,-95,-191,-114,-178,-132,-165,-149,-149,-165,-133,-178,-114,-190,-95,-201,-75,-209,-54,-215,-33,-219,-10,-222]]]
338998	n	38.094,6.1939,38.5457,6.6063	[[[380940,64200,11,-222,32,-219,54,-215,75,-209,95,-201,114,-190,132,-178,149,-165,164,-149,178,-132,191,-114,200,-95,209,-75,215,-54,219,-32,222,-11,222,11,219,32,215,54,209,75,200,95,191,114,178,132,164,149,149,165,132,178,114,190,95,201,75,209,54,215,32,219,8,170,-2435,1319,-1080,585,-20,11,-156,-115,-164,-149,-149,-165,-132,-178,-114,-190,-95,-201,-75,-209,-54,-215,-32,-219,-11,-222]]]
335035	r	41.7827,8.9012,42.4738,9.6458	[[[417827,93827,8,-149,32,-219,55,-215,75,-209,96,-201,114,-190,133,-178,150,-165,166,-149,179,-132,192,-114,202,-95,128,-45,-1119,-1501,52,-56,197,-183,208,-169,219,-156,229,-141,237,-126,245,-111,252,-94,258,-78,262,-60,266,-44,268,-26,269,-9,269,9,268,26,266,44,262,60,258,78,252,94,245,111,237,126,229,141,219,156,208,169,197,183,184,196,170,206,157,218,117,186,-275,4551,-1607,892,-917,-1230,-79,106,-150,165,-166,149,-64,47,55,-121,-137,-217,-292,-267,-134,-67,-152,-131,-63,-145,-72,11,-154,172,-83,63,-121,61,-127,38,-167,-5,-70,-12,-54,1,-74,19,-281,-194,-157,-95,-229,-64,-1341,-915]]]
330118	n	36.3226,8.8539,36.7774,9.3061	[[[363226,90800,11,-222,32,-219,55,-215,75,-209,95,-201,115,-190,133,-178,150,-165,165,-149,179,-132,192,-114,202,-95,210,-75,216,-54,221,-32,223,-11,223,11,221,32,216,54,210,75,202,95,192,114,179,132,165,149,150,165,133,178,115,190,95,201,75,209,55,215,32,219,11,222,-11,222,-32,219,-55,215,-75,209,-95,201,-115,190,-133,178,-150,165,-165,149,-179,132,-192,114,-202,95,-210,75,-216,54,-221,32,-223,11,-223,-11,-221,-32,-216,-54,-210,-75,-202,-95,-192,-114,-179,-132,-165,-149,-150,-165,-133,-178,-115,-190,-95,-201,-75,-209,-55,-215,-32,-219,-11,-222]]]
343749	n	42.262,9.7339,42.7181,10.1861	[[[422620,99600,11,-222,33,-219,54,-215,75,-209,96,-201,115,-190,133,-178,151,-165,165,-149,180,-132,192,-114,202,-95,211,-75,217,-54,222,-32,223,-11,223,11,222,32,217,54,211,75,202,95,192,114,180,132,165,149,151,165,133,178,115,190,96,201,75,209,54,215,33,219,11,222,-11,222,-33,219,-54,215,-75,209,-96,201,-115,190,-133,178,-151,165,-165,149,-180,132,-192,114,-202,95,-211,75,-217,54,-222,32,-223,11,-223,-11,-222,-32,-217,-54,-211,-75,-202,-95,-192,-114,-180,-132,-165,-149,-151,-165,-133,-178,-115,-190,-96,-201,-75,-209,-54,-215,-33,-219,-11,-222]]]
339734	n	39.3022,9.4539,39.7579,9.9061	[[[393022,96800,11,-222,33,-219,54,-215,75,-209,96,-201,115,-190,133,-178,150,-165,166,-149,179,-132,192,-114,202,-95,211,-75,217,-54,221,-32,223,-11,223,11,221,32,217,54,211,75,202,95,192,114,179,132,166,149,150,165,133,178,115,190,96,201,75,209,54,215,33,219,11,222,-11,222,-33,219,-54,215,-75,209,-96,201,-115,190,-133,178,-150,165,-166,149,-179,132,-192,114,-202,95,-211,75,-217,54,-221,32,-223,11,-223,-11,-221,-32,-217,-54,-211,-75,-202,-95,-192,-114,-179,-132,-166,-149,-150,-165,-133,-178,-115,-190,-96,-201,-75,-209,-54,-215,-33,-219,-11,-222]]]
339708	n	37.5017,10.1239,37.9583,10.5761	[[[375017,103500,11,-222,33,-219,54,-215,76,-209,96,-201,115,-190,133,-178,151,-165,166,-149,180,-132,192,-114,202,-95,211,-75,218,-54,221,-32,224,-11,224,11,221,32,218,54,211,75,202,95,192,114,180,132,166,149,151,165,133,178,115,190,96,201,76,209,54,215,33,219,11,222,-11,222,-33,219,-54,215,-76,209,-96,201,-115,190,-133,178,-151,165,-166,149,-180,132,-192,114,-202,95,-211,75,-218,54,-221,32,-224,11,-224,-11,-221,-32,-218,-54,-211,-75,-202,-95,-192,-114,-180,-132,-166,-149,-151,-165,-133,-178,-115,-190,-96,-201,-76,-209,-54,-215,-33,-219,-11,-222]]]
343370	n	38.9234,7.7239,39.3568,8.1761	[[[389234,79720,64,-1277,0,-4,2,-5,115,-190,132,-178,150,-165,164,-149,179,-132,191,-114,201,-95,210,-75,216,-54,220,-32,222,-11,222,11,220,32,216,54,210,75,201,95,191,114,179,132,164,149,150,165,132,178,115,190,95,201,75,209,54,215,33,219,11,222,-11,222,-33,219,-54,215,-75,209,-95,201,-115,190,-132,178,-150,165,-164,149,-179,132,-191,114,-201,95,-210,75,-216,54,-220,32,-222,11,-222,-11,-220,-32,-216,-54,-160,-57,-17,-26,0,-1,-1231,-1860]]]
333373	p	339219
339686	n	37.7905,11.6239,38.2495,12.0761	[[[377905,118500,11,-222,33,-219,55,-215,76,-209,96,-201,116,-190,134,-178,151,-165,167,-149,181,-132,193,-114,204,-95,212,-75,218,-54,223,-32,225,-11,225,11,223,32,218,54,212,75,204,95,193,114,181,132,167,149,151,165,134,178,116,190,96,201,76,209,55,215,33,219,11,222,-11,222,-33,219,-55,215,-76,209,-96,201,-116,190,-134,178,-151,165,-167,149,-181,132,-193,114,-204,95,-212,75,-218,54,-223,32,-225,11,-225,-11,-223,-32,-218,-54,-212,-75,-204,-95,-193,-114,-181,-132,-167,-149,-151,-165,-134,-178,-116,-190,-96,-201,-76,-209,-55,-215,-33,-219,-11,-222]]]
345149	n	39.2283,14.0539,39.6917,14.5061	[[[392283,142800,11,-222,33,-219,55,-215,77,-209,97,-201,117,-190,136,-178,152,-165,169,-149,183,-132,195,-114,205,-95,214,-75,221,-54,225,-32,227,-11,227,11,225,32,221,54,214,75,205,95,195,114,183,132,169,149,152,165,136,178,117,190,97,201,77,209,55,215,33,219,11,222,-11,222,-33,219,-55,215,-77,209,-97,201,-117,190,-136,178,-152,165,-169,149,-183,132,-195,114,-205,95,-214,75,-221,54,-225,32,-227,11,-104,-5,-10,-5,-820,-222,-94,-5,-64,-30,-195,-114,-183,-132,-169,-149,-152,-165,-136,-178,-117,-190,-97,-201,-77,-209,-55,-215,-33,-219,-11,-222]]]
326406	n	39.3605,11.6039,39.8195,12.0561	[[[393605,118300,12,-222,33,-219,54,-215,76,-209,96,-201,116,-190,134,-178,152,-165,166,-149,181,-132,193,-114,204,-95,212,-75,218,-54,223,-32,225,-11,225,11,223,32,218,54,212,75,204,95,193,114,181,132,166,149,152,165,134,178,116,190,96,201,76,209,54,215,33,219,12,222,-12,222,-33,219,-54,215,-76,209,-96,201,-116,190,-134,178,-152,165,-166,149,-181,132,-193,114,-204,95,-212,75,-218,54,-223,32,-225,11,-225,-11,-223,-32,-218,-54,-212,-75,-204,-95,-193,-114,-181,-132,-166,-149,-152,-165,-134,-178,-116,-190,-96,-201,-76,-209,-54,-215,-33,-219,-12,-222]]]
329114	p	344979
12640444	p	344979
334227	n	38.0484,13.8739,38.5032,14.3261	[[[380484,141000,12,-222,33,-219,55,-215,77,-209,97,-201,117,-190,135,-178,153,-165,168,-149,183,-132,194,-114,206,-95,214,-75,220,-54,225,-32,227,-11,227,11,225,32,220,54,214,75,206,95,194,114,183,132,168,149,153,165,135,178,117,190,97,201,77,209,16,64,-64,1379,-29,78,-97,201,-117,190,-135,178,-153,165,-168,149,-183,132,-194,114,-206,95,-214,75,-220,54,-225,32,-227,11,-227,-11,-225,-32,-220,-54,-214,-75,-206,-95,-194,-114,-183,-132,-168,-149,-153,-165,-135,-178,-117,-190,-97,-201,-77,-209,-55,-215,-33,-219,-12,-222]]]
335288	n	37.6226,8.7539,38.0774,9.2061	[[[376226,89800,11,-222,33,-219,54,-215,75,-209,96,-201,115,-190,132,-178,150,-165,166,-149,179,-132,191,-114,202,-95,210,-75,216,-54,221,-32,223,-11,223,11,221,32,216,54,210,75,202,95,191,114,179,132,166,149,150,165,132,178,115,190,96,201,75,209,54,215,33,219,11,222,-11,222,-33,219,-54,215,-75,209,-96,201,-115,190,-132,178,-150,165,-166,149,-179,132,-191,114,-202,95,-210,75,-216,54,-221,32,-223,11,-223,-11,-221,-32,-216,-54,-210,-75,-202,-95,-191,-114,-179,-132,-166,-149,-150,-165,-132,-178,-115,-190,-96,-201,-75,-209,-54,-215,-33,-219,-11,-222]]]
8643798	r	38.3628,7.038,39.2926,7.707	[[[383628,75154,86,-1229,3179,-1357,159,-109,156,-215,142,-180,211,-197,168,-126,172,-66,254,-70,44,172,36,219,3788,-1616,70,111,192,359,168,371,144,380,118,390,92,396,67,401,40,405,12,372,-3518,2675,-583,50,44,130,100,145,9,100,-109,-36,-100,9,-119,154,-18,109,-61,169,-119,-17,-181,-95,-414,-92,7,-184,-315,6,-306,66,-272,82,-287,-43,-365,-106,-222,-75,-231,-20,-207,107,-298,-1,-123,-102,-27,3,-342,-312,-118,-56,-169,-130,-49,-120,-242,-221,-93,-54,10,-23,-580,-529]]]
337405	n	34.3531,8.0239,34.8069,8.4761	[[[343531,82500,11,-222,32,-219,54,-215,75,-209,96,-201,114,-190,133,-178,149,-165,165,-149,179,-132,191,-114,202,-95,209,-75,216,-54,221,-32,222,-11,222,11,221,32,216,54,209,75,202,95,191,114,179,132,165,149,149,165,133,178,114,190,96,201,75,209,54,215,32,219,11,222,-11,222,-32,219,-30,118,-2194,1682,-24,19,-200,-10,-221,-32,-216,-54,-209,-75,-202,-95,-191,-114,-179,-132,-165,-149,-149,-165,-133,-178,-114,-190,-96,-201,-75,-209,-54,-215,-32,-219,-11,-222]]]
344420	n	38.4968,13.8939,38.8562,14.3461	[[[384968,141793,64,-1381,29,-77,97,-201,117,-190,135,-178,153,-165,168,-149,182,-132,195,-114,206,-95,214,-75,220,-54,225,-32,227,-11,227,11,225,32,220,54,214,75,206,95,195,114,75,54,-922,4045,-213,31,-227,11,-227,-11,-225,-32,-220,-54,-214,-75,-206,-95,-195,-114,-182,-132,-168,-149,-153,-165,-135,-178,-117,-190,-97,-201,-77,-209,-16,-63]]]
325579	n	38.4933,7.7039,38.9298,8.1171	[[[384933,79300,10,-222,33,-219,54,-215,75,-209,95,-201,115,-190,132,-178,150,-165,165,-149,178,-132,191,-114,201,-95,210,-75,216,-54,220,-32,222,-11,222,11,220,32,216,54,210,75,201,95,191,114,178,132,165,149,150,165,132,178,115,190,95,201,3,8,-64,1277,-3272,1450,-1028,-1848,-1,-22]]]
341297	n	38.143,7.9068,38.5963,8.3461	[[[381431,81200,11,-222,33,-219,54,-215,44,-122,2875,-1354,120,43,201,95,149,89,1044,1875,-28,407,-9,64,-54,215,-75,209,-95,201,-115,190,-132,178,-150,165,-165,149,-179,132,-191,114,-201,95,-209,75,-216,54,-221,32,-222,11,-222,-11,-221,-32,-216,-54,-209,-75,-201,-95,-191,-114,-179,-132,-165,-149,-150,-165,-132,-178,-115,-190,-95,-201,-75,-209,-54,-215,-33,-219,-11,-222]]]
344797	n	38.7638,13.9339,39.1316,14.3861	[[[387638,143426,2,-7,921,-4038,212,-31,227,-11,227,11,225,32,220,54,214,75,206,95,195,114,182,132,169,149,152,165,136,178,117,190,97,201,76,209,56,215,33,219,11,222,-11,222,-33,219,-56,215,-76,209,-97,201,-117,190,-136,178,-152,165,-169,149,-182,132,-195,114,-206,95,-214,75,-220,54,-225,32,-227,11,-227,-11,-225,-32,-220,-54,-214,-75,-206,-95,-195,-114,-75,-54]]]
13308376	p	7910079
343593	r	37.4373,6.9706,37.8342,7.3235	[[[374374,70722,175,-57,2952,-959,61,17,780,1292,-2023,2220,-163,-50,-161,-60,-157,-71,-151,-81,-146,-91,-140,-100,-133,-109,-125,-117,-118,-125,-109,-133,-100,-140,-91,-146,-81,-151,-71,-157,-60,-160,-50,-165,-39,-167,-28,-169,-17,-171,-5,-150]]]
325780	n	38.1939,6.675,38.6461,6.9351	[[[381939,67500,10,-222,33,-219,54,-215,33,-94,4262,0,33,94,54,215,33,219,10,222,-10,222,-33,219,-54,215,-75,209,-95,201,-111,185,-3178,600,-140,-103,-164,-149,-149,-165,-132,-178,-114,-190,-95,-201,-75,-209,-54,-215,-33,-219,-10,-222]]]
336372	n	37.7429,8.3072,38.1971,8.7561	[[[377429,85300,11,-222,10,-64,1695,-1256,904,-670,21,-16,73,10,216,54,210,75,201,95,192,114,179,132,165,149,149,165,133,178,115,190,95,201,75,209,54,215,33,219,11,222,-11,222,-33,219,-54,215,-75,209,-95,201,-115,190,-133,178,-149,165,-165,149,-179,132,-192,114,-201,95,-210,75,-216,54,-220,32,-223,11,-223,-11,-220,-32,-216,-54,-210,-75,-201,-95,-192,-114,-179,-132,-165,-149,-149,-165,-133,-178,-115,-190,-95,-201,-75,-209,-54,-215,-33,-219,-11,-222]]]
326355	n	37.5531,8.0539,38.0069,8.5028	[[[375531,82800,10,-222,33,-219,18,-69,151,-30,369,-115,113,-43,22,-90,-69,-229,-112,-268,-34,-130,14,-19,149,-165,165,-149,179,-132,191,-114,202,-95,209,-75,216,-54,221,-32,222,-11,222,11,221,32,216,54,209,75,202,95,191,114,179,132,165,149,149,165,133,178,114,190,96,201,75,209,54,215,33,219,10,222,-10,222,-10,66,-2619,1940,-73,-10,-216,-54,-209,-75,-202,-95,-191,-114,-179,-132,-165,-149,-149,-165,-133,-178,-114,-190,-96,-201,-75,-209,-54,-215,-33,-219,-10,-222]]]
331163	n	38.5935,7.972,39.0465,8.3761	[[[385935,81572,27,-402,3272,-1450,1231,1860,-7,142,-33,219,-54,215,-75,209,-95,201,-115,190,-132,178,-150,165,-165,149,-179,132,-191,114,-201,95,-209,75,-216,54,-221,32,-222,11,-222,-11,-221,-32,-216,-54,-209,-75,-201,-95,-191,-114,-179,-132,-165,-149,-150,-165,-132,-178,-115,-190,-95,-201,-75,-209,-54,-215,-33,-219,-7,-150]]]
330134	n	39.3545,5.0939,39.8055,5.5461	[[[393545,53200,10,-222,33,-219,54,-215,74,-209,95,-201,114,-190,131,-178,149,-165,164,-149,178,-132,190,-114,200,-95,208,-75,215,-54,219,-32,221,-11,221,11,219,32,215,54,208,75,200,95,190,114,178,132,164,149,149,165,131,178,114,190,95,201,74,209,54,215,33,219,10,222,-10,222,-33,219,-54,215,-74,209,-95,201,-114,190,-131,178,-149,165,-164,149,-178,132,-190,114,-200,95,-208,75,-215,54,-219,32,-221,11,-221,-11,-219,-32,-215,-54,-208,-75,-200,-95,-190,-114,-178,-132,-164,-149,-149,-165,-131,-178,-114,-190,-95,-201,-74,-209,-54,-215,-33,-219,-10,-222]]]
332880	n	37.9244,7.0939,38.3064,7.5461	[[[379244,73954,1380,-2989,8,-18,168,-8,222,11,220,32,215,54,209,75,201,95,191,114,178,132,165,149,149,165,133,178,114,190,95,201,75,209,54,215,32,219,11,222,-11,222,-32,219,-54,215,-75,209,-95,201,-114,190,-133,178,-149,165,-165,149,-178,132,-191,114,-201,95,-209,75,-215,54,-220,32,-222,11,-11,-1,-1545,-1506]]]
344357	n	39.33,12.1939,39.79,12.6461	[[[393300,124200,11,-222,34,-219,54,-215,76,-209,97,-201,116,-190,134,-178,152,-165,167,-149,181,-132,194,-114,204,-95,212,-75,219,-54,224,-32,225,-11,225,11,224,32,219,54,212,75,204,95,194,114,181,132,167,149,152,165,134,178,116,190,97,201,76,209,54,215,34,219,11,222,-11,222,-34,219,-54,215,-76,209,-97,201,-116,190,-134,178,-152,165,-167,149,-181,132,-194,114,-204,95,-212,75,-219,54,-224,32,-225,11,-225,-11,-224,-32,-219,-54,-212,-75,-204,-95,-194,-114,-181,-132,-167,-149,-152,-165,-134,-178,-116,-190,-97,-201,-76,-209,-54,-215,-34,-219,-11,-222]]]
340573	n	38.0033,7.6039,38.4567,8.0432	[[[380033,78300,11,-222,33,-219,54,-215,75,-209,95,-201,114,-190,133,-178,149,-165,165,-149,179,-132,190,-114,201,-95,210,-75,216,-54,220,-32,222,-11,222,11,220,32,216,54,210,75,201,95,190,114,179,132,165,149,149,165,133,178,114,190,95,201,75,209,54,215,33,219,11,222,-11,222,-33,219,-54,215,-44,122,-2852,1344,-21,10,-120,-43,-201,-95,-190,-114,-179,-132,-165,-149,-149,-165,-133,-178,-114,-190,-95,-201,-75,-209,-54,-215,-33,-219,-11,-222]]]
343292	r	34.0668,9.2006,35.6369,11.1614	[[[340669,95312,38,-766,124,-2495,2,-45,9166,1567,6370,9041,-3193,6927,-30,28,-602,490,-633,449,-661,408,-687,364,-709,318,-43,16,-8,-61,-660,-1913,-7,-110,96,-131,296,-215,55,-150,-76,-342,-169,-239,-540,-407,-182,-170,-42,-119,-1,-121,-60,-178,-122,-159,-83,32,-61,8,-64,-6,-57,-23,-141,-13,-123,-107,-132,-306,-11,41,12,128,13,55,25,186,-16,117,163,153,-288,-2,-594,652,-1005,844,-378,-253,-73,-27,-1205,-821,-173,-149,-158,-210,-386,-740,-861,-1203,-78,-354,45,-414,487,-2200,10,-451,-85,-423,-32,-58,-96,-99,-28,-53,-2,-113,34,-244,-15,-111,-200,-294,-501,-348,-20,-146,-95,-87,-1237,-3463,-313,-1485]]]
336259	n	43.3242,5.7239,43.7758,6.1761	[[[433242,59500,11,-222,32,-219,54,-215,75,-209,95,-201,114,-190,132,-178,148,-165,165,-149,178,-132,190,-114,200,-95,209,-75,214,-54,220,-32,221,-11,221,11,220,32,214,54,209,75,200,95,190,114,178,132,165,149,148,165,132,178,114,190,95,201,75,209,54,215,32,219,11,222,-11,222,-32,219,-54,215,-75,209,-95,201,-114,190,-132,178,-148,165,-165,149,-178,132,-190,114,-200,95,-209,75,-214,54,-220,32,-221,11,-221,-11,-220,-32,-214,-54,-209,-75,-200,-95,-190,-114,-178,-132,-165,-149,-148,-165,-132,-178,-114,-190,-95,-201,-75,-209,-54,-215,-32,-219,-11,-222]]]
327694	n	35.2236,6.9919,35.676,7.4261	[[[352236,72000,11,-222,33,-219,54,-215,75,-209,95,-201,114,-190,132,-178,149,-165,165,-149,178,-132,191,-114,184,-87,3143,2146,-7,157,-33,219,-54,215,-75,209,-95,201,-114,190,-132,178,-149,165,-165,149,-178,132,-191,114,-201,95,-209,75,-215,54,-220,32,-222,11,-222,-11,-220,-32,-215,-54,-209,-75,-201,-95,-191,-114,-178,-132,-165,-149,-149,-165,-132,-178,-114,-190,-95,-201,-75,-209,-54,-215,-33,-219,-11,-222]]]
336350	n	39.7537,6.7939,40.2063,7.2461	[[[397537,70200,11,-222,33,-219,54,-215,75,-209,94,-201,115,-190,132,-178,149,-165,165,-149,178,-132,190,-114,201,-95,209,-75,216,-54,219,-32,222,-11,222,11,219,32,216,54,209,75,201,95,190,114,178,132,165,149,149,165,132,178,115,190,94,201,75,209,54,215,33,219,11,222,-11,222,-33,219,-54,215,-75,209,-94,201,-115,190,-132,178,-149,165,-165,149,-178,132,-190,114,-201,95,-209,75,-216,54,-219,32,-222,11,-222,-11,-219,-32,-216,-54,-209,-75,-201,-95,-190,-114,-178,-132,-165,-149,-149,-165,-132,-178,-115,-190,-94,-201,-75,-209,-54,-215,-33,-219,-11,-222]]]
338404	n	37.662,7.0931,38.0624,7.3954	[[[376620,72905,1722,-1890,2256,-84,26,34,-1380,2989,-2175,-199,-19,-21,-132,-178,-114,-190,-95,-201,-75,-209,-14,-51]]]
341877	p	7910079
336496	n	35.6125,8.9439,36.0675,9.3961	[[[356125,91700,11,-222,33,-219,54,-215,75,-209,96,-201,115,-190,133,-178,149,-165,166,-149,179,-132,192,-114,201,-95,211,-75,216,-54,221,-32,223,-11,223,11,221,32,216,54,211,75,201,95,192,114,179,132,166,149,149,165,133,178,115,190,96,201,75,209,54,215,33,219,11,222,-11,222,-33,219,-54,215,-75,209,-96,201,-115,190,-133,178,-149,165,-166,149,-179,132,-192,114,-201,95,-211,75,-216,54,-221,32,-223,11,-223,-11,-221,-32,-216,-54,-211,-75,-201,-95,-192,-114,-179,-132,-166,-149,-149,-165,-133,-178,-115,-190,-96,-201,-75,-209,-54,-215,-33,-219,-11,-222]]]
326116	n	39.3688,13.5832,39.8312,14.0161	[[[393688,137900,11,-222,33,-219,55,-215,61,-167,3084,-1245,158,74,195,114,182,132,168,149,153,165,135,178,116,190,97,201,77,209,55,215,33,219,11,222,-11,222,-33,219,-55,215,-77,209,-97,201,-116,190,-135,178,-153,165,-168,149,-182,132,-195,114,-205,95,-214,75,-220,54,-224,32,-227,11,-227,-11,-224,-32,-220,-54,-214,-75,-205,-95,-195,-114,-182,-132,-168,-149,-153,-165,-135,-178,-116,-190,-97,-201,-77,-209,-55,-215,-33,-219,-11,-222]]]
344282	p	335035
330534	n	35.3641,6.7739,35.8163,7.2081	[[[353641,69935,7,-157,33,-219,54,-215,75,-209,95,-201,114,-190,132,-178,149,-165,165,-149,178,-132,190,-114,201,-95,209,-75,216,-54,219,-32,222,-11,222,11,219,32,216,54,209,75,201,95,190,114,178,132,165,149,149,165,132,178,114,190,95,201,75,209,54,215,33,219,11,222,-11,222,-33,219,-54,215,-75,209,-95,201,-114,190,-132,178,-149,165,-165,149,-178,132,-190,114,-184,87,-23,-16,-3119,-2130]]]
330491	p	330186
339448	n	34.5728,8.304,35.0271,8.7561	[[[345729,85300,11,-222,33,-219,29,-118,2220,-1701,201,10,220,32,216,54,210,75,201,95,192,114,179,132,165,149,149,165,133,178,115,190,95,201,75,209,54,215,33,219,11,222,-11,222,-33,219,-54,215,-75,209,-95,201,-115,190,-133,178,-149,165,-165,149,-179,132,-192,114,-201,95,-210,75,-216,54,-220,32,-223,11,-223,-11,-220,-32,-216,-54,-210,-75,-201,-95,-192,-114,-179,-132,-165,-149,-149,-165,-133,-178,-115,-190,-95,-201,-75,-209,-54,-215,-33,-219,-11,-222]]]
337853	n	36.6541,6.0739,37.1059,6.5261	[[[366541,63000,10,-222,33,-219,54,-215,75,-209,94,-201,114,-190,132,-178,149,-165,165,-149,178,-132,190,-114,200,-95,209,-75,215,-54,220,-32,221,-11,221,11,220,32,215,54,209,75,200,95,190,114,178,132,165,149,149,165,132,178,114,190,94,201,75,209,54,215,33,219,10,222,-10,222,-33,219,-54,215,-75,209,-94,201,-114,190,-132,178,-149,165,-165,149,-178,132,-190,114,-200,95,-209,75,-215,54,-220,32,-221,11,-221,-11,-220,-32,-215,-54,-209,-75,-200,-95,-190,-114,-178,-132,-165,-149,-149,-165,-132,-178,-114,-190,-94,-201,-75,-209,-54,-215,-33,-219,-10,-222]]]
330764	n	35.353,8.0739,35.807,8.5261	[[[353530,83000,11,-222,33,-219,54,-215,75,-209,95,-201,115,-190,133,-178,149,-165,165,-149,179,-132,191,-114,201,-95,210,-75,216,-54,221,-32,222,-11,222,11,221,32,216,54,210,75,201,95,191,114,179,132,165,149,149,165,133,178,115,190,95,201,75,209,54,215,33,219,11,222,-11,222,-33,219,-54,215,-75,209,-95,201,-115,190,-133,178,-149,165,-165,149,-179,132,-191,114,-201,95,-210,75,-216,54,-221,32,-222,11,-222,-11,-221,-32,-216,-54,-210,-75,-201,-95,-191,-114,-179,-132,-165,-149,-149,-165,-133,-178,-115,-190,-95,-201,-75,-209,-54,-215,-33,-219,-11,-222]]]
326321	n	38.1942,6.4137,38.6461,6.675	[[[381942,66052,3536,-1915,156,115,165,149,149,165,132,178,114,190,95,201,74,209,54,215,33,219,11,222,-11,222,-33,219,-54,215,-33,94,-4260,0,-33,-94,-54,-215,-33,-219,-8,-170]]]
330425	n	37.6412,10.8539,38.0988,11.3061	[[[376412,110800,11,-222,33,-219,54,-215,76,-209,96,-201,115,-190,134,-178,151,-165,166,-149,181,-132,192,-114,203,-95,212,-75,218,-54,222,-32,224,-11,224,11,222,32,218,54,212,75,203,95,192,114,181,132,166,149,151,165,134,178,115,190,96,201,76,209,54,215,33,219,11,222,-11,222,-33,219,-54,215,-76,209,-96,201,-115,190,-134,178,-151,165,-166,149,-181,132,-192,114,-203,95,-212,75,-218,54,-222,32,-224,11,-224,-11,-222,-32,-218,-54,-212,-75,-203,-95,-192,-114,-181,-132,-166,-149,-151,-165,-134,-178,-115,-190,-96,-201,-76,-209,-54,-215,-33,-219,-11,-222]]]
337712	n	37.0414,10.4739,37.4987,10.9261	[[[370414,107000,11,-222,33,-219,55,-215,75,-209,96,-201,116,-190,133,-178,151,-165,166,-149,180,-132,193,-114,202,-95,212,-75,217,-54,222,-32,224,-11,224,11,222,32,217,54,212,75,202,95,193,114,180,132,166,149,151,165,133,178,116,190,96,201,75,209,55,215,33,219,11,222,-11,222,-33,219,-55,215,-75,209,-96,201,-116,190,-133,178,-151,165,-166,149,-180,132,-193,114,-202,95,-212,75,-217,54,-222,32,-224,11,-224,-11,-222,-32,-217,-54,-212,-75,-202,-95,-193,-114,-180,-132,-166,-149,-151,-165,-133,-178,-116,-190,-96,-201,-75,-209,-55,-215,-33,-219,-11,-222]]]
344620	n	38.0143,5.4039,38.4657,5.8561	[[[380143,56300,11,-222,33,-219,54,-215,74,-209,95,-201,114,-190,132,-178,148,-165,164,-149,178,-132,190,-114,200,-95,209,-75,215,-54,219,-32,221,-11,221,11,219,32,215,54,209,75,200,95,190,114,178,132,164,149,148,165,132,178,114,190,95,201,74,209,54,215,33,219,11,222,-11,222,-33,219,-54,215,-74,209,-95,201,-114,190,-132,178,-148,165,-164,149,-178,132,-190,114,-200,95,-209,75,-215,54,-219,32,-221,11,-221,-11,-219,-32,-215,-54,-209,-75,-200,-95,-190,-114,-178,-132,-164,-149,-148,-165,-132,-178,-114,-190,-95,-201,-74,-209,-54,-215,-33,-219,-11,-222]]]
337771	n	38.5021,9.5739,38.9579,10.0261	[[[385021,98000,11,-222,33,-219,54,-215,75,-209,96,-201,115,-190,133,-178,150,-165,166,-149,180,-132,192,-114,202,-95,210,-75,217,-54,222,-32,223,-11,223,11,222,32,217,54,210,75,202,95,192,114,180,132,166,149,150,165,133,178,115,190,96,201,75,209,54,215,33,219,11,222,-11,222,-33,219,-54,215,-75,209,-96,201,-115,190,-133,178,-150,165,-166,149,-180,132,-192,114,-202,95,-210,75,-217,54,-222,32,-223,11,-223,-11,-222,-32,-217,-54,-210,-75,-202,-95,-192,-114,-180,-132,-166,-149,-150,-165,-133,-178,-115,-190,-96,-201,-75,-209,-54,-215,-33,-219,-11,-222]]]
8620932	n	39.6218,9.8039,40.0781,10.2561	[[[396219,100300,11,-222,33,-219,55,-215,75,-209,96,-201,115,-190,133,-178,150,-165,166,-149,180,-132,192,-114,202,-95,211,-75,217,-54,221,-32,224,-11,224,11,221,32,217,54,211,75,202,95,192,114,180,132,166,149,150,165,133,178,115,190,96,201,75,209,55,215,33,219,11,222,-11,222,-33,219,-55,215,-75,209,-96,201,-115,190,-133,178,-150,165,-166,149,-180,132,-192,114,-202,95,-211,75,-217,54,-221,32,-224,11,-224,-11,-221,-32,-217,-54,-211,-75,-202,-95,-192,-114,-180,-132,-166,-149,-150,-165,-133,-178,-115,-190,-96,-201,-75,-209,-55,-215,-33,-219,-11,-222]]]
340008	n	36.601,11.0439,37.059,11.4961	[[[366010,112700,11,-222,33,-219,55,-215,75,-209,96,-201,97,-159,651,-655,193,-114,203,-95,211,-75,218,-54,223,-32,224,-11,224,11,223,32,218,54,211,75,203,95,193,114,181,132,166,149,151,165,134,178,116,190,96,201,75,209,55,215,33,219,11,222,-11,222,-33,219,-55,215,-75,209,-96,201,-116,190,-134,178,-151,165,-166,149,-181,132,-193,114,-203,95,-211,75,-218,54,-223,32,-224,11,-224,-11,-223,-32,-218,-54,-211,-75,-203,-95,-193,-114,-181,-132,-166,-149,-151,-165,-134,-178,-116,-190,-96,-201,-75,-209,-55,-215,-33,-219,-11,-222]]]
341742	n	36.0135,7.0639,36.4664,7.5115	[[[360136,72900,11,-222,32,-219,54,-215,75,-209,95,-201,114,-190,133,-178,149,-165,165,-149,178,-132,191,-114,201,-95,209,-75,215,-54,220,-32,222,-11,222,11,220,32,215,54,209,75,201,95,191,114,178,132,165,149,149,165,133,178,114,190,95,201,75,209,54,215,32,219,11,222,-11,222,-32,219,-54,215,-75,209,-95,201,-108,179,-10,-1,-208,-47,-317,71,-129,158,-130,140,-250,16,-219,29,-149,98,-74,36,-141,60,-245,80,-162,71,-241,192,-66,67,-205,-51,-209,-75,-201,-95,-191,-114,-178,-132,-165,-149,-149,-165,-133,-178,-114,-190,-95,-201,-75,-209,-54,-215,-32,-219,-11,-222]]]
333750	n	36.4243,5.4239,36.8757,5.8761	[[[364243,56500,11,-222,33,-219,53,-215,75,-209,95,-201,114,-190,132,-178,148,-165,164,-149,178,-132,190,-114,200,-95,209,-75,215,-54,219,-32,221,-11,221,11,219,32,215,54,209,75,200,95,190,114,178,132,164,149,148,165,132,178,114,190,95,201,75,209,53,215,33,219,11,222,-11,222,-33,219,-53,215,-75,209,-95,201,-114,190,-132,178,-148,165,-164,149,-178,132,-190,114,-200,95,-209,75,-215,54,-219,32,-221,11,-221,-11,-219,-32,-215,-54,-209,-75,-200,-95,-190,-114,-178,-132,-164,-149,-148,-165,-132,-178,-114,-190,-95,-201,-75,-209,-53,-215,-33,-219,-11,-222]]]
344661	n	36.4233,7.6284,36.873,8.0729	[[[364233,78500,11,-222,33,-219,54,-215,75,-209,95,-201,114,-190,133,-178,149,-165,165,-149,179,-132,190,-114,201,-95,210,-75,209,-52,2679,2613,-7,44,-54,215,-75,209,-95,201,-114,190,-133,178,-149,165,-165,149,-179,132,-190,114,-201,95,-98,35,-14,0,-5,-2,-8,-26,-14,-18,-5,-5,-17,3,-21,9,6,34,-14,13,-16,1,-18,-28,-15,3,8,24,-15,38,-5,4,-44,11,-1,-10,-11,-4,-14,9,-5,13,-33,8,-2,-1,-26,-3,-22,-37,-7,0,-10,16,-27,10,0,11,15,15,-3,8,-60,9,-3,-6,-17,-6,17,-36,-8,-17,-11,3,-11,23,-15,10,-9,-11,13,-16,-24,-17,-36,-4,-15,18,-14,-1,-9,-30,-16,-6,-21,8,-28,-29,-21,2,-7,22,-14,6,9,-15,-1,-11,-27,2,-12,-10,-2,-12,25,-29,17,-6,-2,-12,-33,-24,-14,-37,-40,-28,-1,-8,12,-3,3,-15,-12,-26,-18,-6,-5,-9,16,-10,-2,-14,21,-12,3,-30,-21,-24,-39,-19,-40,-46,-2,-17,-17,-10,-7,-64,16,-2,4,-7,-18,-7,4,-27,-13,-16,-35,6,-2,-22,-15,-21,0,-7,13,-6,0,-9,-13,-28,-9,3,-3,12,-5,-3,0,-21,13,3,7,-4,-6,-18,-7,-2,-39,9,-24,-12,-6,12,-9,3,-44,4,-37,-37,-21,26,-21,5,-33,20,-68,1,-10,-28,-9,-5,-34,8,-20,14,-43,1,-33,-29,-30,14,-14,-5,-22,13,-19,48,8,10,44,20,-15,36,17,17,1,15,12,9,-8,25,18,11,30,4,61,48,-2,61,23,36,-13,11,-19,2,-4,19,-21,20,-28,1,-20,10,-2,42,-58,68,-11,50,-27,57,-24,11,-58,7,-96,-34,-201,-95,-190,-114,-179,-132,-165,-149,-149,-165,-133,-178,-114,-190,-95,-201,-75,-209,-54,-215,-33,-219,-11,-222]]]
11048860	n	36.2812,10.7339,36.7388,11.1861	[[[362812,109600,12,-222,32,-219,55,-215,76,-209,96,-201,115,-190,134,-178,150,-165,167,-149,180,-132,193,-114,203,-95,211,-75,218,-54,222,-32,224,-11,224,11,222,32,218,54,211,75,203,95,193,114,180,132,167,149,150,165,134,178,115,190,96,201,76,209,55,215,32,219,12,222,-12,222,-32,219,-55,215,-76,209,-96,201,-99,164,-642,646,-5,4,-193,114,-203,95,-211,75,-218,54,-222,32,-224,11,-224,-11,-222,-32,-218,-54,-211,-75,-203,-95,-193,-114,-180,-132,-167,-149,-150,-165,-134,-178,-115,-190,-96,-201,-76,-209,-55,-215,-32,-219,-12,-222]]]
328962	n	38.7999,12.4039,39.2601,12.8561	[[[387999,126300,11,-222,33,-219,55,-215,76,-209,96,-201,116,-190,135,-178,152,-165,167,-149,181,-132,194,-114,204,-95,213,-75,219,-54,223,-32,226,-11,226,11,223,32,219,54,213,75,204,95,194,114,181,132,167,149,152,165,135,178,116,190,96,201,76,209,55,215,33,219,11,222,-11,222,-33,219,-55,215,-76,209,-96,201,-116,190,-135,178,-152,165,-167,149,-181,132,-194,114,-204,95,-213,75,-219,54,-223,32,-226,11,-226,-11,-223,-32,-219,-54,-213,-75,-204,-95,-194,-114,-181,-132,-167,-149,-152,-165,-135,-178,-116,-190,-96,-201,-76,-209,-55,-215,-33,-219,-11,-222]]]
6913519	n	40.7806,11.5639,41.2395,12.0161	[[[407806,117900,11,-222,33,-219,55,-215,75,-209,97,-201,115,-190,135,-178,151,-165,167,-149,180,-132,194,-114,203,-95,212,-75,218,-54,223,-32,225,-11,225,11,223,32,218,54,212,75,203,95,194,114,180,132,167,149,151,165,135,178,115,190,97,201,75,209,55,215,33,219,11,222,-11,222,-33,219,-55,215,-75,209,-97,201,-115,190,-135,178,-151,165,-167,149,-180,132,-194,114,-203,95,-212,75,-218,54,-223,32,-225,11,-225,-11,-223,-32,-218,-54,-212,-75,-203,-95,-194,-114,-180,-132,-167,-149,-151,-165,-135,-178,-115,-190,-97,-201,-75,-209,-55,-215,-33,-219,-11,-222]]]
