2988507	r	1.6555,48.0966,3.2203,49.2551	[[[16555,490400,9,-183,27,-183,45,-181,64,-178,80,-176,42,-73,1009,-103,-40,-24,-225,-165,-199,-178,-172,-190,-143,-201,-113,-209,-81,-215,-49,-219,-16,-222,16,-222,49,-219,81,-215,113,-209,143,-201,172,-190,199,-178,225,-165,247,-149,269,-132,287,-114,302,-95,315,-75,324,-54,331,-32,334,-11,334,11,331,32,324,54,60,15,-1597,-2204,6998,-2381,427,86,510,128,497,150,480,171,463,191,443,211,421,230,398,248,373,265,345,280,318,295,288,308,257,320,224,330,109,192,-4459,1952,264,83,288,114,269,132,248,149,225,165,199,178,172,190,1,0,-2584,2378,-211,1897,20,120,-104,75,-185,114,-195,106,-206,97,-214,88,-223,79,-230,68,-237,59,-242,49,-246,38,-249,27,-251,16,-253,6,-253,-6,-18,-1,-606,-194,-5169,0,-146,-103,-176,-141,-162,-149,-146,-156,-131,-162,-115,-167,-98,-171,-80,-176,-64,-178,-45,-181,-27,-183,-9,-183],[24038,487081,0,1,26,53,-26,-54],[25357,487011,2,-13,4,-26,-6,39]]]
2995469	r	4.8696,43.1646,5.9504,43.8952	[[[48696,433476,76,32,238,162,-275,-16,-36,-162,-3,-16]],[[49432,434339,399,-168,154,-24,291,23,235,123,112,223,-65,137,-55,114,-145,89,-121,49,-90,82,-54,189,17,75,49,137,64,134,68,64,62,-29,143,-143,41,-32,237,7,76,-7,207,-52,52,-51,6,-85,69,-154,216,-182,255,-33,281,74,292,141,35,-237,-127,-225,-143,-126,-64,-57,-191,-112,-276,-62,-891,0,-310,-128,-205,-277,83,-237,201,-224,308,-75,604,-22,380,35,751,-13,559,275,447,-212,129,-364,23,-32,-1,-1,5,-9,-11,-15,2,-8,16,-3,-4,-17,-55,-37,21,-4,-18,-5,-1,0,-1,-10,-12,-7,4,-8,-15,8,-15,-12,4,-9,25,-9,6,3,2,-6,6,4,5,-4,-1,7,18,-8,11,8,-1,-16,13,-1,9,-12,47,-24,-2,-5,20,-4,1,-7,-9,-1,13,-8,8,-22,28,-6,4,-8,18,-5,-1,-5,-71,-141,-71,-102,-32,-102,-3,-14,-4,-2,-20,-25,15,-6,-18,-11,15,-2,-24,-6,7,-7,-8,-1,4,-8,12,-2,-21,-6,2,-10,-9,0,-6,-18,2,-11,11,-2,-12,-9,15,-42,-15,3,7,3,-10,3,3,7,-6,-7,-16,4,-9,-10,10,-10,-17,3,-2,-6,-21,-1,-27,7,9,-14,35,3,11,-11,31,-7,24,9,8,-10,15,3,12,-11,30,13,-15,-22,11,2,4,-9,35,-12,44,13,-1,-10,25,-14,64,4,2,2,101,18,18,-2,6,6,10,2,-1,-5,18,7,20,-1,15,8,61,11,137,-10,5,-9,21,-1,2,-12,37,-16,23,0,46,-25,11,4,15,-14,25,-5,-7,14,-11,4,9,9,-14,1,-51,35,2,2,106,-13,-1,-1,14,-2,-2,-6,34,-12,44,6,1,-10,33,-17,33,10,29,-29,17,8,11,-3,-10,-20,38,17,-83,49,1,3,130,5,108,-7,-9,-14,31,-6,6,4,28,-12,1,-7,17,-2,15,8,10,-5,4,10,23,9,17,-18,26,0,11,-14,2,6,8,-1,1,-12,8,-2,9,4,1,13,14,-1,21,-13,-7,-19,18,-5,11,-14,31,-16,18,10,24,-2,0,8,-51,24,-14,10,4,4,76,-32,6,4,2,-6,8,20,33,28,1,-11,-15,-11,-4,-16,7,-23,19,66,-3,14,5,10,13,7,11,2,107,49,128,-52,94,-135,118,-123,137,-125,156,-11,109,-34,1292,1485,375,528,1751,942,50,222,32,238,11,239,-11,239,-32,238,-53,235,-75,233,-95,229,-115,223,-135,218,-154,211,-173,203,-191,194,-208,185,-223,174,-239,163,-253,152,-267,139,-278,126,-288,113,-299,99,-306,84,-313,69,-319,55,-323,38,-326,24,-327,8,-327,-8,-326,-24,-323,-38,-145,-25,-2582,-1810,-915,-2300,-450,-408]],[[52857,432659,4,-17,21,-9,-10,-10,9,-7,-7,-6,16,2,2,-7,10,4,-8,17,25,-2,-2,10,9,2,-6,13,23,-3,-1,9,17,-1,-3,9,7,0,1,8,8,-2,5,8,12,-8,-2,14,10,-6,16,20,21,2,-11,5,-19,-12,-9,4,12,16,8,0,-1,9,19,-4,-3,9,9,5,12,-9,3,9,8,-3,9,7,13,-6,28,17,-1,10,9,2,-22,9,-56,-3,-6,24,27,2,9,11,6,-5,11,19,32,-6,10,-6,-24,-31,30,36,9,-2,20,17,-11,18,13,1,10,-13,21,-2,12,13,-3,0,-2,8,27,5,4,12,-45,-4,-4,-14,-21,7,11,6,-12,1,3,9,-42,4,0,-14,15,-10,-12,-5,-1,6,-6,-8,-36,11,-13,-9,-4,9,-11,0,-3,-9,-10,-1,-2,6,-30,3,0,-9,-12,-1,4,-8,20,2,1,-6,11,-2,3,5,16,-11,-3,-5,-14,4,-2,-9,-22,-2,4,10,-8,-5,-7,5,-10,-6,-17,3,0,-8,-14,-4,-11,3,5,7,-42,-14,25,-10,31,0,-1,-6,10,-2,40,19,12,-2,-12,-9,9,-4,6,-23,-21,-12,11,-9,-14,2,1,-11,-10,6,5,-11,-14,2,3,-6,-14,-2,1,-6,-11,4,5,-9,-14,-4,10,-5,-12,1,3,-10,-12,5,2,-11,-14,2,-4,-7,-4,5,-12,-15,1,16,-15,-11,-7,8,-7,-3,8,-14,-8,4,-9,-9,-27,-6]],[[53287,432119,22,-13,20,0,-5,-4,11,-8,13,6,12,-11,17,0,7,-10,17,18,-6,25,-18,7,-44,0,-44,-4,-2,-6]],[[53720,431796,15,-21,-10,0,4,-6,24,2,23,-14,40,6,-2,-16,15,2,35,-9,-16,-3,16,-11,8,6,26,-5,80,3,2,8,7,0,-24,21,-23,8,-19,-1,-57,26,0,-9,-12,6,-13,-3,6,9,-10,-4,-15,4,-11,13,-15,-7,-18,-8,-27,2,1,-12,-10,10,-20,3]]]
2996944	r	4.4429,45.4346,5.2674,46.0303	[[[44429,457500,9,-187,26,-186,22,-94,1296,-857,2010,-1712,131,-28,241,-39,243,-28,246,-17,247,-6,247,6,246,17,243,28,241,39,236,51,231,61,225,72,218,82,210,91,201,101,191,111,180,118,169,127,156,134,144,142,131,147,116,153,102,158,87,163,72,166,56,169,40,172,24,172,8,174,-8,174,-24,172,-40,172,-26,77,-75,-5,5,110,-8,170,-23,170,-40,168,-55,166,-70,163,-86,159,-100,155,-114,150,-128,145,-142,138,-153,132,-166,124,-177,117,-188,108,-197,99,-206,90,-214,80,-221,71,-227,60,-232,49,-236,39,-239,28,-242,16,-242,6,-242,-6,-242,-16,-239,-28,-236,-39,-232,-49,-227,-60,-221,-71,-214,-80,-206,-90,-197,-99,-188,-108,-177,-117,-164,-123,-270,187,-124,-82,-182,-136,-169,-145,-155,-152,-141,-159,-125,-165,-110,-171,-94,-175,-77,-179,-61,-182,-43,-185,-26,-186,-9,-187]]]
2972315	r	1.028,43.2996,1.852,43.839	[[[10280,436000,9,-196,26,-196,44,-194,61,-191,78,-189,95,-184,112,-179,127,-173,142,-167,157,-160,171,-152,185,-143,196,-135,209,-124,219,-115,229,-104,238,-92,245,-81,253,-70,258,-57,262,-44,266,-32,269,-20,269,-6,269,6,269,20,266,32,262,44,258,57,253,70,245,81,238,92,229,104,219,115,209,124,196,135,185,143,171,152,157,160,142,167,127,173,112,179,95,184,78,189,61,191,44,194,26,196,9,196,-9,196,-26,196,-44,194,-61,191,-78,189,-95,184,-112,179,-127,173,-142,167,-157,160,-171,152,-185,143,-196,135,-209,124,-13,7,-5771,-568,-150,-153,-142,-167,-127,-173,-112,-179,-95,-184,-78,-189,-61,-191,-44,-194,-26,-196,-9,-196]]]
2990440	r	6.8876,43.5419,7.5455,44.0058	[[[68876,438262,427,-340,1384,-2334,24,20,173,79,159,-4,86,-38,13,-16,-16,-2,7,-8,25,-11,62,-84,-13,-12,-15,1,-23,-24,36,-32,-13,-8,4,-23,6,4,9,-11,14,0,-2,8,8,5,-13,2,-10,12,15,15,20,4,51,0,4,-27,20,9,9,-7,37,9,20,10,-6,2,8,11,-11,9,2,7,30,7,17,22,24,1,-4,12,-16,4,7,13,-33,6,7,9,-23,-13,-17,53,22,23,-6,17,12,5,-22,11,2,10,28,27,-10,6,-47,-2,-11,4,-11,33,-5,52,-13,59,2,1,-3,3,-1,5,21,23,2,28,-29,-6,-7,24,-2,0,-26,116,4,37,9,-2,-7,6,29,96,-8,3,39,158,35,73,76,43,74,93,130,13,16,5,115,35,190,-32,45,-80,-17,-16,20,-19,16,2,7,-12,81,34,9,0,5,7,5,2,180,148,-22,71,4,10,-7,18,21,23,-2,7,105,85,156,67,217,16,33,-4,41,-12,18,-12,7,6,54,-15,-6,-29,17,-10,22,10,2,-5,22,3,35,-6,8,-8,14,6,13,13,120,-16,115,11,76,119,42,95,109,79,126,70,15,114,54,117,148,121,195,56,192,-80,113,-121,85,64,83,73,84,50,57,-4,80,29,9,35,-15,127,6,37,43,13,42,-4,42,1,132,67,-196,480,-48,253,156,207,433,346,87,100,-197,118,-224,117,-233,105,-243,95,-250,82,-258,71,-263,58,-267,45,-272,33,-273,19,-275,7,-275,-7,-273,-19,-272,-33,-267,-45,-263,-58,-258,-71,-250,-82,-243,-95,-233,-105,-224,-117,-212,-127,-201,-137,-188,-146,-174,-154,-160,-163,-145,-170,-130,-176,-56,-91]]]
2990969	r	-1.9176,46.9261,-1.1237,47.527	[[[-19176,470441,115,-110,186,-155,201,-147,214,-137,227,-127,239,-117,249,-106,260,-95,267,-83,275,-71,157,-32,3719,373,1830,3525,-12,28,-104,188,-121,183,-138,177,-155,170,-172,164,-186,155,-201,147,-214,137,-227,127,-239,117,-249,106,-260,95,-267,83,-275,71,-281,58,-286,46,-290,32,-292,20,-294,7,-294,-7,-292,-20,-290,-32,-286,-46,-281,-58,-275,-71,-267,-83,-260,-95,-249,-106,-239,-117,-227,-127,-63,-40,-38,-237,-228,-1402,77,-32,353,-199,302,-245,175,-97,410,-57,202,-91,-540,12,-229,70,-222,163,-102,46,-415,56,-66,33,-296,-1827,-36,-220]]]
12278193	p	2988507
2973783	r	7.276,48.2801,8.0839,48.8957	[[[72760,485800,10,-206,30,-206,51,-204,70,-201,90,-198,110,-193,128,-188,146,-183,164,-175,55,-52,3331,-1193,10,101,70,210,161,88,184,67,137,147,13,139,-51,134,-65,127,-32,121,11,131,74,264,48,109,2,5,69,95,66,65,50,97,21,190,23,40,211,85,57,48,43,62,7,27,81,42,0,68,-92,165,14,71,1,66,-13,90,-27,85,0,84,24,93,2,5,256,272,30,55,31,86,-17,2,-76,-15,256,265,117,55,165,35,153,88,146,116,128,101,119,51,132,86,108,95,44,79,13,190,52,90,114,25,281,3,77,17,57,33,21,55,22,94,46,53,47,30,22,25,88,2,363,130,-214,134,-239,131,-252,120,-264,109,-273,98,-283,85,-290,73,-297,60,-302,47,-306,33,-309,20,-310,7,-310,-7,-309,-20,-306,-33,-302,-47,-297,-60,-290,-73,-283,-85,-273,-98,-264,-109,-252,-120,-239,-131,-227,-141,-212,-151,-197,-160,-180,-168,-164,-175,-146,-183,-128,-188,-110,-193,-90,-198,-70,-201,-51,-204,-30,-206,-10,-206]]]
3031582	r	-1.0738,44.4769,-0.1511,45.1462	[[[-10738,448400,9,-198,27,-197,45,-195,63,-193,81,-190,97,-185,115,-180,5,-7,-303,-92,155,-117,-3,-152,-60,-30,24,-37,144,-193,161,-185,178,-177,194,-168,208,-159,223,-149,236,-139,248,-127,259,-115,269,-103,278,-90,286,-76,292,-64,297,-49,301,-36,304,-21,305,-7,305,7,304,21,301,36,297,49,292,64,286,76,278,90,269,103,259,115,248,127,236,139,223,149,111,84,-235,180,154,89,204,137,192,146,178,155,164,163,148,170,132,177,116,182,99,188,81,192,64,195,46,197,27,200,10,200,-10,200,-27,200,-46,197,-64,195,-81,192,-99,188,-116,182,-132,177,-148,170,-164,163,-178,155,-192,146,-204,137,-217,127,-228,117,-239,105,-247,95,-256,82,-263,71,-268,58,-273,46,-277,32,-280,20,-280,7,-280,-7,-70,-5,0,-36,-73,5,-277,7,-209,-5,22,-113,127,-317,182,-260,228,-126,128,-70,435,-101,397,-140,252,-314,-226,134,-230,81,-259,41,-309,10,236,-103,222,-161,114,-217,-95,-270,61,-123,38,-284,39,-138,-32,17,-8,26,-87,169,-29,-8,-12,-13,-27,9,-4,-1,-19,36,-44,208,-12,209,29,159,-15,93,-83,126,-88,71,-321,134,-51,35,-332,229,-340,316,-338,580,-14,41,-153,-18,-270,-45,-265,-58,-260,-70,-253,-81,-244,-94,-236,-104,-225,-116,-215,-125,-202,-136,-190,-144,-175,-153,-162,-161,-146,-168,-131,-175,-115,-180,-97,-185,-81,-190,-63,-193,-45,-195,-27,-197,-9,-198]]]
2992166	r	3.4865,43.3814,4.2699,43.8969	[[[34865,436100,8,-188,26,-186,42,-186,58,-182,74,-177,1012,-1155,120,-83,199,-119,20,-10,975,314,1994,1197,137,74,379,109,566,53,578,-42,259,-157,16,-34,-156,-223,156,-235,275,-155,214,-77,242,-39,88,-5,61,72,121,165,107,171,90,176,75,180,58,182,40,175,-24,119,-3223,3093,-138,17,-257,18,-257,7,-257,-7,-257,-18,-254,-31,-250,-42,-247,-55,-241,-66,-234,-77,-228,-89,-218,-99,-210,-109,-199,-119,-188,-129,-176,-137,-163,-145,-150,-152,-136,-160,-121,-165,-107,-171,-90,-176,-75,-180,-58,-182,-42,-186,-26,-186,-8,-188]]]
2998324	r	2.6053,50.3365,3.5613,50.804	[[[26053,506300,9,-190,30,-189,48,-188,68,-185,86,-181,105,-178,123,-173,140,-168,157,-161,173,-155,189,-147,204,-138,217,-130,230,-121,242,-111,252,-100,263,-90,271,-78,278,-67,285,-55,290,-43,293,-31,297,-19,283,-6,11,59,237,-35,287,-31,289,-18,290,-6,290,6,289,18,287,31,283,42,278,54,271,65,265,76,256,88,247,98,236,108,224,118,212,126,199,136,184,143,169,151,154,158,69,82,-622,3,-124,59,98,111,15,81,-65,52,-144,28,-142,-8,-103,-42,-99,-64,-135,-67,-438,-102,-243,-18,-175,31,-437,146,-131,66,-158,128,-51,114,-16,319,-264,563,-35,123,-45,162,-1,4,140,167,-114,238,-80,93,-134,28,-141,12,-79,59,-53,82,15,20,71,48,9,33,35,38,-33,11,-15,12,-1,1,-21,-2,-18,8,-23,42,6,28,-20,18,-15,-3,2,-4,-47,0,-49,-33,-51,-12,-54,61,-166,190,-170,102,-259,50,-795,-158,-524,-105,-230,-91,-182,-125,-301,-331,-132,-65,-156,22,-46,13,-800,233,-185,98,-52,62,-135,202,-57,66,-59,36,-313,190,-66,75,-31,68,-8,9,-142,-127,-157,-161,-140,-168,-123,-173,-105,-178,-86,-181,-68,-185,-48,-188,-30,-189,-9,-190]]]
2970479	p	2988507
2983990	r	-2.0981,47.8222,-1.2419,48.3978	[[[-20981,481100,9,-188,28,-188,45,-185,64,-184,81,-180,99,-176,115,-172,133,-166,147,-160,164,-153,177,-146,192,-137,204,-129,217,-119,228,-110,237,-99,248,-89,255,-78,262,-66,268,-55,273,-43,276,-30,279,-19,280,-6,280,6,279,19,276,30,273,43,268,55,262,66,255,78,248,89,237,99,228,110,217,119,204,129,192,137,177,146,164,153,147,160,133,166,115,172,99,176,81,180,64,184,45,185,28,188,9,188,-9,188,-28,188,-45,185,-64,184,-81,180,-99,176,-115,172,-133,166,-147,160,-164,153,-177,146,-192,137,-204,129,-217,119,-228,110,-237,99,-248,89,-255,78,-262,66,-268,55,-273,43,-276,30,-279,19,-280,6,-280,-6,-279,-19,-276,-30,-273,-43,-268,-55,-262,-66,-255,-78,-248,-89,-237,-99,-228,-110,-217,-119,-204,-129,-192,-137,-177,-146,-164,-153,-147,-160,-133,-166,-115,-172,-99,-176,-81,-180,-64,-184,-45,-185,-28,-188,-9,-188]]]
2984114	r	3.5627,48.9721,4.4973,49.577	[[[35627,492700,10,-201,30,-200,50,-198,69,-196,89,-192,107,-188,127,-183,144,-177,161,-171,178,-163,194,-155,209,-147,224,-137,236,-128,249,-117,259,-106,270,-94,279,-83,286,-71,292,-58,88,-14,331,162,2600,1271,2857,1395,7,151,-10,201,-30,200,-50,198,-69,196,-89,192,-107,188,-127,183,-144,177,-161,171,-178,163,-194,155,-209,147,-224,137,-236,128,-249,117,-259,106,-270,94,-279,83,-286,71,-292,58,-298,46,-302,33,-304,19,-306,7,-306,-7,-304,-19,-302,-33,-298,-46,-292,-58,-286,-71,-279,-83,-270,-94,-259,-106,-249,-117,-236,-128,-224,-137,-209,-147,-194,-155,-178,-163,-161,-171,-144,-177,-127,-183,-107,-188,-89,-192,-69,-196,-50,-198,-30,-200,-10,-201]]]
3003796	r	-0.0861,49.2002,0.5531,49.7503	[[[-861,493120,1530,-1102,141,-9,290,-7,290,7,288,18,286,31,283,43,277,55,272,67,264,78,255,90,247,100,235,110,224,120,212,130,198,138,184,147,169,154,153,161,137,167,119,173,103,178,84,181,66,185,47,187,28,188,10,190,-10,190,-28,188,-47,187,-66,185,-84,181,-103,178,-119,173,-137,167,-153,161,-169,154,-184,147,-198,138,-212,130,-224,120,-235,110,-247,100,-255,90,-13,4,-479,-144,-100,-65,-109,-1,-500,-261,-150,-116,-400,-881,-512,-613,-10,-23,-11,2,-73,-111,-35,-105,58,-12,-7,-10,20,-9,28,4,0,13,13,1,6,-17,96,-42,-7,-5,0,-19,45,-54,-3,-23,-31,2,-19,9,-15,-4,36,-22,36,-82,0,-15,-29,-56,8,-20,133,-58,89,-56,-70,-57,4,-29,86,-48,306,-25,37,-26,36,-8,34,4,44,19,178,-13,9,31,21,9,-8,6,13,13,-29,29,165,-23,3,185,614,-136,828,-74,825,77,711,292,-166,-149,-193,-113,-460,-153,-1244,-185,-1245,-184,-664,-315,-240,-244,-89,-48,-228,-41,-274,-158,-467,-145,-523,-81]]]
2994540	p	2988507
8555643	p	2988507
3029374	p	2988507
3015772	p	2988507
3029372	p	2988507
12808673	p	2988507
2980291	r	3.9234,45.1003,4.8521,45.7591	[[[39234,454300,10,-216,30,-214,49,-213,70,-210,88,-207,108,-202,126,-196,144,-191,161,-183,178,-175,194,-167,208,-157,223,-148,236,-137,248,-125,260,-114,269,-102,278,-89,286,-76,292,-63,298,-49,301,-35,304,-21,305,-7,305,7,304,21,301,35,238,39,2621,1254,111,109,161,183,144,191,126,196,108,202,88,207,70,210,44,187,-728,619,-1,1,-2010,1712,-2140,1415,-47,-1,-304,-21,-301,-35,-298,-49,-292,-63,-286,-76,-278,-89,-269,-102,-260,-114,-248,-125,-236,-137,-223,-148,-208,-157,-194,-167,-178,-175,-161,-183,-144,-191,-126,-196,-108,-202,-88,-207,-70,-210,-49,-213,-30,-214,-10,-216]]]
2972328	n	5.5992,42.9823,6.5393,43.5691	[[[55992,431646,132,-42,105,163,113,105,210,-16,187,-57,138,-110,86,-220,447,-148,196,-1,155,-12,47,-75,26,-87,172,-28,109,-51,66,-76,-152,-102,-210,-98,83,-92,288,-164,376,-87,11,15,15,-5,-6,16,3,4,1,-1,1,3,2,3,14,1,-4,8,24,28,-1,5,127,163,127,34,292,5,217,-17,14,-1,111,91,-241,76,-40,13,-127,43,-1,2,7,12,-18,6,-20,29,4,9,28,15,-39,13,1,9,-8,-3,-16,8,3,4,-6,-4,-78,122,-169,50,125,47,166,62,160,30,164,-3,-27,-49,-17,-96,-24,-59,246,-114,330,1,248,-34,105,-207,30,0,145,0,474,47,176,14,1,-3,11,-4,175,-117,13,-31,26,-162,-128,-74,-131,-36,-9,7,-19,-8,-11,7,-8,-14,-27,1,-28,-10,-20,6,-11,-19,5,-13,-21,-3,-1,-10,0,-1,-27,-11,84,-32,-6,0,8,-2,-13,-8,-3,-19,20,-15,2,13,17,-1,4,9,11,1,6,-14,18,-4,6,16,-7,17,20,3,12,-11,9,1,4,18,-1,-3,129,6,0,-1,2,1,37,1,8,-4,6,2,-1,3,99,4,16,-8,1,-14,45,-4,5,-9,13,-1,-7,-7,33,-4,-12,-6,8,1,-1,-9,16,2,-12,2,5,7,20,-8,-1,-10,16,2,3,16,37,4,7,-14,-12,-3,18,1,5,-7,-4,17,18,9,21,-6,-3,14,10,8,55,10,22,17,42,-5,12,4,-35,13,-1,9,105,9,53,95,-141,-31,-185,58,4,230,5,1,1,20,15,32,4,1,-4,0,9,20,18,1,-16,2,6,12,6,-1,9,6,-12,1,7,16,5,-1,4,-41,4,23,-4,24,-6,1,2,5,12,-3,2,-8,4,15,-5,-5,-12,2,10,22,13,-4,2,-19,1,24,-13,4,12,26,31,47,145,95,145,59,232,68,53,-6,80,-16,40,-1,20,6,-14,45,192,25,269,-22,258,-93,195,-52,32,-43,134,-91,331,0,-55,147,-38,131,124,175,232,108,203,54,293,4,279,34,265,-51,210,96,97,119,29,81,-3120,2824,-1173,1061,-800,-610,0,-1745,-107,28,-293,54,-298,32,-302,11,-302,-11,-298,-32,-293,-54,-284,-75,-273,-95,-259,-114,-179,-97,-128,148,-1292,-1485],[61604,430343,45,3,-31,-6,-14,3]],[[61597,430019,26,-16,-11,-12,18,-11,11,6,1,-6,12,1,2,10,13,-6,6,3,-4,5,19,-8,5,-16,21,-2,5,-10,24,7,49,-20,-9,-3,5,-5,11,0,5,4,17,-7,20,-15,6,4,52,-20,39,-10,2,12,-2,-15,34,-9,4,-17,-18,-1,-5,-7,10,-8,-10,-5,13,-12,15,-2,-6,-5,84,4,-4,-4,39,19,-5,15,31,12,4,-5,12,9,-5,3,8,1,-10,5,9,1,-2,14,5,2,22,5,16,6,20,-10,6,11,-7,6,16,5,13,-5,3,11,8,-4,22,6,9,-5,25,14,10,-3,2,18,2,2,25,8,4,0,8,-11,9,0,1,14,12,1,5,9,9,-7,37,17,2,-5,15,4,15,-2,5,-14,7,9,22,3,23,18,-6,5,7,15,-12,-4,0,2,24,8,-1,16,4,3,-4,10,-1,1,-10,117,-89,82,0,1,10,9,-11,3,-7,-14,-19,-1,-1,-9,-43,-20,-16,-68,-124,-6,-27,4,-33,-7,-34,-31,-86,-36,-177,6,0,1,-2,-1,-40,2,-1,1,-15,-1,-44,2,-14,-6,-13,8,-5,-5,10,-6,-82,-30,12,-43,-37,14,-25,-3]],[[63592,430083,5,4,9,-7,-1,-10,13,-5,-2,-11,7,0,7,-13,3,5,8,-5,4,9,-6,5,9,26,-8,7,17,7,-20,6,6,26,8,-1,-8,3,34,21,7,34,-30,-6,-10,6,-5,-5,-10,7,-12,-13,5,-6,-23,-17,-1,-20,10,-10,-8,-4,-8,-33]],[[63687,430021,4,-10,12,4,1,-34,13,5,10,-5,-4,-23,11,0,2,8,15,8,4,-4,20,3,3,8,57,-7,-1,6,37,5,29,-9,2,-13,9,-1,-2,-11,38,3,4,-24,10,6,11,-7,12,14,22,6,19,-14,23,27,19,-4,12,29,18,16,0,15,28,12,11,-3,-1,16,11,0,9,18,21,9,33,70,-47,-27,-12,-17,-29,-4,-2,36,25,29,-6,14,-9,-6,-1,8,-42,-3,18,19,-6,5,-9,-3,1,10,-2,-18,-48,-13,-9,-14,-14,14,-11,-19,-37,-3,-18,-13,-11,12,-14,-5,0,-16,-13,-10,-15,7,-21,0,-7,10,-21,-3,-4,11,-10,-1,-8,-16,-29,-19,17,-8,7,3,11,-12,-3,-21,-9,-1,-18,14,-31,-3,-6,-25,-18,3,-5,-15,-20,-3,7,-17,-23,-1,-5,7,-15,-5]],[[64324,430096,9,-4,3,-21,19,-17,21,1,2,-20,28,31,6,-4,42,27,-2,14,15,16,11,-5,-5,18,12,4,0,-5,7,8,8,32,22,9,2,-8,30,-14,3,-9,6,4,11,-7,13,4,10,-13,21,2,15,17,14,-5,14,23,7,-6,9,10,16,-1,4,-10,13,1,9,20,11,3,-9,2,12,37,-12,0,15,16,-11,-2,3,10,18,8,0,8,4,-5,20,7,31,27,5,22,17,15,-9,7,13,3,23,29,-9,12,8,-1,6,15,7,-3,19,7,9,-8,1,9,-14,6,6,16,29,-6,11,-14,22,22,11,-6,7,7,3,-9,12,-3,15,8,2,-4,20,5,15,-15,11,3,2,11,60,26,10,14,-9,10,-10,-8,-14,2,4,58,-8,-9,-7,10,-18,2,-17,-18,-7,4,-26,-11,-4,8,-32,-22,-7,9,-14,-10,-42,-2,-22,-10,-10,7,-22,-14,-83,-1,-5,19,-26,-20,-4,-13,-36,-10,-10,7,-8,-30,-26,-27,-17,-7,-8,-24,-13,-10,5,-22,-12,-34,-26,-24,-11,11,-8,-16,-18,-12,-10,0,-12,17,-30,-18,-29,-8,-55,1,-30,-13,-8,-25,-32,-10,-1,-48,12,-1,-9,-6,4,-27,-18,-11,0,-15]]]
3037656	r	-0.9675,47.1876,-0.1325,47.7541	[[[-9675,474700,9,-186,27,-185,45,-183,62,-181,79,-178,96,-174,113,-170,20,-25,4164,-1542,105,7,269,31,266,42,262,54,256,65,248,77,241,88,232,98,222,108,211,118,200,127,187,136,173,143,159,152,144,157,129,164,113,170,96,174,79,178,62,181,45,183,27,185,9,186,-9,186,-27,185,-45,183,-62,181,-79,178,-96,174,-113,170,-129,164,-144,157,-159,152,-173,143,-187,136,-200,127,-211,118,-222,108,-232,98,-241,88,-248,77,-256,65,-262,54,-266,42,-269,31,-272,18,-273,6,-273,-6,-272,-18,-269,-31,-266,-42,-262,-54,-256,-65,-248,-77,-241,-88,-232,-98,-222,-108,-211,-118,-200,-127,-187,-136,-173,-143,-159,-152,-144,-157,-129,-164,-113,-170,-96,-174,-79,-178,-62,-181,-45,-183,-27,-185,-9,-186]]]
3021372	r	4.5712,47.0103,5.4488,47.6096	[[[45712,473100,9,-196,28,-195,47,-193,65,-191,84,-188,101,-183,118,-179,136,-173,151,-166,168,-160,182,-151,196,-143,210,-134,222,-124,233,-115,244,-103,253,-93,262,-80,268,-70,275,-56,280,-45,283,-32,286,-19,287,-7,287,7,286,19,283,32,280,45,275,56,268,70,262,80,253,93,244,103,233,115,222,124,210,134,196,143,182,151,168,160,151,166,136,173,118,179,101,183,84,188,65,191,47,193,28,195,9,196,-9,196,-28,195,-47,193,-65,191,-84,188,-101,183,-118,179,-136,173,-151,166,-168,160,-182,151,-196,143,-210,134,-222,124,-233,115,-244,103,-253,93,-262,80,-268,70,-275,56,-280,45,-283,32,-286,19,-287,7,-287,-7,-286,-19,-283,-32,-280,-45,-275,-56,-268,-70,-262,-80,-253,-93,-244,-103,-233,-115,-222,-124,-210,-134,-196,-143,-182,-151,-168,-160,-151,-166,-136,-173,-118,-179,-101,-183,-84,-188,-65,-191,-47,-193,-28,-195,-9,-196]]]
2988394	p	2988507
3034610	p	2988507
3014728	r	5.3343,44.9134,6.0856,45.4317	[[[53344,451800,8,-174,24,-174,40,-172,56,-170,71,-167,87,-163,101,-159,116,-154,130,-148,143,-142,156,-135,168,-127,179,-119,190,-111,200,-101,209,-93,217,-82,224,-72,230,-61,235,-51,239,-39,243,-29,244,-17,246,-6,246,6,244,17,243,29,239,39,235,51,230,61,224,72,217,82,209,93,200,101,190,111,179,119,168,127,156,135,143,142,130,148,116,154,101,159,87,163,71,167,56,170,40,172,24,174,8,174,-8,174,-24,174,-40,172,-56,170,-71,167,-87,163,-101,159,-116,154,-80,91,-4410,1092,-200,-53,-224,-72,-217,-82,-209,-93,-200,-101,-190,-111,-179,-119,-168,-127,-156,-135,-143,-142,-130,-148,-116,-154,-101,-159,-87,-163,-71,-167,-56,-170,-40,-172,-24,-174,-8,-174]]]
2990363	r	3.9209,43.5834,4.6095,44.168	[[[39209,439161,243,-234,3223,-3093,3420,2655,-1666,3134,-239,29,-295,21,-295,7,-295,-7,-295,-21,-291,-35,-288,-49,-283,-62,-277,-76,-269,-88,-260,-101,-251,-114,-241,-125,-228,-136,-216,-147,-202,-156,-187,-166,-173,-175,-156,-182,-139,-189,-122,-196,-104,-201,-86,-205,-28,-88]]]
3024635	r	2.6825,45.4938,3.4975,46.0661	[[[26825,457800,9,-187,26,-186,43,-185,61,-183,77,-179,94,-175,110,-171,126,-165,141,-159,155,-152,169,-145,182,-136,195,-128,206,-119,217,-109,226,-99,236,-88,243,-78,249,-65,255,-55,260,-42,263,-31,265,-18,267,-6,267,6,265,18,263,31,260,42,255,55,249,65,243,78,236,88,226,99,217,109,206,119,195,128,182,136,169,145,155,152,141,159,126,165,110,171,94,175,77,179,61,183,43,185,26,186,9,187,-9,187,-26,186,-43,185,-61,183,-77,179,-94,175,-110,171,-126,165,-141,159,-155,152,-169,145,-182,136,-195,128,-206,119,-217,109,-226,99,-236,88,-243,78,-249,65,-255,55,-260,42,-263,31,-265,18,-267,6,-267,-6,-265,-18,-263,-31,-260,-42,-255,-55,-249,-65,-243,-78,-236,-88,-226,-99,-217,-109,-206,-119,-195,-128,-182,-136,-169,-145,-155,-152,-141,-159,-126,-165,-110,-171,-94,-175,-77,-179,-61,-183,-43,-185,-26,-186,-9,-187]]]
3038354	p	2995469
8533870	p	2988507
3030300	r	-4.785,48.1772,-4.047,48.6736	[[[-47849,484362,15,-188,171,-270,15,-128,-186,-12,62,-208,88,-102,134,-34,505,-4,88,34,16,72,0,72,36,33,194,-21,348,-95,174,-26,195,17,298,101,118,19,35,-11,16,11,26,-1,27,-15,38,-7,24,-17,33,-9,39,4,36,57,54,24,8,1,49,-33,11,0,275,58,-273,-56,-15,0,-43,30,14,-6,102,66,128,54,17,-8,10,9,-6,-11,47,25,17,-9,-2,-4,26,-3,42,12,-39,29,8,5,11,-10,6,2,-8,10,9,3,12,-9,-5,12,10,2,3,-20,21,3,-6,16,41,6,28,22,-21,-22,12,-35,9,-4,10,27,8,0,-5,13,29,2,-7,-21,11,-7,31,3,47,49,27,-5,28,25,-22,-34,36,30,35,-13,-39,-32,5,-7,38,33,8,-4,-33,-31,7,-7,39,37,40,-19,-31,-29,28,-9,32,2,75,38,21,55,23,3,28,24,5,26,-8,9,-48,1,-11,10,-9,-4,-30,29,-21,10,140,40,675,74,200,50,313,119,178,36,-957,-379,-110,-59,-571,-462,0,-62,138,10,134,25,115,40,84,56,74,-69,-36,-20,-10,-4,-28,-38,224,27,316,146,149,-42,36,42,63,52,31,48,74,0,0,-74,-74,0,0,-68,157,30,227,110,169,2,-193,-142,-98,-47,-46,-42,-5,-42,-85,-23,-42,-23,-84,-91,427,20,63,12,55,-102,125,-34,137,26,93,78,42,-118,117,-38,313,14,0,-75,-819,-116,-205,55,147,1,62,18,64,42,-671,-30,-472,-92,-121,-7,-130,15,-77,37,-67,43,-101,34,-890,-42,-277,89,131,369,-166,52,-128,-81,-178,-312,18,-36,26,-71,-23,-68,-127,-29,-109,13,-83,22,-83,5,-109,-40,26,-101,-26,-105,600,-16,122,-21,69,-102,-37,-40,-78,-44,-49,-118,24,-74,62,-85,112,-114,-49,-67,-88,-212,259,59,176,190,140,228,145,177,279,64,532,-229,251,63,24,-64,45,-60,63,-48,79,-33,424,-64,134,-91,10,-43,2329,1071,64,141,66,189,47,191,29,193,9,194,-9,194,-29,193,-47,191,-66,189,-84,185,-102,182,-119,176,-137,171,-153,165,-169,157,-184,150,-198,141,-212,133,-224,123,-236,113,-246,102,-34,12,-112,-44,-234,-18,54,163,-194,59,-271,68,-156,31,-70,-18,-279,-108,-284,-35,0,-74,61,-12,138,-56,-232,-5,-331,-105,-226,-27,-781,0,0,-62,88,-37,22,-32,-18,-33,-31,-41,274,-74,-187,-5,-458,79,-131,-61,72,-137,232,-211,-125,-25,-332,125,-195,37,-310,-23,-188,-41,-159,-73,74,-75,-108,30,-104,45,-179,-175,-247,-305,-100,-289,253,-125,0,-62,-188,-39,-118,-138,-50,-187]]]
3003603	r	-0.2443,47.7007,0.6443,48.2993	[[[-2443,480000,9,-196,29,-195,47,-193,66,-191,85,-187,102,-183,120,-179,137,-173,154,-166,169,-159,184,-152,199,-143,212,-133,225,-125,237,-114,246,-103,257,-93,265,-80,272,-69,278,-57,283,-45,287,-32,289,-19,291,-6,291,6,289,19,287,32,283,45,278,57,272,69,265,80,257,93,246,103,237,114,225,125,212,133,199,143,184,152,169,159,154,166,137,173,120,179,102,183,85,187,66,191,47,193,29,195,9,196,-9,196,-29,195,-47,193,-66,191,-85,187,-102,183,-120,179,-137,173,-154,166,-169,159,-184,152,-199,143,-212,133,-225,125,-237,114,-246,103,-257,93,-265,80,-272,69,-278,57,-283,45,-287,32,-289,19,-291,6,-291,-6,-289,-19,-287,-32,-283,-45,-278,-57,-272,-69,-265,-80,-257,-93,-246,-103,-237,-114,-225,-125,-212,-133,-199,-143,-184,-152,-169,-159,-154,-166,-137,-173,-120,-179,-102,-183,-85,-187,-66,-191,-47,-193,-29,-195,-9,-196]]]
12808658	p	2988507
3037854	r	1.8665,49.6239,2.7335,50.1811	[[[18665,499000,10,-184,28,-183,46,-181,64,-180,82,-176,100,-172,117,-167,134,-162,150,-157,165,-149,180,-142,67,-47,4001,-861,37,4,276,42,271,53,266,65,258,76,250,87,241,97,231,107,219,117,207,125,194,135,180,142,165,149,150,157,134,162,117,167,100,172,82,176,64,180,46,181,28,183,10,184,-10,184,-28,183,-46,181,-64,180,-82,176,-100,172,-117,167,-134,162,-150,157,-165,149,-180,142,-194,135,-207,125,-219,117,-231,107,-241,97,-250,87,-258,76,-266,65,-271,53,-276,42,-280,30,-283,18,-283,6,-283,-6,-283,-18,-280,-30,-276,-42,-271,-53,-266,-65,-258,-76,-250,-87,-241,-97,-231,-107,-219,-117,-207,-125,-194,-135,-180,-142,-165,-149,-150,-157,-134,-162,-117,-167,-100,-172,-82,-176,-64,-180,-46,-181,-28,-183,-10,-184]]]
2972191	r	0.2928,47.1225,1.103,47.6775	[[[2928,474000,8,-182,26,-180,44,-179,60,-177,78,-174,94,-170,110,-165,125,-161,141,-154,155,-147,169,-141,182,-132,195,-124,206,-116,217,-105,226,-96,235,-86,243,-75,249,-64,255,-53,260,-41,262,-29,266,-18,266,-6,266,6,266,18,262,29,260,41,255,53,249,64,243,75,235,86,226,96,217,105,206,116,195,124,182,132,169,141,155,147,141,154,125,161,110,165,94,170,78,174,60,177,36,149,-1771,2701,-223,94,-235,86,-243,75,-249,64,-255,53,-260,41,-262,29,-266,18,-266,6,-266,-6,-266,-18,-262,-29,-260,-41,-255,-53,-249,-64,-243,-75,-235,-86,-226,-96,-217,-105,-206,-116,-195,-124,-182,-132,-169,-141,-155,-147,-141,-154,-125,-161,-110,-165,-94,-170,-78,-174,-60,-177,-44,-179,-26,-180,-8,-182]]]
2998286	r	0.7791,45.4997,1.7209,46.1603	[[[7791,458300,10,-216,30,-215,50,-213,70,-211,90,-207,108,-202,128,-197,145,-191,163,-183,179,-176,196,-167,210,-158,225,-148,238,-137,251,-126,261,-114,272,-102,281,-89,288,-76,295,-63,300,-49,304,-35,307,-21,308,-7,308,7,307,21,304,35,300,49,295,63,288,76,281,89,272,102,261,114,251,126,238,137,225,148,210,158,196,167,179,176,163,183,145,191,128,197,108,202,90,207,70,211,50,213,30,215,10,216,-10,216,-30,215,-50,213,-70,211,-90,207,-108,202,-128,197,-145,191,-163,183,-179,176,-196,167,-210,158,-225,148,-238,137,-251,126,-261,114,-272,102,-281,89,-288,76,-295,63,-300,49,-304,35,-307,21,-308,7,-308,-7,-307,-21,-304,-35,-300,-49,-295,-63,-288,-76,-281,-89,-272,-102,-261,-114,-251,-126,-238,-137,-225,-148,-210,-158,-196,-167,-179,-176,-163,-183,-145,-191,-128,-197,-108,-202,-90,-207,-70,-211,-50,-213,-30,-215,-10,-216]]]
12808663	p	2988507
2986082	p	2988507
2983854	p	2988507
2989781	p	2988507
2968254	p	2996944
3033123	r	5.5765,46.9469,6.4635,47.5531	[[[55765,472500,10,-198,28,-198,47,-195,66,-193,85,-190,102,-186,120,-180,136,-175,154,-169,169,-161,184,-153,198,-145,212,-136,224,-125,236,-116,247,-105,256,-93,264,-82,272,-70,277,-57,283,-45,286,-33,289,-19,290,-7,290,7,289,19,286,33,283,45,277,57,272,70,264,82,256,93,247,105,236,116,224,125,212,136,198,145,184,153,169,161,154,169,136,175,120,180,102,186,85,190,66,193,47,195,28,198,10,198,-10,198,-28,198,-47,195,-66,193,-85,190,-102,186,-120,180,-136,175,-154,169,-169,161,-184,153,-198,145,-212,136,-224,125,-236,116,-247,105,-256,93,-264,82,-272,70,-277,57,-283,45,-286,33,-289,19,-290,7,-290,-7,-289,-19,-286,-33,-283,-45,-277,-57,-272,-70,-264,-82,-256,-93,-247,-105,-236,-116,-224,-125,-212,-136,-198,-145,-184,-153,-169,-161,-154,-169,-136,-175,-120,-180,-102,-186,-85,-190,-66,-193,-47,-195,-28,-198,-10,-198]]]
2994160	r	5.7331,48.8971,6.6069,49.4078	[[[57331,491200,10,-188,28,-188,46,-186,65,-183,83,-180,101,-177,118,-171,135,-166,151,-160,166,-153,182,-146,195,-137,209,-129,120,-65,679,7,4254,44,696,7,11,7,209,129,195,137,182,146,166,153,151,160,135,166,118,171,101,177,83,180,65,183,46,186,28,188,10,188,-10,188,-28,188,-46,186,-65,183,-83,180,-101,177,-118,171,-135,166,-151,160,-166,153,-182,146,-195,137,-209,129,-221,120,-232,109,-243,100,-252,89,-260,77,-268,67,-273,54,-279,43,-282,31,-284,18,-286,6,-286,-6,-284,-18,-282,-31,-279,-43,-273,-54,-268,-67,-260,-77,-252,-89,-243,-100,-232,-109,-221,-120,-209,-129,-195,-137,-182,-146,-166,-153,-151,-160,-135,-166,-118,-171,-101,-177,-83,-180,-65,-183,-46,-186,-28,-188,-10,-188]]]
2989317	r	1.4309,47.5833,2.3691,48.2168	[[[14309,479007,483,-408,1472,-1245,1704,-1441,117,-19,303,-33,305,-21,307,-7,307,7,305,21,303,33,299,47,294,61,287,73,280,85,271,98,260,109,250,121,237,131,224,142,210,151,195,160,179,169,162,176,144,182,127,189,108,194,89,198,70,202,50,205,30,206,10,207,-10,207,-30,206,-50,205,-70,202,-89,198,-108,194,-127,189,-144,182,-162,176,-179,169,-195,160,-210,151,-224,142,-237,131,-250,121,-260,109,-271,98,-280,85,-287,73,-294,61,-299,47,-303,33,-305,21,-307,7,-307,-7,-305,-21,-303,-33,-299,-47,-294,-61,-287,-73,-280,-85,-271,-98,-260,-109,-250,-121,-237,-131,-224,-142,-210,-151,-195,-160,-179,-169,-162,-176,-144,-182,-127,-189,-108,-194,-89,-198,-70,-202,-50,-205,-30,-206,-10,-200]]]
2982652	r	0.6838,49.2157,1.5162,49.7125	[[[6838,494400,9,-178,26,-178,45,-176,62,-173,79,-171,96,-167,112,-162,128,-157,144,-152,159,-145,173,-138,186,-130,199,-122,210,-113,173,-81,144,8,4908,269,1,0,205,11,46,28,186,130,173,138,159,145,144,152,128,157,112,162,96,167,79,171,62,173,45,176,26,178,9,178,-9,178,-26,178,-45,176,-62,173,-79,171,-96,167,-112,162,-128,157,-144,152,-159,145,-173,138,-186,130,-199,122,-210,113,-222,104,-231,94,-240,84,-248,73,-255,63,-261,52,-265,40,-269,29,-271,18,-272,6,-272,-6,-271,-18,-269,-29,-265,-40,-261,-52,-255,-63,-248,-73,-240,-84,-231,-94,-222,-104,-210,-113,-199,-122,-186,-130,-173,-138,-159,-145,-144,-152,-128,-157,-112,-162,-96,-167,-79,-171,-62,-173,-45,-176,-26,-178,-9,-178]]]
2991214	r	6.9962,47.4876,7.5925,47.9276	[[[69962,478833,1875,-3763,217,-55,243,-50,247,-39,250,-28,252,-17,254,-5,254,5,252,17,250,28,247,39,243,50,234,60,-2,2,-22,40,13,32,58,21,104,-15,80,18,44,57,-3,100,-35,0,-166,86,-24,7,382,211,54,31,240,90,352,90,5,1,41,102,24,36,-22,95,-53,53,-64,37,-60,51,-225,304,-135,128,-148,52,-39,46,-32,108,-28,215,35,60,76,55,89,64,59,66,5,163,-124,351,27,138,143,324,56,48,135,50,22,112,-52,186,2,45,-8,25,-5,25,11,42,30,44,66,43,40,49,57,89,-5335,224,-63,-46,-161,-132,-147,-140,-115,-125]]]
2992090	p	2988507
2987914	r	2.5099,42.4202,3.1527,42.9608	[[[25100,427000,9,-189,25,-188,41,-186,58,-184,74,-181,90,-176,105,-172,121,-167,134,-160,149,-154,162,-146,174,-137,187,-129,197,-120,207,-110,217,-100,225,-89,233,-78,238,-66,245,-55,64,-11,293,211,160,71,161,12,172,-4,167,21,329,189,324,-92,170,83,107,-17,292,-6,66,-13,64,-111,79,-93,97,-77,34,-16,155,52,225,89,217,100,207,110,153,93,-25,18,-71,99,28,114,0,115,-85,99,-228,57,-271,43,-214,72,-142,128,-57,328,-44,414,-42,541,57,414,-43,257,15,399,70,570,86,599,-14,200,-82,37,-3131,300,-59,-20,-225,-89,-217,-100,-207,-110,-197,-120,-187,-129,-174,-137,-162,-146,-149,-154,-134,-160,-121,-167,-105,-172,-90,-176,-74,-181,-58,-184,-41,-186,-25,-188,-9,-189]]]
3029241	r	-0.7626,48.9251,0.0426,49.359	[[[-7626,491900,9,-173,25,-173,43,-171,60,-169,77,-166,92,-162,109,-158,124,-153,139,-147,154,-141,167,-134,180,-126,192,-119,204,-110,214,-101,224,-91,232,-82,240,-71,247,-62,252,-50,257,-39,259,-28,263,-17,263,-6,263,6,263,17,259,28,257,39,252,50,247,62,240,71,232,82,224,91,214,101,204,110,192,119,180,126,167,134,154,141,139,147,124,153,109,158,92,162,77,166,60,169,43,171,25,173,9,173,-9,173,-21,141,-1257,906,-1080,-168,-254,-151,-936,372,-503,77,-302,130,-175,48,-684,0,-430,125,-244,37,-365,-131,-246,15,-428,85,-218,8,-68,-54,-154,-141,-139,-147,-124,-153,-109,-158,-92,-162,-77,-166,-60,-169,-43,-171,-25,-173,-9,-173]]]
3031137	p	2988507
2990999	r	5.7864,48.4184,6.5736,48.9022	[[[57864,486800,9,-171,25,-170,42,-169,58,-167,75,-164,91,-160,106,-156,121,-151,136,-146,150,-139,164,-132,176,-125,188,-117,199,-109,209,-99,219,-91,227,-81,235,-70,241,-60,246,-50,251,-39,254,-28,257,-17,257,-5,257,5,257,17,254,28,251,39,246,50,241,60,235,70,227,81,219,91,209,99,199,109,188,117,176,125,164,132,150,139,136,146,121,151,106,156,91,160,75,164,58,167,42,169,25,170,9,171,-9,171,-25,170,-42,169,-58,167,-75,164,-91,160,-106,156,-121,151,-136,146,-150,139,-164,132,-176,125,-188,117,-199,109,-209,99,-114,47,-4254,-44,-6,-3,-209,-99,-199,-109,-188,-117,-176,-125,-164,-132,-150,-139,-136,-146,-121,-151,-106,-156,-91,-160,-75,-164,-58,-167,-42,-169,-25,-170,-9,-171]]]
6543969	p	2996944
3037044	p	2988507
2982681	p	2998324
2972284	p	2998324
2980916	p	2988507
3035681	r	4.4499,43.7047,5.2631,44.2784	[[[44499,441492,1596,-3003,4702,-1442,1302,913,65,87,122,196,105,201,86,206,67,209,48,212,29,214,10,215,-10,215,-29,214,-48,212,-67,209,-86,206,-105,201,-122,196,-140,189,-157,183,-172,174,-188,166,-203,157,-217,147,-229,137,-241,125,-252,113,-261,101,-270,89,-278,76,-283,62,-289,49,-293,35,-295,21,-296,7,-296,-7,-295,-21,-293,-35,-289,-49,-283,-62,-278,-76,-270,-89,-261,-101,-252,-113,-241,-125,-229,-137,-217,-147,-203,-157,-188,-166,-6,-7]]]
7284894	p	2995469
3036572	p	2988507
2990970	p	2988507
3020686	r	2.1105,50.7147,2.6923,51.0875	[[[21106,510181,947,-2831,147,-35,311,-60,318,-47,321,-33,324,-21,326,-6,326,6,324,21,321,33,318,47,311,60,305,73,297,85,246,83,675,527,-4,5,-132,44,-95,7,-186,-17,-81,3,-147,19,-74,21,-52,57,-86,126,-46,33,-120,39,-33,34,11,46,77,111,12,65,-198,439,58,92,231,145,59,60,-32,199,-158,150,-357,251,-99,193,-101,441,-152,229,-3,-1,-148,-66,-406,-120,-816,-135,-600,46,-84,-9,-106,-36,-1715,-354,-234,-19]]]
6543974	p	2996944
2986495	r	-0.1002,46.2754,0.7802,46.8846	[[[-1002,465800,9,-199,29,-199,47,-196,65,-194,84,-191,101,-187,119,-181,136,-176,152,-169,168,-162,182,-154,197,-146,211,-136,222,-127,234,-116,245,-105,254,-94,262,-82,270,-71,276,-57,280,-46,284,-32,287,-20,288,-6,288,6,287,20,284,32,280,46,276,57,270,71,262,82,254,94,245,105,234,116,222,127,211,136,197,146,182,154,168,162,152,169,136,176,119,181,101,187,84,191,65,194,47,196,29,199,9,199,-9,199,-29,199,-47,196,-65,194,-84,191,-101,187,-119,181,-136,176,-152,169,-168,162,-182,154,-197,146,-211,136,-222,127,-234,116,-245,105,-254,94,-262,82,-270,71,-276,57,-280,46,-284,32,-287,20,-288,6,-288,-6,-287,-20,-284,-32,-280,-46,-276,-57,-270,-71,-262,-82,-254,-94,-245,-105,-234,-116,-222,-127,-211,-136,-197,-146,-182,-154,-168,-162,-152,-169,-136,-176,-119,-181,-101,-187,-84,-191,-65,-194,-47,-196,-29,-199,-9,-199]]]
2969679	p	2988507
3023141	p	2988507
3022530	p	2988507
3020216	p	2988507
12808653	p	2988507
2988358	r	-0.7367,43.034,-0.0609,43.586	[[[-7367,433100,8,-181,24,-179,40,-178,56,-176,72,-173,86,-169,102,-165,116,-159,131,-153,143,-147,157,-140,168,-132,180,-123,191,-115,200,-105,209,-95,218,-85,224,-75,231,-63,236,-53,240,-41,243,-29,246,-18,246,-6,246,6,246,18,243,29,240,41,236,53,49,13,116,287,654,1618,961,2373,-2,2,-157,140,-168,132,-180,123,-191,115,-200,105,-209,95,-218,85,-224,75,-231,63,-236,53,-240,41,-243,29,-246,18,-246,6,-246,-6,-246,-18,-243,-29,-240,-41,-236,-53,-231,-63,-224,-75,-218,-85,-209,-95,-200,-105,-191,-115,-180,-123,-168,-132,-157,-140,-143,-147,-131,-153,-116,-159,-102,-165,-86,-169,-72,-173,-56,-176,-40,-178,-24,-179,-8,-181]]]
6543973	p	2996944
3024266	p	2988507
2967849	p	2988507
3036145	p	2988507
7284889	p	2995469
7284896	p	2995469
7284891	p	2995469
3006787	r	-1.5271,45.8895,-0.7614,46.4312	[[[-15271,462258,228,-181,154,-43,560,74,968,-436,454,-59,44,-12,49,-39,105,40,75,17,93,5,-116,186,-190,154,-234,105,-1007,113,-166,56,0,75,143,0,0,68,-244,-43,-287,-89,-263,-5,-175,212,103,-4,238,-71,65,59,-5,59,-48,54,-74,39,-180,27,-135,-24,-67,-123,-74,-170,-14,-44]],[[-14368,463430,135,-5,531,117,134,-39,226,-136,307,-128,101,-12,160,-32,182,-191,191,-162,269,-51,-11,316,371,155,447,-21,218,-214,27,-142,45,-85,8,-80,-80,-128,-689,-297,-109,-132,53,-191,-93,-44,-36,-31,-63,-54,-64,-98,11,-83,95,-71,86,-12,90,5,104,-22,151,8,34,-5,20,-3,5,-14,3,-7,4,-8,-13,-49,-3,-45,41,-20,76,-13,21,-11,213,-113,-119,-81,-1,-43,60,-33,60,-47,34,-17,129,-30,37,-16,13,-38,-3,-93,73,-136,9,-101,36,-82,190,-49,66,-37,57,-46,42,-45,0,-61,-110,-169,-133,-83,-168,7,-209,102,141,-330,110,-134,164,-77,-50,-27,-100,-77,-56,-31,63,-54,72,-87,59,-104,12,-103,-42,-116,-63,-24,-81,12,-92,-9,-155,-66,-99,-62,232,16,251,29,248,40,243,52,238,62,232,74,225,83,216,94,206,103,197,113,186,121,174,130,161,137,149,144,134,151,120,157,105,161,90,166,74,170,57,173,42,175,25,177,5,112,-913,1812,-49,41,-174,130,-186,121,-197,113,-206,103,-216,94,-225,83,-232,74,-238,62,-243,52,-248,40,-251,29,-254,17,-254,6,-254,-6,-254,-17,-251,-29,-248,-40,-243,-52,-238,-62,-232,-74,-225,-83,-216,-94,-206,-103,-197,-113,-186,-121,-118,-88]],[[-14049,460532,220,-347,112,-232,-22,-104,-44,-89,166,-193,215,-180,212,-106,254,-200,186,-49,243,-52,248,-40,251,-29,229,-16,18,92,-16,82,-75,91,-287,120,-105,70,50,89,0,69,-111,74,-7,97,16,113,-40,125,-140,101,-136,-11,-126,-31,-113,41,-236,186,-312,175,-340,124,-310,30]]]
3027105	p	2988507
2982235	p	2988507
3037456	p	2990440
12808675	p	2988507
2978179	p	2988507
3028808	r	6.6756,43.4471,7.0707,43.8215	[[[66756,436964,1673,-1731,11,-2,6,8,13,-4,17,14,28,-12,52,8,3,15,32,10,13,33,15,14,54,6,20,13,26,-8,18,-13,22,9,37,0,-6,-38,24,14,22,-10,14,3,26,-16,40,4,47,-6,-20,-20,13,-24,-11,-17,8,-4,0,-20,-27,-24,-16,-54,-15,-7,-11,-19,-18,-1,0,-22,-28,-37,-48,5,0,15,-56,16,-33,-21,-67,6,-21,-6,552,-570,39,19,47,238,292,273,-5,45,-48,28,6,5,-87,46,43,148,169,128,109,55,-2,2,8,-4,-1,5,2,1,17,1,3,5,103,12,1,3,73,8,7,0,161,-14,14,-2,2,-1,-6,-3,11,1,47,-21,8,2,-13,21,122,6,27,-12,6,-12,-10,-43,-16,2,7,-18,24,-10,6,7,13,-8,9,3,6,-9,-16,-7,2,-5,37,-15,5,23,64,47,88,53,8,1,9,9,25,15,106,89,-1384,2334,-369,293,-88,-19,-239,-66,-233,-77,-225,-88,-217,-98,-207,-108,-197,-119,-187,-127,-174,-136,-162,-144,-149,-151,-100,-118]],[[70318,435215,27,-23,-1,-19,2,5,5,-5,18,7,59,-21,51,-2,52,7,50,-10,35,9,27,-3,30,-16,1,16,24,2,9,12,-54,15,-15,13,-88,5,-49,16,-6,14,-51,6,-21,-1,-26,-20,-22,-4,-25,4,-26,14,-6,-21]],[[70371,435071,26,-2,8,-7,40,2,29,-8,2,-6,29,15,47,10,0,5,-25,9,-55,6,0,-5,-2,5,-98,-8,-1,-16]]]
3029162	r	1.5794,50.6738,2.1928,51.0181	[[[15794,507389,155,-80,231,-106,242,-95,252,-85,259,-75,267,-64,273,-52,277,-41,282,-30,283,-17,285,-6,285,6,283,17,282,30,277,41,273,52,267,64,259,75,252,85,242,95,231,106,220,114,208,124,195,132,54,42,-822,2460,-1371,-110,-342,-126,-179,23,-526,-146,-46,5,-102,-15,-90,-41,90,39,108,14,34,-3,-1384,-382,-307,-183,-289,-255,-169,-110,-190,-45,-208,-12,-87,-24,-242,-122,2,-51,24,-139,161,-369,63,-229,-55,-190,-114,-147,-93,-174]]]
3032833	r	2.7891,43.1926,3.6304,43.6676	[[[27891,434507,4276,-2581,43,26,66,91,167,151,734,437,677,208,430,16,240,33,400,-145,210,68,763,738,325,200,82,27,-219,250,-1012,1155,-1023,1167,-238,79,-274,75,-280,62,-285,49,-289,35,-291,21,-293,7,-293,-7,-291,-21,-289,-35,-285,-49,-280,-62,-274,-75,-267,-89,-258,-101,-249,-113,-238,-125,-226,-136,-214,-147,-200,-156,-185,-166,-171,-174,-155,-182,-138,-189,-120,-195,-76,-147]]]
3036386	p	2988507
2994393	p	3031582
3031005	r	1.9758,46.7892,2.8242,47.3708	[[[19758,470800,9,-190,27,-190,46,-187,25,-76,1207,-1459,131,-84,215,-121,225,-111,236,-101,245,-89,253,-79,260,-67,265,-55,270,-43,274,-31,277,-19,277,-6,277,6,277,19,274,31,270,43,265,55,260,67,253,79,245,89,236,101,225,111,215,121,202,130,190,139,176,147,162,154,146,162,131,168,115,173,98,178,80,182,63,186,46,187,27,190,9,190,-9,190,-27,190,-46,187,-63,186,-80,182,-98,178,-115,173,-131,168,-146,162,-162,154,-176,147,-190,139,-202,130,-215,121,-225,111,-236,101,-245,89,-253,79,-260,67,-265,55,-270,43,-274,31,-277,19,-277,6,-277,-6,-277,-19,-274,-31,-270,-43,-265,-55,-260,-67,-253,-79,-245,-89,-236,-101,-225,-111,-215,-121,-202,-130,-190,-139,-176,-147,-162,-154,-146,-162,-131,-168,-115,-173,-98,-178,-80,-182,-63,-186,-46,-187,-27,-190,-9,-190]]]
2977921	r	-2.5564,46.9779,-1.8561,47.5621	[[[-25564,473832,416,-183,115,-153,16,-290,74,0,54,98,-5,40,-49,73,30,22,34,15,73,25,152,-141,200,-134,92,-134,-172,-137,-227,-26,-429,139,-230,24,0,-69,936,-335,292,-6,11,29,15,61,38,67,79,47,75,12,93,3,167,-15,161,-63,243,-193,149,-91,172,-48,-6,-9,27,-16,-29,-26,12,-1,5,6,1,-19,-6,-8,-41,-12,-11,-13,53,-39,11,15,45,0,25,25,86,5,19,-4,5,-7,-3,7,27,1,26,21,41,-4,13,-8,15,2,4,17,49,23,13,47,16,7,-4,13,37,9,0,10,24,20,48,10,-2,11,8,5,115,7,63,-10,68,26,8,8,-24,55,42,29,81,18,26,13,50,7,7,-4,4,-45,-4,43,17,1,-3,-8,6,6,16,0,7,-8,-21,-30,38,51,16,-3,-15,4,10,28,-14,7,36,5,142,87,-39,41,43,35,-10,15,15,30,-19,11,24,25,315,131,1380,65,379,-75,140,-98,89,-23,236,-16,201,-46,267,-110,228,1402,-83,92,-163,155,-178,148,-191,140,-205,130,-216,122,-227,111,-238,101,-247,90,-255,79,-261,67,-268,56,-273,43,-276,31,-278,19,-280,6,-280,-6,-278,-19,-276,-31,-273,-43,-268,-56,-73,-19,-605,-385,182,-2,270,32,162,-30,-208,9,-365,-69,-143,-5,-495,-315,-39,-90,127,-54,209,-16,163,-74,-91,-142,163,-44,247,-5,153,-20,-32,-67,-344,-131,-96,-76,-74,62,42,19,12,0,20,56,-168,22,-103,30,-107,5,-796,-325]],[[-22956,470332,169,-151,155,-383,3,-3,149,-10,280,-6,280,6,6,0,-87,69,-12,143,39,133,-26,114,-204,88,-182,21,-570,-21]],[[-22411,471425,356,-134,1153,-139,602,-231,154,-105,108,-116,112,-177,19,-169,-176,-90,-90,-134,111,40,238,101,227,111,216,122,205,130,36,27,296,1827,-345,172,0,74,205,0,-89,65,-98,43,-107,21,-116,1,69,-67,-154,-3,-512,92,-75,47,-80,68,-74,-8,-67,-24,-69,-36,-921,-65,-240,-71,-89,-85,-64,-120,-39,-129,-12,-110,28,-151,106,-157,-4,-136,-30,-149,-31,-81,-76,-35,-326,-32,-116,-57,-109,-69,-132,-61]]]
3024297	r	6.8514,47.9052,7.6944,48.4199	[[[68514,480800,11,-224,33,-223,54,-220,75,-218,33,-73,1006,-536,722,-30,5335,-224,6,11,19,45,-12,163,53,133,267,190,95,120,-22,313,-432,510,-31,413,63,195,68,152,72,90,68,60,51,79,20,144,47,88,19,34,632,592,106,145,63,170,9,101,-3330,1194,-570,205,-108,-7,-328,-37,-324,-51,-319,-65,-311,-79,-303,-92,-294,-105,-283,-119,-270,-130,-257,-142,-243,-153,-228,-163,-211,-174,-194,-181,-175,-191,-157,-197,-138,-204,-117,-209,-97,-215,-75,-218,-54,-220,-33,-223,-11,-224]]]
12808676	p	2988507
2971053	r	4.518,44.6506,5.302,45.2094	[[[45180,449300,9,-183,25,-182,42,-180,58,-178,74,-175,91,-171,106,-167,120,-161,136,-155,149,-149,163,-141,175,-134,188,-125,198,-115,208,-107,218,-97,226,-86,234,-75,240,-65,246,-53,249,-41,253,-30,256,-18,256,-6,256,6,256,18,253,30,249,41,246,53,240,65,234,75,226,86,218,97,208,107,198,115,188,125,175,134,163,141,149,149,136,155,120,161,106,167,91,171,74,175,58,178,42,180,25,182,9,183,-9,183,-25,182,-42,180,-58,178,-74,175,-91,171,-106,167,-120,161,-136,155,-149,149,-163,141,-175,134,-188,125,-198,115,-208,107,-218,97,-226,86,-234,75,-240,65,-246,53,-249,41,-253,30,-256,18,-256,6,-256,-6,-256,-18,-253,-30,-249,-41,-246,-53,-240,-65,-234,-75,-226,-86,-218,-97,-208,-107,-198,-115,-188,-125,-175,-134,-163,-141,-149,-149,-136,-155,-120,-161,-106,-167,-91,-171,-74,-175,-58,-178,-42,-180,-25,-182,-9,-183]]]
2984701	r	-4.5457,47.7998,-3.6531,48.3001	[[[-45457,480211,124,52,100,-36,887,-470,476,-416,150,-183,98,-272,149,-257,34,-178,-37,-68,-85,-12,-94,0,-63,-26,-16,-58,22,-139,-6,-76,1466,-48,246,48,154,62,325,211,0,75,-273,0,0,62,33,31,28,37,-146,71,29,123,140,26,189,-220,101,68,90,44,98,24,126,7,0,62,-122,77,-134,137,-59,151,105,119,31,-163,98,-157,127,-118,122,-46,162,-11,133,-36,282,-158,51,87,76,23,99,3,122,30,-35,-88,-58,-46,-80,-14,-100,5,203,-37,224,166,73,151,-91,205,265,-35,267,-121,188,-145,31,-109,124,-54,63,-18,86,-3,-41,-115,35,-60,73,-39,70,-53,191,-240,14,-33,181,-12,224,31,213,3,10,-6,1350,1813,8,161,-10,197,-28,196,-48,194,-66,192,-85,189,-103,184,-121,180,-138,173,-154,168,-170,160,-186,152,-200,144,-213,135,-226,125,-238,114,-248,104,-258,93,-267,81,-273,70,-280,57,-285,45,-289,32,-247,16,-21,-9,-2329,-1071,40,-180,31,-70,141,-122,45,-113,-97,-282,-45,-72,-149,-41,-571,116,-1568,-236,-83,-38,-47,-104,-66,-192,-48,-194,-26,-182]]]
3020839	p	2988507
2990189	p	2988507
6543862	p	2998324
3006414	p	2972328
2998975	p	2988507
7284895	p	2995469
12547038	p	2988507
3027422	r	5.5256,45.3123,6.3143,45.8479	[[[55257,455700,8,-182,25,-181,42,-179,59,-177,75,-174,91,-171,106,-165,98,-130,102,-25,2227,-551,2588,-641,31,8,235,75,228,86,219,96,210,106,199,115,188,125,177,133,163,140,151,148,136,154,122,161,106,165,91,171,75,174,59,177,42,179,25,181,8,182,-8,182,-25,181,-42,179,-59,177,-75,174,-91,171,-106,165,-122,161,-136,154,-151,148,-163,140,-177,133,-188,125,-199,115,-210,106,-219,96,-228,86,-235,75,-241,64,-247,53,-252,41,-254,29,-257,18,-258,6,-258,-6,-257,-18,-254,-29,-252,-41,-247,-53,-241,-64,-235,-75,-228,-86,-219,-96,-210,-106,-199,-115,-188,-125,-177,-133,-163,-140,-151,-148,-136,-154,-122,-161,-106,-165,-91,-171,-75,-174,-59,-177,-42,-179,-25,-181,-8,-182]]]
3012649	p	2988507
2990611	p	2988507
2971549	r	3.6914,48.0397,4.4686,48.5603	[[[36914,483000,8,-170,25,-170,41,-168,58,-166,74,-163,89,-159,105,-155,120,-150,135,-145,148,-139,161,-131,174,-125,185,-116,197,-108,207,-99,216,-90,224,-80,232,-71,238,-60,243,-49,248,-39,251,-28,253,-16,254,-6,254,6,253,16,251,28,248,39,243,49,238,60,232,71,224,80,216,90,207,99,197,108,185,116,174,125,161,131,148,139,135,145,120,150,105,155,89,159,74,163,58,166,41,168,25,170,8,170,-8,170,-25,170,-41,168,-58,166,-74,163,-89,159,-105,155,-120,150,-135,145,-148,139,-161,131,-174,125,-185,116,-197,108,-207,99,-216,90,-224,80,-232,71,-238,60,-243,49,-248,39,-251,28,-253,16,-254,6,-254,-6,-253,-16,-251,-28,-248,-39,-243,-49,-238,-60,-232,-71,-224,-80,-216,-90,-207,-99,-197,-108,-185,-116,-174,-125,-161,-131,-148,-139,-135,-145,-120,-150,-105,-155,-89,-159,-74,-163,-58,-166,-41,-168,-25,-170,-8,-170]]]
3012142	p	2990440
3037423	p	2988507
3006767	r	-1.8674,46.3718,-0.9926,46.9622	[[[-18674,466700,9,-198,12,-86,79,-63,62,-116,46,-134,79,-112,160,-47,-44,-174,173,-568,10,-13,151,-168,96,-92,24,25,-14,87,-58,164,-3,124,95,-108,113,-219,73,-82,125,-54,283,-53,335,-204,533,-66,163,-108,-84,-124,268,-61,669,-19,274,-38,231,-111,159,-182,43,-182,3434,867,167,122,181,153,167,161,151,168,135,174,118,181,101,185,83,189,65,192,47,196,28,196,9,198,-9,198,-28,196,-47,196,-65,192,-83,189,-64,118,-2763,1792,-183,38,-18,3,-2190,-220,-1191,-120,-163,-69,-233,-116,-221,-125,-209,-135,-196,-144,-181,-153,-167,-161,-151,-168,-135,-174,-118,-181,-101,-185,-83,-189,-65,-192,-47,-196,-28,-196,-9,-198]]]
7284893	p	2995469
2997577	r	-3.7447,47.5454,-3.0177,48.0097	[[[-37447,478052,215,82,86,-28,84,-137,193,-46,379,13,46,-19,114,-87,78,-31,83,-8,259,8,353,-59,164,-3,110,62,38,-75,42,-43,111,-87,143,-204,299,-260,43,-54,143,-30,819,139,0,62,-20,22,6,9,-13,8,-14,30,7,-3,2,5,20,-31,33,4,4,-6,-24,-14,50,23,-5,5,14,14,7,0,1,4,14,1,18,58,-5,7,11,0,12,11,-7,4,13,19,19,0,22,9,-11,30,173,69,274,176,218,172,0,-74,-128,-69,-90,-119,-129,-221,-63,-13,-170,18,-34,-40,0,-92,-11,-50,-43,-22,-89,-6,0,-75,420,-29,178,-43,159,-65,0,-62,-398,99,-178,13,-181,-50,268,-6,439,-80,255,-50,305,-234,74,-39,91,42,32,92,48,93,139,46,-103,106,-39,30,142,26,78,65,70,36,119,-58,15,37,0,16,9,8,50,7,-42,138,-64,106,-95,73,-140,37,158,21,135,-46,107,-19,78,106,63,0,-7,-68,7,-211,46,21,117,31,48,22,0,-99,8,-72,21,-56,39,-52,-751,-236,-121,-280,-22,-130,39,-61,95,-39,112,-32,95,-41,143,-111,110,-132,70,-172,25,-234,-19,-119,49,27,107,330,-50,20,-42,34,-45,15,84,107,113,4,115,-50,828,2584,-82,123,-118,150,-133,144,-146,138,-159,131,-172,125,-183,116,-194,108,-204,99,-214,89,-221,80,-229,71,-235,59,-240,50,-244,38,-248,28,-250,17,-251,5,-251,-5,-250,-17,-248,-28,-244,-38,-240,-50,-235,-59,-229,-71,-221,-80,-214,-89,-204,-99,-194,-108,-183,-116,-172,-125,-159,-131,-146,-138,-133,-144,-118,-150,-104,-155,-88,-159,-73,-163,-41,-120]]]
2976043	p	2988507
2987805	p	3031582
3012621	p	2988507
3019265	r	0.7468,48.7538,1.5532,49.2434	[[[7468,490200,9,-174,26,-173,43,-172,59,-170,77,-167,93,-163,109,-158,124,-154,140,-148,153,-142,168,-134,180,-127,193,-119,204,-111,214,-101,224,-92,233,-83,240,-71,247,-62,252,-50,257,-40,261,-28,262,-17,264,-6,264,6,262,17,261,28,257,40,252,50,247,62,240,71,233,83,224,92,214,101,204,111,193,119,180,127,168,134,153,142,140,148,124,154,109,158,93,163,77,167,59,170,43,172,26,173,9,174,-9,174,-26,173,-43,172,-59,170,-77,167,-93,163,-109,158,-124,154,-140,148,-153,142,-168,134,-180,127,-193,119,-204,111,-214,101,-49,21,-4908,-269,-134,-83,-180,-127,-168,-134,-153,-142,-140,-148,-124,-154,-109,-158,-93,-163,-77,-167,-59,-170,-43,-172,-26,-173,-9,-174]]]
2970072	p	2996944
3027883	p	2988507
3024597	p	2988507
2989487	p	2988507
7284892	p	2995469
2977295	r	2.8775,49.5822,3.7025,50.1178	[[[28775,498500,9,-175,26,-175,44,-172,62,-171,78,-168,95,-164,112,-159,127,-155,142,-149,158,-142,171,-136,184,-127,197,-120,209,-111,219,-102,230,-93,238,-83,245,-72,253,-62,258,-50,263,-40,267,-29,268,-17,270,-6,270,6,268,17,267,29,263,40,258,50,253,62,245,72,238,83,230,93,219,102,209,111,197,120,184,127,171,136,158,142,142,149,127,155,112,159,95,164,78,168,62,171,44,172,26,175,9,175,-9,175,-26,175,-44,172,-62,171,-78,168,-95,164,-112,159,-127,155,-142,149,-158,142,-171,136,-184,127,-197,120,-209,111,-219,102,-230,93,-238,83,-245,72,-253,62,-258,50,-263,40,-267,29,-268,17,-270,6,-270,-6,-268,-17,-267,-29,-263,-40,-258,-50,-253,-62,-245,-72,-238,-83,-230,-93,-219,-102,-209,-111,-197,-120,-184,-127,-171,-136,-158,-142,-142,-149,-127,-155,-112,-159,-95,-164,-78,-168,-62,-171,-44,-172,-26,-175,-9,-175]]]
2988623	p	2988507
2990355	r	-0.8643,46.0363,-0.052,46.6038	[[[-8643,463577,116,-230,913,-1812,193,-382,131,-86,206,-118,217,-108,227,-98,236,-87,243,-77,250,-65,255,-54,260,-42,263,-30,266,-19,267,-6,267,6,266,19,263,30,260,42,255,54,250,65,243,77,236,87,227,98,217,108,206,118,195,127,182,136,170,143,155,151,141,158,126,163,110,169,94,174,78,178,60,181,44,183,26,184,9,186,-9,186,-26,184,-44,183,-60,181,-78,178,-94,174,-110,169,-126,163,-141,158,-155,151,-170,143,-182,136,-195,127,-206,118,-217,108,-227,98,-236,87,-243,77,-250,65,-255,54,-260,42,-263,30,-266,19,-267,6,-267,-6,-266,-19,-263,-30,-260,-42,-255,-54,-250,-65,-243,-77,-236,-87,-227,-98,-217,-108,-206,-118,-195,-127,-182,-136,-170,-143,-155,-151,-141,-158,-126,-163,-110,-169,-94,-174,-78,-178,-60,-181,-42,-176]]]
3033791	r	6.4493,47.3682,7.1893,47.9118	[[[64493,476400,8,-178,26,-177,43,-175,59,-174,76,-170,93,-166,108,-162,124,-157,138,-151,153,-145,166,-137,180,-130,191,-122,203,-113,213,-103,222,-94,232,-84,239,-73,245,-63,251,-52,255,-40,259,-29,261,-17,262,-6,230,5,110,139,148,131,257,103,16,189,262,39,162,64,149,86,76,84,-49,119,-103,139,-25,111,186,38,89,48,90,15,91,-15,91,-48,259,-25,498,59,236,-34,130,-50,19,-2,115,-13,271,19,-24,-39,48,46,61,67,-56,113,-1875,3763,-56,111,-118,30,-251,52,-255,40,-259,29,-261,17,-262,6,-262,-6,-261,-17,-259,-29,-255,-40,-251,-52,-245,-63,-239,-73,-232,-84,-222,-94,-213,-103,-203,-113,-191,-122,-180,-130,-166,-137,-153,-145,-138,-151,-124,-157,-108,-162,-93,-166,-76,-170,-59,-174,-43,-175,-26,-177,-8,-178]]]
3038334	r	8.5452,41.5721,9.2078,42.2704	[[[85453,422329,71,-39,134,-33,83,-58,-83,-113,120,-42,40,-99,-42,-96,-118,-36,0,-68,280,0,0,-74,-159,-83,-82,-32,-101,-16,95,10,90,-8,82,-28,75,-48,-27,-37,-48,-94,204,2,229,-36,181,-81,74,-127,58,-38,279,57,104,-19,70,-88,173,-284,156,-87,59,-68,-16,-125,-54,-2,-267,-106,-52,-28,-218,-49,-197,-111,-85,-116,127,-66,-138,-176,-195,-61,-194,-14,-17,5,-20,-5,3,-3,-2,0,-3,1,-5,-7,4,6,-258,-19,60,-54,-5,0,-6,-14,21,-14,26,-3,30,-26,-5,-5,11,-6,-13,-11,3,-10,-7,1,6,-8,-7,-14,35,-1,15,-6,23,5,17,-15,-9,-5,4,-20,-13,-11,17,1,11,-8,-4,-37,-2,-4,-6,2,13,-15,17,0,0,-16,28,8,4,-9,6,6,25,-3,29,-93,-114,-167,20,-37,-2,-1,3,-2,5,-10,-7,-7,3,-6,13,-3,32,-60,-15,-2,-19,-14,-6,-9,7,-17,-12,0,-2,-7,-21,-7,11,-15,18,20,47,23,24,25,48,13,25,-1,26,22,24,10,5,11,70,16,51,21,46,-3,33,-12,31,5,69,-20,59,3,46,-24,33,6,22,-12,13,8,-6,6,13,12,50,2,13,8,12,-3,24,15,44,0,10,-8,18,6,31,-5,11,4,64,-18,41,13,48,2,13,-7,36,4,24,11,6,21,11,7,39,-1,22,6,11,13,1,17,18,12,29,1,48,-14,33,23,2,16,-5,-10,-19,-9,-15,12,13,-7,-10,7,0,21,29,-5,-25,6,0,8,18,5,-16,0,5,18,-10,0,-2,15,12,21,19,2,-2,16,8,5,-10,-4,-1,-16,-15,-2,-9,31,2,4,20,7,8,-3,3,8,7,3,85,6,25,-9,5,-29,29,-24,-5,-13,39,-14,6,-20,18,4,2,-22,-11,-1,-22,17,4,-12,18,-9,15,5,-4,25,18,27,9,0,-1,5,17,8,42,3,57,-20,86,-66,32,-37,10,-14,7,-5,5,-5,53,-80,9,13,-15,14,0,14,25,1,15,-8,6,-5,2,1,6,-3,23,-6,-20,-64,-88,-83,-28,-51,-17,-2,-120,-141,36,9,41,-57,35,-67,25,-22,-81,-55,-329,-81,116,-14,99,-37,77,-65,49,-95,-326,-146,-204,-52,-227,-1,0,-74,110,-54,18,-93,-45,-104,-83,-84,-129,-54,-281,-33,-131,-50,129,-24,100,-34,107,-23,143,7,-49,-94,-25,-37,235,13,410,120,248,-2,-88,-201,127,-98,235,-33,241,-4,628,-134,235,-9,-120,-108,-137,-59,-112,-70,-47,-138,-85,-60,-536,-185,-172,65,-98,-140,-66,-204,-73,-131,151,-43,32,-67,-20,-85,67,5,302,37,298,52,293,67,286,80,279,95,270,108,260,121,249,134,236,145,224,157,209,167,194,178,179,186,161,195,145,202,126,209,108,215,89,219,69,223,50,227,30,228,10,229,-10,229,-30,228,-50,227,-69,223,-89,219,-108,215,-126,209,-145,202,-161,195,-179,186,-194,178,-209,167,-224,157,-236,145,-249,134,-260,121,-270,108,-279,95,-286,80,-293,67,-298,52,-302,37,-305,23,-306,7,-306,-7,-305,-23,-123,-15,-19,-10,-136,-45,-403,-58,-95,-39,-75,-44,-75,-29,-237,8,-16,-4,-128,-44,-29,-65]],[[85857,418742,33,7,9,-7,20,6,8,-8,13,3,-7,18,15,5,2,11,37,27,-3,16,-27,0,-1,-14,-32,-22,-15,0,-46,-27,-5,2,7,-9,-8,-8]]]
2970777	r	-3.1037,47.4682,-2.3466,47.9403	[[[-31037,475812,139,-57,160,10,314,116,66,-48,59,-14,142,-7,-60,134,35,111,64,15,36,-154,48,-131,92,-26,56,62,-59,132,136,-82,106,-103,90,-65,83,39,104,-100,27,-36,27,39,16,29,25,68,-104,71,-112,100,-89,111,-36,100,0,239,-14,70,-47,125,-14,78,75,0,26,-124,66,-92,105,-53,144,-4,-85,-47,-32,-77,10,-101,39,-122,68,0,43,42,31,17,130,15,0,-74,-67,0,0,-63,330,55,196,62,88,119,103,71,516,37,102,33,50,-9,-5,-24,6,-9,35,-18,7,6,-37,35,5,14,38,-3,57,-22,23,3,39,12,20,17,3,61,36,-4,29,-13,5,-25,-13,-7,15,-1,-34,-24,4,-21,38,-17,7,-16,-14,3,-209,21,501,-217,51,-56,116,5,43,21,45,48,-142,68,124,24,60,50,-13,64,-96,67,0,62,225,-197,-46,-186,-391,-368,75,-68,-212,-95,-273,-18,-253,56,-156,125,-57,-146,-11,-65,-90,60,-70,15,-57,-22,-56,-53,-69,0,-147,201,-273,0,-166,-82,171,-45,6,-48,-14,-14,30,-11,114,-13,95,-31,42,-53,37,-11,154,-196,20,-38,135,-88,131,-44,149,-11,194,13,521,122,167,8,333,-82,136,54,16,239,107,-52,117,-19,253,3,-21,67,-40,38,-62,19,-82,12,171,27,148,-9,141,15,155,103,-77,-134,-149,-114,-175,-74,-151,-19,103,-64,61,7,57,36,92,21,375,0,327,74,130,12,158,-17,763,-205,1,0,251,160,109,138,112,167,95,172,79,176,61,178,44,181,27,183,9,183,-9,183,-27,183,-44,181,-61,178,-79,176,-95,172,-112,167,-127,161,-143,156,-158,149,-171,142,-185,134,-198,125,-209,117,-219,107,-230,96,-239,87,-246,76,-253,64,-259,53,-264,42,-266,30,-270,18,-270,6,-270,-6,-270,-18,-266,-30,-264,-42,-259,-53,-253,-64,-246,-76,-239,-87,-230,-96,-177,-87,-931,-2902,98,-61,-66,-40,-64,-29],[-27860,476413,11,3,3,6,7,-1,-5,-27,2,11,-18,8],[-27467,476261,10,26,-10,27,19,10,103,-101,-118,28,-4,10]],[[-24947,474912,141,-130,-44,-100,495,315,-481,-17,-111,-68]]]
2975921	p	2988507
2996568	p	2988507
2994798	r	2.6615,48.6995,3.2862,49.2285	[[[26615,491609,211,-1897,2953,-2717,72,12,255,51,248,61,242,73,235,83,226,93,216,102,205,111,194,120,182,129,168,135,155,143,141,150,125,154,110,161,93,164,77,168,61,171,43,174,26,174,9,176,-9,176,-26,174,-43,174,-61,171,-77,168,-93,164,-110,161,-125,154,-141,150,-155,143,-168,135,-182,129,-194,120,-205,111,-216,102,-226,93,-235,83,-242,73,-248,61,-255,51,-259,40,-262,29,-264,17,-266,6,-266,-6,-264,-17,-262,-29,-259,-40,-255,-51,-248,-61,-242,-73,-235,-83,-107,-44,-47,-272]]]
3032213	r	0.9142,47.3016,1.7547,47.8784	[[[9142,476486,117,-177,1771,-2701,130,-199,16,-7,245,-89,254,-77,260,-67,266,-55,270,-43,275,-30,276,-19,278,-6,278,6,276,19,275,30,270,43,266,55,260,67,254,77,245,89,236,100,226,110,214,120,203,129,190,138,177,145,161,154,147,160,131,166,115,172,98,177,81,181,63,183,45,187,27,187,9,189,-9,189,-27,187,-7,29,-2712,2294,-127,32,-266,55,-270,43,-275,30,-276,19,-278,6,-278,-6,-276,-19,-275,-30,-270,-43,-266,-55,-260,-67,-254,-77,-245,-89,-236,-100,-226,-110,-214,-120,-203,-129,-190,-138,-177,-145,-161,-154,-147,-160,-131,-166,-115,-172,-98,-177,-81,-181,-55,-160]]]
3029974	r	1.121,44.8696,1.939,45.4504	[[[11210,451600,9,-190,26,-189,43,-187,61,-186,78,-181,94,-178,111,-173,126,-168,141,-161,156,-155,170,-147,183,-138,195,-130,207,-121,218,-110,227,-101,236,-89,244,-79,250,-67,256,-55,261,-43,264,-31,266,-18,268,-7,268,7,266,18,264,31,261,43,256,55,250,67,244,79,236,89,227,101,218,110,207,121,195,130,183,138,170,147,156,155,141,161,126,168,111,173,94,178,78,181,61,186,43,187,26,189,9,190,-9,190,-26,189,-43,187,-61,186,-78,181,-94,178,-111,173,-126,168,-141,161,-156,155,-170,147,-183,138,-195,130,-207,121,-218,110,-227,101,-236,89,-244,79,-250,67,-256,55,-261,43,-264,31,-266,18,-268,7,-268,-7,-266,-18,-264,-31,-261,-43,-256,-55,-250,-67,-244,-79,-236,-89,-227,-101,-218,-110,-207,-121,-195,-130,-183,-138,-170,-147,-156,-155,-141,-161,-126,-168,-111,-173,-94,-178,-78,-181,-61,-186,-43,-187,-26,-189,-9,-190]]]
3036938	r	4.2675,43.3303,5.0797,43.8489	[[[42675,435834,261,-1287,1158,-70,1036,81,422,-125,244,-132,84,-132,-23,-127,-116,-93,-17,2,-44,-17,-41,-7,-49,-22,-19,0,-44,-38,-2,-33,25,-46,47,-39,96,-57,135,-66,74,-18,21,-9,54,-9,24,-11,2,-9,87,-20,144,-19,35,-10,-1,-7,2,7,11,2,16,-8,22,2,6,-8,1,6,13,1,41,-9,0,-4,41,0,14,-8,49,0,110,-32,4,-8,16,11,43,2,0,-7,6,9,32,1,14,-8,12,5,26,-2,7,-6,25,2,24,-5,2,-6,-1,8,16,6,32,5,3,-7,-1,7,6,2,1052,-20,31,1,63,-13,234,-78,95,-53,29,-6,18,9,21,17,-50,99,-9,43,0,128,-12,60,-21,27,-116,49,-160,97,-34,29,-304,158,-272,207,-62,153,19,35,47,65,149,-256,340,-232,415,-171,175,-231,21,-70,146,133,-26,127,-99,183,-47,52,81,138,98,63,244,39,106,62,253,85,147,-62,450,408,915,2300,-4702,1442,-3420,-2655]]]
3034006	r	1.6543,49.235,2.5057,49.7044	[[[16543,494300,9,-182,28,-182,45,-180,63,-177,81,-175,98,-171,115,-166,132,-161,147,-155,162,-148,177,-141,160,-112,5163,0,1489,477,74,79,132,161,115,166,98,171,81,175,63,177,45,180,28,182,9,182,-9,182,-28,182,-45,180,-63,177,-81,175,-98,171,-115,166,-132,161,-147,155,-162,148,-177,141,-124,87,-67,14,-3741,805,-98,-10,-272,-42,-266,-53,-261,-64,-254,-75,-245,-86,-237,-96,-226,-107,-216,-115,-203,-125,-190,-133,-177,-141,-162,-148,-147,-155,-132,-161,-115,-166,-98,-171,-81,-175,-63,-177,-45,-180,-28,-182,-9,-182]]]
3026204	r	1.308,46.5468,2.072,47.0732	[[[13080,468100,8,-172,25,-172,41,-169,56,-168,73,-165,88,-161,103,-157,118,-152,132,-146,146,-140,158,-133,171,-126,182,-118,194,-109,203,-100,212,-91,221,-82,227,-71,234,-60,239,-50,244,-39,246,-29,249,-16,250,-6,250,6,249,16,246,29,244,39,239,50,234,60,227,71,221,82,212,91,203,100,194,109,182,118,171,126,158,133,146,140,132,146,118,152,103,157,88,161,73,165,56,168,41,169,25,172,8,172,-8,172,-25,172,-41,169,-56,168,-73,165,-88,161,-103,157,-118,152,-132,146,-146,140,-158,133,-171,126,-182,118,-194,109,-203,100,-212,91,-221,82,-227,71,-234,60,-239,50,-244,39,-246,29,-249,16,-250,6,-250,-6,-249,-16,-246,-29,-244,-39,-239,-50,-234,-60,-227,-71,-221,-82,-212,-91,-203,-100,-194,-109,-182,-118,-171,-126,-158,-133,-146,-140,-132,-146,-118,-152,-103,-157,-88,-161,-73,-165,-56,-168,-41,-169,-25,-172,-8,-172]]]
3025053	r	-1.3067,46.7413,-0.4154,47.3686	[[[-13067,469634,82,-53,2763,-1792,474,-308,42,-6,300,-34,302,-21,304,-7,304,7,302,21,300,34,297,47,290,60,285,74,277,86,268,98,258,110,247,122,235,132,222,143,208,152,193,161,177,170,161,177,143,184,126,190,107,195,88,199,69,203,49,206,30,208,10,208,-10,208,-30,208,-49,206,-69,203,-88,199,-6,10,-654,242,-4164,1542,-726,268,-53,-8,-290,-60,-285,-74,-277,-86,-268,-98,-12,-5,-102,-196,-1830,-3525]]]
3017253	r	6.2272,43.1734,6.9165,43.7891	[[[62273,434630,3120,-2824,6,16,238,22,176,0,120,33,22,-78,40,-49,104,-16,193,65,112,19,200,86,194,112,-78,120,-66,77,30,182,170,85,126,175,-46,75,-210,32,-607,-119,-208,46,63,151,274,119,274,190,93,74,47,109,86,132,193,20,239,22,0,163,150,152,-11,171,3,-2,5,9,-8,0,-2,23,22,39,66,73,27,22,35,23,21,10,17,1,1,7,67,30,159,-42,101,-99,357,75,160,-3,119,-32,134,33,-40,128,19,75,50,32,36,-39,31,-34,14,-60,229,15,42,104,183,91,-552,570,21,6,67,-6,33,21,56,-16,0,-15,48,-5,28,37,0,22,18,1,11,19,15,7,16,54,27,24,0,20,-8,4,11,17,-13,24,20,20,-47,6,-40,-4,-26,16,-14,-3,-22,10,-24,-14,6,38,-37,0,-22,-9,-18,13,-26,8,-20,-13,-54,-6,-15,-14,-13,-33,-32,-10,-3,-15,-52,-8,-28,12,-17,-14,-13,4,-6,-8,-11,2,-1673,1731,-896,927,-115,-26,-316,-86,-307,-102,-297,-116,-286,-130,-274,-144,-260,-156,-246,-169,-231,-179,-214,-191,-196,-200,-178,-209,-159,-218,-139,-224,-118,-231,-98,-236,-77,-239,-55,-244,-21,-161]]]
2988621	p	2988507
6543972	p	2996944
2981280	r	-3.172,48.2519,-2.368,48.7647	[[[-31720,485200,9,-175,25,-175,43,-173,60,-171,76,-168,93,-164,108,-160,124,-154,139,-149,154,-143,167,-136,179,-128,192,-120,204,-111,214,-102,223,-93,232,-82,240,-73,246,-62,252,-50,256,-40,259,-29,262,-17,263,-6,263,6,262,17,259,29,256,40,252,50,246,62,240,73,232,82,223,93,214,102,204,111,192,120,179,128,167,136,154,143,139,149,124,154,108,160,93,164,76,168,60,171,43,173,25,175,9,175,-3,67,-420,1130,-115,143,-31,33,-180,18,-446,-90,195,-62,85,-6,0,-68,-141,-105,-675,-279,-177,-40,-106,-54,-77,-62,-236,-249,-193,-140,-163,-48,-398,14,-41,-74,5,-144,-27,-94,-139,77,-84,75,-82,57,21,10,4,-8,6,16,-3,12,-47,26,40,-26,-62,-14,-57,21,-118,4,78,50,57,56,41,71,29,90,-571,185,-239,121,-130,43,-50,30,-34,63,20,50,30,47,-16,51,-40,80,-100,298,-651,373,-66,100,-153,117,-180,105,-147,62,0,63,40,14,96,54,-13,68,0,60,9,56,-143,-43,-232,-82,-223,-93,-214,-102,-204,-111,-192,-120,-179,-128,-167,-136,-154,-143,-139,-149,-124,-154,-108,-160,-93,-164,-76,-168,-60,-171,-43,-173,-25,-175,-9,-175]]]
2993002	r	0.9303,43.7802,1.7677,44.3238	[[[9303,440200,9,-199,27,-198,45,-196,62,-193,80,-191,97,-186,113,-181,130,-175,145,-169,160,-162,174,-153,187,-145,201,-136,192,-114,199,20,5742,566,123,124,145,169,130,175,29,46,384,1573,-16,122,-45,196,-62,193,-80,191,-97,186,-113,181,-130,175,-145,169,-160,162,-174,153,-187,145,-201,136,-212,126,-223,116,-234,105,-242,94,-250,82,-257,70,-263,58,-267,45,-271,32,-274,20,-274,6,-274,-6,-274,-20,-271,-32,-267,-45,-263,-58,-257,-70,-250,-82,-242,-94,-234,-105,-223,-116,-212,-126,-201,-136,-187,-145,-174,-153,-160,-162,-145,-169,-130,-175,-113,-181,-97,-186,-80,-191,-62,-193,-45,-196,-27,-198,-9,-199]]]
3026613	r	4.2825,49.4855,5.1441,50.0545	[[[42825,497700,9,-186,28,-185,47,-184,65,-181,83,-179,101,-174,118,-169,135,-165,151,-158,167,-151,181,-144,196,-136,209,-127,221,-118,233,-109,243,-98,253,-88,261,-76,268,-66,274,-54,278,-42,283,-31,285,-18,286,-6,286,6,285,18,283,31,278,42,274,54,268,66,261,76,253,88,243,98,233,109,221,118,209,127,196,136,181,144,167,151,151,158,135,165,118,169,101,174,83,179,15,41,-77,48,-426,400,-119,74,-357,67,-199,73,-372,239,-181,65,-26,-1,-184,-6,-434,-99,-224,-24,-262,25,-90,76,2,374,-24,59,-99,105,-20,50,18,61,89,67,33,53,54,122,51,84,26,86,-18,130,-156,184,-473,126,-134,140,44,160,384,617,9,97,-222,33,-283,31,-285,18,-286,6,-286,-6,-116,-7,8,-49,-77,-319,-70,-159,-92,-114,-109,-46,-416,-43,-1394,-446,-297,-33,-74,13,-547,97,-1,-1,-167,-151,-151,-158,-135,-165,-118,-169,-101,-174,-83,-179,-65,-181,-47,-184,-28,-185,-9,-186]]]
3038261	r	1.7331,43.6265,2.5685,44.2335	[[[17331,439054,19,-150,45,-196,62,-193,80,-190,96,-186,113,-181,129,-175,145,-169,160,-161,173,-154,188,-145,199,-136,212,-126,223,-115,232,-105,242,-94,249,-82,257,-70,262,-57,266,-45,271,-33,272,-19,274,-7,274,7,272,19,271,33,266,45,262,57,257,70,249,82,242,94,232,105,223,115,212,126,199,136,188,145,173,154,160,161,145,169,129,175,113,181,96,186,80,190,62,193,45,196,26,198,9,198,-9,198,-26,198,-45,196,-62,193,-80,190,-96,186,-113,181,-129,175,-145,169,-160,161,-173,154,-188,145,-199,136,-212,126,-223,115,-232,105,-242,94,-249,82,-257,70,-262,57,-266,45,-271,33,-272,19,-274,7,-274,-7,-272,-19,-271,-33,-266,-45,-262,-57,-257,-70,-249,-82,-242,-94,-232,-105,-223,-115,-212,-126,-199,-136,-188,-145,-173,-154,-160,-161,-145,-169,-129,-175,-46,-73,-23,-94,-346,-1421]]]
2973385	r	-0.2224,42.9674,0.428,43.4927	[[[-2224,430787,84,-86,149,-132,160,-126,171,-117,181,-109,190,-100,199,-91,207,-81,213,-71,219,-61,224,-50,229,-39,231,-28,233,-16,234,-6,234,6,233,16,231,28,229,39,224,50,219,61,213,71,207,81,199,91,190,100,181,109,171,117,160,126,149,132,137,140,123,146,111,152,96,156,83,161,68,164,53,168,38,169,23,171,8,172,-8,172,-23,171,-38,169,-53,168,-68,164,-83,161,-96,156,-111,152,-123,146,-137,140,-149,132,-160,126,-171,117,-181,109,-190,100,-199,91,-207,81,-213,71,-219,61,-224,50,-229,39,-231,28,-233,16,-234,6,-234,-6,-233,-16,-231,-28,-229,-39,-224,-50,-174,-49,-1599,-3951]]]
3017910	p	2988507
6543975	p	2996944
3019256	p	2988507
3024783	p	2988507
7284890	p	2995469
3027487	r	3.9469,48.6702,4.7931,49.226	[[[39469,489500,9,-183,27,-182,45,-181,63,-178,80,-175,98,-172,114,-166,131,-162,146,-155,161,-149,176,-142,189,-133,202,-125,214,-117,225,-106,235,-97,245,-86,252,-76,259,-64,265,-53,269,-42,274,-30,275,-18,277,-6,277,6,275,18,274,30,269,42,265,53,259,64,252,76,245,86,235,97,225,106,214,117,202,125,189,133,176,142,161,149,146,155,131,162,114,166,98,172,80,175,63,178,45,181,27,182,9,183,-9,183,-27,182,-45,181,-63,178,-80,175,-98,172,-114,166,-131,162,-146,155,-161,149,-176,142,-189,133,-202,125,-214,117,-225,106,-235,97,-245,86,-252,76,-259,64,-265,53,-269,42,-151,16,-4866,-2377,-4,-18,-27,-182,-9,-183]]]
2990919	r	2.5065,42.9308,3.2167,43.4845	[[[25065,431800,11,-237,31,-236,53,-234,73,-231,94,-227,114,-221,133,-216,152,-210,171,-201,45,-46,1392,-133,3131,-300,-47,20,-28,100,72,214,99,285,71,157,72,185,156,271,100,186,82,152,98,185,220,147,185,143,114,171,128,128,45,30,18,-1,-9,7,118,79,114,99,94,60,-4276,2581,-561,338,-72,-33,-262,-138,-250,-150,-236,-162,-220,-173,-205,-183,-188,-193,-171,-201,-152,-210,-133,-216,-114,-221,-94,-227,-73,-231,-53,-234,-31,-236,-11,-237]]]
2978640	r	-2.4117,48.3631,-1.5789,48.7121	[[[-24117,486434,14,-37,420,-1130,204,-549,135,-110,193,-137,206,-128,219,-120,229,-109,240,-99,249,-89,257,-77,264,-66,270,-55,275,-42,279,-31,281,-18,282,-6,282,6,281,18,279,31,275,42,270,55,264,66,257,77,249,89,240,99,229,109,219,120,206,128,193,137,179,145,164,153,149,159,133,166,117,171,99,176,82,179,64,183,46,185,28,187,6,120,-8,1,-100,-15,-60,-9,-483,-175,-788,-81,-732,6,-422,79,-228,171,-2,233,249,269,-73,70,-33,53,2,44,30,43,-1019,-135,62,-75,-301,0,0,1,-9,2,5,7,-28,3,17,-7,-12,-3,6,-3,-54,0,-89,-32,-13,-52,-2,1,-1,17,-23,0,-1,-8,-7,3,-8,-9,1,-16,29,-24,-7,-12,14,-7,0,-34,-34,-32,-155,-30,-115,-73,-40,-48,-16,20,-13,-43,-16,-13,-7,5,-5,-7,-21,-3,-12,-12,10,-47,-18,-34,39,34,2,0,-9,-22,17,-22,-34,-5,23,-1,-10,-19,-15,-1,-7,-7,8,-18,-9,-15,10,-5,39,9,8,-5,-9,-5,11,0,13,11,19,-1,14,-18,-20,-3,14,-1,-10,-4,5,-7,21,1,4,-20,17,-11,-8,-3,13,0,33,-54,-1,-3,-14,-5,-9,-20,-17,1,-9,-10,37,-31,0,-19,20,-10,40,-3,14,2,23,-36,-17,-2,-3,-8,-13,-3,-10,-9,3,-17,-27,-17,23,-27,-7,-7,-10,2,-4,-13,-12,1,8,-13,18,-2,17,14,22,-3,21,20,35,-10,6,14,1,-2,94,-59,113,-3,104,-23,90,-62,74,-116,-122,62,-42,30,-41,45,-68,0,37,-160,147,-178,-54,-78,279,-131,-310,-133,-99,-71,39,220,-61,134,-258,260,32,38,42,99,-124,29,-87,73,-51,101,-16,107,-211,259,-26,45,-478,-32,-446,-104,82,-144,53,-68,70,-62,-127,89,-123,9,-117,-59,-111,-113,89,-52,41,-11,0,-67,-150,-57,-89,58,-54,125,-42,146,5,-122,-34,-102,-73,-76,-109,-40,-20,105,-35,113,-67,87,-114,35,-34,54,-55,234,-48,54,-226,-75,-204,-140,-187,-84,-176,94,279,205,49,56,37,57,44,52,74,40,0,74,-132,-14,-101,30,-72,74,-36,116,-139,-182,-261,-171,-301,-132,-255,-67]]]
3005866	r	-1.1771,47.7962,-0.3629,48.3438	[[[-11771,480700,9,-179,26,-178,44,-177,60,-175,77,-171,94,-168,110,-163,126,-158,140,-152,156,-146,169,-139,182,-130,194,-123,206,-114,217,-104,226,-95,235,-84,242,-74,250,-63,254,-52,260,-41,263,-29,265,-18,266,-5,266,5,265,18,263,29,260,41,254,52,250,63,242,74,235,84,226,95,217,104,206,114,194,123,182,130,169,139,156,146,140,152,126,158,110,163,94,168,77,171,60,175,44,177,26,178,9,179,-9,179,-26,178,-44,177,-60,175,-77,171,-94,168,-110,163,-126,158,-140,152,-156,146,-169,139,-182,130,-194,123,-206,114,-217,104,-226,95,-235,84,-242,74,-250,63,-254,52,-260,41,-263,29,-265,18,-266,5,-266,-5,-265,-18,-263,-29,-260,-41,-254,-52,-250,-63,-242,-74,-235,-84,-226,-95,-217,-104,-206,-114,-194,-123,-182,-130,-169,-139,-156,-146,-140,-152,-126,-158,-110,-163,-94,-168,-77,-171,-60,-175,-44,-177,-26,-178,-9,-179]]]
3012937	p	2972328
