2643743	r	-0.6774,51.248,0.5098,51.99	[[[-6774,513476,130,-317,176,-40,-32,-33,21,-42,3,-3,1,-1,293,-213,17,6,11,-5,4,5,34,-11,25,14,59,4,-3,17,26,4,110,-41,77,-50,137,-37,44,-26,44,-12,-1,8,15,-3,0,12,34,-3,16,-26,23,5,9,-5,-14,-5,3,-7,35,-14,31,-2,85,33,-31,13,16,32,34,4,-9,11,-10,-5,-10,15,5,8,-30,-1,-22,9,-1,19,-22,17,-20,3,6,16,-10,6,-9,-4,1,13,-12,-4,-7,7,32,19,-13,6,23,5,-9,11,15,6,-3,20,-15,32,12,15,25,4,11,16,-7,11,26,4,-7,13,22,4,25,-8,2,-14,16,0,25,-15,14,0,4,9,35,11,-13,8,18,24,25,3,4,-8,15,21,9,-9,15,2,-1,-7,19,2,10,6,-4,8,54,15,0,31,-23,-3,-6,6,13,4,-10,6,5,15,26,11,5,-14,19,6,12,-5,-7,-7,25,2,-3,-12,17,3,15,-15,-12,-18,23,-5,25,19,45,12,20,14,5,35,26,4,13,14,55,0,-5,-10,9,-4,61,14,7,25,-15,21,-28,11,6,5,-2,0,0,1,-21,3,-3,1,-1,0,1,-8,-13,1,-11,21,-18,-3,-18,16,-21,2,-1,1,14,5,-13,15,1,16,2,0,21,-5,-4,11,32,11,21,-13,29,2,23,-20,21,4,2,-17,1,0,60,2,9,14,27,3,11,5,75,16,12,-1,50,-5,-14,-18,51,-18,90,6,2,-14,-21,1,-11,-11,-35,-9,-20,3,-2,-60,-1,-9,21,-44,11,-54,25,-29,29,-8,213,5,7,-6,58,-8,42,-61,1,-21,13,0,17,16,24,10,51,5,-13,-29,16,-44,-10,-39,-16,-10,-1,-70,11,-1,13,-22,13,4,9,-4,5,-13,-15,-7,7,-8,-6,-12,14,-12,18,2,31,-64,-28,-4,-8,-25,10,-43,189,-99,1478,835,22,-16,67,4,11,53,158,80,153,-57,91,-79,98,3,-11,-43,77,-46,-54,-18,35,-86,41,-7,-35,-59,25,-31,180,-5,130,-140,65,3,29,53,205,70,-30,17,62,4,23,57,69,34,-28,53,58,39,80,14,9,-23,60,-3,128,38,34,28,-24,74,83,12,41,49,158,-6,77,-83,56,41,111,-48,43,-134,37,4,-19,-57,66,-186,41,-1,57,105,81,53,94,-56,1,-92,84,13,77,-46,248,29,79,45,-23,25,244,-163,1429,82,85,54,1038,336,1055,1033,358,474,-151,38,-251,-43,-47,-32,-35,-70,-46,-71,-84,-32,-639,-68,147,53,149,35,144,52,132,99,63,112,22,78,-12,4,-1036,549,142,157,230,-12,-9,25,19,15,-9,22,9,1,-23,129,47,9,-21,78,-20,18,17,32,-43,49,-16,85,-26,31,62,28,29,16,7,33,22,36,3,26,-22,37,19,46,28,18,28,4,18,21,4,28,39,3,26,12,1,0,15,-2,1,3,0,1,5,13,-17,4,0,1,9,17,-10,0,4,13,-1,3,2,10,-4,2,-1,0,-23,12,-3,1,-23,-1,37,34,9,22,12,4,-12,9,4,8,-18,9,26,10,61,61,24,2,13,13,-51,19,-25,59,-71,8,37,29,-48,20,2,21,-12,-3,-14,16,-15,0,1,28,-9,9,-9,2,-16,-7,-77,26,-13,8,0,30,-26,5,-4,8,-86,-59,-60,-11,-27,-12,-136,34,-27,45,-50,31,8,25,-5,28,-23,25,-29,77,-40,-6,-70,-22,3,-9,-3,-5,-412,202,356,1174,-858,1386,-1184,10,-1540,-1460,-271,-1592,-175,53,-239,16,-401,-62,-141,26,-1,-57,-89,-93,-153,-52,-33,-40,-56,16,18,28,-85,18,11,-23,-89,-8,33,-41,-43,-15,-1778,507,-1916,-390,126,-537,-714,-349,-114,-540,-9,-5,-8,3,-65,-19,-2,-80,11,-2,2,-8,39,-6,6,-12,-23,-107,-23,2,-3,-22,21,-3,-97,-464,326,-192,112,-493,-543,-421]]]
2655603	r	-2.618,52.0772,-1.4046,52.8036	[[[-26180,523900,18,-222,53,-219,88,-215,121,-209,155,-201,112,-114,4235,232,2476,-2045,1158,-135,387,2034,927,681,1993,-56,21,24,-68,0,-58,13,-3,24,42,33,42,12,-31,33,-39,-2,-64,21,-34,-8,-1,18,10,7,3,-7,9,1,-4,6,27,24,-19,6,-5,29,-20,6,9,15,37,19,-38,26,36,17,-25,15,15,11,-16,23,178,64,100,65,38,42,1,5,4,5,-3,15,1,13,-4,5,-1,4,-54,62,-10,26,29,19,34,43,75,145,3,24,-9,13,-33,8,-35,20,-85,22,4,4,-68,25,16,38,14,10,-19,9,-6,-8,-98,39,-45,23,66,50,163,94,94,-9,68,-41,3,13,53,5,52,17,18,71,15,28,21,-1,5,18,-16,21,14,29,-14,1,3,15,-29,5,0,10,-19,0,-10,23,21,16,-1,11,20,9,-1,15,9,-1,12,34,3,5,-115,190,-30,-2,-43,-19,-38,7,-9,11,35,28,10,57,10,17,5,2,-715,1180,378,493,-3692,452,-541,645,-697,-209,-25,-26,44,-18,38,-46,-47,3,-17,-21,-37,-20,-57,-15,-61,-29,-47,-5,-26,-35,-43,9,-53,-4,-40,10,-101,6,-71,-29,-34,1,-103,-16,-8,-4,6,-17,30,-36,-32,-92,9,-18,-97,-62,-45,59,-61,122,-13,15,-2020,-607,1,-5,-1208,-1626,-2301,-583,-106,-182,-88,-215,-53,-219,-18,-222]]]
2648579	r	-4.8299,55.5239,-3.6544,56.199	[[[-48299,558300,20,-222,57,-219,96,-215,132,-209,168,-201,201,-190,234,-178,264,-165,290,-149,316,-132,336,-114,355,-95,369,-75,381,-54,388,-32,189,-5,-57,-76,228,-117,315,-132,335,-114,355,-95,368,-75,380,-54,388,-32,391,-11,350,10,-2,-14,374,-53,387,-32,391,-11,391,11,387,32,380,54,369,75,354,95,336,114,314,132,291,149,263,165,233,178,201,190,168,201,69,110,-685,855,-564,812,506,1747,-355,576,-50,16,-85,77,-598,236,0,62,205,-3,139,-52,209,-149,98,-53,-405,657,-236,63,-371,75,-382,54,-389,32,-393,11,-393,-11,-389,-32,-382,-54,-371,-75,-356,-95,-337,-114,-316,-132,-292,-149,-85,-53,-761,944,-171,-15,-377,-50,-370,-63,-362,-77,-352,-91,-237,-71,691,-1079,-320,-26,-381,-54,-369,-75,-355,-95,-336,-114,-316,-132,-290,-149,392,-280,435,-156,394,-48,1089,-132,-243,-92,-1665,147,-215,76,-114,-29,-169,16,-442,117,-161,-152,-168,-201,-132,-209,-96,-215,-57,-219,-20,-222]]]
2643123	r	-2.8553,53.1045,-1.8083,53.7318	[[[-28553,535575,2090,-767,8,-5,6,0,304,-112,0,-5,-6,-7,-8,2,-9,-17,17,-14,-3,-14,20,-17,33,-7,-612,-562,299,-550,1003,-1105,1356,240,39,-5,1783,-1269,133,-19,3520,-297,182,121,220,178,95,96,-655,633,-26,3,-5,-8,-5,5,-11,-4,19,-35,-60,-1,-18,16,28,25,-53,103,-55,15,-30,-6,16,-8,-34,-19,23,-39,-27,-16,-25,14,-7,18,-72,66,-26,8,-2,7,0,-7,-78,-30,80,-16,15,-11,-27,-21,7,-11,52,-4,58,-34,-6,-37,-18,-7,9,-8,14,2,20,-24,-4,-10,-23,-1,-8,-9,-22,-3,-53,2,-25,13,-7,14,-10,-1,-5,8,-33,12,-55,-2,-23,24,-34,11,-21,19,-75,33,-108,-3,-79,21,-43,57,-14,68,-84,-53,-55,-21,-19,-20,-92,-32,-22,22,-4,36,9,2,-12,34,44,28,25,0,57,18,16,-1,12,10,0,26,-42,22,-28,53,-91,24,-87,40,5,14,-27,21,16,69,-92,53,43,83,-41,111,12,82,-1,11,-14,0,10,54,-7,75,50,89,1,34,26,43,-21,27,-24,1,-29,13,-13,-1,-5,12,9,4,-10,2,-9,29,25,38,-44,10,-6,77,23,10,-35,34,60,177,-10,4,-14,-10,-37,12,-18,28,-44,12,-16,-4,-10,-19,-19,-8,-21,8,-16,17,-17,-5,-24,22,30,24,6,1,1,-3,18,6,-51,47,6,0,53,-12,16,-6,3,1,3,0,22,13,19,1,-5,9,14,2,-3,14,38,2,-26,28,27,9,19,-9,20,35,85,22,-4,66,87,116,23,47,7,27,-7,13,17,20,-128,-2,-55,17,-31,-8,0,6,-15,1,4,13,-22,2,3,12,-70,13,3,12,24,-5,-3,13,16,25,-20,23,-27,-1,3,7,-15,13,-18,30,46,8,3,12,30,15,17,26,12,-3,29,18,14,0,40,-38,41,-2,-22,45,-18,11,44,14,45,30,34,1,12,10,-2,37,23,20,58,17,10,8,1,7,-20,10,-1,9,-4,28,76,26,-36,36,-25,7,-18,25,11,28,-19,23,12,52,49,40,66,20,23,21,35,68,-17,38,-2,35,22,27,71,46,39,-39,38,-14,44,-3,38,3,6,0,24,11,21,10,69,-8,135,42,45,31,1,2,1,1,5,11,-51,27,-49,37,33,21,11,78,66,21,23,42,4,3,28,9,7,1,0,1,7,2,81,-2,8,-2,-582,660,-58,260,-921,1015,-607,-99,-382,-260,46,-13,53,-25,-30,-53,18,-46,-18,-2,-5,-75,-49,-56,-15,-47,-89,-95,0,-23,33,-41,-8,-69,-4,-1,-236,-31,49,23,-30,47,24,5,-13,25,-72,-2,-7,12,-63,15,-11,14,-75,23,8,17,8,-2,-33,11,-10,24,7,13,-76,45,-5,19,-24,19,-39,0,-42,18,-73,-20,-128,-53,-16,-24,-60,-46,-79,-24,-15,-23,-26,-10,-43,-46,7,-8,-5,-14,28,-25,-8,-5,22,-16,29,-130,-5,-14,25,-7,5,-37,32,-2,-24,-11,13,-28,-27,2,0,-5,-59,-17,-4,11,-21,6,-28,-17,-8,40,-32,4,-2,-7,-17,5,-6,16,-24,6,-21,-7,3,29,-20,23,10,16,-24,38,-30,20,-5,18,-2,3,0,1,-5,4,-54,59,-5,16,-16,89,0,1,20,12,0,18,-8,1,26,13,-19,81,-44,26,-75,-59,-6,-2,-36,-11,-17,-12,-21,-35,-28,1,-20,8,-130,-8,-199,33,-21,10,-2,50,-60,6,-96,20,86,-111,-32,-48,-257,21,-305,153,-1603,-174,-242,68,-1850,-216,-638,-789],[-22783,534658,62,42,-17,-12,-45,-30]]]
2638077	r	-2.0341,53.086,-0.8314,53.7418	[[[-20341,533679,24,-22,17,5,16,-17,21,-8,19,8,10,19,16,4,44,-12,18,-28,37,-12,14,10,10,-4,-60,-177,35,-34,-23,-10,6,-77,44,-10,-25,-38,9,-29,10,-2,-9,-4,5,-12,13,1,29,-13,24,-1,21,-27,-26,-43,-1,-34,-50,-89,7,-75,-10,-54,14,0,1,-11,-12,-82,41,-111,-43,-83,92,-53,-16,-69,27,-21,-5,-14,87,-40,91,-24,28,-53,42,-22,0,-26,-12,-10,-16,1,-57,-18,-25,0,-44,-28,12,-34,-9,-2,4,-36,22,-22,92,32,19,20,55,21,84,53,14,-68,43,-57,79,-21,108,3,75,-33,21,-19,34,-11,23,-24,55,2,33,-12,5,-8,10,1,7,-14,25,-13,53,-2,22,3,8,9,23,1,4,10,-20,24,-14,-2,-9,8,18,7,6,37,-58,34,-52,4,-7,11,27,21,-15,11,-80,16,78,30,0,7,2,-7,26,-8,72,-66,7,-18,25,-14,27,16,-23,39,34,19,-16,8,30,6,55,-15,53,-103,-28,-25,18,-16,60,1,-19,35,11,4,5,-5,5,8,26,-3,655,-633,0,-1,280,-271,-4,-97,3162,-211,3307,2226,547,107,1558,-102,919,686,-635,1868,6,11,24,-3,9,12,-50,11,-27,80,25,73,-17,4,110,177,-1,87,217,280,-600,159,-272,800,-1955,82,-516,-438,6,-31,-46,-3,-444,-377,10,-13,-42,-40,24,-20,-29,-12,-35,5,-2,-41,29,-47,89,-58,7,3,47,-76,66,-77,1,0,23,-5,2,-2,11,-13,-35,-4,-19,-2,-108,4,-41,-8,33,-82,-73,-10,15,-31,35,-33,-34,-9,3,13,-73,-13,-2,-15,21,8,-16,-10,25,-12,12,6,7,-4,-52,-23,14,-18,-13,-10,-42,-4,-6,-8,-14,5,-19,-15,-9,3,-12,-6,-12,6,-35,0,-10,-7,-28,6,-27,-24,16,-16,-45,-30,-37,-6,-22,-17,-64,-14,-24,-14,-108,-26,-40,14,-66,8,-37,21,-28,3,-37,-8,-46,3,-31,16,-110,31,-11,-8,-3,0,-27,-22,-25,23,-24,53,17,34,-15,32,-38,15,-3,18,-36,32,-128,46,-1,1,-23,1,-52,-29,-162,-50,-13,15,-35,2,-20,10,-56,-1,-25,20,-37,5,0,-6,-26,0,-34,13,-37,4,-5,17,-37,23,-26,-8,-11,-16,-26,5,-83,57,-5,-10,-75,-40,-175,-69,-10,6,-9,-13,-37,-18,-7,-14,-44,-20,-14,21,-44,-8,-25,6,-9,19,13,41,-35,4,-15,-58,-49,25,-57,-22,-8,6,-25,-8,6,-5,-30,0,-34,7,-24,20,-97,-27,-14,-29,-14,-3,4,-7,-13,7,-43,-1,-2,15,-13,0,-19,13,0,10,-14,2,-4,11,-8,-4,-5,8,-18,3,-18,27,-14,3,6,6,-17,0,-17,12,-64,9,-33,23,-25,2,-33,-11,-59,20,-108,-28,-10,0,-20,12,-2,0,-6,4,0,1,-21,-8,-11,4,-12,-3,7,-7,-530,-209,-282,-311,-274,-3,-50,64,-192,-3,-32,-54,20,-23,-28,-19,-29,-35,-115,-57,-142,-44,-97,-11,-64,-18,-49,17,-85,-7,-33,7,-88,-16,-39,12,-30,19,-179,-159,-1,-2,-3,9,-46,17,-81,-29,-65,-7,-24,19,-15,29,-67,24,-42,29,-29,36,-39,13,-101,55,-92,-13,-43,-32,-71,-23,-43,42,-24,7,-81,2,-7,-2,0,-1,-7,-1,-28,-9,-4,-3,-23,-42,-66,-21,-11,-78,-33,-21,49,-37,51,-27,-5,-11,-1,-1,-1,-2,-45,-31,-135,-42,-69,8,-21,-10,-24,-11,-6,0,-38,-3,-44,3,-38,14,-39,39,-71,-46,-22,-27,2,-35,17,-38,-35,-68,-23,-21,-66,-20,-49,-40,-12,-52,19,-23,-11,-28,18,-25,25,-7,36,-36,-76,-26,4,-28,1,-9,20,-10,-1,-7,-10,-8,-58,-17,-23,-20,2,-37,-12,-10,-34,-1,-45,-30,-44,-14,18,-11,22,-45,-41,2,-40,38,-14,0,-29,-18,-12,3,-17,-26,-30,-15,-3,-12,-46,-8,18,-30,15,-13,-3,-7,27,1,20,-23,-16,-25,3,-13,-24,5,-3,-12,70,-13,-3,-12,22,-2,-4,-13,15,-1,0,-6,31,8,55,-17,128,2,-17,-20,7,-13,-7,-27,-23,-47,-87,-116,4,-66,-85,-22,-20,-35,-19,9,-27,-9,26,-28,-38,-2,3,-14,-14,-2,5,-9,-19,-1,-22,-13,-3,0,-3,-1,-16,6,-53,12,-6,0,51,-47,-18,-6,-1,3,-6,-1,-30,-24],[-18217,535192,9,-7,13,-51,-22,58],[-16612,533934,49,-3,7,-1,-56,4],[-14599,534748,33,-28,1,-1,-34,29],[-14568,534735,63,37,-61,-36,-2,-1],[-14426,534472,1,0,10,-18,-11,18],[-14320,534373,56,-30,-55,29,-1,1],[-14137,534247,51,-40,0,-1,-51,41],[-13908,534133,2,-4,1,-1,-3,5],[-13883,533874,83,36,-80,-35,-3,-1],[-13377,533534,3,-2,2,-1,-5,3],[-13377,533535,4,-3,-1,0,-3,3],[-13354,533519,32,5,1,0,-33,-5],[-13284,533488,0,1,7,-26,-7,25],[-13205,535139,0,1,2,-1,-2,0],[-13133,535025,22,91,1,2,-23,-93],[-12927,535155,41,3,-7,-1,-34,-2],[-12552,534721,4,3,26,15,-30,-18],[-11609,533506,10,-6,0,-1,-10,7],[-11578,533469,10,-19,23,-2,-23,1,-10,20],[-11406,533640,1,0,9,-16,-10,16]]]
2644688	r	-2.0612,53.5199,-1.148,54.2161	[[[-20612,538256,109,-57,134,-54,53,-54,188,-17,-433,-756,921,-1015,58,-260,582,-660,16,-5,43,-42,71,23,43,32,92,13,101,-55,39,-13,29,-36,42,-29,67,-24,15,-29,24,-19,65,7,81,29,46,-17,3,-9,1,2,179,159,30,-19,39,-12,88,16,33,-7,85,7,49,-17,64,18,97,11,142,44,115,57,29,35,28,19,-20,23,32,54,192,3,50,-64,274,3,282,311,530,209,-7,7,12,3,11,-4,21,8,0,-1,6,-4,2,0,20,-12,10,0,108,28,59,-20,33,11,25,-2,33,-23,64,-9,17,-12,17,0,-6,-6,14,-3,18,-27,18,-3,5,-8,8,4,4,-11,14,-2,0,-10,19,-13,13,0,2,-15,43,1,13,-7,-4,7,14,3,14,29,97,27,24,-20,34,-7,30,0,-6,5,25,8,8,-6,57,22,49,-25,15,58,35,-4,-13,-41,9,-19,25,-6,44,8,14,-21,44,20,7,14,37,18,9,13,10,-6,175,69,75,40,5,10,83,-57,26,-5,11,16,26,8,37,-23,5,-17,37,-4,34,-13,26,0,0,6,37,-5,25,-20,56,1,20,-10,35,-2,13,-15,162,50,52,29,23,-1,1,-1,128,-46,36,-32,3,-18,38,-15,15,-32,-17,-34,24,-53,25,-23,27,22,3,0,11,8,110,-31,31,-16,46,-3,37,8,28,-3,37,-21,66,-8,40,-14,108,26,24,14,64,14,22,17,37,6,45,30,-16,16,27,24,28,-6,10,7,35,0,12,-6,12,6,9,-3,19,15,14,-5,6,8,42,4,13,10,-14,18,52,23,-7,4,-12,-6,-25,12,16,10,-21,-8,2,15,73,13,-3,-13,34,9,-35,33,-15,31,73,10,-33,82,41,8,108,-4,54,6,-13,15,-24,5,-66,77,-47,76,-7,-3,-89,58,-29,47,2,41,35,-5,29,12,-24,20,42,40,-10,13,444,377,46,3,-6,31,516,438,-794,437,-883,952,1,10,-15,6,-34,36,5,26,21,2,0,31,11,2,-13,55,-42,29,5,25,23,10,58,8,29,12,102,16,-14,22,8,48,11,46,29,26,-12,3,-19,-14,-11,6,5,11,-44,-12,-20,4,31,34,100,19,-26,18,-36,8,-18,-20,-31,-3,-13,-28,-24,-2,18,104,-98,11,388,2187,-195,105,-301,132,-321,114,-339,95,-353,75,-364,54,-371,32,-374,11,-374,-11,-371,-32,-364,-54,-353,-75,-339,-95,-321,-114,-301,-132,-278,-149,-252,-165,-223,-178,-193,-190,-160,-201,-126,-209,-91,-215,-55,-219,-13,-156,-559,215,-86,-1500,-18,-4,-78,10,-40,34,-135,-16,-5,-8,-82,18,-100,-129,-143,-83,9,-114,-18,-94,-143,-39]]]
2650225	r	-3.8636,55.5529,-2.4956,56.3505	[[[-38636,562348,507,-822,405,-657,259,-141,11,-6,354,-141,385,-73,889,9,1616,-268,392,-15,391,38,397,103,149,58,22,9,175,67,200,51,700,21,148,58,113,146,140,337,107,107,201,40,164,54,555,356,532,212,77,92,104,73,242,38,480,-5,614,-182,246,-23,225,36,41,15,-83,130,-169,201,-203,190,-55,41,-4524,854,-313,-62,-357,-95,-339,-114,-192,-80,-227,498,-17,1,-326,6,-326,-6,-326,-18,-322,-30,-318,-41,-313,-54,-305,-64,-298,-76,-288,-87,-277,-97,-266,-107,-252,-116,-239,-125,-223,-134,-207,-142,-76,-60]],[[-37793,558412,564,-812,563,-702,303,-62,382,-54,388,-32,393,-11,393,11,388,32,382,54,370,75,355,95,337,114,239,100,719,-1690,17,-1,461,9,458,25,455,43,449,59,441,75,431,92,420,107,407,122,391,138,375,151,356,165,337,177,315,190,292,201,269,211,243,221,217,229,190,237,163,243,134,248,104,253,75,257,46,258,15,260,-15,260,-3182,275,106,99,169,201,133,209,41,91,-324,13,-203,-50,-297,-200,-182,-91,47,-39,27,-45,56,-121,-195,-13,-54,-4,-172,-123,-166,-156,-232,-113,-758,-188,-618,-36,25,27,-31,2,-30,-4,-2,-5,-93,14,-17,-5,-17,4,-28,18,-179,141,-71,32,-126,6,-115,51,-42,40,-12,-1,17,8,-1,9,-60,2,-41,35,12,2,-1,9,9,-9,13,5,-22,9,7,3,-13,19,-5,-9,-24,1,2,-19,-12,-2,-71,22,8,9,-12,-7,-28,4,-88,37,-16,-2,-9,-20,-113,-46,-13,-33,-194,-1,6,40,-31,23,-15,3,-91,-9,-39,-28,-26,0,-3,12,-28,-21,-9,6,-33,-4,-60,8,-58,-20,-15,10,8,14,-7,1,-69,-42,-20,1,9,3,-9,7,-50,13,-5,-9,-4,9,-117,58,-3,5,9,0,-28,16,8,-1,-8,13,-10,-3,-14,36,-64,-4,-52,9,-11,4,6,5,-30,-3,34,10,-37,-2,24,6,-28,-1,3,5,-22,2,27,9,7,-6,1,11,11,3,-73,8,-27,-1,18,-6,-19,-8,9,6,-23,8,-20,0,15,-5,-17,-3,-12,5,-56,0,31,-8,-45,8,-13,-1,16,-4,-52,0,16,-40,-4,1,-18,35,-32,2,-59,16,43,-2,-49,8,-25,15,-9,-5,-25,3,15,5,-60,-4,-49,-7,-47,-22,-89,-17,-16,-24,-34,-3,-29,-28,-21,-7,0,10,-8,-14,-43,-9,-18,6,-101,-3,-23,9,-92,9,-37,36,3,-29,-31,0,-18,-11,-10,25,19,18,-42,-17,-82,-2,-1,-28,-1519,241,-223,2,-565,-70,-121,26,-65,59,-48,68,-70,52,-69,5,-191,-22,-88,17,-50,73,-345,345,-33,10,355,-576,-506,-1747]]]
2644210	r	-3.4546,53.0204,-2.5411,53.5618	[[[-34546,531700,18,-222,54,-219,89,-215,124,-209,157,-201,189,-190,219,-178,92,-62,3543,976,1,15,26,8,-19,37,45,15,30,37,24,14,26,-3,21,11,42,-2,36,10,20,-5,84,26,26,-11,97,-7,20,-21,104,-27,13,-8,15,-46,13,-7,13,-2,20,10,28,-16,32,7,25,-14,29,2,59,-22,23,3,-5,-11,16,-12,95,-35,22,5,46,-13,40,22,32,4,12,10,-1,11,37,23,34,10,0,9,15,7,13,-10,31,14,10,-2,-5,-34,-24,-44,1,-25,-27,-5,-20,-19,-32,4,2,-17,-2,-3,1805,-473,747,1371,955,424,-1003,1105,-299,550,612,562,-33,7,-20,17,3,14,-17,14,9,17,8,-2,6,7,0,5,-304,112,-6,0,-8,5,-2090,767,-15,-7,-2445,50,-6,-37,53,-138,815,-1066,4,-6,-45,-9,62,-177,11,-22,-3,4,-58,42,-176,128,-227,11,-359,-174,-205,-47,-426,-39,-182,-61,-108,-99,11,-155,137,-150,48,-39,313,-246,242,-310,153,-157,114,-116,0,-369,-33,-39,-73,46,-124,126,-147,104,-245,95,-1041,408,-113,79,-92,101,-87,40,-124,59,-379,113,-418,-9,-395,-117,34,-57,159,-201,19,-19,14,-56,19,-46,22,-3,-66,-54,-189,-190,-157,-201,-124,-209,-89,-215,-54,-219,-18,-222],[-29859,533756,75,-57,216,-85,152,-99,164,-51,142,-64,78,-19,-69,-143,214,-70,63,-35,77,-14,135,-2,23,5,23,17,295,61,90,-13,-1,35,79,-5,105,-7,174,54,47,97,5,-5,89,0,-8,-9,-20,-89,212,-119,18,-43,-274,-97,-143,-25,-125,-6,-38,-2,-73,12,-152,46,-90,4,-74,-27,-34,-45,-12,-44,-10,-21,-309,-7,-291,79,-245,132,-147,119,-32,25,-294,461,-35,56],[-27625,533426,1,1,26,9,-27,-10],[-27262,533453,4,1,1,0,-5,-1]]]
2654675	r	-2.9137,51.09,-1.9485,51.7081	[[[-29136,511681,996,-781,4519,0,94,66,210,178,181,190,150,201,71,124,543,-384,123,23,258,61,251,71,242,82,234,91,224,101,212,110,201,118,188,126,175,134,160,140,145,147,130,152,113,158,97,162,80,165,54,146,-1817,2150,-2216,352,-428,210,-1,0,-1466,718,-151,-100,-58,-58,-68,-84,-55,-93,-23,-82,-36,-89,-88,-44,-104,-28,-82,-40,-617,-662,-43,32,-73,-87,-54,-48,-6,-15,-9,0,-122,-120,-27,-21,-38,-6,-34,-21,-16,-25,-39,-28,-26,9,46,-22,-48,1,31,-7,38,-27,-41,-26,-9,5,-11,-3,12,-7,-212,-55,-236,-12,-197,-38,-177,-65,-178,-90,-165,-138,770,-1074,-1577,-1843]],[[-27402,515827,271,39,193,96,284,211,652,483,91,98,94,63,80,33,-470,231,-1195,-1254]]]
2653822	r	-3.5994,51.164,-2.6206,51.884	[[[-35994,514411,241,-207,179,-153,182,-66,2498,-143,81,21,5,0,20,-15,6,16,37,15,90,-12,16,11,4,30,49,2,37,19,4,5,14,4,5,-4,32,-4,10,5,-8,12,4,2,23,6,23,-1,4,5,55,6,-8,9,202,54,149,-12,192,-40,177,129,2,6,68,207,-93,158,8,0,68,-26,21,-22,36,25,71,43,-3,14,16,-5,-3,8,8,-2,13,8,2,10,18,1,12,16,8,-1,-15,-31,13,-4,16,8,-21,5,22,-2,5,11,1,18,-15,2,16,-1,-3,25,11,36,51,39,177,107,179,93,-15,15,33,-10,190,87,92,40,336,121,101,21,22,20,325,88,85,37,101,3,248,41,146,8,193,-11,74,-21,45,-5,10,5,-4,10,15,-6,15,2,-11,11,12,2,-1,11,61,10,27,-8,3,16,27,3,-7,11,16,-7,2,-13,-20,6,-13,-3,22,-40,-23,-5,-21,18,-25,-3,11,8,-24,9,-11,-14,19,-3,-17,-4,9,-24,31,-4,51,14,83,77,25,11,241,51,45,4,-112,-39,-171,-28,-36,-18,-11,-22,22,-24,3,-20,-13,-5,-9,9,-51,-25,2,-13,59,-10,52,0,30,19,23,48,33,20,120,29,107,18,3,24,-28,4,-8,-5,-2,10,-15,0,-17,-13,5,7,-18,2,35,9,22,1,15,-8,18,16,-22,-1,5,8,92,16,-2,-8,33,30,31,9,8,9,21,2,5,-4,-20,-1,-52,-32,-1,-10,37,10,-14,-4,0,-14,-22,-9,-24,-22,3,-4,12,5,-14,-17,-9,0,-24,-23,-26,-8,35,-5,-28,-14,-12,14,-53,-1,-25,-21,8,-5,20,2,-13,-6,-157,-27,38,-13,-98,-30,-45,-40,-135,-22,-34,14,-3,-5,-5,6,-10,-5,-19,5,-32,-19,0,-11,34,-11,33,-23,161,-27,67,6,51,13,31,1,26,-8,10,8,5,34,-29,10,-47,0,-26,-7,-18,6,-37,-7,-15,-6,-4,-18,-27,7,-13,-11,-13,1,15,14,76,34,51,5,253,75,12,-5,19,14,22,0,16,22,19,7,2,-14,93,47,64,19,33,3,-128,190,51,12,183,79,376,163,203,29,1195,1254,-270,495,-265,264,-4411,1000,-1122,-2649,-2,-13,-1121,-824,-18,-3,-6,-14,-354,-260,-2218,-666]],[[-35904,512274,172,-115,198,-117,210,-108,221,-99,230,-90,239,-81,87,-24,1391,242,-694,-20,-194,58,-298,178,-1251,183,-311,-7]],[[-31869,512046,2733,-365,1577,1843,-770,1074,-513,-428,-368,-226,-320,41,-217,-143,151,-99,-64,-94,-139,-90,-79,-92,-6,-156,-37,-91,-1,-1,-102,-28,-194,37,112,-118,30,-190,-6,-375,32,-94,35,-54,19,-65,-17,-128,-35,-73,-170,-206,-138,68,138,143,-75,68,-282,-122,-392,-37,-660,22,-242,-21]],[[-31268,513779,9,-1,-7,-7,7,-13,25,-9,49,-3,18,3,-3,6,7,23,-22,25,-25,3,-38,-16,-13,1,-7,-12]]]
2644668	r	-1.4944,52.4671,-0.7237,52.8727	[[[-14944,526446,715,-1180,13,5,2,25,-13,19,44,26,30,3,420,-153,-3,-10,54,-9,0,-8,32,-5,578,-217,136,-100,204,-171,1186,308,1462,-259,287,176,2560,2954,-61,60,-991,-196,-17,208,-53,219,-49,118,-4588,468,-1203,-825,-227,-914,-140,-49,-378,-493]],[[-14169,525165,116,-189,25,33,-20,8,9,6,-37,14,21,31,-19,44,19,19,-21,23,-68,13,-25,-2]]]
2654993	p	2644688
2655984	r	-6.3193,54.2939,-5.4307,54.8861	[[[-63192,546763,2060,-3783,353,-30,379,-11,379,11,376,32,368,54,358,75,343,95,326,114,305,132,281,149,255,165,226,178,141,137,456,-251,50,60,73,135,-206,315,350,10,32,3,31,58,-75,62,51,65,13,29,11,43,-129,26,-61,85,-2,116,48,121,-303,99,64,45,220,24,163,37,-114,57,-371,17,-74,31,-89,53,-111,42,-141,4,96,60,86,85,27,99,-73,97,0,69,301,-9,270,-90,696,-388,173,-171,106,-228,37,-313,-41,-122,264,55,344,95,327,114,204,88,31,44,-63,27,-315,284,-43,138,-60,394,-68,82,-169,58,-118,144,-157,351,-27,102,-5,85,-33,58,-105,21,-96,32,-123,141,-57,32,-1200,-114,-219,12,-158,71,-156,34,-215,-58,-205,-89,-138,-61,-352,-99,-98,-65,-91,-85,-551,134,-12,-11,235,253,192,150,261,139,270,84,284,49,311,54,296,86,224,145,143,222,28,279,-122,316,-186,163,-310,159,-301,48,-83,-89,-76,-82,76,-47,562,-347,182,-214,-62,0,-238,208,-297,69,-147,54,-105,38,-107,276,-28,145,-70,123,-48,54,-85,13,-376,32,-381,11,-381,-11,-376,-32,-370,-54,-359,-75,-344,-95,-327,-114,-306,-132,-282,-149,-256,-165,-227,-178,-196,-190,-163,-201,-128,-209,-93,-215,-15,-59,82,-28,-14,-6,-281,-149,-56,-36]],[[-56375,543713,181,-99,-87,132,-94,-33]]]
2652221	p	2655603
2654789	p	2643743
2655613	p	2644210
2641170	r	-1.3369,52.812,-0.6503,53.0755	[[[-13369,530235,373,-1508,5952,-607,33,37,135,181,115,186,95,190,75,194,53,196,32,197,3,42,-1766,1412,-5100,-520]]]
2646003	p	2643743
2639577	r	-1.4489,51.0689,-0.5689,51.7397	[[[-14489,512600,18,-222,51,-219,86,-215,63,-111,3473,-1144,2029,117,477,-115,1140,1325,-34,-8,-1,-12,-13,8,-117,-35,-105,88,-37,11,-24,39,3,28,4,10,10,-3,3,23,44,31,-9,20,-35,-3,-20,21,66,8,-6,42,-34,-7,-6,15,7,12,38,9,26,22,3,20,31,22,-1,12,-22,11,-4,11,20,40,18,15,-14,22,16,18,38,14,-3,20,17,21,-11,13,-21,3,-12,24,17,20,-7,16,11,6,1,40,13,17,-10,24,8,11,-31,41,5,16,19,12,72,-3,37,-8,9,12,37,16,60,3,58,16,60,48,-27,26,6,64,124,160,122,17,39,19,70,-15,-130,317,543,421,-112,493,-326,192,97,464,-21,3,3,22,23,-2,23,107,-6,12,-39,6,-2,8,-11,2,2,80,65,19,8,-3,9,5,114,540,714,349,-126,537,-724,665,-3448,-400,-436,-679,-3328,-1222,-230,-684,661,-146,-117,-66,-236,-165,-210,-178,-181,-190,-151,-201,-118,-209,-86,-215,-51,-219,-18,-222]]]
2645425	r	-0.729,53.5677,-0.0002,54.0163	[[[-7290,538265,1372,-976,126,-9,30,-23,247,-145,71,-17,339,48,794,0,285,58,45,-85,139,17,158,33,151,39,214,80,320,70,117,9,112,-11,79,-15,122,-49,46,30,270,-120,598,-463,1653,877,-450,399,-1059,981,-176,300,-287,655,-170,215,-3732,-152,-1414,-1746]],[[-5223,536794,1571,-1117,1485,788,-437,405,-190,201,-278,72,-1791,-198,-277,-132,-83,-19]]]
2639912	r	-3.1013,53.5568,-2.347,53.9761	[[[-31013,535618,2445,-50,15,7,638,789,1850,216,242,-68,1603,174,210,257,-3,8,-97,101,42,4,110,40,81,10,407,498,-1173,2152,-157,5,-372,-11,-46,-4,-498,-217,-1193,-212,-1951,179,-25,-36,-76,17,-76,36,-184,17,-36,-3,-822,-186,-97,-21,-231,-85,-159,-173,117,-277,-5,-31,-83,5,4,-20,-4,-3,-9,10,-1,-19,13,-5,-11,0,-8,-50,-13,-11,-43,-98,19,-25,0,-14,-17,30,-12,-30,-145,-792,255,45,0,-1,-168,-30,-17,-122,8,-12,-5,-25,-23,-60,1,-40,-33,-65,17,6,-20,-36,138,-64,44,-42,27,-43,29,-21,19,-5,48,5,-3,15,19,19,50,24,137,29,41,1,78,-15,152,-14,318,16,33,16,21,1,66,-20,71,-13,86,-5,96,15,85,2,32,9,111,2,-13,-12,-50,-42,-403,-169,-87,-105,-83,-36,-531,-412,-658,-651,-119,-157,-18,-102],[-30535,538717,1,5,6,-2,-7,-3]]]
2636432	r	-4.7012,51.1417,-3.7,52.0984	[[[-47012,516673,72,111,24,76,0,39,22,17,91,11,21,247,328,147,62,11,358,60,292,20,753,-64,381,10,343,115,-149,95,-79,95,35,70,193,20,86,-74,86,-47,101,-16,62,21,81,82,56,34,78,107,64,30,69,-69,2,-90,-49,-92,-59,-69,-30,-22,93,-119,153,-71,185,-28,182,7,-95,-89,-180,-15,-413,36,129,-184,240,-176,271,-134,216,-52,787,74,144,62,542,-188,396,-28,114,8,81,38,73,54,-3,5,48,-94,-59,-26,-14,-12,-35,-3,-65,11,-50,-17,-48,-6,-13,-24,-74,-8,-99,-20,-62,3,-23,-5,-40,-15,-52,-50,-25,-12,-66,-5,-92,16,-63,-8,-58,-21,-43,-2,-98,17,-79,28,-17,16,-93,51,-98,98,-63,32,-72,14,-89,7,-40,-29,-84,18,-36,-64,56,19,10,-8,32,-3,32,-16,64,-9,-16,-2,-1,-6,-54,-6,-22,-16,-13,4,-11,-9,-45,-10,-51,-26,8,-6,-20,2,-4,8,-4,-13,-20,-4,-7,-47,25,-43,-12,-6,-53,-101,-32,-31,-66,-38,-203,-71,-19,-31,-76,-30,-28,-3,-53,-27,-49,-6,-28,-13,35,-8,76,-87,66,-94,31,-92,-1,-51,-18,-41,-59,-57,-78,-42,-68,29,-78,16,-41,-11,-36,2,7,-9,-8,-4,91,1,40,-22,133,-43,9,2,-19,15,4,7,12,-7,56,9,21,-9,37,-3,12,3,-4,9,3,2,9,-14,34,-35,175,-8,127,-34,0,-5,29,-12,14,2,10,-13,14,6,35,-22,10,7,1,-15,13,-5,8,4,2,-13,13,-1,4,7,28,-18,7,2,-2,-8,11,-1,1,6,10,-8,8,2,18,-16,33,4,12,-8,-2,7,24,-12,16,-2,11,5,27,-9,20,1,43,-16,12,10,15,-23,18,-10,47,5,13,-12,25,-3,4,10,8,-8,-2,13,18,11,-11,12,26,0,27,75,17,3,90,-1,13,4,69,-16,25,-10,100,-17,2,-2,24,3,7,9,29,-16,9,6,1,-13,12,3,-1,-7,27,-8,28,3,25,15,23,2,29,23,-51,70,74,56,105,60,105,30,96,-4,248,-37,105,-49,66,-14,36,15,23,-4,41,7,4,9,13,-2,-2,6,16,0,1,43,80,22,41,1,26,15,16,-5,3,5,18,-6,66,-31,28,-38,27,-53,57,19,47,45,-1,26,222,0,2,-1,6,1,186,0,-30,35,29,-3,16,12,2,-15,9,3,4,-6,5,6,2,-7,11,0,1,6,4,-5,-8,17,-103,31,-11,8,-3,4,-42,38,4,22,15,24,-6,14,24,48,72,76,-11,6,39,28,32,42,60,35,91,36,25,-5,15,8,13,-3,45,12,30,-4,1,-5,20,8,26,-4,28,6,31,-5,45,-18,-8,-12,12,14,39,13,53,-9,1,7,11,-6,-2,10,17,4,3,-8,17,-3,-1,9,16,-1,2,12,58,-3,45,7,9,-4,39,9,90,-15,-3,101,-34,12,29,2,319,24,133,-23,89,-60,157,-190,93,-73,174,-72,81,-54,121,-133,112,-165,70,-137,26,-50,74,-197,-26,-8,-32,-6,-17,-16,14,-45,104,-100,197,-123,179,-57,0,1896,-950,4271,-451,47,-498,31,-501,10,-501,-10,-498,-31,-494,-51,-488,-71,-479,-91,-469,-110,-456,-129,-442,-148,-425,-165,-407,-183,-387,-198,-366,-214,-342,-229,-318,-242,-291,-254,-265,-266,-236,-276,-207,-285,-176,-293,-145,-300,-114,-305,-82,-309,-24,-151]],[[-42285,511862,112,-48,75,-86,0,-2,238,-56,479,-91,488,-71,494,-51,498,-31,457,-9,833,917,-521,0,-188,-20,-375,-90,-1828,-108,-762,-191,0,-63]]]
2641673	r	-2.2006,54.718,-1.4185,55.3012	[[[-22006,549700,12,-223,38,-223,63,-220,88,-217,112,-214,136,-209,160,-204,182,-197,185,-172,-543,-199,133,-123,249,-201,167,-118,595,25,4313,180,860,1391,-18,-6,-26,1,-18,11,-43,-35,-14,-3,-14,10,-26,-19,-117,24,-86,-2,-6,20,22,25,6,17,8,22,27,11,-20,4,-6,10,2,16,13,0,2,28,-15,5,3,112,-46,24,44,15,13,26,-29,54,-35,29,-54,71,122,54,34,-23,62,29,32,8,82,7,31,-7,35,16,4,1,7,0,23,2,87,-25,49,13,2,-1,12,-12,26,-4,118,7,34,-8,48,77,-363,566,-69,154,1128,0,-10,17,-46,127,-51,89,-91,90,-164,253,-34,82,-15,28,-37,17,-129,33,-39,18,-37,63,-87,213,-35,216,-47,72,-172,153,-42,104,45,87,68,86,28,98,-63,102,-98,53,-51,62,82,131,-132,83,-95,-13,-362,-75,-348,-95,-329,-114,-253,-108,-787,1040,-113,-15,-370,-65,-361,-79,-352,-92,-341,-105,-328,-118,-315,-130,-298,-142,-282,-152,-265,-163,-245,-173,-225,-182,-204,-189,-182,-197,-160,-204,-136,-209,-112,-214,-88,-217,-63,-220,-38,-223,-12,-223]]]
2637433	r	0.3454,51.2435,0.9518,51.7134	[[[3454,515513,1036,-549,12,-4,7,23,52,73,693,113,218,8,55,3,162,-96,11,7,123,74,129,21,135,4,147,30,112,67,82,48,13,16,26,2,39,5,131,-3,7,-4,277,12,792,-80,450,89,61,24,59,23,450,176,512,288,273,287,-37,45,-96,35,-270,-12,153,71,79,50,35,54,-2,217,-552,365,-699,139,-238,-32,-283,-175,-115,158,-23,7,-1203,-530,17,-102,-9,-12,16,-19,-4,-34,118,-7,85,-22,-45,-43,-17,-4,-53,5,-54,-7,-36,7,-65,-1,-126,-28,-24,-5,-26,9,-65,1,-19,16,-41,-10,-39,3,-7,-9,14,-15,-22,-15,-6,-17,13,-14,-4,-6,-16,-1,-67,18,-33,-10,-10,-11,-57,-8,-23,5,-7,-9,-18,-4,5,-14,-20,-22,-4,-1,-74,-10,-1,0,-1,8,-20,4,-79,1,-2,1,-5,3,3,4,9,9,-1,0,0,1,-3,1,-21,10,-9,-1,-4,2,-7,-3,-17,-1,-10,-9,-14,7,-43,-9,-29,8,-82,-14,-6,66,-47,-10,-8,26,-99,-26,0,-27,-234,39,-156,-21,-61,3,-39,8,-62,14,-28,8,-13,37,7,1,-21,26,-12,38,5,19,36,27,-12,19,-39,7,10,25,-31,4,-60,24,-180,3,-39,3,-14,11,-37,0,-46,-2,-4,-13,10,0,-9,-18,17,-4,-6,-17,-15,2,-27,-12,-39,-3,-4,-28,-18,-21,-28,-4,-28,-18,-19,-46,22,-37,-3,-26,-22,-36,-7,-33,-29,-16,-62,-28,26,-31,16,-85,43,-49,-17,-32,20,-18,21,-78,-47,-9,23,-129,-9,-1,9,-22,-19,-15,9,-25,-230,12,-142,-157]],[[3685,513302,1579,-52,3,2,-7,10,-27,1,-21,29,48,36,-4,19,73,25,57,-44,15,-25,39,-24,49,30,50,7,8,6,-3,16,23,27,67,22,70,-20,15,-11,35,20,72,-28,3,0,5,-1,30,4,79,-19,15,1,10,-2,1,-4,28,-2,17,8,56,-25,-24,-22,-36,-4,34,-25,68,70,22,22,36,-2,24,-2,-10,-30,8,1,103,14,99,38,56,-6,193,-73,9,-9,-18,-21,-46,-14,121,-144,-18,-21,43,-23,18,-1,1,-18,-37,-41,14,-4,-16,-25,44,-10,-20,-25,67,-21,123,69,87,11,112,-4,11,6,23,-26,-5,-12,7,3,50,-63,15,0,103,-43,105,-67,124,-7,40,14,45,-26,-30,-18,-15,-29,-31,-30,-73,-104,11,-8,68,-14,44,0,149,102,20,-19,49,1,68,-30,-10,-27,38,-18,-17,-59,-23,-28,71,-23,-15,-18,-3,-10,908,246,396,848,-1606,115,-110,71,-141,164,-109,183,-20,128,-211,5,-49,-97,45,-138,80,-118,-410,69,-333,0,8,12,-14,25,-24,18,59,41,39,40,14,27,-10,59,-61,-23,-43,-8,-52,0,-174,18,-148,-11,-51,-21,-31,-53,-22,-20,-35,-16,-42,-5,-106,0,-2,2,-68,70,-78,56,183,74,366,55,316,191,155,3,359,-50,22,2,185,15,101,55,-13,96,-124,142,-147,65,-1247,115,-127,11,-226,21,-401,-70,151,-38,-358,-474,-1055,-1033]],[[7339,514122,96,-121,141,-137,175,-111,197,-47,1167,-62,216,58,73,155,-79,120,-210,145,-109,53,-98,35,-994,216,-245,53,-130,-22,-54,-47,-17,-14,-129,-274]]]
2654710	n	-0.4719,50.7797,0.1272,50.9814	[[[-4719,508850,141,-829,223,0,1,-3,43,3,335,0,223,51,30,3,143,23,32,11,86,9,91,18,11,6,-2,10,13,-4,46,13,-14,10,561,128,59,14,366,-94,242,82,7,2,-4,-8,81,-10,-5,-27,296,-24,146,-20,3,28,6,8,9,-2,1725,-399,170,-39,276,-13,651,1674,-700,343,-2082,-109,-40,-12,-781,-200,83,-8,3,-55,-32,-7,-6,-37,-37,-28,19,-5,6,-18,-8,-35,-12,-11,15,-10,6,-19,8,-51,-7,-21,34,-22,-9,-39,30,-9,-97,-5,-27,-31,-80,-8,25,-52,-19,-1,-2,-6,0,-166,-18,-86,-13,0,-15,-13,-3,-19,43,-41,51,-11,-13,-27,-44,-14,-35,3,-11,39,6,27,-63,9,-37,-4,25,-53,-1,-36,-56,1,-73,13,-104,-4,-1,0,-80,9,-24,-3,-6,-12,-54,15,-31,0,-5,6,15,15,-91,2,-19,-12,-41,-8,-69,9,-50,-16,-61,-7,-82,-6,-40,4,-7,11,-46,4,0,16,-108,65,-47,20,11,18,-6,6,-22,0,-4,64,28,52,-162,-29,-54,31,-12,-14,-18,22,-2,29,-40,10,-17,-14,-17,-1,-54,-50,-45,-27,-26,-43,-35,8,-2,-10,-9,-1,14,70,-14,-9,-90,10,-25,-5,-19,17,-5,52,-40,-3,0,-33,-59,-70,-30,-50,-69,30,-11,-8,-45,112,10,46,-39,14,-59,-47,-6,-30,-30,-52,-67,10,-3,0]]]
2651347	r	-1.8873,52.6939,-1.2996,53.1071	[[[-18873,529344,74,-1308,541,-645,3692,-452,140,49,227,914,1203,825,-373,1508,-1276,625,-3162,211,-117,-82,-289,-943,-660,-702]]]
2637487	r	-1.8901,50.6573,-1.0798,51.2487	[[[-18901,510701,1014,-266,-7,-7,-139,-165,-121,-170,-103,-174,2711,-2655,299,347,328,-38,44,4,113,57,257,60,456,53,0,63,-65,39,-73,35,147,32,642,36,225,50,30,120,-88,136,-780,554,-245,189,54,-17,121,-62,39,-57,51,-46,77,-24,152,-80,430,-230,67,42,24,-23,61,-20,-2,-14,10,-9,8,9,17,-4,-16,-40,34,-6,5,20,38,52,72,-55,132,-45,101,-22,579,574,106,51,1298,1694,-5462,1798,-1377,-369,-96,-65,-234,-180,-214,-190,-195,-198,-173,-206,-152,-213,-130,-219,-70,-146],[-14445,509040,28,12,20,2,76,-33,64,-20,-123,12,-65,27]],[[-15249,506973,257,-251,18,1,114,-30,266,-120,728,722,-143,-75,-245,-19,19,36,26,68,22,33,-872,-261,-190,-104]]]
2633691	p	2655603
2640194	r	-4.6156,50.2136,-3.791,50.6755	[[[-46156,503700,10,-200,31,-199,15,-60,1146,43,392,98,725,293,460,32,854,-143,172,-68,94,-142,107,-123,212,-8,0,61,-53,70,11,68,67,54,113,26,0,62,-280,0,74,74,-195,15,-84,-15,0,69,347,62,-224,109,-568,-59,-169,155,485,-27,129,27,88,77,36,106,-41,101,-145,63,0,62,122,-3,101,35,77,72,10,27,31,80,110,-57,102,-6,199,63,-108,-143,-136,-134,-32,-60,0,4,-33,19,-74,11,-44,-49,-19,-58,7,-78,33,0,-15,-28,1,-23,-40,-71,9,-16,57,-34,30,-10,12,3,18,-27,27,-14,20,-48,7,3,5,-29,1,8,9,2,14,-45,24,2,-23,-5,1,-5,19,1,-18,-5,6,-24,-12,-30,15,-3,-18,-3,22,-1,-21,-6,25,2,-26,-11,31,4,-32,-8,-2,-13,41,9,-33,-11,22,-8,1,-7,-7,1,16,-6,-8,8,31,-10,2,10,9,-9,62,8,35,-16,15,7,-3,14,9,3,3,-17,17,8,8,-24,-18,-7,6,-6,-7,-2,-2,7,-15,-6,-3,-20,30,-9,25,19,44,2,70,18,22,-5,22,16,21,0,20,-12,9,8,35,-2,9,-7,32,7,20,-31,-39,-9,34,1,19,-21,0,9,13,1,-3,-6,13,-1,-12,-6,35,-17,-12,-16,27,-11,-4,-6,22,-16,-11,-36,40,-16,30,4,17,-12,9,1,54,-79,223,-104,220,-39,-39,-95,-23,-36,158,-88,103,-39,112,-16,81,23,135,98,57,22,98,22,256,93,92,16,111,-33,657,-385,579,-463,353,-206,-1290,3858,-1042,667,-230,34,-307,33,-310,20,-311,6,-311,-6,-310,-20,-307,-33,-303,-45,-298,-58,-291,-70,-284,-83,-274,-94,-264,-106,-253,-116,-241,-127,-227,-136,-213,-146,-197,-155,-181,-162,-165,-170,-147,-176,-128,-182,-110,-187,-90,-192,-71,-194,-50,-197,-31,-199,-10,-200]]]
2636841	r	-2.7113,52.6952,-1.7924,53.2635	[[[-27113,530600,323,-1305,1323,-386,53,-1,1427,-360,67,-67,-8,-12,-4,-45,-11,-14,5,-44,-33,-28,-38,-1,-27,11,-41,-2,-61,-50,-15,-5,-10,-21,386,-154,-10,-8,28,-16,-1,-11,-17,-10,9,-30,59,-38,-9,-26,-15,-8,16,-3,3,-13,-17,-14,-14,2,-13,-7,-49,13,-15,-15,13,-8,0,-13,-47,-4,23,-22,22,3,15,-17,-6,-5,14,-7,-1,-18,16,-4,54,5,58,-8,-11,-17,0,-34,-17,-10,38,-6,19,-15,42,-13,14,-18,32,-5,44,-54,48,1,28,-42,75,-33,48,-8,0,-18,14,-17,-22,-15,4,-14,59,-1,30,-16,6,-27,14,3,44,-20,-9,-4,5,-12,46,-35,35,-6,81,9,35,27,36,-11,14,9,27,0,475,-480,2020,607,13,-15,61,-122,45,-59,97,62,-9,18,32,92,-30,36,-6,17,8,4,103,16,34,-1,71,29,101,-6,40,-10,53,4,43,-9,26,35,47,5,61,29,57,15,37,20,17,21,47,-3,-38,46,-44,18,25,26,697,209,-74,1308,660,702,289,943,-4176,353,-133,19,-1783,1269,-39,5,-1356,-240,-955,-424,-747,-1371]]]
2642465	r	-1.2417,51.9238,-0.152,52.3416	[[[-12417,520417,1339,-848,3976,-331,1547,908,1183,-90,968,71,1884,812,-749,2317,-869,159,-1098,-522,-13,0,-21,15,-42,12,-10,10,9,14,-8,2,2,20,-39,0,27,117,-4,36,-19,3,-7,23,-41,9,-13,-2,-6,-10,-21,0,-165,77,-47,11,-84,-32,-24,-18,-56,28,-53,3,-202,-13,-95,-22,-30,1,0,-11,58,-19,-43,-30,-237,-218,8,-20,72,-67,-2,-36,30,-72,-52,-22,-29,-21,17,-45,-23,-43,-21,-12,-91,5,-37,16,-109,-47,-59,47,-78,82,-15,-12,-72,56,17,20,-157,58,-85,9,-5,-10,-90,-16,-69,-20,1,-15,-45,-34,-41,19,-44,5,-70,-12,-68,-29,39,-142,43,-116,24,-40,4,-52,30,-44,23,-16,-115,-66,-96,-106,-34,-25,-69,-101,8,-34,21,-14,46,-9,45,-22,58,4,77,-11,39,-21,-440,-209,-252,25,-5176,-1086,-155,-181]]]
2634341	p	2643743
2641430	n	-1.2081,52.0814,-0.3276,52.4896	[[[-12081,521493,46,-59,185,-190,214,-178,242,-165,158,-87,4150,870,252,-25,440,209,-39,21,-77,11,-58,-4,-45,22,-46,9,-21,14,-8,34,69,101,34,25,96,106,115,66,-23,16,-30,44,-4,52,-24,40,-43,116,-39,142,68,29,70,12,44,-5,41,-19,45,34,-1,15,69,20,90,16,5,10,85,-9,157,-58,-17,-20,72,-56,15,12,78,-82,59,-47,109,47,37,-16,91,-5,21,12,23,43,-17,45,29,21,52,22,-30,72,2,36,-72,67,-8,20,237,218,43,30,-58,19,0,11,30,-1,95,22,202,13,53,-3,56,-28,24,18,84,32,47,-11,165,-77,21,0,6,10,13,2,41,-9,7,-23,19,-3,4,-36,-27,-117,39,0,-2,-20,8,-2,-9,-14,10,-10,42,-12,21,-15,13,0,960,457,-22,91,-38,92,-696,418,-112,115,-5653,830,-287,-176,118,-767,-2115,-2460]]]
2641022	p	2643123
2655775	p	2643743
2643339	r	-0.7103,51.6614,0.1132,52.0939	[[[-7102,519238,851,-1295,-289,-547,724,-665,1916,390,1778,-507,43,15,-33,41,89,8,-11,23,85,-18,-18,-28,56,-16,33,40,153,52,83,87,6,6,1,57,141,-26,401,62,239,-16,175,-53,271,1592,1540,1460,-2652,1039,-1884,-812,-968,-71,-1183,90,-1547,-908]]]
2656333	p	2643743
11777624	p	2643743
2639996	r	-1.4594,50.5825,-0.7186,51.0806	[[[-14594,506573,66,-30,68,-62,1305,-589,363,-67,1108,210,34,47,9,112,-6,215,25,51,58,48,277,156,160,51,27,5,347,65,34,25,22,25,27,17,47,1,0,75,-205,205,-28,7,-86,-14,-28,7,-6,27,12,84,-6,26,-121,59,-9,1,-95,12,-248,-4,-1515,394,-227,-10,-250,-111,-341,-269,-90,-47,-728,-722]],[[-12781,508370,229,-51,237,-130,213,-73,-40,-8,-1,-17,30,-21,-5,-4,8,3,16,-10,41,-39,-29,-11,1,-10,17,-5,25,12,43,-34,24,-27,-2,-8,23,-6,16,-15,62,-33,143,-24,22,-13,36,7,73,-17,53,-23,127,-80,27,0,41,16,103,73,130,74,-97,137,-5,36,-2,1,-16,118,-59,63,-218,116,0,1,-42,21,-82,43,-8,5,26,5,37,7,86,18,319,16,298,15,8,0,181,-61,-61,-137,-183,-171,-94,-174,202,-145,266,20,136,189,90,240,114,157,15,21,188,34,70,0,241,-1,316,-38,94,-32,108,-38,-99,-134,72,-12,122,44,48,33,116,-40,195,-124,39,-18,1430,1838,81,208,-1106,534,-477,115,-2029,-117,-1298,-1694,-106,-51,-579,-574]],[[-10207,507884,819,-74,0,74,-68,34,-90,70,-53,33,0,62,54,26,31,15,36,54,-25,60,-96,55,-127,5,-100,-111,-161,-177,-220,-58,0,-68]],[[-9115,507778,74,-59,158,-65,35,263,48,61,-125,-32,-10,-5,-124,-61,-56,-102]]]
2636389	r	-2.1302,51.1926,-1.3752,51.8122	[[[-21302,515412,2947,-3486,2095,561,2278,1924,230,684,-3012,3027,-1997,-647,-2541,-2063]]]
2650839	p	2655603
2657832	r	-2.7807,56.7913,-1.7706,57.5118	[[[-27807,571400,15,-243,43,-242,73,-240,101,-237,129,-233,157,-228,184,-222,210,-214,235,-207,260,-198,282,-188,305,-177,325,-167,344,-154,362,-142,379,-128,392,-115,406,-100,251,-52,156,103,240,237,268,210,344,151,147,112,62,181,40,51,184,131,49,56,1,122,-49,74,-59,62,-30,84,132,360,307,360,904,791,5,7,28,32,230,0,214,213,19,139,-13,55,-48,49,-63,40,-70,26,-123,24,11,138,26,62,-225,3,220,479,644,928,258,218,1045,533,25,137,174,181,409,302,186,88,-283,83,-406,100,-417,86,-426,71,-434,55,-440,40,-443,23,-445,8,-445,-8,-443,-23,-440,-40,-434,-55,-426,-71,-417,-86,-406,-100,-392,-115,-379,-128,-362,-142,-344,-154,-325,-167,-305,-177,-282,-188,-260,-198,-235,-207,-210,-214,-184,-222,-157,-228,-129,-233,-101,-237,-73,-240,-43,-242,-15,-243]]]
2636503	p	2643743
2638785	p	2644210
2646057	r	0.7308,51.925,1.5992,52.3386	[[[7308,521430,3882,-2180,1549,0,46,29,35,187,-199,-74,-1666,65,-264,77,254,26,486,101,222,9,279,-115,125,-21,119,9,213,43,118,10,203,-32,34,45,8,161,-44,45,-105,33,-459,66,-209,94,-356,209,0,68,86,-11,4,-31,11,-29,15,-12,23,18,36,13,34,-18,22,11,18,1,3,18,17,-2,18,-23,30,9,453,-226,295,-59,679,-543,112,28,113,111,700,479,242,231,68,35,81,66,29,129,52,82,148,-72,169,120,786,205,53,55,16,138,100,189,-47,124,-85,174,-104,171,-121,166,-139,160,-156,155,-171,148,-187,141,-201,133,-186,108,-258,133,-238,105,-250,97,-259,85,-268,76,-276,64,-282,53,-286,41,-291,30,-293,18,-294,6,-294,-6,-293,-18,-291,-30,-286,-41,-282,-53,-276,-64,-268,-76,-259,-85,-250,-97,-240,-106,-227,-115,-215,-125,-201,-133,-187,-141,-171,-148,-156,-155,-139,-160,-121,-166,-104,-171,-32,-65]]]
2633948	p	2643123
2651817	p	2643743
2634739	p	2643123
2634853	p	2655603
2643097	r	-1.4645,53.0235,-0.8269,53.3193	[[[-14645,530860,1276,-625,5100,520,-964,2336,-1558,102,-547,-107,-3307,-2226]]]
2636531	r	-1.6116,54.7283,-1.305,55.01	[[[-16116,547385,638,-102,2428,689,-504,1062,50,24,-29,22,-10,17,1,2,7,4,-5,1,9,31,-25,12,17,11,12,34,-22,-40,-8,-4,-46,23,-3,8,8,8,-11,4,-8,27,4,12,44,-3,47,-14,-40,15,-42,4,-21,14,-4,13,-2,56,0,1,-1,0,-4,86,11,11,50,-7,12,7,-3,6,-25,3,-26,-5,-13,24,-8,0,-2,41,5,61,18,44,-8,50,-2,11,-75,107,-280,171,-33,28,-114,49,-56,97,-1128,0,69,-154,363,-566,-48,-77,-34,8,-118,-7,-26,4,-14,13,-49,-13,-87,25,-34,-3,-35,-16,-31,7,-82,-7,-32,-8,-62,-29,-34,23,-122,-54,54,-71,35,-29,29,-54,-13,-26,-44,-15,46,-24,-3,-112,15,-5,-2,-28,-13,0,-2,-16,6,-10,20,-4,-27,-11,-14,-39,-22,-25,6,-20,86,2,117,-24,26,19,14,-10,14,3,43,35,18,-11,26,-1,18,6,-860,-1391]]]
2646277	p	2643743
2637627	p	2643743
2655095	n	-2.31,50.5955,-1.5274,50.9461	[[[-23100,508068,1059,-1829,468,-34,751,-227,170,-23,815,11,185,56,-21,149,348,273,-57,14,-148,60,71,171,-69,77,-146,21,-167,-2,-184,28,-116,75,-215,245,-110,-60,-111,-45,-119,-27,-131,-11,346,358,91,51,52,-28,76,-120,7,-12,35,-38,81,-12,262,12,384,-68,32,-54,18,-102,43,-69,99,46,10,5,152,115,170,87,5,2,191,65,199,42,223,7,377,-45,257,-31,182,27,384,130,221,41,201,2,23,0,685,-83,214,-92,195,-36,18,2,22,41,26,31,-2120,2076,-104,24,-338,54,-344,32,-348,11,-348,-11,-344,-32,-338,-54,-64,-15,-3,12,-3,0,-348,-11,-344,-32,-337,-54,-328,-75,-315,-95,-298,-114,-280,-132,-258,-149,-233,-165,-208,-178,-179,-190,-72,-98]],[[-15695,506580,180,71,164,43,5,0,25,65,47,200,-179,-98,-242,-281]]]
2640354	r	-0.6038,52.3256,0.3897,52.9491	[[[-6038,528437,1100,-2539,-3,-1,-5,-10,-31,-19,60,-55,18,-4,755,-1743,112,-115,894,-536,869,-159,4007,1471,2150,789,9,184,-13,256,-41,255,-69,253,-95,249,-121,245,-148,240,-172,233,-198,226,-221,218,-184,157,-167,-75,-244,180,-515,484,-238,99,-136,32,-279,142,-131,31,-518,-74,-304,14,-17,121,135,140,155,66,7,1,-53,18,-382,106,-392,90,-400,74,-65,10,-4809,-776,-320,-278]]]
2640729	r	-1.6764,51.5095,-0.9988,52.0326	[[[-16764,518122,3012,-3027,3328,1222,436,679,-1090,2573,-1182,748,-43,3,-297,6,-297,-6,-90,-6,-1695,-305,-185,-62,-252,-97,-241,-108,-230,-117,-216,-127,-203,-135,-188,-143,-34,-29,-533,-1069]]]
2641598	p	2653822
2649997	p	2643743
2633352	r	-1.3223,53.7336,-0.5876,54.2892	[[[-13223,539004,42,-29,13,-55,-11,-2,0,-31,-21,-2,-5,-26,34,-36,15,-6,-1,-10,883,-952,794,-437,1955,-82,2235,929,1414,1746,-3693,2881,-2188,-207,-843,-122,-570,-3207,98,-11,-18,-104,24,2,13,28,31,3,18,20,36,-8,26,-18,-100,-19,-31,-34,20,-4,44,12,-5,-11,11,-6,19,14,12,-3,-29,-26,-11,-46,-8,-48,14,-22,-102,-16,-29,-12,-58,-8,-23,-10,-5,-25]]]
3345439	n	-3.1207,52.4725,-2.2406,52.9295	[[[-31207,527100,18,-222,53,-219,89,-215,122,-209,156,-201,187,-190,217,-178,244,-165,269,-149,293,-132,312,-114,328,-95,343,-75,353,-54,360,-32,363,-11,363,11,360,32,223,35,1,1,307,-112,279,-81,2353,596,1208,1626,-1,5,-475,480,-27,0,-14,-9,-36,11,-35,-27,-81,-9,-35,6,-46,35,-5,12,9,4,-44,20,-14,-3,-6,27,-30,16,-59,1,-4,14,22,15,-14,17,0,18,-48,8,-75,33,-28,42,-48,-1,-44,54,-32,5,-14,18,-42,13,-19,15,-38,6,17,10,0,34,11,17,-58,8,-54,-5,-16,4,1,18,-14,7,6,5,-15,17,-22,-3,-23,22,47,4,0,13,-13,8,15,15,49,-13,13,7,14,-2,17,14,-3,13,-16,3,15,8,9,26,-59,38,-9,30,17,10,1,11,-28,16,10,8,-386,154,10,21,15,5,61,50,41,2,27,-11,38,1,33,28,-5,44,11,14,4,45,8,12,-67,67,-1427,360,-53,1,-1323,386,-1139,-295,2,-6,-16,-21,-61,-18,-12,22,-2624,-681,-129,-130,-156,-201,-122,-209,-89,-215,-53,-219,-18,-222]]]
2640101	p	2655095
2654264	r	-2.4749,53.6145,-1.9773,54.1106	[[[-24749,539951,1279,-2347,-407,-498,-81,-10,-110,-40,-42,-4,97,-101,3,-8,-210,-257,305,-153,257,-21,32,48,-86,111,96,-20,60,-6,2,-50,21,-10,199,-33,130,8,20,-8,11,0,17,-1,21,35,17,12,36,11,6,2,75,59,44,-26,19,-81,-26,-13,8,-1,0,-18,-20,-12,0,-1,16,-89,5,-16,54,-59,5,-4,0,-1,2,-3,5,-18,30,-20,24,-38,-10,-16,20,-23,-3,-29,21,7,24,-6,6,-16,17,-5,2,7,32,-4,8,-40,28,17,21,-6,4,-11,59,17,0,5,27,-2,-13,28,24,11,-32,2,-5,37,-25,7,5,14,-29,130,-22,16,8,5,-28,25,5,14,-7,8,43,46,26,10,15,23,79,24,60,46,16,24,128,53,73,20,42,-18,39,0,24,-19,5,-19,76,-45,-7,-13,10,-24,33,-11,-8,2,-8,-17,75,-23,11,-14,63,-15,7,-12,72,2,13,-25,-24,-5,30,-47,-49,-23,240,32,8,69,-33,41,0,23,89,95,15,47,49,56,5,75,18,2,-18,46,30,53,-53,25,-46,13,382,260,607,99,433,756,-188,17,-53,54,-134,54,-109,57,143,39,18,94,-9,114,143,83,100,129,82,-18,5,8,135,16,40,-34,78,-10,18,4,86,1500,-513,684,-15,4,-320,72,-327,59,-333,46,-337,33,-340,20,-342,7,-342,-7,-340,-20,-337,-33,-181,-25,-1249,-1070]]]
2647425	p	2643743
2646458	p	2644688
2650752	r	-3.5346,56.2214,-2.4918,56.7785	[[[-35346,564700,11,-202,36,-201,59,-199,30,-72,892,-393,7517,-1419,81,10,237,63,182,198,533,293,0,61,-364,180,-80,25,-341,178,-219,62,-914,39,-67,71,-73,22,-89,9,-113,29,-20,37,-44,138,-38,30,-246,0,160,103,133,149,74,178,-19,191,-120,124,-353,16,-178,99,-171,61,-241,-23,-216,-76,-92,-96,-104,-66,-1993,-563,-388,-54,-422,-142,-209,-31,-425,-1,-175,37,-120,94,433,-80,420,98,1043,592,346,150,387,98,49,4,104,9,113,-94,19,14,-1,-6,128,19,95,3,-15,22,-27,4,-41,-2,-66,-17,-33,1,-6,3,45,1,-32,7,39,-2,29,8,-94,23,79,-9,-2,-7,31,4,118,-9,131,1,23,13,-66,1,3,5,102,1,159,30,44,15,48,30,38,11,759,61,27,-9,71,-9,19,-18,21,-4,33,7,70,0,86,26,65,0,5,7,-15,5,129,19,-19,16,148,12,545,44,125,-21,79,-40,71,-26,96,26,190,264,89,76,384,106,205,82,171,210,938,374,154,107,105,173,122,73,-78,81,-191,172,-212,164,-230,156,-248,147,-265,138,-281,128,-295,118,-308,106,-320,95,-330,84,-340,71,-347,58,-354,46,-358,33,-361,20,-363,7,-363,-7,-361,-20,-358,-33,-354,-46,-347,-58,-340,-71,-330,-84,-320,-95,-308,-106,-295,-118,-281,-128,-265,-138,-248,-147,-230,-156,-212,-164,-191,-172,-172,-178,-149,-184,-128,-189,-106,-193,-82,-196,-59,-199,-36,-201,-11,-202]]]
2655524	p	2639912
2653941	r	-0.2269,51.989,0.5653,52.4727	[[[-2269,523256,749,-2317,2652,-1039,1184,-10,3261,1609,38,142,29,179,9,180,-9,180,-29,179,-47,177,-67,175,-84,172,-103,169,-120,163,-137,159,-154,153,-170,146,-185,139,-199,131,-213,123,-225,114,-237,105,-247,95,-257,85,-266,74,-273,63,-278,52,-284,41,-288,29,-43,3,-4007,-1471]]]
2655459	p	2639912
2656194	p	2637433
2641181	r	0.6602,52.3363,1.5408,52.9712	[[[6602,526300,13,-256,41,-254,69,-253,95,-249,121,-245,148,-239,172,-233,198,-226,221,-217,244,-208,115,-86,5226,-471,1773,1954,53,417,52,24,37,-3,46,-32,12,-20,-1,-22,-30,-30,11,-27,42,-28,28,-6,17,4,29,26,26,-1,20,-17,8,-33,16,-15,-17,48,-21,19,-35,2,-30,-26,-15,-2,-60,30,-12,23,34,34,1,18,-20,31,-44,27,-36,8,-57,-27,316,2501,-1448,674,-1213,378,-2867,420,-79,-26,-6,-2,120,-9,119,-28,105,-45,-455,-127,-306,46,-273,-119,-324,-162,-305,-175,-287,-187,-265,-198,-244,-208,-221,-217,-198,-226,-172,-233,-148,-239,-121,-245,-95,-249,-69,-253,-41,-254,-13,-256]]]
2642607	r	-1.5402,54.2685,-0.718,54.7226	[[[-15402,547226,724,-1223,42,-9,34,-26,12,16,29,8,44,-84,49,3,26,-6,19,23,29,9,-6,8,8,5,34,7,23,-6,21,2,21,19,-2,34,35,21,27,4,15,-9,-2,-17,50,-11,25,-31,32,-19,32,0,8,-7,-17,-38,-41,-17,-37,-124,0,-19,27,-26,-22,-9,50,-56,-52,-15,-106,-5,-88,-27,5,-9,-39,-17,-27,-7,1501,-2535,18,0,299,18,295,28,292,40,104,18,154,-452,1472,140,327,86,318,99,287,104,2173,2235,-699,259,-2056,373,-471,184,-211,21,-225,18,-40,9,-559,56,-26,-84,-60,-53,-120,-14,17,22,-24,47,-42,49,-26,25,-48,7,-15,-26,-9,-33,-27,-16,-97,5,-70,18,-16,12,-93,-11,-31,0,-25,15,-45,-1,-5,21,-36,-16,-10,18,23,4,-8,6,-24,-12,-10,17,-21,-6,-3,-13,-8,1,-2,12,-19,-7,-19,33,-49,-10,16,-15,-13,1,-20,-18,-53,13,-48,-7,-18,-14,-42,-6,-10,8,15,15,-25,8,-11,-18,-23,3,-48,-8,-7,20,-9,-5,-5,8,-29,-11,-80,29,-61,-5,-3,5,-48,-12,-14,17,-32,-7,-33,0,2,22,6,53,-24,1,-21,1,-17,10,-26,2,-48,40,4,9,-38,16,-11,18,-57,-7,-43,6,-2,-6,-23,-5,-7,-75,-55,-52,-24,34,-23,15,-102,26,-49,-7,-20,3,-110,51,-117,-2,-14,6,-18,5,-11,18,93,3,80,23,17,-4,55,11,35,-12,31,7,29,-4,-1,21,12,2,75,-7,-3,32,-20,21,1,9,-1968,662]]]
2655237	p	2643123
2636882	p	2643123
2646914	p	2639577
2648404	r	-2.6742,51.5412,-1.8761,52.0339	[[[-26742,517840,265,-264,270,-495,470,-231,516,214,141,122,122,134,137,109,188,44,108,6,-20,-13,-127,-46,-49,-8,-39,-33,-16,-55,-77,-31,-44,-39,-38,-103,0,-28,28,-83,-1,-1,-74,-52,-30,-33,-119,-78,-22,-7,-25,4,-71,-8,-159,-41,73,-60,21,-8,-99,-64,1466,-718,1,0,428,-210,2216,-352,2541,2063,-2514,738,-1066,2088,-1651,38,-2750,-2499],[-24222,517528,18,3,180,105,36,155,14,0,50,-19,41,-42,16,-41,19,-66,-14,-41,-18,-9,-29,2,-103,-60,-75,-17,-58,8,-74,20,-3,2]]]
2649808	r	-3.9887,50.5876,-3.0713,51.0104	[[[-39887,507200,10,-191,29,-191,49,-188,68,-187,76,-157,455,-292,2251,-118,2338,33,99,85,179,109,-87,132,-133,344,-125,91,-11,47,11,47,28,18,5,-18,39,-32,39,1,15,19,19,-19,29,-10,40,-40,131,-239,123,-149,135,-82,168,-35,225,-7,726,204,152,137,90,133,116,100,407,63,335,99,191,21,114,-14,192,-55,104,-6,97,27,166,91,51,19,223,118,5,92,-10,191,-5,34,-5089,2679,-82,-5,-296,-31,-292,-44,-287,-55,-281,-68,-274,-79,-264,-90,-255,-101,-244,-111,-232,-122,-219,-131,-206,-139,-190,-148,-175,-156,-158,-162,-142,-169,-124,-174,-105,-179,-88,-183,-68,-187,-49,-188,-29,-191,-10,-191]]]
2652618	r	0.6994,51.6995,1.119,52.1582	[[[6994,519033,5,-36,48,-28,58,-16,-2,-10,22,-14,7,-59,-14,-5,109,-77,-45,-9,18,-23,26,3,9,-20,-14,-9,-47,-8,-10,-10,23,-13,7,7,28,-12,39,5,43,-24,62,42,106,-31,-10,-10,32,-14,35,-31,-71,-34,15,4,14,-10,-11,-7,7,-7,-31,-13,51,-28,-80,-25,-12,-14,-40,-13,-9,9,-31,-8,15,-14,17,2,27,-26,-3,-15,14,-4,-14,2,-6,-9,33,-7,2,-17,-21,3,-10,-5,-3,-17,-30,-1,-1,30,-8,13,-11,0,-54,-25,-57,-8,-27,-13,-37,-2,-38,-27,23,-10,39,-3,32,-30,-51,-26,16,-20,-89,-65,16,-19,111,-72,-15,-2,-28,10,-23,-3,-17,-20,40,-16,17,-17,-9,-78,34,-9,11,8,42,2,49,13,28,-359,242,-255,84,20,247,18,96,-15,221,-59,122,-1,103,31,160,88,117,17,52,55,46,119,26,107,72,-60,86,-36,22,-1,57,48,145,10,31,1,22,-8,40,4,36,-10,14,8,38,-3,21,9,14,-3,-5,-6,35,4,20,-17,5,8,20,3,39,-4,-2,14,15,7,10,-6,-21,-1,0,-12,53,-1,-16,14,46,-15,18,12,8,33,33,15,9,-5,44,10,-3,6,-13,1,32,9,63,-8,-5,-21,11,-1,9,3,-16,10,23,15,52,-3,14,4,-4,11,-8,-7,-28,-1,22,13,-43,5,15,5,24,-6,-7,5,12,5,-6,-5,10,-11,29,3,10,-7,12,11,-7,5,12,-6,13,4,-3,10,-7,2,-3,-7,-2,16,14,-9,11,12,-9,-19,11,-6,13,7,17,-10,-35,-4,11,-3,-14,-3,39,0,9,10,-20,23,4,11,6,-11,3,13,-7,14,9,1,-1,20,26,18,11,53,16,14,-36,46,41,4,-181,101,-50,55,-75,126,26,88,-11,47,82,-121,164,-140,1138,1087,-3882,2180,-271,152,67,-855,17,-5,6,-12,-18,-10,4,-13,-5,-7,11,-145,12,-3,0,-8,29,-12,2,-25,-35,3,-4,-3,16,-211,5,-3,53,6,173,44,21,0,15,-11,13,-33,-11,-28,4,-19,14,-5,-11,-24,9,-40,-13,-13,-17,-1,-16,-26,7,-16,40,-30,27,1,1,-10,38,-13,13,-24,-8,-9,2,-24,22,-4,4,-8,50,1,37,-12,-16,-21,8,-7,-7,-9,19,-2,14,-27,-12,-26,-21,-13,0,-16,26,-15,49,-1,39,-17,36,5,-21,-45,14,-60,-17,-17,21,-7,17,-22,55,-11,1,-2,-3,-3,10,-8,-7,-16,-38,-26,-3,-10,-44,3,0,5,-33,12,18,5,-9,6,-22,-11,-8,-43,-37,-33,-80,-11,-65,15,-18,-26,8,-4,-27,-34,-1,-25,12,-4,-25,-27,-42,-27,12,-59,-13,-25,-34,-22,-19,-50,-10,2,-17,-13,-17,0,10,-45,-13,-30,-23,-12,-11,-17,-25,-3,-20,-24,17,-18,33,7,18,-11,-37,-29,-19,5,-8,-20,-20,0,0,9,-55,4,-23,-27,-17,5,-2,15,-39,10,-16,-4,-6,-12,-54,-3]],[[8129,517134,699,-139,461,440,-165,-20,-288,-146,-306,-80,-401,-55]]]
2635608	p	2643743
2638671	p	2643123
2641674	p	2636841
2637546	p	2655603
2634677	p	2643743
2638703	n	1.2108,51.1898,1.4483,51.3988	[[[12108,513636,30,-68,64,-44,1,-25,49,-6,27,-11,7,-14,-9,-22,40,-55,65,-31,45,-13,41,-45,33,-9,-17,-8,-29,2,-35,19,-67,1,-20,17,-3,-1,655,-746,316,-438,761,-241,69,319,-88,397,-164,265,-73,169,-30,214,54,36,356,-1,65,33,57,48,48,59,35,64,92,328,-147,55,30,19,-13,3,-10,18,-35,8,-21,22,-5,12,9,13,31,-2,5,7,-22,4,-47,-11,-4,-11,-29,-5,-11,-19,-24,-7,-81,1,-14,6,7,12,-29,-2,-8,6,-22,-18,-20,10,-20,-13,-15,10,-12,-10,-11,7,-3,-7,-2,8,-11,-8,-9,5,-11,-3,-4,11,-15,-1,-3,-7,-4,8,-18,2,-16,-11,5,11,-22,-1,-7,-9,-3,7,-37,1,-108,-42,-2,8,-35,-29,-102,-6,-43,10,-37,-15,-7,0,-18,1,0,-2,-1211,-71,6,-104,11,-8,41,-3,-8,-38,-6,-6,-81,22,-77,-7,-20,-24]]]
2652053	r	-0.6984,50.8623,0.1133,51.3436	[[[-6984,510162,1714,-528,-6,-20,-76,-41,-1,-20,10,-12,22,-2,-17,-36,-37,-14,-2,-7,-45,4,-21,-5,-11,22,10,13,-12,22,-13,7,-28,-5,-18,-14,-80,-11,-42,-21,-50,-69,-3,-71,37,-39,77,-24,16,-33,-1,-23,54,-4,79,-41,55,-19,10,-33,-1,-4,-62,0,-31,9,-47,-2,-13,-11,-13,-39,-29,-38,6,-19,48,-44,40,6,29,-15,3,-72,-21,-14,-17,4,-2,23,-14,8,-104,-30,-19,-22,23,-33,32,-26,64,-18,53,12,-36,23,2,9,96,18,20,-5,28,-46,20,6,15,-4,21,16,28,3,6,27,30,17,15,21,44,-8,119,80,31,29,54,-90,14,-56,23,0,-22,72,68,44,-5,5,31,5,7,12,26,-6,6,-21,-23,-20,67,0,-13,-93,50,-1,67,-10,30,52,6,30,59,47,39,-14,-10,-46,45,-112,11,8,69,-30,30,50,59,70,0,33,40,3,5,-52,19,-17,25,5,90,-10,14,9,-14,-70,9,1,2,10,35,-8,26,43,45,27,54,50,17,1,17,14,40,-10,2,-29,18,-22,12,14,54,-31,162,29,-28,-52,4,-64,22,0,6,-6,-11,-18,47,-20,108,-65,0,-16,46,-4,7,-11,40,-4,82,6,61,7,50,16,69,-9,41,8,19,12,91,-2,-15,-15,5,-6,31,0,54,-15,6,12,24,3,81,-9,104,4,73,-13,56,-1,1,36,-25,53,37,4,63,-9,-6,-27,11,-39,35,-3,44,14,13,27,-51,11,-43,41,3,19,15,13,13,0,18,86,0,166,2,6,19,1,-25,52,80,8,27,31,97,5,-30,9,9,39,-34,22,7,21,-8,51,-6,19,-15,10,12,11,8,35,-6,18,-19,5,37,28,6,37,32,7,-3,55,-83,8,781,200,40,12,2082,109,-233,1877,794,1139,-244,163,23,-25,-79,-45,-248,-29,-77,46,-84,-13,-1,92,-94,56,-81,-53,-57,-105,-41,1,-66,186,19,57,-37,-4,-43,134,-111,48,-56,-41,-77,83,-158,6,-41,-49,-83,-12,24,-74,-34,-28,-128,-38,-60,3,-9,23,-80,-14,-58,-39,28,-53,-69,-34,-23,-57,-62,-4,30,-17,-205,-70,-29,-53,-65,-3,-130,140,-180,5,-25,31,35,59,-41,7,-35,86,54,18,-77,46,11,43,-98,-3,-91,79,-153,57,-158,-80,-11,-53,-67,-4,-22,16,-1478,-835,41,-599,-3316,-1719]]]
2654200	p	2651347
2653261	r	-2.2342,51.7475,-1.6364,52.0907	[[[-22341,520301,1066,-2088,2514,-738,1997,647,395,793,5,85,-10,180,-28,180,-48,178,-66,175,-84,173,-102,168,-120,165,-70,82,-872,471,-1158,135,-3419,-606]]]
2639093	p	2638077
2633521	p	2654710
2651123	p	2638077
2653225	p	2638077
2653266	r	0.2316,51.6166,0.7823,52.2038	[[[2316,519890,858,-1386,-356,-1174,412,-202,3,5,-3,9,70,22,40,6,29,-77,23,-25,5,-28,-8,-25,50,-31,27,-45,136,-34,27,12,60,11,86,59,4,-8,26,-5,0,-30,13,-8,77,-26,16,7,9,-2,9,-9,-1,-28,15,0,14,-16,12,3,-2,-21,48,-20,-37,-29,71,-8,25,-59,51,-19,-13,-13,-24,-2,-61,-61,-26,-10,18,-9,-4,-8,12,-9,-12,-4,-9,-22,-37,-34,23,1,3,-1,23,-12,1,0,4,-2,-2,-10,1,-3,46,2,26,0,8,0,1,0,2,0,14,-11,39,-3,180,-3,60,-24,31,-4,-10,-25,39,-7,12,-19,-36,-27,-5,-19,12,-38,21,-26,-7,-1,13,-37,28,-8,62,-14,39,-8,61,-3,156,21,234,-39,0,27,99,26,8,-26,47,10,6,-66,82,14,29,-8,43,9,14,-7,10,9,17,1,7,3,4,-2,9,1,21,-10,3,-1,0,-1,1,0,-9,-9,-3,-4,5,-3,2,-1,79,-1,20,-4,1,-8,1,0,74,10,4,1,20,22,-5,14,18,4,7,9,23,-5,57,8,10,11,33,10,67,-18,16,1,4,6,-13,14,6,17,22,15,-14,15,7,9,39,-3,41,10,19,-16,65,-1,26,-9,150,33,65,1,36,-7,54,7,53,-5,17,4,45,43,-85,22,-118,7,4,34,-16,19,9,12,-17,102,1203,530,-146,46,-182,15,-156,47,223,82,378,92,-242,255,-28,359,-49,-13,-42,-2,-11,-8,-34,9,9,78,-17,17,-40,16,17,20,23,3,28,-10,15,2,-111,72,-16,19,89,65,-16,20,51,26,-32,30,-39,3,-23,10,38,27,37,2,27,13,57,8,54,25,11,0,8,-13,1,-30,30,1,3,17,10,5,21,-3,-2,17,-33,7,6,9,14,-2,-14,4,3,15,-27,26,-17,-2,-15,14,31,8,9,-9,40,13,12,14,80,25,-51,28,31,13,-7,7,11,7,-14,10,-15,-4,71,34,-35,31,-32,14,10,10,-106,31,-62,-42,-43,24,-39,-5,-28,12,-7,-7,-23,13,10,10,47,8,14,9,-9,20,-26,-3,-18,23,45,9,-109,77,14,5,-7,59,-22,14,2,10,-58,16,-48,28,-5,36,54,3,6,12,16,4,39,-10,2,-15,17,-5,23,27,55,-4,0,-9,7,0,13,0,8,20,19,-5,37,29,-18,11,-33,-7,-17,18,20,24,25,3,11,17,23,12,13,30,-10,45,17,0,17,13,10,-2,19,50,34,22,13,25,-12,59,42,27,25,27,-12,4,1,25,27,34,-8,4,18,26,65,-15,80,11,37,33,8,43,22,11,9,-6,-18,-5,33,-12,0,-5,44,-3,3,10,38,26,7,16,-10,8,3,3,-1,2,-55,11,-17,22,-21,7,17,17,-14,60,21,45,-36,-5,-39,17,-49,1,-26,15,0,16,21,13,12,26,-14,27,-19,2,7,9,-8,7,16,21,-37,12,-50,-1,-4,8,-22,4,-2,24,8,9,-13,24,-38,13,-1,10,-27,-1,-40,30,-7,16,16,26,17,1,13,13,-9,40,11,24,-14,5,-4,19,11,28,-13,33,-15,11,-21,0,-173,-44,-53,-6,-5,3,-16,211,4,3,35,-3,-2,25,-29,12,0,8,-12,3,-11,145,5,7,-4,13,18,10,-6,12,-17,5,-67,855,-366,456,-1094,-539,-3261,-1609]]]
6947756	p	2654675
2636486	p	2655603
2634910	p	2644688
2634838	p	2643743
2651621	p	2643743
2656192	p	2639577
2643179	r	0.2562,51.0768,0.7964,51.3387	[[[2562,512912,1311,-894,-27,-16,-11,-47,32,-10,73,0,11,-23,48,-1,33,-11,8,-5,-6,-11,8,-8,26,-1,26,-17,0,-14,23,-2,5,-3,-4,-16,46,-28,23,-1,502,-342,-1,-1,6,-30,52,-8,960,-655,248,265,-2,8,10,13,-6,29,-53,30,53,18,36,23,74,14,24,11,7,39,-12,36,-14,18,-33,13,-9,15,7,17,22,-1,33,17,3,-6,38,-6,3,-7,7,4,-5,9,35,5,27,-10,40,22,-5,14,30,33,15,-2,3,-4,56,60,12,-8,-7,-13,69,-11,28,23,60,18,-18,11,12,12,-26,16,20,13,-12,21,46,26,9,14,45,14,13,27,-3,30,28,9,18,20,34,15,-7,22,-14,9,31,4,0,-5,11,3,18,-7,19,14,43,1,6,5,-12,3,5,21,-7,7,25,33,65,-5,-8,26,8,31,-12,24,-19,12,19,31,20,11,26,4,45,30,34,-14,29,25,27,6,-24,27,29,7,75,-11,4,43,60,55,7,18,69,2,11,-20,19,-5,88,7,46,-15,52,12,16,13,-10,12,-19,3,5,26,50,13,16,34,35,-10,54,56,57,7,55,24,62,42,49,81,102,-13,23,64,15,18,-71,23,23,28,17,59,-38,18,10,27,-68,30,-49,-1,-20,19,-149,-102,-44,0,-68,14,-11,8,73,104,31,30,15,29,30,18,-45,26,-40,-14,-124,7,-105,67,-103,43,-15,0,-50,63,-7,-3,5,12,-23,26,-11,-6,-112,4,-87,-11,-123,-69,-67,21,20,25,-44,10,16,25,-14,4,37,41,-1,18,-18,1,-43,23,18,21,-121,144,46,14,18,21,-9,9,-193,73,-56,6,-99,-38,-103,-14,-8,-1,10,30,-60,4,-90,-92,-34,25,36,4,24,22,-56,25,-17,-8,-28,2,-1,4,-10,2,-15,-1,-79,19,-30,-4,-5,1,-3,0,-72,28,-35,-20,-15,11,-70,20,-67,-22,-23,-27,3,-16,-8,-6,-50,-7,-49,-30,-39,24,-15,25,-57,44,-73,-25,4,-19,-48,-36,21,-29,27,-1,7,-10,-3,-2,-1579,52,-1038,-336,-85,-54],[6345,511453,63,67,10,-9,-54,-59,-19,1]]]
2656046	p	2642465
2633709	p	2643743
2644487	r	-0.9233,52.951,-0.0771,53.43	[[[-9233,533091,964,-2336,1368,-1093,13,-3,290,-53,295,-42,299,-30,301,-18,303,-6,303,6,301,18,299,30,295,42,290,53,283,64,276,75,267,86,258,97,246,106,234,116,221,125,207,133,192,141,177,148,160,155,142,161,125,166,107,171,88,175,69,178,49,180,30,182,10,182,-10,182,-30,182,-36,133,-2937,1503,-4530,-523,-919,-686]]]
2634491	p	2655603
2650497	r	0.0621,50.7334,0.4172,50.951	[[[621,507797,149,-7,186,-39,174,-110,91,-33,353,3,109,-13,423,-100,40,-53,9,-48,-43,33,-17,-61,54,-3,37,-12,59,3,82,-8,13,-8,59,3,14,-10,58,22,0,-9,39,14,35,0,21,-4,1,-15,38,36,3,-6,7,4,57,85,27,13,11,0,62,56,32,14,-29,-12,36,33,14,11,-3,-11,25,23,25,11,101,104,62,47,91,45,161,51,34,30,21,5,-13,9,2,19,7,7,85,36,21,39,99,105,109,94,51,-2,372,105,97,14,-983,1203,-1917,-39,-651,-1674]]]
2633563	r	-2.5709,52.0301,-1.8922,52.2952	[[[-25709,522715,1717,-2376,1651,-38,3419,606,-2476,2045,-4311,-237]]]
2656173	p	2654675
2648657	p	2637433
6690870	p	2643743
2639272	p	2643123
2647138	p	2643339
2639192	p	2643743
2647261	p	2643743
2647461	p	2643743
2647356	r	0.3189,50.8307,0.9343,51.0612	[[[3189,509510,983,-1203,837,113,15,-9,94,20,16,6,587,80,11,-11,-1,12,107,14,82,3,23,12,6,0,23,0,2,4,268,36,402,116,981,606,398,83,675,-141,645,-135,-268,264,-1701,624,-60,-4,-1,4,-59,-12,-43,3,-99,-10,-28,-8,-26,-26,9,-15,-47,24,-28,25,-170,21,-53,27,-52,57,-8,24,-60,47,-36,17,-32,-5,-16,-20,-17,-6,-50,5,-31,16,-10,-16,-69,-33,-28,3,-55,51,-24,6,-19,-4,-16,-14,-39,0,-47,-12,-9,-13,-35,-16,-70,5,14,75,-88,8,-14,41,66,19,-31,27,-51,11,-9,9,18,22,-11,12,10,15,-16,9,-10,27,11,19,21,3,14,23,26,16,8,37,11,-1,7,4,-302,111,-2531,-1102]]]
8299617	p	2638077
2651513	r	-2.1508,54.2523,-1.2645,54.7385	[[[-21508,545200,13,-230,38,-228,64,-227,89,-224,115,-220,138,-215,162,-209,186,-203,207,-195,229,-186,250,-178,268,-168,287,-157,79,-37,6738,46,-1775,2999,27,7,39,17,-5,9,88,27,106,5,52,15,-50,56,22,9,-27,26,0,19,37,124,41,17,17,38,-8,7,-32,0,-32,19,-25,31,-50,11,2,17,-15,9,-27,-4,-35,-21,2,-34,-21,-19,-21,-2,-23,6,-34,-7,-8,-5,6,-8,-29,-9,-19,-23,-26,6,-49,-3,-44,84,-29,-8,-12,-16,-34,26,-42,9,-724,1223,-76,57,-638,102,-4313,-180,-67,-54,-207,-195,-186,-203,-162,-209,-138,-215,-115,-220,-89,-224,-64,-227,-38,-228,-13,-230]]]
2636940	p	2643339
2637343	p	2639912
2653228	p	2644210
2634549	p	2643743
2648182	p	2643743
2647428	p	2644688
2647400	r	-1.5478,54.6213,-1.0882,54.7972	[[[-15478,547283,76,-57,1968,-662,-1,-9,20,-21,3,-32,-75,7,-12,-2,1,-21,-29,4,-31,-7,-35,12,-55,-11,-17,4,-80,-23,-93,-3,11,-18,18,-5,14,-6,117,2,110,-51,20,-3,49,7,102,-26,23,-15,24,-34,55,52,7,75,23,5,2,6,43,-6,57,7,11,-18,38,-16,-4,-9,48,-40,26,-2,17,-10,45,-2,-8,-75,33,0,32,7,14,-17,48,12,3,-5,61,5,80,-29,29,11,5,-8,9,5,7,-20,48,8,23,-3,11,18,25,-8,-15,-15,10,-8,42,6,18,14,48,7,53,-13,20,18,13,-1,-16,15,49,10,19,-33,19,7,2,-12,8,-1,3,13,21,6,10,-17,24,12,8,-6,-23,-4,10,-18,36,16,5,-21,45,1,25,-15,31,0,95,12,55,18,41,27,-9,15,12,13,30,15,135,2,107,-21,51,-3,7,27,52,69,-9,59,55,30,-139,4,-50,27,17,17,-82,56,-59,63,-39,74,-25,80,-56,61,-17,31,-1,29,5,3,31,8,59,3,13,-7,34,-1,2,10,16,0,28,-19,-18,19,34,0,0,74,-374,98,-15,8,-185,67,-46,30,-55,23,-21,-11,-337,257,-213,315,-82,173,-2428,-689]],[[-11441,546269,559,-56,-154,34,-170,83,-175,136,-60,-197]]]
2641157	p	2655603
2639557	p	2655603
2648997	p	2643743
2643734	n	-7.5205,54.7739,-6.9185,55.1265	[[[-75205,548096,259,-90,348,-95,361,-75,373,-54,380,-32,384,-11,384,11,380,32,373,54,361,75,348,95,329,114,309,132,285,149,258,165,229,178,197,190,164,201,130,209,93,215,57,219,18,222,-18,222,-57,219,-93,215,-130,209,-164,201,-197,190,-12,9,-9,-8,-115,-71,-119,-164,-79,-182,6,-129,-147,-62,-218,-162,-114,-48,-344,-29,-344,29,-436,131,-179,11,-456,-78,-157,4,96,186,-194,-41,-88,-63,-77,-71,-82,-52,-638,-57,-120,-53,-100,-67,-283,-253,42,-88,-27,-17,-53,-11,-40,-70,57,-256,-13,-83,-71,-67,-13,-13,-199,-48,-83,-61,-37,-119,43,-254,0,-104,-104,-215,-157,-177,-497,-357]]]
2647878	n	-0.3784,53.3339,0.2172,53.7613	[[[-3784,534300,1546,-791,340,-73,360,-54,367,-32,371,-11,371,11,367,32,360,54,349,75,335,95,319,114,298,132,274,149,250,165,49,39,-266,114,-91,18,-57,40,-27,91,-22,102,-31,75,-159,113,-179,48,-189,26,-191,51,-959,470,-467,351,-143,36,-350,31,-173,75,-308,220,-446,138,-281,261,-1485,-788,-132,-1377]],[[-1655,536736,355,-275,174,-86,203,-65,229,-41,244,-13,211,33,387,144,197,28,217,-48,433,-190,207,-42,158,-74,-46,-170,-218,-308,216,105,57,37,124,325,-158,330,-1337,1187,-1653,-877]]]
2653883	p	2655603
2638867	p	2643339
2637329	p	2636531
2643736	p	2643734
2634308	p	2653822
2647632	p	2644688
2650209	p	2643743
2636276	p	2655603
2648272	p	2639996
2638324	n	-0.9476,53.3788,-0.3652,53.8041	[[[-9476,537192,223,-656,600,-159,-217,-280,1,-87,-110,-177,17,-4,-25,-73,27,-80,50,-11,-9,-12,-24,3,-6,-11,620,-1823,46,-16,63,-18,4436,512,132,1377,-1571,1117,-76,-17,-148,59,-108,69,-407,176,-233,38,-303,-13,-277,-78,-150,-158,-77,48,-84,39,-88,30,-91,19,681,274,214,40,452,-31,-1058,752,-262,-23,-360,-54,-350,-75,-335,-95,-319,-114,-298,-132,-275,-149,-249,-165,-52,-42]]]
2653305	p	2637433
2636876	p	2642607
2653775	r	-3.4047,54.6279,-2.47,55.1721	[[[-34047,548600,37,-131,70,-173,89,-171,109,-166,126,-162,145,-158,163,-151,179,-144,195,-138,210,-130,225,-122,238,-113,250,-103,261,-94,271,-84,280,-74,288,-63,294,-51,300,-41,303,-29,307,-17,307,-6,307,6,307,17,303,29,300,41,294,51,288,63,280,74,271,84,261,94,250,103,238,113,225,122,210,130,195,138,179,144,163,151,145,158,126,162,109,166,89,171,70,173,50,176,30,177,10,178,-10,178,-30,177,-50,176,-70,173,-89,171,-109,166,-126,162,-145,158,-163,151,-179,144,-195,138,-210,130,-225,122,-238,113,-250,103,-261,94,-271,84,-280,74,-288,63,-294,51,-300,41,-303,29,-307,17,-307,6,-307,-6,-307,-17,-303,-29,-300,-41,-294,-51,-288,-63,-280,-74,-271,-84,-261,-94,-250,-103,-238,-113,-225,-122,-210,-130,-195,-138,-179,-144,-163,-151,-145,-158,-126,-162,-109,-166,-44,-85,2541,-109,851,134,40,6,245,-66,0,-74,-191,44,-153,-37,-153,-57,-192,-19,0,-68,689,0,-177,-72,-833,-145,-200,8,-374,73,-78,37,-57,41,-73,36,-126,22,-629,-110,-150,-67,-258,-164,500,-148,127,-57,-411,-129,-108,-7,-162,37,-107,74,-116,52,-195,-27,-234,-164,-168,-234]]]
2637490	p	2643743
2638978	r	-1.465,52.1403,-0.9966,52.5344	[[[-14650,523599,1,-18,34,8,64,-21,39,2,31,-33,-42,-12,-42,-33,3,-24,58,-13,68,0,-43,-50,37,6,24,-77,59,-50,42,-16,30,0,11,-11,25,10,9,-5,39,6,23,-5,13,-7,12,-40,19,-10,43,2,23,-17,9,-24,-6,-15,-23,1,-13,-6,-10,-10,10,-4,-25,-15,-29,7,-6,10,-25,-3,-12,-10,10,-6,-22,-26,21,-19,-3,-34,104,-8,5,13,30,-3,163,-30,-6,-6,107,-58,88,-33,25,-15,-4,-6,21,-5,-3,-5,19,-1,21,-46,31,-5,-14,-20,37,-8,18,3,4,-13,82,-16,1,-12,32,-8,1274,-1352,2193,2550,-118,767,-1462,259,-1186,-308,-204,171,-136,100,-578,217,-32,5,0,8,-54,9,3,10,-420,153,-30,-3,-44,-26,13,-19,-2,-25,-18,-7,-10,-17,-10,-57,-35,-28,9,-11,38,-7,43,19,55,4,68,-13,21,-23,-19,-19,19,-44,-21,-31,37,-14,-9,-6,20,-8,-29,-39,-12,-34,-9,1,1,-15,-20,-9,1,-11,-21,-16,10,-23,19,0,0,-10,29,-5,-3,-15,14,-1,-14,-29,16,-21,-5,-18,-21,1,-15,-28,-18,-71,-52,-17,-53,-5,-3,-13,-68,41,-94,9,-163,-94,-66,-50,45,-23,98,-39,6,8,19,-9,-14,-10,-16,-38,68,-25,-4,-4,85,-22,35,-20,33,-8,9,-13,-3,-24,-75,-145,-34,-43,-29,-19,10,-26,54,-62,1,-4,4,-5,-1,-13,3,-15,-4,-5,-1,-5,-38,-42,-100,-65,-178,-64,16,-23,-15,-11,25,-15,-36,-17,38,-26,-37,-19,-9,-15,20,-6,5,-29,19,-6,-27,-24,4,-6,-9,-1,-3,7,-10,-7]]]
2648773	p	2641673
2644411	p	2655984
2640677	p	2648579
2639835	p	2643743
2637891	p	3345439
2648970	p	2639912
2652002	p	2636841
2655009	p	2639577
6690602	p	2643743
2650405	p	2648579
2646504	p	2654710
2656719	n	-1.1053,51.6995,-0.6251,51.9562	[[[-11053,519512,1065,-2516,3448,400,289,547,-851,1295,-3892,324,-59,-50]]]
6692280	p	2643743
2639842	p	2643743
2647793	r	-0.8292,51.0157,-0.3668,51.3314	[[[-8292,510691,1106,-534,202,5,3316,1719,-41,599,-189,99,-10,43,8,25,28,4,-31,64,-18,-2,-14,12,6,12,-7,8,15,7,-5,13,-9,4,-13,-4,-13,22,-11,1,1,70,16,10,10,39,-16,44,13,29,-51,-5,-24,-10,-17,-16,-13,0,-1,21,-42,61,-58,8,-7,6,-213,-5,-29,8,-25,29,-11,54,-21,44,3,69,20,-3,35,9,11,11,21,-1,-2,14,-90,-6,-51,18,14,18,-62,6,-75,-16,-11,-5,-27,-3,-9,-14,-60,-2,-1,0,-2,17,-21,-4,-23,20,-29,-2,-21,13,-32,-11,4,-11,-21,5,-2,0,-1,-16,13,-15,-14,-5,1,-1,21,-2,18,-16,18,3,11,-21,13,-1,-1,8,1,0,3,-1,21,-3,0,-1,2,0,-6,-5,28,-11,15,-21,-7,-25,-61,-14,-9,4,5,10,-55,0,-13,-14,-26,-4,-5,-35,-20,-14,-45,-12,-25,-19,-23,5,12,18,-15,15,-17,-3,3,12,-25,-2,7,7,-12,5,-19,-6,-5,14,-26,-11,-5,-15,10,-6,-13,-4,6,-6,23,3,0,-31,-54,-15,4,-8,-10,-6,-19,-2,1,7,-15,-2,-9,9,-15,-21,-4,8,-25,-3,-18,-24,13,-8,-35,-11,-4,-9,-14,0,-25,15,-16,0,-2,14,-25,8,-22,-4,7,-13,-26,-4,7,-11,-11,-16,-25,-4,-12,-15,15,-32,3,-20,-15,-6,9,-11,-23,-5,13,-6,-32,-19,7,-7,12,4,-1,-13,9,4,10,-6,-6,-16,20,-3,22,-17,1,-19,22,-9,30,1,-5,-8,10,-15,10,5,9,-11,-34,-4,-16,-32,31,-13,-84,-33,-1,0,-20,1,-11,1,-35,14,-3,7,14,5,-9,5,-23,-5,-16,26,-34,3,0,-12,-15,3,1,-8,-44,12,-44,26,-137,37,-77,50,-110,41,-26,-4,3,-17,-59,-4,-25,-14,-34,11,-4,-5,-11,5,-17,-6,-293,213,-1,1,-3,3,-21,42,32,33,-246,55,-39,-19,-122,-17,-124,-160,-6,-64,27,-26,-60,-48,-58,-16,-60,-3,-37,-16,-9,-12,-37,8,-72,3,-19,-12,-5,-16,31,-41,-8,-11,10,-24,-13,-17,-1,-40,-11,-6,7,-16,-17,-20,12,-24,21,-3,11,-13,-17,-21,3,-20,-38,-14,-16,-18,14,-22,-18,-15,-20,-40,4,-11,22,-11,1,-12,-31,-22,-3,-20,-26,-22,-38,-9,-7,-12,6,-15,34,7,6,-42,-66,-8,20,-21,35,3,9,-20,-44,-31,-3,-23,-10,3,-4,-10,-3,-28,24,-39,37,-11,105,-88,117,35,13,-8,1,12,34,8,-1140,-1325]]]
8224580	p	2643743
2656284	p	2638077
2643490	n	1.3972,52.2664,1.7712,52.5455	[[[13972,524142,121,-207,155,-201,186,-190,216,-178,243,-165,268,-149,290,-132,311,-114,327,-95,213,-47,3,41,106,113,108,73,317,354,443,718,23,96,-9,97,251,518,127,96,41,89,-236,469,4,127,-123,-7,50,-127,-147,-15,-16,29,-77,19,-111,45,-14,31,-542,-31,-11,-4,-52,1,-9,-1,-39,-19,-22,-2,14,-9,2,-27,-71,-15,53,-44,-30,-13,-26,-4,-3,5,-20,-7,-11,23,-72,48,13,37,-4,15,-1174,-66,-1066,-1175]]]
2653148	p	2643743
2643186	p	2639577
2637142	p	2636841
2635042	p	2643743
2639447	n	-3.7311,51.4411,-3.1549,51.8861	[[[-37311,518024,311,-1399,0,-1896,46,-14,184,55,138,-8,585,-305,53,-46,2218,666,354,260,6,14,18,3,1121,824,2,13,726,1715,-152,128,-239,165,-263,149,-286,132,-304,114,-322,95,-334,75,-345,54,-351,32,-355,11,-355,-11,-351,-32,-345,-54,-334,-75,-322,-95,-304,-114,-286,-132,-263,-149,-239,-165,-12,-10]]]
2639022	n	0.0339,50.9471,0.572,51.2913	[[[339,511691,233,-1877,700,-343,1917,39,2531,1102,-14,156,-960,655,-52,8,-6,30,1,1,-502,342,-23,1,-46,28,4,16,-5,3,-23,2,0,14,-26,17,-26,1,-8,8,6,11,-8,5,-33,11,-48,1,-11,23,-73,0,-32,10,11,47,27,16,-1311,894,-1429,-82,-794,-1139]]]
2633866	p	2643743
2652381	n	-0.9797,52.4066,-0.4144,52.7261	[[[-9797,524896,5653,-830,-755,1743,-18,4,-60,55,31,19,5,10,3,1,-511,1179,-39,12,-341,75,-351,54,-358,32,-362,11,-362,-11,-358,-32,-190,-30,-1987,-2292]]]
11669854	p	2643743
2640681	n	-3.8956,50.2215,-3.4611,50.5945	[[[-38956,505266,839,-2509,180,-105,278,-132,297,-114,313,-95,325,-75,133,-21,135,45,-77,250,57,236,102,208,54,169,104,96,225,39,213,83,73,223,160,-88,156,-32,120,54,68,250,51,52,77,28,90,9,8,37,72,124,28,50,0,68,-151,-5,-294,-9,-173,54,-70,165,69,144,54,26,119,57,223,37,223,9,-175,418,-10,196,111,274,131,203,145,171,62,53,-2338,-33,-1320,69,-157,-111,-206,-178,-178,-190,-146,-200]]]
8299614	p	2654264
2634715	p	2636531
2649258	n	0.9075,50.9094,1.4062,51.2139	[[[9075,509380,268,-264,109,-22,346,88,-107,387,-26,258,99,118,512,472,393,227,203,86,195,34,655,10,199,52,76,50,86,71,98,63,119,27,216,-12,114,8,274,132,668,145,273,207,203,318,14,63,-761,241,-1244,-206,-80,-62,5,-5,-39,-14,12,-4,-6,-5,-28,-5,-39,21,-43,37,-3,1,-36,-6,-5,-8,-96,-44,-65,3,3,10,-15,9,-127,-20,-19,-69,-38,13,-43,39,-857,-142,-1463,-2302]]]
6690877	p	2643743
2646517	p	2643743
2649441	p	2643743
2633485	r	-3.792,52.6939,-2.679,53.1343	[[[-37920,529015,74,-147,194,-311,226,-303,259,-293,290,-282,320,-270,348,-257,329,-213,7864,2038,-27,55,39,-77,61,18,16,21,-2,6,1139,295,-323,1305,-1805,473,2,3,-2,17,32,-4,20,19,27,5,-1,25,24,44,5,34,-10,2,-31,-14,-13,10,-15,-7,0,-9,-34,-10,-37,-23,1,-11,-12,-10,-32,-4,-40,-22,-46,13,-22,-5,-95,35,-16,12,5,11,-23,-3,-59,22,-29,-2,-25,14,-32,-7,-28,16,-20,-10,-13,2,-13,7,-15,46,-13,8,-104,27,-20,21,-97,7,-26,11,-84,-26,-20,5,-36,-10,-42,2,-21,-11,-26,3,-24,-14,-30,-37,-45,-15,19,-37,-26,-8,-1,-15,-7859,-2165]]]
2650096	p	2644210
2635650	p	2640681
2651984	p	2643743
2643567	p	2644668
2636177	n	-3.457,50.7939,-2.814,51.2046	[[[-34570,510200,17,-222,51,-219,86,-215,118,-209,37,-50,2436,-1282,129,-21,346,-32,350,-11,350,11,346,32,340,54,330,75,233,70,1261,2719,-996,781,-2733,365,-120,-10,-718,-142,-449,-12,-322,-57,-46,-26,-236,-165,-208,-178,-181,-190,-149,-201,-118,-209,-86,-215,-51,-219,-17,-222]]]
2634686	p	2639996
2655262	n	-0.8883,50.7299,-0.6091,50.9949	[[[-8883,507654,755,-306,229,-48,189,69,47,102,-68,189,55,87,94,24,83,-32,83,-47,89,-19,1236,262,-1176,2014,-1430,-1838,61,-28,0,-62,-164,-43,-48,-61,-35,-263]]]
2641520	p	2655984
2654394	p	2644210
2647984	r	1.5038,52.526,1.7487,52.824	[[[15038,525317,1174,66,4,-15,-13,-37,72,-48,11,-23,20,7,3,-5,26,4,30,13,-53,44,71,15,-2,27,-14,9,22,2,39,19,9,1,52,-1,11,4,542,31,14,-31,111,-45,77,-19,16,-29,147,15,-50,127,123,7,7,233,-19,197,-50,128,2,32,14,66,1,17,37,124,-27,62,-6,33,-8,-1,-44,98,-2,4,-1,3,-43,95,-21,34,1,11,-21,47,-8,-2,-8,34,-64,86,-89,149,-161,405,-236,247,-292,201,-1034,482,-316,-2501,57,27,36,-8,44,-27,20,-31,-1,-18,-34,-34,12,-23,60,-30,15,2,30,26,35,-2,21,-19,17,-48,-16,15,-8,33,-20,17,-26,1,-29,-26,-17,-4,-28,6,-42,28,-11,27,30,30,1,22,-12,20,-46,32,-37,3,-52,-24,-53,-417]]]
2642414	p	2643743
2649571	p	2643743
2643044	p	2638703
2656955	r	0.5706,50.938,1.0538,51.2702	[[[5706,510768,14,-156,302,-111,-7,-4,-11,1,-8,-37,-26,-16,-14,-23,-21,-3,-11,-19,10,-27,16,-9,-10,-15,11,-12,-18,-22,9,-9,51,-11,31,-27,-66,-19,14,-41,88,-8,-14,-75,70,-5,35,16,9,13,47,12,39,0,16,14,19,4,24,-6,55,-51,28,-3,69,33,10,16,31,-16,50,-5,17,6,16,20,32,5,36,-17,60,-47,8,-24,52,-57,53,-27,170,-21,28,-25,47,-24,-9,15,26,26,28,8,99,10,43,-3,59,12,1,-4,60,4,1701,-624,1463,2302,-221,131,-32,-3,-72,-17,-37,2,-34,15,-65,6,-38,-15,-51,20,-90,58,-4,23,3,6,74,10,1,0,57,56,3,55,20,61,-4,14,-5,14,-4,2,-38,9,-7,9,13,15,-35,60,-21,15,-48,15,10,61,-52,55,3,19,45,47,-5,33,72,40,2,5,2,12,-49,28,1,7,-55,16,-4,3,-1,0,-4,3,-76,55,-23,21,-35,26,-1,6,-12,11,-37,2,-37,-13,-66,5,-31,17,-7,-36,-19,-10,-21,-32,8,-48,-20,-16,-72,-26,-38,-1,-46,25,-22,22,-44,16,-33,-2,-35,-25,7,-43,-13,-15,-48,-3,-293,173,-908,-246,-20,-54,-8,1,-94,12,-49,-81,-62,-42,-55,-24,-57,-7,-54,-56,-35,10,-16,-34,-50,-13,-5,-26,19,-3,10,-12,-16,-13,-52,-12,-46,15,-88,-7,-19,5,-11,20,-69,-2,-7,-18,-60,-55,-4,-43,-75,11,-29,-7,24,-27,-27,-6,-29,-25,-34,14,-45,-30,-26,-4,-20,-11,-19,-31,19,-12,12,-24,-8,-31,8,-26,-65,5,-25,-33,7,-7,-5,-21,12,-3,-6,-5,-43,-1,-19,-14,-18,7,-11,-3,0,5,-31,-4,14,-9,7,-22,-34,-15,-18,-20,-28,-9,3,-30,-13,-27,-45,-14,-9,-14,-46,-26,12,-21,-20,-13,26,-16,-12,-12,18,-11,-60,-18,-28,-23,-69,11,7,13,-12,8,-56,-60,-3,4,-15,2,-30,-33,5,-14,-40,-22,-27,10,-35,-5,5,-9,-7,-4,-3,7,-38,6,-3,6,-33,-17,-22,1,-7,-17,9,-15,33,-13,14,-18,12,-36,-7,-39,-24,-11,-74,-14,-36,-23,-53,-18,53,-30,6,-29,-10,-13,2,-8,-248,-265]]]
2638678	p	2643123
3345283	p	2639447
2657697	p	2643743
2638419	n	-0.7847,54.0539,-0.1108,54.4814	[[[-7847,542800,19,-222,55,-219,92,-215,127,-209,162,-201,194,-190,224,-178,254,-165,280,-149,303,-132,324,-114,341,-95,355,-75,367,-54,373,-32,377,-11,377,11,373,32,367,54,355,75,341,95,324,114,303,132,280,149,172,112,-6,3,-1225,289,-265,165,-22,41,-70,266,-75,101,-230,69,-118,69,-101,45,-408,64,-77,52,-188,164,-83,51,27,39,42,104,-105,21,-78,52,-55,65,-35,66,-4,201,-122,253,-171,239,-151,158,-140,82,-332,144,-104,85,-32,101,18,79,-11,90,-118,139,-283,164,-110,40,-73,-20,-324,-114,-303,-132,-280,-149,-254,-165,-224,-178,-194,-190,-162,-201,-127,-209,-92,-215,-55,-219,-19,-222]]]
2633954	p	2644210
2638960	p	2644210
2654187	p	2643123
2651286	p	2644688
2656396	p	2655984
2656065	p	2643743
2649672	p	2639577
2635269	p	2641673
2647074	n	-3.0753,51.8339,-2.3992,52.2861	[[[-30753,520600,18,-222,53,-219,87,-215,120,-209,154,-201,184,-190,213,-178,241,-165,266,-149,288,-132,307,-114,324,-95,338,-75,347,-54,355,-32,358,-11,358,11,355,32,291,46,2104,1911,-1695,2345,-15,5,-338,75,-347,54,-355,32,-358,11,-358,-11,-355,-32,-347,-54,-338,-75,-324,-95,-307,-114,-288,-132,-266,-149,-241,-165,-213,-178,-184,-190,-154,-201,-120,-209,-87,-215,-53,-219,-18,-222]]]
2636616	p	2648404
2647639	p	2655603
2653265	p	2643743
3345440	n	-6.7763,54.2239,-6.1109,54.6761	[[[-67763,544500,19,-222,56,-219,92,-215,127,-209,162,-201,195,-190,226,-178,255,-165,281,-149,304,-132,325,-114,343,-95,357,-75,367,-54,375,-32,379,-11,379,11,375,32,367,54,357,75,343,95,325,114,304,132,281,149,60,39,-22,39,-1,1,-2037,3739,-352,31,-379,11,-379,-11,-375,-32,-367,-54,-357,-75,-343,-95,-325,-114,-304,-132,-281,-149,-255,-165,-226,-178,-195,-190,-162,-201,-127,-209,-92,-215,-56,-219,-19,-222]]]
2634873	p	2644210
2644319	n	-0.7267,50.7935,-0.4578,51.0141	[[[-7267,509949,1176,-2014,401,86,1112,0,-141,829,-47,1,13,93,-67,0,23,20,-6,21,-26,6,-7,-12,-31,-5,5,-5,-68,-44,22,-72,-23,0,-14,56,-54,90,-31,-29,-119,-80,-44,8,-15,-21,-30,-17,-6,-27,-28,-3,-21,-16,-15,4,-20,-6,-28,46,-20,5,-96,-18,-2,-9,36,-23,-53,-12,-64,18,-32,26,-23,33,19,22,104,30,14,-8,2,-23,17,-4,21,14,-3,72,-29,15,-40,-6,-48,44,-6,19,29,38,13,39,13,11,47,2,31,-9,62,0,1,4,-10,33,-55,19,-79,41,-54,4,1,23,-16,33,-77,24,-37,39,3,71,50,69,42,21,80,11,18,14,28,5,13,-7,12,-22,-10,-13,11,-22,21,5,45,-4,2,7,37,14,17,36,-22,2,-10,12,1,20,76,41,6,20,-1648,507,-157,-47,-158,-60,-34,-85]]]
2636675	p	2643743
2655198	p	2644210
2656070	p	2644210
2645724	p	2655603
2642189	p	2644688
2636769	p	2655603
2644204	p	2650225
2653558	p	2655984
2645753	p	2641430
2634578	p	2641430
2656241	n	-3.4129,54.0638,-2.9876,54.3361	[[[-34129,542938,55,-161,132,-133,297,-219,360,-378,217,-128,208,53,159,19,230,-12,149,46,-88,196,96,251,83,104,157,54,-17,-203,23,-338,-84,-291,-332,-61,0,-69,153,-76,6,-145,-56,-171,-29,-155,99,-70,115,-43,139,-23,159,-6,93,-51,351,-290,10,113,-30,136,21,113,274,88,102,98,170,209,297,224,44,83,31,111,57,130,31,140,-45,138,134,39,113,-44,91,-97,43,-68,235,799,-296,130,-322,114,-340,95,-354,75,-365,54,-372,32,-375,11,-375,-11,-372,-32,-365,-54,-354,-75,-292,-81,-2,-12,-44,-81,-25,-77]]]
6690862	p	2643743
2653877	r	0.8854,51.1682,1.3301,51.3857	[[[8854,512681,293,-173,48,3,13,15,-7,43,35,25,33,2,44,-16,22,-22,46,-25,38,1,72,26,20,16,-8,48,21,32,19,10,7,36,31,-17,66,-5,37,13,37,-2,12,-11,1,-6,35,-26,23,-21,76,-55,4,-3,1,0,4,-3,55,-16,-1,-7,49,-28,-2,-12,-2,-5,-72,-40,5,-33,-45,-47,-3,-19,52,-55,-10,-61,48,-15,21,-15,35,-60,-13,-15,7,-9,38,-9,4,-2,5,-14,4,-14,-20,-61,-3,-55,-57,-56,-75,-10,-3,-6,4,-23,90,-58,51,-20,38,15,65,-6,34,-15,37,-2,72,17,32,3,221,-131,857,142,43,-39,38,-13,19,69,127,20,15,-9,-3,-10,65,-3,96,44,5,8,36,6,3,-1,43,-37,39,-21,28,5,6,5,-12,4,39,14,-5,5,80,62,1244,206,-316,438,-655,746,3,1,20,-17,67,-1,35,-19,29,-2,17,8,-33,9,-41,45,-45,13,-65,31,-40,55,9,22,-7,14,-27,11,-49,6,-1,25,-64,44,-30,68,20,24,77,7,81,-22,6,6,8,38,-41,3,-11,8,-8,119,-52,2,-24,-4,4,-7,-12,-1,-3,16,-16,-9,-99,-10,-5,4,8,2,-14,1,5,-8,-42,-5,-50,8,-22,-7,-28,4,-136,-28,-38,-3,-109,-7,-2,2,-1,-2,-309,-18,0,3,-9,-3,-89,-6,-14,22,-5,-7,-126,-5,-61,-20,-8,12,-7,-12,-115,6,-50,-7,-2,19,-18,-7,-32,1,-12,-11,3,-11,-40,-10,-16,3,-33,-5,-49,-25,-81,-8,-163,-5,-25,59,9,-58,-38,-6,-3,7,-3,-9,-13,-2,-5,10,-11,-12,-30,-5,5,-20,-25,4,-32,-16,-87,-22,-11,4,-64,-34,-22,-1,-18,9,-19,1,2,-6,18,-4,-11,-6,-10,3,-16,-5,-9,7,-25,1,-13,-2,2,-6,-16,4,-7,-12,-31,-4,-146,12,26,21,8,20,-103,-38,44,46,24,61,-7,25,-61,47,-47,-53,-81,-44,-145,-61,73,-73,-195,14,-396,-848]],[[9331,513702,33,8,57,120,-17,27,-73,-155]]]
2650732	p	2650225
2646329	p	2644210
6692921	p	2643743
2656235	p	2653822
2642814	p	2648579
2647570	p	2648579
2637802	p	2637433
2643266	p	2643123
2648187	p	2643743
2650396	p	2637487
2637607	p	2655603
2654938	p	2653266
2634202	n	-2.7752,50.5277,-2.2041,50.8175	[[[-27752,507124,823,-196,2094,-1024,231,-249,9,-378,61,0,141,141,106,158,-25,127,-253,52,-91,97,55,213,125,214,117,96,376,81,212,19,345,-137,1385,-99,-1114,1922,-46,14,-4344,-821,-176,-188,-31,-42]]]
2654782	p	2643743
2649911	p	2643743
2650657	p	2643339
2642214	n	-3.0164,53.9317,-2.4773,54.2961	[[[-30163,541874,50,-133,136,-145,135,-65,450,20,188,70,77,149,80,106,183,87,358,115,297,139,143,120,38,150,68,0,8,-192,-151,-176,-226,-129,-213,-49,33,-95,145,-170,236,-277,168,-147,-192,-264,-116,-100,-321,-78,-138,-94,-194,-215,-87,-52,-105,-49,-69,-57,21,-77,158,-216,48,-27,306,20,174,41,174,76,-44,-162,-348,-210,113,-112,-71,-21,-91,-38,-78,-52,-34,-60,-6,-9,1951,-179,1193,212,625,273,27,33,126,209,92,215,55,219,18,222,-18,222,-55,219,-92,215,-126,209,-161,201,-193,190,-224,178,-252,165,-278,149,-302,132,-322,114,-339,95,-354,75,-364,54,-372,32,-375,11,-375,-11,-372,-32,-364,-54,-171,-37,-229,-776,29,-48,-64,-72,-17,-57]]]
2639545	p	2652053
2634552	p	2643339
2646557	p	2652053
2651500	p	2643743
2637126	p	2643743
2644737	n	-1.7693,52.0539,-1.2229,52.3487	[[[-17693,521144,164,-92,290,-132,309,-114,325,-95,339,-75,350,-54,356,-32,360,-11,360,11,356,32,350,54,339,75,325,95,309,114,290,132,267,149,242,165,133,111,-1204,1278,-32,8,-1,12,-82,16,-4,13,-18,-3,-37,8,14,20,-31,5,-21,46,-19,1,3,5,-21,5,4,6,-25,15,-88,33,-107,58,6,6,-163,30,-30,3,-5,-13,-104,8,3,34,-21,19,22,26,-10,6,12,10,25,3,6,-10,29,-7,25,15,-10,4,10,10,13,6,23,-1,6,15,-9,24,-23,17,-43,-2,-19,10,-12,40,-13,7,-23,5,-39,-6,-9,5,-25,-10,-11,11,-30,0,-42,16,-59,50,-24,77,-37,-6,21,25,-1992,57,-927,-681,-316,-1662]]]
2646867	p	2644668
2652974	n	0.8828,51.6629,1.2883,51.925	[[[8828,516995,552,-365,0,15,37,85,101,54,-78,122,-38,78,-20,80,22,16,42,75,28,97,-18,85,-156,99,-11,-1,-461,-440]],[[10052,518163,161,-137,160,-204,93,-52,188,-17,700,64,324,85,514,216,572,330,119,158,-17,211,-44,-11,-74,-103,-104,-63,-365,34,-156,42,-127,61,743,473,-1549,0,-1138,-1087]]]
2651715	p	2648579
2645298	p	2650225
2655351	p	2642465
2633373	n	-2.9367,50.7323,-2.2736,51.0901	[[[-29367,508253,104,-109,208,-178,235,-165,259,-149,281,-132,300,-114,275,-83,159,30,1,1,2756,521,1459,276,173,183,150,201,118,209,84,215,52,219,17,222,-17,222,-52,219,-84,215,-118,209,-150,201,-180,190,-208,178,-94,66,-4501,0,-1227,-2647]]]
2645889	p	2644688
