2298890	n	-2.0722,6.407,-1.1763,6.9561	[[[-20722,66900,21,-443,66,-439,107,-431,150,-418,161,-340,7542,-759,235,318,228,380,190,401,150,418,107,431,1,1,-2201,543,29,82,54,215,32,219,11,222,-11,222,-32,219,-54,215,-75,209,-89,189,-1918,1203,-82,4,-222,-11,-219,-32,-215,-54,-209,-75,-201,-95,-190,-114,-179,-132,-164,-149,-149,-165,-132,-178,-114,-190,-95,-201,-75,-209,-54,-215,-15,-103,-2203,543,-99,-399,-66,-439,-21,-443]]]
2306104	r	-0.5954,5.3823,0.2328,5.9302	[[[-5954,54718,1102,-894,136,84,135,139,52,154,78,113,96,79,520,435,119,99,96,47,27,13,62,30,452,57,312,100,53,18,355,66,144,41,21,4,17,-7,-4,4,5,7,102,22,25,19,0,58,211,51,97,44,103,22,122,55,48,16,241,67,59,30,235,75,67,6,92,9,88,31,59,46,130,131,47,27,305,103,490,165,161,164,111,180,140,148,389,111,275,256,153,103,670,180,84,60,-38,80,-114,190,-132,178,-148,165,-164,149,-178,132,-190,114,-112,53,-4,-6,-52,58,-164,149,-178,132,-190,114,-200,95,-209,75,-215,54,-219,32,-221,11,-221,-11,-128,-19,0,-2,-96,35,-149,37,-1509,-430,-600,106,-2074,-721,-113,-190,-95,-201,-75,-209,-54,-215,-18,-124,-16,13,-115,-41,-56,-26,-235,-2545]]]
2294877	n	-1.0677,9.1739,-0.6124,9.6261	[[[-10676,94000,11,-222,32,-219,55,-215,75,-209,95,-201,115,-190,133,-178,150,-165,166,-149,179,-132,192,-114,202,-95,210,-75,217,-54,221,-32,223,-11,223,11,221,32,217,54,210,75,202,95,192,114,179,132,166,149,150,165,133,178,115,190,95,201,75,209,55,215,32,219,11,222,-11,222,-32,219,-55,215,-75,209,-95,201,-115,190,-133,178,-150,165,-166,149,-179,132,-192,114,-202,95,-210,75,-217,54,-221,32,-223,11,-223,-11,-221,-32,-217,-54,-210,-75,-202,-95,-192,-114,-179,-132,-166,-149,-150,-165,-133,-178,-115,-190,-95,-201,-75,-209,-55,-215,-32,-219,-11,-222]]]
2294915	n	-1.9854,4.7771,-1.5236,5.1561	[[[-19854,49300,7,-150,-7,-150,11,-222,32,-219,54,-215,75,-209,94,-201,98,-163,209,297,160,141,767,342,686,196,94,7,88,18,5,47,-18,67,22,73,121,133,168,185,121,92,685,338,42,37,62,72,23,79,-69,150,16,81,123,98,170,43,176,-13,144,-66,7,5,169,121,226,85,57,8,-90,149,-132,178,-148,165,-164,149,-178,132,-189,114,-200,95,-209,75,-214,54,-219,32,-221,11,-200,-10,-200,10,-221,-11,-219,-32,-214,-54,-209,-75,-200,-95,-189,-114,-178,-132,-164,-149,-148,-165,-132,-178,-114,-190,-95,-201,-74,-209,-54,-215,-32,-219,-11,-222]]]
11808941	p	2294915
2302357	n	-1.4755,5.0487,-1.0435,5.3361	[[[-14755,51100,11,-222,33,-219,42,-172,72,11,362,177,186,59,101,5,207,-12,101,7,109,44,231,137,108,31,651,19,205,42,395,179,204,120,90,86,106,147,1043,448,63,17,-76,162,-114,190,-132,178,-149,165,-164,149,-177,132,-190,114,-200,95,-208,75,-215,54,-219,32,-221,11,-221,-11,-219,-32,-215,-54,-208,-75,-200,-95,-190,-114,-177,-132,-164,-149,-149,-165,-132,-178,-114,-190,-94,-201,-75,-209,-53,-215,-33,-219,-11,-222]]]
2306079	p	2306104
2304121	p	2306104
2296606	n	-1.8959,5.9739,-1.4441,6.4261	[[[-18959,62000,11,-222,32,-219,54,-215,75,-209,95,-201,114,-190,132,-178,149,-165,164,-149,178,-132,190,-114,201,-95,208,-75,215,-54,220,-32,221,-11,221,11,220,32,215,54,208,75,201,95,190,114,178,132,164,149,149,165,132,178,114,190,95,201,75,209,54,215,32,219,11,222,-11,222,-32,219,-54,215,-75,209,-95,201,-114,190,-132,178,-149,165,-164,149,-178,132,-190,114,-201,95,-208,75,-215,54,-220,32,-221,11,-221,-11,-220,-32,-215,-54,-208,-75,-201,-95,-190,-114,-178,-132,-164,-149,-149,-165,-132,-178,-114,-190,-95,-201,-75,-209,-54,-215,-32,-219,-11,-222]]]
2294700	p	2306104
2299522	n	-0.6758,5.825,-0.0341,6.3161	[[[-6758,60400,11,-222,32,-219,54,-215,75,-209,94,-201,114,-190,132,-178,149,-165,164,-149,178,-132,190,-114,201,-95,170,-61,17,6,2074,721,600,-106,1496,427,4,3,149,165,132,178,114,190,95,201,74,209,54,215,33,219,11,222,-11,222,-33,219,-54,215,-74,209,-95,201,-114,190,-132,178,-149,165,-164,149,-178,132,-190,114,-201,95,-208,75,-215,54,-220,32,-221,11,-221,-11,-220,-32,-215,-54,-208,-75,-201,-95,-190,-114,-178,-132,-41,-37,-2,9,-203,30,-221,11,-221,-11,-220,-32,-215,-54,-208,-75,-201,-95,-190,-114,-178,-132,-164,-149,-149,-165,-132,-178,-114,-190,-94,-201,-75,-209,-54,-215,-32,-219,-11,-222]]]
2294665	p	2306104
2295458	p	2294915
2300379	n	0.2439,6.3739,0.6954,6.8261	[[[2439,66000,11,-222,33,-219,54,-215,74,-209,95,-201,114,-190,132,-178,149,-165,165,-149,178,-132,190,-114,201,-95,209,-75,215,-54,219,-32,222,-11,222,11,219,32,215,54,209,75,201,95,190,114,178,132,165,149,149,165,132,178,114,190,95,201,74,209,54,215,33,219,4,77,-178,-6,-94,9,-88,159,-140,103,-132,120,-55,209,86,505,-10,162,-85,162,-145,137,-175,96,-172,36,-66,88,-271,503,-73,26,-215,54,-219,32,-222,11,-222,-11,-219,-32,-215,-54,-209,-75,-201,-95,-190,-114,-178,-132,-165,-149,-149,-165,-132,-178,-114,-190,-95,-201,-74,-209,-54,-215,-33,-219,-11,-222]]]
2304848	p	2306104
2298330	p	2306104
2294308	n	-1.7757,5.3839,-1.3243,5.8361	[[[-17757,56100,11,-222,33,-219,54,-215,74,-209,95,-201,114,-190,132,-178,148,-165,164,-149,178,-132,190,-114,200,-95,209,-75,215,-54,219,-32,221,-11,221,11,219,32,215,54,209,75,200,95,190,114,178,132,164,149,148,165,132,178,114,190,95,201,74,209,54,215,33,219,11,222,-11,222,-33,219,-54,215,-74,209,-95,201,-114,190,-132,178,-148,165,-164,149,-178,132,-190,114,-200,95,-209,75,-215,54,-219,32,-221,11,-221,-11,-219,-32,-215,-54,-209,-75,-200,-95,-190,-114,-178,-132,-164,-149,-148,-165,-132,-178,-114,-190,-95,-201,-74,-209,-54,-215,-33,-219,-11,-222]]]
2300182	n	-2.9641,7.3539,-2.5846,7.8061	[[[-29641,74355,139,-154,165,-149,178,-132,191,-114,201,-95,209,-75,216,-54,220,-32,222,-11,39,2,2015,3207,-56,118,-114,190,-133,178,-149,165,-165,149,-178,132,-191,114,-201,95,-209,75,-216,54,-220,32,-222,11,-222,-11,-220,-32,-37,-10,-3,-40,-38,-65,-101,-122,-38,-65,-62,-132,-661,-1407,-133,-405,-26,-164,-200,-1253]]]
11205476	p	2306104
2295021	n	-2.5281,7.1139,-2.1036,7.5661	[[[-25281,72310,98,-166,133,-178,149,-165,165,-149,178,-132,191,-114,200,-95,210,-75,215,-54,220,-32,222,-11,222,11,220,32,215,54,210,75,200,95,191,114,178,132,165,149,149,165,133,178,114,190,95,201,75,209,54,215,32,219,11,222,-11,222,-32,219,-54,215,-75,209,-95,201,-114,190,-133,178,-149,165,-165,149,-178,132,-191,114,-200,95,-210,75,-215,54,-220,32,-222,11,-222,-11,-220,-32,-72,-18,-4,-9,-1463,-3281]]]
2300372	n	0.2437,6.9239,0.6424,7.3761	[[[2437,71500,11,-222,32,-219,54,-215,75,-209,95,-201,114,-190,132,-178,150,-165,164,-149,179,-132,190,-114,201,-95,209,-75,215,-54,220,-32,222,-11,222,11,220,32,215,54,-12,23,-285,219,-114,153,145,45,147,11,422,110,129,71,191,344,8,435,-45,450,34,392,241,599,93,464,113,311,-124,136,-164,149,-179,132,-190,114,-201,95,-209,75,-215,54,-220,32,-222,11,-222,-11,-220,-32,-215,-54,-209,-75,-201,-95,-190,-114,-179,-132,-164,-149,-150,-165,-132,-178,-114,-190,-95,-201,-75,-209,-54,-215,-32,-219,-11,-222]]]
2300068	n	-2.9199,10.3139,-2.4716,10.7661	[[[-29199,106005,216,-379,24,-98,17,-214,27,-97,46,-59,135,-133,30,-47,30,-196,78,-126,352,-306,123,-62,162,-27,245,-6,38,-43,-43,-94,-91,-94,-110,-42,-129,-11,-97,-34,-77,-61,-72,-93,-68,-146,-10,-41,104,-76,192,-114,203,-95,211,-75,217,-54,222,-32,224,-11,224,11,222,32,217,54,211,75,203,95,192,114,180,132,166,149,151,165,133,178,116,190,95,201,76,209,54,215,33,219,11,222,-11,222,-33,219,-54,215,-76,209,-95,201,-116,190,-133,178,-151,165,-166,149,-180,132,-192,114,-203,95,-211,75,-217,54,-222,32,-224,11,-224,-11,-222,-32,-217,-54,-211,-75,-203,-95,-192,-114,-180,-132,-166,-149,-151,-165,-133,-178,-116,-190,-95,-201,-76,-209,-13,-51]]]
2296458	p	2306104
2300721	p	2306104
2294727	n	-2.1666,7.3639,-1.7134,7.8161	[[[-21666,75900,11,-222,33,-219,54,-215,75,-209,95,-201,114,-190,133,-178,149,-165,165,-149,178,-132,191,-114,201,-95,209,-75,216,-54,220,-32,222,-11,222,11,220,32,216,54,209,75,201,95,191,114,178,132,165,149,149,165,133,178,114,190,95,201,75,209,54,215,33,219,11,222,-11,222,-33,219,-54,215,-75,209,-95,201,-114,190,-133,178,-149,165,-165,149,-178,132,-191,114,-201,95,-209,75,-216,54,-220,32,-222,11,-222,-11,-220,-32,-216,-54,-209,-75,-201,-95,-191,-114,-178,-132,-165,-149,-149,-165,-133,-178,-114,-190,-95,-201,-75,-209,-54,-215,-33,-219,-11,-222]]]
2302821	n	-1.0786,10.5639,-0.6213,11.0058	[[[-10786,107900,11,-222,33,-219,54,-215,76,-209,96,-201,115,-190,134,-178,150,-165,167,-149,180,-132,192,-114,203,-95,211,-75,218,-54,222,-32,224,-11,224,11,222,32,218,54,211,75,203,95,192,114,180,132,167,149,150,165,134,178,115,190,96,201,76,209,54,215,33,219,11,222,-11,222,-33,219,-54,215,-76,209,-96,201,-115,190,-134,178,-150,165,-167,149,-180,132,-192,114,-122,57,-626,11,0,3,-51,71,-57,22,-59,-24,-57,-69,-214,-36,-224,-243,-174,-24,67,137,-105,-4,-51,32,-70,135,-75,52,-41,8,-94,-33,-203,-95,-192,-114,-180,-132,-167,-149,-150,-165,-134,-178,-115,-190,-96,-201,-76,-209,-54,-215,-33,-219,-11,-222]]]
2294206	n	-2.7281,9.8339,-2.2719,10.2861	[[[-27281,100600,11,-222,33,-219,54,-215,76,-209,95,-201,116,-190,133,-178,150,-165,166,-149,180,-132,192,-114,202,-95,211,-75,217,-54,221,-32,224,-11,224,11,221,32,217,54,211,75,202,95,192,114,180,132,166,149,150,165,133,178,116,190,95,201,76,209,54,215,33,219,11,222,-11,222,-33,219,-54,215,-76,209,-95,201,-116,190,-133,178,-150,165,-166,149,-180,132,-192,114,-202,95,-211,75,-217,54,-221,32,-224,11,-224,-11,-221,-32,-217,-54,-211,-75,-202,-95,-192,-114,-180,-132,-166,-149,-150,-165,-133,-178,-116,-190,-95,-201,-76,-209,-54,-215,-33,-219,-11,-222]]]
12640505	p	2306104
2303287	n	-0.4654,10.8339,-0.0112,11.1629	[[[-4654,110226,10,-67,54,-215,76,-209,96,-201,115,-190,134,-178,151,-165,166,-149,181,-132,192,-114,203,-95,212,-75,218,-54,222,-32,224,-11,224,11,222,32,218,54,212,75,203,95,192,114,181,132,166,149,151,165,134,178,115,190,96,201,76,209,54,215,33,219,11,222,-11,222,-14,94,-186,70,-188,-3,-339,-89,-183,-19,-184,47,-204,111,-166,151,-74,166,-1356,279,-28,-161,40,-94,22,-90,-78,-149,-127,-121,-501,-362,-180,212,-190,151,-193,0,-192,-241,-46,-145,-23,-227,-54,-106,-87,-70]]]
2294034	n	-0.8456,5.2147,-0.4852,5.4718	[[[-8456,53500,11,-222,33,-219,54,-215,74,-209,95,-201,114,-190,71,-97,9,1,150,95,238,279,584,478,128,48,517,361,83,-142,166,53,162,123,74,72,119,1,700,172,222,136,-1102,894,-2493,-1034,-9,-184]]]
2301217	r	-1.7282,7.1478,-0.7568,7.9484	[[[-17282,72666,747,-89,-14,-20,-25,-12,2,-24,19,-17,7,-16,6,-37,-58,-129,4,-20,51,-52,27,-52,-12,-56,-47,-96,8,-40,32,-57,-25,-38,-27,-20,1,-275,270,1,-1,46,209,1,1,-167,28,-2,38,20,63,-1,26,-7,10,-14,28,-15,43,1,6,61,20,72,32,50,-8,15,11,22,21,22,-16,18,3,17,32,9,5,27,28,22,-10,20,13,38,17,18,4,25,10,8,32,59,20,13,8,15,6,61,21,16,13,25,41,45,69,33,57,20,52,44,33,5,12,30,44,58,30,-15,47,14,25,26,26,41,7125,-851,15,33,139,369,115,377,89,384,64,389,39,392,13,394,-13,394,-39,392,-64,389,-89,384,-115,377,-139,369,-163,359,-186,347,-209,335,-229,320,-251,305,-270,288,-288,269,-305,250,-321,230,-335,208,-348,185,-360,163,-53,20,-4386,-2387,-1551,-4431]]]
2303125	n	-2.7853,7.2239,-2.3818,7.6761	[[[-27853,73552,56,-118,114,-190,132,-178,149,-165,165,-149,179,-132,190,-114,201,-95,210,-75,215,-54,220,-32,222,-11,222,11,220,32,72,18,1468,3291,-99,165,-132,178,-149,165,-165,149,-179,132,-190,114,-201,95,-210,75,-215,54,-220,32,-222,11,-39,-2,-2014,-3207]]]
2296969	p	2306104
2305677	n	0.9641,5.9612,1.188,6.2523	[[[9641,61200,11,-222,33,-219,54,-215,74,-209,95,-201,114,-190,132,-178,139,-154,71,140,116,175,508,543,343,266,453,244,64,23,6,2,26,351,-118,159,-828,94,-137,70,-108,124,-131,203,-77,88,-75,41,-75,30,-79,58,-155,222,-26,78,-49,-67,-114,-190,-95,-201,-74,-209,-54,-215,-33,-219,-11,-222]]]
2293801	n	-0.2377,9.2139,0.2177,9.6661	[[[-2377,94400,11,-222,33,-219,54,-215,76,-209,95,-201,115,-190,133,-178,150,-165,166,-149,179,-132,192,-114,202,-95,210,-75,217,-54,221,-32,223,-11,223,11,221,32,217,54,210,75,202,95,192,114,179,132,166,149,150,165,133,178,115,190,95,201,76,209,54,215,33,219,11,222,-11,222,-33,219,-54,215,-76,209,-95,201,-115,190,-133,178,-150,165,-166,149,-179,132,-192,114,-202,95,-210,75,-217,54,-221,32,-223,11,-223,-11,-221,-32,-217,-54,-210,-75,-202,-95,-192,-114,-179,-132,-166,-149,-150,-165,-133,-178,-115,-190,-95,-201,-76,-209,-54,-215,-33,-219,-11,-222]]]
2302541	p	2306104
2296564	n	-1.2158,5.7039,-0.7642,6.1561	[[[-12158,59300,11,-222,33,-219,53,-215,75,-209,95,-201,114,-190,132,-178,148,-165,165,-149,178,-132,190,-114,200,-95,209,-75,215,-54,219,-32,221,-11,221,11,219,32,215,54,209,75,200,95,190,114,178,132,165,149,148,165,132,178,114,190,95,201,75,209,53,215,33,219,11,222,-11,222,-33,219,-53,215,-75,209,-95,201,-114,190,-132,178,-148,165,-165,149,-178,132,-190,114,-200,95,-209,75,-215,54,-219,32,-221,11,-221,-11,-219,-32,-215,-54,-209,-75,-200,-95,-190,-114,-178,-132,-165,-149,-148,-165,-132,-178,-114,-190,-95,-201,-75,-209,-53,-215,-33,-219,-11,-222]]]
2294962	n	-0.9256,5.3678,-0.5719,5.7661	[[[-9256,55400,11,-222,32,-219,54,-215,74,-209,95,-201,114,-190,132,-178,149,-165,135,-123,13,6,2493,1034,234,2542,-26,20,-190,114,-201,95,-208,75,-215,54,-219,32,-221,11,-221,-11,-219,-32,-215,-54,-208,-75,-201,-95,-190,-114,-177,-132,-164,-149,-149,-165,-132,-178,-114,-190,-95,-201,-74,-209,-54,-215,-32,-219,-11,-222]]]
2299625	n	-1.9568,7.8339,-1.5032,8.2861	[[[-19568,80600,11,-222,32,-219,54,-215,75,-209,96,-201,114,-190,133,-178,149,-165,165,-149,179,-132,191,-114,201,-95,210,-75,215,-54,221,-32,222,-11,222,11,221,32,215,54,210,75,201,95,191,114,179,132,165,149,149,165,133,178,114,190,96,201,75,209,54,215,32,219,11,222,-11,222,-32,219,-54,215,-75,209,-96,201,-114,190,-133,178,-149,165,-165,149,-179,132,-191,114,-201,95,-210,75,-215,54,-221,32,-222,11,-222,-11,-221,-32,-215,-54,-210,-75,-201,-95,-191,-114,-179,-132,-165,-149,-149,-165,-133,-178,-114,-190,-96,-201,-75,-209,-54,-215,-32,-219,-11,-222]]]
2298264	n	-1.6263,6.8339,-1.1737,7.2413	[[[-16263,70600,11,-222,33,-219,54,-215,74,-209,89,-188,1920,-1204,82,-4,222,11,219,32,216,54,209,75,201,95,190,114,179,132,164,149,149,165,133,178,114,190,95,201,74,209,54,215,33,219,11,222,-11,222,-33,219,-54,215,-74,209,-95,201,-114,190,-133,178,-30,34,-2886,345,-26,-41,-25,-26,-47,-14,-30,15,-44,-58,-12,-30,-33,-5,-52,-44,-57,-20,-69,-33,-41,-45,-13,-25,-21,-16,-6,-61,-8,-15,-20,-13,-32,-59,-10,-8,-4,-25,-17,-18,-13,-38,10,-20,-28,-22,-5,-27,-32,-9,-3,-17,16,-18,-21,-22,-11,-22,8,-15,-32,-50,-20,-72,-6,-61,-43,-1,-28,15,-10,14,-26,7,-63,1,-35,-19,-15,-31,-74,-209,-54,-215,-33,-219,-11,-222]]]
7648641	p	2306104
2295065	p	2299522
2294938	p	2298890
2302002	n	-2.0474,8.8539,-1.5926,9.3061	[[[-20474,90800,11,-222,32,-219,55,-215,75,-209,95,-201,115,-190,133,-178,150,-165,165,-149,179,-132,192,-114,202,-95,210,-75,216,-54,221,-32,223,-11,223,11,221,32,216,54,210,75,202,95,192,114,179,132,165,149,150,165,133,178,115,190,95,201,75,209,55,215,32,219,11,222,-11,222,-32,219,-55,215,-75,209,-95,201,-115,190,-133,178,-150,165,-165,149,-179,132,-192,114,-202,95,-210,75,-216,54,-221,32,-223,11,-223,-11,-221,-32,-216,-54,-210,-75,-202,-95,-192,-114,-179,-132,-165,-149,-150,-165,-133,-178,-115,-190,-95,-201,-75,-209,-55,-215,-32,-219,-11,-222]]]
2301424	n	-0.0468,7.8439,0.4068,8.2961	[[[-468,80700,11,-222,32,-219,54,-215,75,-209,96,-201,114,-190,133,-178,149,-165,165,-149,179,-132,191,-114,201,-95,210,-75,215,-54,221,-32,222,-11,222,11,221,32,215,54,210,75,201,95,191,114,179,132,165,149,149,165,133,178,114,190,96,201,75,209,54,215,32,219,11,222,-11,222,-32,219,-54,215,-75,209,-96,201,-114,190,-133,178,-149,165,-165,149,-179,132,-191,114,-201,95,-210,75,-215,54,-221,32,-222,11,-222,-11,-221,-32,-215,-54,-210,-75,-201,-95,-191,-114,-179,-132,-165,-149,-149,-165,-133,-178,-114,-190,-96,-201,-75,-209,-54,-215,-32,-219,-11,-222]]]
2300749	n	-2.7462,6.5739,-2.2938,7.0261	[[[-27462,68000,11,-222,33,-219,54,-215,74,-209,95,-201,114,-190,133,-178,149,-165,164,-149,178,-132,191,-114,200,-95,209,-75,216,-54,219,-32,222,-11,222,11,219,32,216,54,209,75,200,95,191,114,178,132,164,149,149,165,133,178,114,190,95,201,74,209,54,215,33,219,11,222,-11,222,-33,219,-54,215,-74,209,-95,201,-114,190,-133,178,-149,165,-164,149,-178,132,-191,114,-200,95,-209,75,-216,54,-219,32,-222,11,-222,-11,-219,-32,-216,-54,-209,-75,-200,-95,-191,-114,-178,-132,-164,-149,-149,-165,-133,-178,-114,-190,-95,-201,-74,-209,-54,-215,-33,-219,-11,-222]]]
2297661	n	-0.5984,10.3039,-0.1416,10.7561	[[[-5984,105300,11,-222,33,-219,54,-215,76,-209,95,-201,116,-190,133,-178,151,-165,166,-149,180,-132,192,-114,203,-95,211,-75,217,-54,222,-32,224,-11,224,11,222,32,217,54,211,75,203,95,192,114,180,132,166,149,151,165,133,178,116,190,95,201,76,209,54,215,33,219,11,222,-11,222,-33,219,-54,215,-76,209,-95,201,-116,190,-133,178,-151,165,-166,149,-180,132,-192,114,-203,95,-211,75,-217,54,-222,32,-224,11,-224,-11,-222,-32,-217,-54,-211,-75,-203,-95,-192,-114,-180,-132,-166,-149,-151,-165,-133,-178,-116,-190,-95,-201,-76,-209,-54,-215,-33,-219,-11,-222]]]
