2422465	r	-13.8783,9.3393,-13.4166,9.9153	[[[-138783,99049,92,-87,140,-173,59,-113,64,-68,105,-38,-180,274,-208,197,-61,45,-11,-37]],[[-138403,94681,41,-52,1,-56,12,-18,35,-14,17,-25,3,-16,18,27,-30,81,6,10,-12,1,-13,15,19,63,27,59,38,41,3,28,31,-1,30,15,14,-2,22,15,17,17,13,35,48,47,8,35,40,38,-3,13,14,26,28,8,7,8,48,8,12,8,-1,6,-33,13,-21,-12,-17,11,-14,-8,-46,57,-9,-3,6,-10,-8,-19,-25,-3,-30,-19,-11,1,-7,-18,-44,-53,4,-20,-21,-41,-7,-2,4,-17,-15,-21,-3,-24,-10,-9,-15,0,-35,-15,-14,-23,-23,-17,-19,-2,-21,-11,-19,-45,-1,-26,-39,-84]],[[-138002,94621,6,-35,31,8,21,-11,17,38,30,13,26,-16,16,7,8,7,3,28,10,13,-28,9,-29,-29,-23,-4,-18,-11,-18,6,-8,23,-32,-6,-12,-40]],[[-137694,94978,32,-12,58,-47,9,-22,18,-18,-5,-13,7,-12,-2,-19,29,-26,1,-12,10,-1,10,-17,-6,-9,6,-24,17,-9,13,-28,-4,-4,5,-10,-2,-49,-26,-63,19,-49,2,-26,-15,-19,-38,-27,-2,-5,15,-7,-10,-16,13,1,10,-23,49,38,-4,6,7,12,-7,10,16,10,12,22,-7,16,6,16,28,70,7,3,2,-9,7,0,-1,12,-14,1,-7,19,-12,7,-2,25,-8,11,8,55,-8,4,-11,29,5,8,22,0,-31,5,-9,5,2,5,-9,-2,-38,37,-17,46,-11,83,-7,5,-18,81,-25,8,-5,25,-39,-21,-6,4,-24,-4,3,-11,-17,-40,-1,-25]],[[-137364,97538,61,-79,14,-18,18,-2,73,-7,-166,106]],[[-137279,95096,21,39,12,42,-16,-66,38,-53,27,6,9,-21,16,6,26,-8,2,-6,-18,-14,22,5,-11,-20,13,4,5,16,14,7,38,1,45,30,6,9,-6,16,16,6,2,13,55,8,-11,28,19,27,16,3,7,8,152,45,347,198,243,139,258,107,-37,56,51,-78,48,-58,-10,-22,22,-60,3,-18,102,-219,139,-182,139,-88,27,8,35,-9,44,-1,109,-40,45,-62,172,246,180,368,125,984,-471,129,-24,25,-3,22,-84,101,-37,-5,10,5,65,4,39,21,60,103,9,-2,68,163,18,14,64,26,52,66,11,11,68,64,155,102,18,6,83,-8,130,3,92,-4,34,10,42,29,8,26,-15,38,11,47,-74,76,-53,28,-68,17,-122,90,-29,29,13,79,-12,73,-24,39,-9,2,-1,18,31,42,7,10,4,50,4,100,8,18,-14,28,-9,57,78,1,28,11,-3,12,6,5,16,-8,26,51,14,48,19,15,42,9,14,25,21,7,6,-23,28,-11,4,9,-10,10,-1,23,29,21,20,7,-49,35,-17,32,13,7,75,0,11,-14,25,16,76,4,-34,10,-2,11,-23,-16,-24,-3,-21,12,-23,26,-6,24,17,24,74,61,43,62,44,22,1,74,-31,5,11,14,3,23,-22,22,-63,11,-54,-3,-4,49,-20,62,-46,104,-57,19,-5,-17,-37,-18,-17,-3,-18,18,-23,-3,-12,-17,-50,-38,-7,1,-11,23,-12,5,-11,-10,3,-14,-28,-22,-38,-7,-11,-10,-3,-9,13,-32,-57,-32,-17,-32,-27,-22,-14,-22,-38,-14,7,-26,-3,-24,-16,-29,-76,-32,-29,-35,9,-64,-39,-98,1,-5,13,4,-3,-22,-14,-18,-12,11,-8,-10,-7,17,-8,-1,-5,-15,10,-5,0,-10,-13,1,-7,-8,5,-24,28,10,1,-15,11,-12,6,-1,8,20,13,-8,12,0,-15,-18,6,-17,-26,5,-3,-5,0,5,-21,-5,0,-6,-33,8,-1,-5,-17,2,-19,-14,-8,-60,-41,0,-9,-36,-8,-10,-14,0,7,-40,8,-6,12,6,11,23,5,-3,2,-32,13,-3,13,21,5,-5,-4,-4,17,-5,14,5,0,-24,-8,0,-5,-18,-13,-5,-9,-31,-19,-15,3,-21,10,-9,-8,-4,2,-26,11,0,-5,-9,16,6,12,-16,-7,-5,0,-8,49,28,14,15,21,-1,14,10,14,26,-6,5,-3,51,14,-3,-9,-11,3,-14,19,-3,1,-7,20,-5,70,34,9,20,9,-18,-7,0,-16,-15,-3,-17,-10,10,-40,-36,-17,7,-16,-4,2,-8,10,-4,-2,-19,30,17,13,0,1,-9,17,0,-6,-26,-7,1,0,9,-15,-9,-9,10,-55,-24,-13,4,-7,-31,3,-7,16,4,-17,-19,-13,4,-13,-8,-6,16,-16,-11,-24,25,-6,-10,-14,0,3,-15,11,-7,-5,-30,-43,-54,-21,-2,4,-12,5,0,-2,-15,6,-8,-25,23,-10,-19,-9,2,-5,-6,-7,21,-45,-14,2,-8,-46,-30,-22,-9,-31,7,-19,-12,-14,2,2,10,-9,6,0,28,-17,-7,-1,-8,-15,3,1,-6,-15,2,-8,10,-2,-10,-23,-6,9,-21,-17,-10,-23,2,-3,-13,10,-11,6,-60,15,-30,14,0,43,22,46,0,15,-11,24,-39,14,12,9,-6,19,3,7,-7,12,1,3,20,-5,25,-12,16,18,15,36,-2,15,9,3,13,17,10,8,14,-9,-49,-31,-36,11,-4,36,11,3,18,8,0,8,25,7,5,-5,-16,10,-9,-12,-5,-2,-10,17,-6,-5,-17,-12,-10,1,-20,24,6,2,17,16,5,9,17,-3,39,8,15,18,-7,0,-9,6,4,21,-10,4,-5,-7,-10,9,-7,38,-2,-12,22,10,8,-1,12,-8,19,-10,7,13,18,20,9,-5,-17,10,-22,-4,-1,2,-27,23,-13,4,14,35,19,1,15,-6,6,22,10,11,15,3,-13,11,4,-17,-17,-7,3,0,-26,-14,-15,1,-13,16,1,-9,-7,10,0,8,-12,-12,6,-18,-3,-9,7,-11,-5,9,-12,-10,-12,-47,7,-13,-24,-10,5,-23,-12,2,-11,12,2,27,-18,-16,-19,-2,-15,-20,-9,3,-31,15,-3,11,-22,16,1,21,17,7,34,-14,17,8,10,13,1,-2,15,9,21,-1,-5,15,-2,-9,-8,-1,-17,-10,-7,6,-9,-4,-9,14,-2,0,-16,30,21,-14,-21,4,-10,11,1,-1,-6,-22,-10,-7,-10,20,-3,3,-9,-6,-8,-20,6,-12,-3,-8,-10,5,-4,-11,-2,-8,-21,-3,5,-39,-15,4,-8,-6,-2,2,-8,-12,-17,15,-8,-11,-9,7,-11,-17,-37,2,-31,-14,11,-1,18,-13,4,18,21,-10,11,-1,19,-27,3,-14,-9,-9,-46,-20,9,-11,23,-9,-1,4,-53,27,-3,-2,-17,-19,-29,-20,-17,4,-10,38,-3,1,-18,-17,-15,-8,-20,11,-12,-29,-2,-4,8,11,20,-8,31,-35,-4,-10,-5,-1,-8,-10,0,-22,-30,5,-33,22,-38,-29,-18,1,36,-5,14,-17,15,-7,-4,-38,-33,-13,-20,-1,-18,-14,-1,-1,-11,-17,-1,-15,8,-18,-13,2,-7,-41,-13,-10,-47,-25,-9,-3,-14,-31,-33,-10,-21,-6,5,-28,-6,-40,3,-14,-7,-22,-27,7,-10,-3,-17,-26,-42,-13,-42,6,-16,-427,647,-35,-146,-27,-27,-5,-26,-38,-14,-46,-47,-12,-71,7,-308,-6,-8,5,-20,2,-2,2,-70,1,-41,-10,-32,5,-11,-32,-77,12,-9,-2,-55,-5,-5,5,0,4,-17,-10,-39,-6,-4,11,-37,-147,-231,-10,-22,-15,-9,-21,-21,20,-6,-7,-17,-17,3,-11,-12,-14,-4,3,-17,-10,-4,-12,-21,-41,-19,-5,-24,-22,-28,2,-15,-6,-5,-2,-19,10,0,7,-7,-14,-9,-2,-9,5,-5,-1,-10,-9,-4,0,-42,-44,-49,-19,-8,-21,-25,1,-12,-70,-79,-325,-457,-24,-17,-18,11,-31,10,-38,5,-36,-55,-21,7,6,23,-40,-129,-19,-40],[-137240,95196,14,44,20,-7,37,55,49,-6,37,-18,-40,-27,-66,-14,-51,-27]],[[-135209,94795,69,-299,148,-208,8,-3,-11,12,-111,162,-26,161,-70,162,-6,57,-1,-44]],[[-134320,93711,12,-191,46,-127,-13,189,38,124,-13,184,-2,7,-68,-186]]]
2422488	p	2422465
2416969	r	-9.0917,7.489,-8.5483,8.031	[[[-90917,77600,6,-177,17,-177,29,-175,41,-172,51,-170,63,-166,73,-162,84,-156,94,-151,104,-144,112,-137,122,-129,130,-122,137,-112,145,-103,151,-94,156,-84,162,-73,167,-62,170,-52,173,-40,175,-29,177,-17,178,-6,178,6,177,17,175,29,173,40,170,52,2,0,29,53,39,198,-11,233,-27,46,-45,13,-40,18,-12,62,18,57,59,104,15,56,24,346,69,207,262,317,79,200,1192,-62,-54,-375,4,-18,34,74,63,166,51,170,41,172,29,175,17,177,6,177,-6,177,-17,177,-29,175,-41,172,-51,170,-63,166,-73,162,-84,156,-94,151,-104,144,-112,137,-122,129,-130,122,-137,112,-145,103,-151,94,-156,84,-162,73,-167,62,-170,52,-173,40,-175,29,-177,17,-178,6,-178,-6,-177,-17,-175,-29,-173,-40,-170,-52,-167,-62,-162,-73,-156,-84,-151,-94,-145,-103,-137,-112,-130,-122,-122,-129,-112,-137,-104,-144,-94,-151,-84,-156,-73,-162,-63,-166,-51,-170,-41,-172,-29,-175,-17,-177,-6,-177]]]
2419992	r	-10.8924,8.8416,-7.8654,12.5062	[[[-108924,108694,45,-301,1392,-307,734,-360,530,-633,466,-322,496,-555,530,-643,231,-352,87,-190,215,38,137,61,-5,80,39,129,32,27,157,-162,35,15,13,104,200,-21,66,-61,19,-90,-36,-126,111,23,89,-19,39,48,-29,57,14,35,207,78,85,157,83,82,22,-11,11,-74,-12,-137,24,-76,147,-51,38,16,101,-31,216,2,215,59,37,-21,-2,-67,-138,-61,-38,-46,25,-67,-54,-139,15,-17,33,26,64,4,93,-42,223,-378,96,18,-100,138,37,60,57,-8,32,30,13,150,60,10,42,-48,68,11,152,205,40,98,7,210,42,60,20,7,-24,-184,35,-52,4,-68,63,-40,-76,-29,-4,-47,55,-27,67,7,155,-76,-96,-56,29,-38,-17,-60,44,-138,-59,-64,-53,9,-90,72,-123,-32,-55,56,-17,-11,13,-76,-47,-79,147,-171,-17,-113,146,44,37,-61,-93,-97,-33,-74,-117,60,-34,-13,11,-129,-50,-110,-68,-19,6,-37,71,-52,-63,-61,-71,-11,-10,-69,32,-47,-57,-102,-91,-22,-181,17,-30,-40,-44,-2,-211,95,-129,-36,-54,-89,45,-61,-26,-30,68,-27,52,-87,47,19,-36,-125,-50,-68,14,-115,37,11,10,63,31,-28,-20,-93,-99,11,-39,-128,52,10,66,-25,-69,-86,5,-58,85,12,-17,-59,21,-101,38,-8,42,-48,61,22,-37,-65,24,-54,39,-32,44,36,24,-20,-18,-41,41,-40,-89,-127,47,-74,-64,9,-39,-81,-51,-12,-35,-60,-77,-4,-5,-44,58,-29,7,-101,-23,16,-106,-21,-21,-52,-54,41,-24,-9,-37,-46,-1,-63,62,-53,-36,-35,-93,12,23,-90,-86,-39,-34,38,-95,-19,-40,48,-22,-8,35,-70,-25,-51,9,-41,-24,-48,-24,33,-35,-12,-11,-65,-63,-27,-24,-58,-71,37,-82,-26,2,51,-67,12,48,-114,-63,-59,21,-59,-37,-40,89,-176,-12,-38,-39,10,-2,-32,-26,-11,0,-43,31,-35,-58,-17,11,-61,-44,-1,-50,-76,-40,15,-64,-45,6,-31,38,9,-14,-44,-79,2,-11,-72,-50,2,33,-76,41,45,20,-20,-79,-100,47,-16,-4,-28,45,-50,2,-28,-35,-11,28,-97,76,-98,-31,-56,38,-109,-12,-35,29,-20,-21,-57,38,-44,-19,-53,54,-88,-71,-12,-17,-26,90,-38,-43,-61,16,-59,44,-13,8,-50,-20,-51,-29,28,-76,-76,-31,36,-12,-56,39,-67,-13,-22,-67,28,-11,-37,29,-36,-83,-16,-45,37,-6,-62,-59,-26,-41,-247,30,-64,-47,-166,-28,-25,44,-40,34,-88,40,3,32,-74,-100,7,-22,-26,-14,-67,-39,-45,0,-144,-63,58,-29,-4,-13,-63,-48,18,-33,-29,5,66,-34,-26,-1,-66,-39,-67,6,-75,-73,-25,29,-67,-43,-20,38,-82,-26,-43,23,4,18,-36,-38,-38,16,-94,-51,-22,34,-3,-5,-24,20,6,12,-34,-41,-22,11,-38,70,4,32,-23,-49,-56,45,-74,-60,-42,45,-29,-16,-94,18,-16,-22,-31,30,-16,-24,-12,15,-37,-25,-14,34,-43,-6,-41,-18,12,-16,-22,37,-12,-17,-45,-47,-16,11,-21,-60,-40,-16,12,-12,-43,1421,-173,304,108,380,573,345,402,257,87,559,61,728,-55,265,-101,356,-335,270,33,694,-730,480,-298,595,127,436,-195,332,137,436,-10,412,342,39,-391,175,-185,-229,-548,-639,-215,-248,-333,-5,-635,-114,-206,-188,-508,4,-167,501,-469,634,-35,432,-78,193,-200,-208,-313,-367,-411,20,-372,183,-304,367,-152,302,-484,377,-279,669,-108,669,-455,451,-186,768,-519,536,-128,1293,319,496,-69,213,500,233,230,357,196,376,19,422,-245,262,133,686,684,55,226,80,4,14,33,-75,92,58,18,-44,34,-47,-31,14,37,-28,16,26,99,-44,24,24,57,33,-44,-18,92,32,19,-22,23,0,63,39,23,-5,45,83,42,-50,-19,-17,19,10,207,19,8,33,175,52,35,95,150,6,77,93,23,55,-11,-38,28,16,34,19,-20,96,7,-28,54,33,-10,26,86,77,47,-1,4,-2,13,-9,0,-41,2,50,45,-4,82,-95,34,66,59,21,62,37,-10,13,60,54,1,-3,123,65,24,19,30,-68,97,17,26,-44,17,-2,30,59,-10,108,50,1,28,-37,14,48,64,-55,69,8,22,50,48,19,-16,-10,-64,58,29,38,80,-22,64,51,-24,75,60,-6,185,-33,-16,-24,25,19,43,-73,-9,24,53,-16,55,30,36,-48,6,-28,58,46,14,21,258,-56,-6,-28,50,99,63,-71,80,-29,5,7375,-622,252,763,-52,87,-413,1,-211,-44,-381,-213,-205,-77,-183,-17,-224,10,-218,45,-163,84,-168,179,-582,817,-75,160,-47,178,-34,227,-6,220,13,92,167,-1,13,18,-31,33,40,50,-22,12,22,31,-9,40,22,0,1,53,69,47,-18,44,-44,11,-18,35,-37,-4,-1,32,43,28,54,-54,31,10,-19,52,70,52,37,1,-6,43,28,20,-35,33,45,24,7,35,27,-4,16,48,-34,64,-85,48,78,18,10,28,-47,76,-39,16,41,100,-50,-9,2,36,41,12,-10,69,108,26,-14,12,30,24,-27,50,33,13,-62,112,22,15,-16,51,37,30,-97,82,97,63,23,56,-71,19,-38,48,201,30,-33,29,-27,92,-42,25,9,55,-22,33,17,21,-18,12,33,33,122,-13,9,19,-16,36,-49,9,-84,83,20,39,112,-48,40,25,-22,48,20,19,-21,-1,26,87,-35,27,48,36,8,41,-21,35,-34,-37,-35,50,49,54,-12,98,28,70,-34,87,-50,46,-49,-28,-172,-17,-32,-29,-59,-5,-46,32,-20,78,12,85,32,17,57,-85,34,19,45,84,15,154,-119,64,52,43,-41,29,-121,-32,-71,-55,-99,209,80,59,48,2,17,39,-76,56,-74,9,84,32,10,-5,71,0,162,100,128,-26,43,55,6,92,-31,84,-79,1,-82,-90,-46,-1,-92,48,-26,78,18,44,144,81,1,62,42,95,-19,31,56,50,19,101,-31,52,9,63,144,131,205,76,102,2,0,36,115,43,7,-3,59,14,8,16,13,5,146,80,-132,-31,222,53,14,50,21,27,86,0,16,39,118,24,-30,41,-19,131,14,104,2,5,33,26,-3,25,-9,7,28,71,24,40,70,7,27,30,45,92,4,62,5,6,46,101,57,-18,47,173,112,74,25,49,46,147,-5,131,11,13,0,14,97,104,1,130,-80,111,-11,81,-103,107,-71,266,-43,66,-6,28,-13,25,-23,123,-19,39,-46,64,-56,36,-61,28,-11,0,-80,-40,-176,-6,-44,-57,-13,-8,-3,0,-177,-88,-17,3,-21,4,-50,10,-59,37,-44,28,-25,17,-111,131,-158,273,-56,79,-1,18,-13,21,6,138,17,45,-8,18,27,30,-14,33,32,27,-23,8,9,81,-33,7,15,16,-25,30,14,56,2,0,1,3,43,-22,17,45,-21,1,1,41,-92,7,-21,45,-71,-94,-149,-22,-51,-49,14,-27,-74,-25,-1,-19,-171,-3,12,-30,-56,8,-73,-77,-83,-1,-19,-55,-251,31,-58,41,-32,-4,-12,26,-73,-46,-60,2,-34,487,-57,184,-42,45,-5,198,-136,189,-31,69,-4,92,-95,77,-12,79,38,77,-5,58,-179,200,-70,-91,-56,34,-253,13,-33,328,9,86,79,153,-29,233,28,30,209,24,0,134,104,89,-2,57,-112,61,1,86,-24,47,108,179,24,105,-13,78,-107,102,-294,20,-7,159,277,298,25,146,-77,122,27,118,491,387,-19,104,-183,350,-10,500,-65,217,-41,64,-228,81,-130,115,-182,240,-193,94,-126,1,-137,-84,-88,-5,-262,11,-191,75,-285,-25,-102,24,-39,-84,33,-77,-42,-53,-16,-88,-29,-1,-9,-46,-100,-90,21,-60,-27,-63,29,-42,-48,-17,-78,-103,-348,-133,-167,-152,-1,0,-12,-11,-78,-22,-75,-67,-10,1,-10,-7,-54,14,-64,100,-98,-130,-140,93,-265,-127,-134,-34,-43,8,-16,-2,-9,7,-12,2,-12,16,-21,17,-25,48,-9,13,-1,7,-3,5,-15,97,20,144,-46,94,1,8,-4,9,7,21,1,12,4,5,3,10,153,174,254,180,40,83,2,135,33,117,266,250,6,17,-60,168,15,144,82,72,256,-34,113,37,99,245,-62,160,-10,122,58,208,1,1,12,8,4,12,86,41,242,-8,78,51,34,29,10,0,10,6,149,-11,99,37,21,17,31,74,-59,99,-48,172,6,31,-4,21,18,45,9,48,21,27,2,7,8,7,38,51,44,22,19,18,21,2,21,10,150,9,60,-14,144,-98,191,-45,129,-15,85,-1,44,6,155,54,8,9,67,134,67,184,-23,106,-157,-3,-41,-5,-19,3,-40,0,-96,21,-35,6,-12,5,-23,5,-58,30,-38,62,-1,19,-6,12,4,23,-3,47,17,32,5,32,19,18,9,18,3,6,55,40,39,37,27,12,22,16,24,3,51,21,276,36,3,3,-95,73,-59,40,-239,26,-206,118,-146,19,-96,-24,-121,140,-120,-25,-108,44,13,86,-28,29,-21,-10,13,-81,-55,-56,-173,24,-4,3,-4,0,-22,20,-1,0,-23,21,-30,174,-74,85,3,13,-11,14,27,66,-52,64,0,2,-2,3,-5,101,-38,63,-1,45,-43,42,-44,4,17,10,-25,9,13,35,-23,-5,-16,-68,-33,-69,-31,7,-13,-28,-4,1,-1,-2,-61,33,-47,-69,-71,41,-32,-119,-17,-14,3,-6,-21,-15,-5,0,-2,-2,-56,9,-21,41,-99,15,-20,27,-94,31,-194,19,-18,101,-56,76,-151,94,-19,69,-154,121,56,62,-73,88,144,97,7,26,-161,141,-8,42,32,56,-64,114,-169,107,-10,61,-95,149,-16,93,16,94,-124,101,-445,-353,-74,71,27,18,-22,15,49,-2,-45,32,15,37,-45,-20,-29,17,-25,68,-135,-80,-34,40,-125,2,-74,58,15,37,-179,48,-23,65,-42,21,-21,-39,-87,8,-31,45,-146,3,291,1265,-110,193,89,185,74,60,160,37,45,271,57,104,-52,157,13,145,101,332,5,150,-38,88,122,181,9,53,-34,16,-14,44,-23,-10,-12,67,-29,-17,-66,41,-28,50,10,59,-54,5,-41,41,24,85,-248,164,19,22,-68,46,41,32,-20,63,-29,-43,-112,-63,3,23,-31,16,40,32,-38,23,-41,-20,-18,33,-29,-80,-57,-42,-48,1,0,-52,-47,-43,12,64,-42,5,-17,-25,2,74,-15,11,-20,-22,-13,32,-24,-11,-15,53,-26,-42,-35,47,-86,-10,-39,49,-63,-50,-27,20,8,38,-26,3,29,112,-56,18,39,13,-16,109,18,4,-49,31,38,15,16,71,-39,68,60,40,-26,29,14,14,45,-34,57,39,-11,33,37,27,-22,39,53,63,-23,65,-33,20,45,39,-25,73,56,23,19,68,34,0,1,4,0,19,-34,69,10,23,-58,-7,12,37,-59,39,49,55,-2,39,-89,15,-13,14,-1,0,-31,37,33,99,-55,-16,-73,20,-31,65,37,16,-42,44,-70,-70,-49,13,-4,-48,29,-15,-19,-15,-119,-18,-29,9,0,38,-30,1,-32,-58,-37,40,-76,-3,-38,-59,-2,2,-2,-1,-9,17,-37,52,3,10,-2,5,5,5,8,25,41,29,-97,35,46,87,-74,9,-9,102,-70,2,0,-47,-65,-6,38,200,74,169,297,500,201,175,-233,342,-102,12,-284,253,-53,279,-162,421,-111,115,-210,100,-503,-167,-109,-10,-73,67,-115,13,-83,141,-84,-2,-118,63,-23,37,-136,-7,-171,44,-88,-12,-44,36,-40,-36,-112,32,-14,39,-64,-4,-27,25,-73,-28,-16,42,-78,-9,-62,42,-93,-39,-36,18,-43,-33,-27,10,-29,-34,9,-47,-50,-10,-68,-69,-57,36,-42,-9,-48,104,-67,14,-94,61,-51,-73,-13,-126,-64,-51,-78,-21,-32,34,8,137,-180,54,-43,-21,-77,-62,19,-92,-16,-53,-185,-16,-99,-77,-81,-22,-31,-61,76,-124,60,58,127,-25,14,-221,95,-91,91,25,55,-15,-3,-116,116,-31,47,-93,-24,-87,24,-77,90,-27,39,-66,233,-45,54,-67,-22,-37,-107,-31,-10,-92,78,-10,-27,-105,-46,-100,-98,0,-29,-76,-2,-62,31,-68,-32,-45,-1,-94,56,-81,-135,-138,-38,-1,-36,58,-17,-6,-15,-98,-57,-51,75,-88,-79,-4,-70,33,-32,-13,-5,33,-28,9,-122,-37,-56,67,-41,-14,-78,69,-18,-38,-103,-24,-12,64,-142,18,-154,-41,-19,-50,-64,-1,-5,35,-39,6,-64,-3,-13,-26,-57,37,-93,-24,-34,18,-24,-38,-87,8,-21,-61,-26,2,-55,-54,34,-15,-29,-14,-14,-49,30,-34,-99,-104,-41,5,-49,-32,-31,15,-46,-59,-82,-43,-65,-151,-19,11,-25,-29,-58,-3,-49,22,-95,-49,-46,33,-125,19,-41,-55,-195,-41,-62,-63,-114,-13,-3,-34,-88,13,-90,-31,-42,-83,-75,11,-48,-81,-67,-40,-23,-86,-92,-40,-5,-57,-52,-37,-26,-98,-51,-60,37,-52,-16,-102,59,-119,4,-60,-61,-130,-42,-10,-22,-36,-66,-8,3,-31,-34,-34,85,-253,-55,-33,-158,-27,-14,15,-23,-25,-80,31,-218,2,-270,85,-95,-18,-105,60,-13,104,-106,26,-149,96,-37,-4,-83,-89,-190,51,-122,-17,-21,21,-10,-23,-69,-5,-14,-24,-51,28,-10,31,-92,14,-44,38,1,46,-31,21,-29,-23,-53,96,-55,18,-5,38,19,-3,10,43,-66,31,2,72,-22,14,-130,-8,-31,-23,-42,18,-44,-33,-46,51,-94,27,-15,38,-53,-63,-89,-14,-34,42,-57,-9,9,50,-47,24,5,49,-68,-29,-38,94,-43,-21,-10,69,-123,63,-9,-40,-112,-23,-140,76,-72,109,-32,-59,-58,3,-74,70,-16,45,-33,-25,16,-132,-17,-14,-58,121,-46,-10,-18,-37,-49,68,-50,-8,-37,-17,3,-2,-45,-34,-59,-13,-5,-2,-9,-1,-37,-8,-18,5,-33,-3,-34,22,-8,-28,-60,2,-18,-34,-83,0,-7,-31,-86,18,-44,-10,-1,-1,-2,-1,8,-23,-36,12,-51,-30,-19,-1,-3,-1,-1,0,5,26,-32,12,-1,-1,-114,-72,-99,-24,-113,-104,-57,-24,-33,-151,-3,-3,-1,0,-31,-30,-71,20,-52,-26,0,-24,-22,-15,-44,-78,-18,-52,46,-132,7,-138,69,-64,212,-98,20,-119,-39,-112,25,-75,-10,-104,44,-56,-13,-78,66,-55,30,-97,99,-66,-16,-66,-71,-36,-20,-39,24,-23,17,-157,80,-120,-105,-50,0,-62,-15,-10,-22,-104,-94,-76,-26,3,14,-60,-17,-82,6,-12,81,-53,36,-82,-118,-74,-46,-91,-68,-11,-124,-71,-6,-158,-80,-113,-3,-65,-24,-10,-3,-116,-69,-66,-75,-19,-18,-41,-21,7,-18,-65,-7,-69,32,-29,-15,-12,25,-49,65,-19,-10,-62,67,-33,123,48,51,-118,-30,-73,-34,-14,12,-54,-38,-52,-17,-80,28,-23,-3,-55,-50,-58,-23,2,3,-26,-88,-51,-34,29,-20,-36,-37,8,-29,-28,-121,-28,-21,-106,24,-5,15,-86,-28,0,-18,-30,13,-81,-17,-5,21,-48,-15,-29,31,-6,21,-89,-51,-34,32,-66,-84,-171,41,-70,-37,-46,-2,-44,44,-184,-36,-17,32,-34,57,3,12,-46,120,72,24,-89,78,-2,-10,-95,152,-19,0,-62,-46,11,-48,-61,56,-37,-28,-32,52,2,-28,-43,3,-48,107,58,18,-57,24,-5,2,57,20,7,41,-8,49,-70,53,65,10,-48,53,-4,-14,-44,59,30,57,-34,3,50,48,-49,31,22,11,-69,-23,-72,143,-16,-44,-49,46,-56,-1,-51,36,-3,62,-73,56,-3,11,62,7,-51,32,-30,98,41,4,30,106,-73,26,27,-4,36,54,11,54,-73,67,-6,-40,-76,11,-22,186,114,49,-86,103,12,-4,-34,132,23,-18,-50,57,-54,-60,-2,90,-78,91,45,7,66,18,0,6,-49,57,-26,-49,-32,76,-16,38,-68,30,-14,57,37,53,-5,-5,-31,-117,-106,93,-71,60,-3,-35,-77,16,-80,57,-53,-96,9,-29,36,-29,-4,-42,58,-44,-9,-36,-70,42,-66,-94,3,-127,-69,5,-182,-53,-104,-107,-132,-109,-56,-31,43,4,37,132,123,10,262,-52,-5,-20,-94,-55,8,-57,-34,-132,-20,-81,-48,-142,126,-208,-184,-3,-71,126,-104,-33,-22,-77,0,-306,93,54,81,124,85,-3,98,-88,41,-105,-22,-137,-76,-68,132,5,81,-34,112,-47,7,-52,-105,-174,-34,-23,56,26,101,-92,67,-112,-36,-130,46,-34,-44,6,-35,121,-87,-39,-37,-96,-17,-68,-77,-122,99,-77,116,-73,10,-68,-94,-40,-162,18,-103,-24,-35,-204,-55,-92,15,6,58,87,41,54,75,25,372,-67,35,-57,-166,13,-155,-16,-44,-60,-6,-92,121,-75,-6,5,-63,-53,-177,97,-152,-56,-129,-101,-54,-52,132,-48,-14,-57,27,-87,-13,-137,26,-12,-32,68,-120,106,-45,-25,-85,-41,-7,-113,80,-2,-104,-37,-83,-94,-4,-45,143,-144,-170,-114,33,-78,-7,-32,-62,-88,-37,-55,-62,-34,-130,42,-109,-14,-77,144,-240,163,-106,125,-12,-36,-81,-237,-134,-80,-106,-19,-103,-74,-166,98,-41,92,-81,96,-23,103,-150,97,-35,86,-99,13,-124,-18,-48,-24,-15,-544,37,-88,-46,-661,339,-75,13,-85,119,-120,94,-90,158,-85,34,5,64,-19,18,19,44,-62,69,-188,-17,-27,-132,-53,-57,-84,24,-76,76,-80,-47,-11,-18,36,-68,87,-16,-1,-84,-96,72,-132,-37,-178,49,-7,-47,78,-27,23,-52,-87,-24,70,-35,-17,-77,-119,45,-85,-9,-42,-35,31,-32,-53,1,-41,-33,-2,-63,-43,-63,296,-123,-322,-501,-833,-788,-114,-462,-163,-253,-486,-171,-248,-365],[-93991,114200,11,222,33,219,55,215,75,209,96,201,116,190,134,178,151,165,167,149,180,132,193,114,203,95,212,75,218,54,222,32,225,11,225,-11,222,-32,218,-54,212,-75,203,-95,193,-114,180,-132,167,-149,151,-165,134,-178,116,-190,96,-201,75,-209,55,-215,33,-219,11,-222,-11,-222,-33,-219,-55,-215,-75,-209,-96,-201,-116,-190,-134,-178,-151,-165,-167,-149,-180,-132,-193,-114,-203,-95,-212,-75,-218,-54,-222,-32,-225,-11,-225,11,-222,32,-218,54,-212,75,-203,95,-193,114,-180,132,-167,149,-151,165,-134,178,-116,190,-96,201,-75,209,-55,215,-33,219,-11,222],[-86330,93962,26,-3,-11,-15,-15,18]]]
2417786	n	-13.5257,9.5532,-13.2969,9.9465	[[[-135257,96698,21,-26,2,-13,25,-34,471,-129,-122,-964,621,1204,0,-2,41,23,-4,-19,18,1,21,40,5,22,35,55,35,36,18,0,17,31,0,44,-4,4,6,9,-5,10,-16,4,-1,10,32,-13,13,6,8,7,-7,9,2,25,12,0,2,20,9,-38,18,13,0,13,19,1,-8,-17,18,-4,5,4,-4,11,17,7,4,-6,-6,-3,1,-10,16,4,34,-16,-25,-1,-6,-14,-10,4,-14,-23,-30,1,-19,-12,-1,-15,-22,-13,-3,-9,9,-9,21,-2,29,-39,-8,-40,10,-1,-4,-8,7,-13,-6,-15,-17,-4,25,-76,1,-48,11,6,11,-5,0,7,12,3,8,54,83,-12,8,62,54,50,15,2,26,-12,46,23,34,-18,23,35,4,30,55,23,94,8,29,10,-25,45,-41,11,10,17,-18,48,-11,6,14,3,27,148,-23,35,-37,36,-58,9,-77,-2,-50,6,11,-46,-32,-56,-11,-3,-11,-7,-10,6,-9,-9,-9,0,-13,-20,-133,-1,-13,-13,-15,0,-16,12,-29,-4,1048,2033,-157,94,-202,95,-211,75,-7,1,-1095,-1770,111,-82,68,-17,53,-28,74,-76,-11,-47,15,-38,-8,-26,-42,-29,-34,-10,-92,4,-130,-3,-83,8,-18,-6,-155,-102,-68,-64,-296,-481]]]
2421535	p	2422465
2419533	r	-14.0124,9.0341,-12.11,11.3801	[[[-140124,107682,540,-649,699,561,1822,-197,524,-603,1527,1184,740,-7,225,-353,-352,-486,292,-338,307,184,539,-507,-606,-545,70,-598,-17,-139,-53,9,-59,-61,-90,-42,-28,-62,-38,-18,-105,-11,-30,46,-74,-29,-84,19,-97,-15,-107,-88,-41,-138,-100,-21,-95,65,-37,-4,-67,-55,0,-107,-24,-51,-133,-46,-71,-69,-53,-164,131,-225,43,-210,-19,-35,-28,-2,-40,-95,-100,-135,-118,-89,-96,-9,-171,-168,-20,-78,46,-99,-12,-110,-92,-187,-2074,-12,-516,-847,-1025,-626,75,-442,1616,-995,851,-139,3,-150,-30,-27,-111,-21,-38,-46,0,-63,72,-139,-105,-372,-129,-339,-174,-202,-241,-180,-101,-212,117,-39,-75,-238,-91,-173,60,-43,68,26,79,-37,82,-53,-1,2,166,-106,-1,0,6,-4,125,-9,-19,2,117,-9,166,18,198,94,293,320,76,-19,-22,-207,178,-84,427,-647,-6,16,13,42,26,42,3,17,-7,10,22,27,14,7,40,-3,28,6,6,-5,10,21,31,33,3,14,25,9,10,47,41,13,-2,7,18,13,15,-8,17,1,1,11,14,1,1,18,13,20,38,33,7,4,17,-15,5,-14,-1,-36,29,18,-22,38,-5,33,22,30,10,0,1,8,10,5,35,4,8,-31,-11,-20,4,-8,29,2,-11,12,8,20,17,15,-1,18,-38,3,-4,10,20,17,19,29,2,17,-27,3,-4,53,9,1,11,-23,20,-9,9,46,14,9,27,-3,1,-19,10,-11,-18,-21,13,-4,1,-18,14,-11,-2,31,17,37,-7,11,11,9,-15,8,12,17,-2,8,6,2,-4,8,39,15,3,-5,8,21,11,2,-5,4,8,10,12,3,20,-6,6,8,-3,9,-20,3,7,10,22,10,1,6,-11,-1,-4,10,14,21,-30,-21,0,16,-14,2,4,9,-6,9,10,7,1,17,9,8,-15,2,1,5,-9,-21,2,-15,-13,-1,-8,-10,14,-17,-7,-34,-21,-17,-16,-1,-11,22,-15,3,-3,31,20,9,2,15,16,19,-27,18,-12,-2,-2,11,23,12,10,-5,13,24,47,-7,10,12,-9,12,11,5,9,-7,18,3,12,-6,-8,12,-10,0,9,7,-16,-1,-1,13,14,15,0,26,7,-3,17,17,-11,-4,-3,13,-11,-15,-22,-10,6,-6,-1,-15,-35,-19,-4,-14,-23,13,-2,27,4,1,-10,22,5,17,-20,-9,-13,-18,10,-7,8,-19,1,-12,-10,-8,12,-22,-38,2,-9,7,7,10,-4,5,-21,10,-6,-4,0,9,-18,7,-8,-15,3,-39,-9,-17,-16,-5,-2,-17,-24,-6,-1,20,12,10,5,17,-17,6,2,10,12,5,-10,9,5,16,-7,-5,-8,-25,-8,0,-3,-18,-36,-11,-11,4,31,36,9,49,-8,-14,-17,-10,-3,-13,-15,-9,-36,2,-18,-15,12,-16,5,-25,-3,-20,-12,-1,-7,7,-19,-3,-9,6,-14,-12,-24,39,-15,11,-46,0,-43,-22,-14,0,-15,30,-6,60,-10,11,3,13,23,-2,17,10,-9,21,23,6,2,10,8,-10,15,-2,-1,6,15,-3,1,8,17,7,0,-28,9,-6,-2,-10,14,-2,19,12,31,-7,22,9,46,30,-2,8,45,14,7,-21,5,6,9,-2,10,19,25,-23,-6,8,2,15,-5,0,-4,12,21,2,43,54,5,30,-11,7,-3,15,14,0,6,10,24,-25,16,11,6,-16,13,8,13,-4,17,19,-16,-4,-3,7,7,31,13,-4,55,24,9,-10,15,9,0,-9,7,-1,6,26,-17,0,-1,9,-13,0,-30,-17,2,19,-10,4,-2,8,16,4,17,-7,40,36,10,-10,3,17,16,15,7,0,-9,18,-9,-20,-70,-34,-20,5,-1,7,-19,3,-3,14,9,11,-14,3,3,-51,6,-5,-14,-26,-14,-10,-21,1,-14,-15,-49,-28,0,8,7,5,-12,16,-16,-6,5,9,-11,0,-2,26,8,4,-10,9,-3,21,19,15,9,31,13,5,5,18,8,0,0,24,-14,-5,-17,5,4,4,-5,5,-13,-21,-13,3,-2,32,-5,3,-11,-23,-12,-6,-8,6,-7,40,14,0,8,10,9,36,41,0,8,60,19,14,17,-2,1,5,33,-8,0,6,21,5,0,-5,3,5,26,-5,-6,17,15,18,-12,0,-13,8,-8,-20,-6,1,-11,12,-1,15,-28,-10,-5,24,7,8,13,-1,0,10,-10,5,5,15,8,1,7,-17,8,10,12,-11,14,18,3,22,-13,-4,-1,5,39,98,-9,64,29,35,76,32,16,29,3,24,-7,26,38,14,14,22,27,22,17,32,57,32,-13,32,3,9,11,10,38,7,28,22,-3,14,11,10,12,-5,11,-23,7,-1,50,38,12,17,23,3,18,-18,17,3,37,18,5,17,57,-19,46,-104,20,-62,4,-49,54,3,63,-11,22,-22,-3,-23,-11,-14,31,-5,-1,-74,-44,-22,-43,-62,-74,-61,-17,-24,6,-24,23,-26,21,-12,24,3,23,16,2,-11,34,-10,-76,-4,-25,-16,-11,14,-75,0,-13,-7,17,-32,49,-35,-20,-7,-29,-21,1,-23,10,-10,-4,-9,-28,11,-6,23,-21,-7,-14,-25,-42,-9,-19,-15,-14,-48,-26,-51,-16,8,-6,-5,3,-12,-28,-11,-78,-1,9,-57,14,-28,-8,-18,-4,-100,-4,-50,-7,-10,-31,-42,1,-18,9,-2,24,-39,12,-73,-13,-79,29,-29,11,-8,1095,1770,7,-1,211,-75,202,-95,157,-94,-1048,-2033,29,4,16,-12,15,0,13,13,133,1,13,20,9,0,9,9,10,-6,11,7,11,3,32,56,-11,46,50,-6,77,2,58,-9,37,-36,23,-35,-27,-148,-14,-3,11,-6,18,-48,-10,-17,41,-11,25,-45,-29,-10,-94,-8,-55,-23,-4,-30,-23,-35,-34,18,-46,-23,-26,12,-15,-2,-54,-50,-8,-62,-83,12,-8,-54,-12,-3,0,-7,-11,5,-11,-6,-1,48,-25,76,17,4,6,15,-7,13,4,8,-10,1,8,40,-29,39,-21,2,-9,9,3,9,22,13,1,15,19,12,30,-1,14,23,10,-4,6,14,25,1,-34,16,-16,-4,-1,10,6,3,-4,6,-17,-7,4,-11,-5,-4,-18,4,8,17,-19,-1,0,-13,-18,-13,-9,38,-2,-20,-12,0,-2,-25,7,-9,-8,-7,-13,-6,-32,13,1,-10,16,-4,5,-10,-6,-9,4,-4,0,-44,-17,-31,-18,0,-35,-36,-35,-55,-5,-22,-21,-40,-18,-1,4,19,-41,-23,0,2,-621,-1204,-3,-20,-180,-368,-172,-246,6,-62,1,3,6,-57,70,-162,26,-161,111,-162,194,-201,167,-81,311,52,70,-171,1,1,2,-7,13,-184,-38,-124,22,-298,131,-333,-5,-106,-35,-45,-203,-9,-101,-84,28,-77,126,-27,141,7,90,87,119,48,259,-38,167,29,101,58,170,-18,40,-143,15,-30,97,-195,2,-177,-50,-141,11,-118,28,-49,-39,-30,-132,-31,-1,-90,51,-143,130,-141,203,-482,-70,-138,-146,-45,-103,-134,-5,-56,167,-292,55,20,-9,88,23,43,103,11,154,133,195,17,53,71,78,-36,393,143,-8,85,34,43,66,-26,101,13,102,-36,63,-58,9,-69,95,-55,131,-152,148,-66,76,-15,73,39,137,-66,177,19,11,105,65,79,-12,77,27,64,41,24,239,4,27,32,15,101,106,46,42,-17,18,-40,21,7,205,195,87,276,104,136,30,116,282,114,-11,141,-78,69,-46,154,-68,100,45,18,66,82,90,198,18,85,-40,71,-3,96,117,87,110,-23,146,-101,31,-46,-20,-11,9,-29,-32,-10,51,-37,40,14,-11,-31,27,-15,106,111,76,-21,39,15,8,56,-39,51,20,56,63,49,115,-48,47,47,14,-16,38,19,111,-126,37,76,37,16,66,-4,90,55,131,-60,38,5,67,91,103,13,47,32,12,62,-25,64,84,48,2,56,61,87,-27,94,262,1,23,39,-16,108,-54,43,-7,35,9,66,-28,85,7,45,11,10,169,94,43,-7,51,-34,49,-10,29,47,9,2,119,-80,13,60,-25,81,38,81,96,66,96,-99,23,5,-10,86,54,48,-47,85,86,55,-7,38,-54,31,38,74,-4,95,101,89,-21,89,30,17,219,349,-3,76,-97,111,1,58,135,108,55,4,31,-27,34,13,6,45,-53,134,73,58,36,178,55,51,9,54,15,-2,81,6,17,37,80,-46,94,19,5,110,60,230,-58,171,3,72,55,42,75,-74,25,17,-5,111,61,93,11,189,149,90,13,2,74,45,21,4,4,12,36,21,31,65,36,-37,-8,-85,103,-29,16,86,-74,178,19,15,-4,49,-4,14,15,21,114,-19,55,38,4,50,-28,44,-78,-11,-5,35,65,94,27,155,78,133,20,160,20,24,60,-2,24,116,-17,58,-93,15,31,108,-16,26,263,56,59,38,77,111,181,144,923,133,61,101,1168,293,-10,-82,50,-180,42,14,100,-65,68,-5,24,-50,27,7,46,-42,32,8,1,-39,72,-2,19,-35,36,31,32,-73,59,33,52,-55,34,12,-7,-29,83,-58,13,56,40,-26,-1,0,12,-8,21,15,13,9,-6,-45,63,29,69,-49,18,29,24,-6,2,32,-73,25,-15,163,-65,54,28,73,-60,256,12,93,-40,-9,-4,88,-28,16,16,84,-5,55,-27,7,14,151,-40,99,36,22,19,72,17,9,2,-31,100,26,3,142,30,-23,59,16,31,71,67,17,-3,39,-66,30,33,38,-22,26,10,25,-34,24,20,48,77,37,4,70,-46,60,11,57,-40,120,13,74,-68,140,-6,58,-293,306,-178,280,-156,49,-46,263,-165,153,-41,227,-93,120,-94,262,-267,37,-34,-19,-10,34,-87,-3,-14,-28,-67,23,-145,-4,-13,34,-79,25,-108,1,-1,45,-29,-12,-100,89,-85,-59,-129,-20,-26,-55,-41,-4,-129,58,-123,-69,-58,-61,-44,49,-89,-56,-21,21,-31,-33,-48,4,0,1,-5,0,-1,40,-8,53,-37,14,-19,38,50,9,24,33,-3,124,-23,15,-75,-18,-40,68,45,34,-9,14,-41,39,-79,-12,33,41,-17,65,30,52,-65,40,-31,69,-36,-2,64,38,8,65,-20,11,-6,-68,-35,25,-19,0,-7,17,-7,5,6,-1,-4,10,39,-15,19,56,48,1,23,113,-24,8,1,47,71,-19,-45,144,49,0,24,-38,8,43,44,6,48,101,-63,35,59,28,23,-34,26,47,-19,47,76,61,0,61,-83,39,-7,119,-49,57,13,29,60,13,21,-3,1,-61,34,9,-9,87,32,34,-34,65,111,47,45,55,-22,56,-145,61,-52,64,-19,93,-44,27,-143,-55,-90,6,-33,130,67,126,-28,100,-93,13,-74,68,-142,18,-103,-41,-36,37,-18,78,-77,73,-73,9,-55,62,-4,208,119,163,-14,185,-18,44,-49,40,-47,-18,-180,-200,-161,-48,-115,-160,-273,-97,-161,-194,-446,-17,-57,-32,-135,-185,-60,-20,-29,-101,-59,1,-71,-110,-99,-96,43,-64,-89,-61,-64,-82,15,-139,-30,-44,-121,71,-10,47,-92,42,-71,-8,-42,-53,-50,-8,0,85,-65,116,-117,-15,-29,152,-58,35,-71,-52,-177,-8,-44,50,61,18,37,53,-118,13,0,93,-49,117,-121,-114,-98,31,-41,-25,-16,-88,26,-46,-25,-16,-70,7,-58,51,-45,117,-144,-57,-38,61,13,73,-70,65,-144,-113,27,-32,-5,-54,-87,-193,-42,2,-41,43,-96,-4,-72,-47,-52,14,-71,27,11,42,-184,89,-133,-129,20,86,-34,36,156,270,-37,98,-73,24,26,61,-19,113,-35,27,-125,249,107,64,46,-102,46,29,38,102,44,-20,34,79,-45,74,11,60,65,-6,59,54,102,227,-18,39,-94,14,-48,-80,-56,141,25,47,107,1,51,120,51,8,0,80,-46,49,127,179,-48,128,-37,24,-38,-33,-40,36,-49,3,-9,89,-84,11,-46,46,39,109,-38,14,-32,140,29,94,-16,56,40,61,-64,106,-70,47,-12,56,19,46,-19,47,32,67,69,-18,77,38,-45,137,-49,40,39,164,59,-30,15,21,-22,70,-142,112,50,36,197,-78,-58,189,51,40,154,38,-114,168,-1,57,29,15,33,-30,58,17,59,96,-19,35,-89,14,4,29,55,53,39,-61,32,-5,9,99,115,19,23,56,74,-24,43,122,93,63,48,69,48,-11,56,-58,106,97,74,-1,21,80,-27,16,22,32,7,150,26,42,41,-9,-5,-90,74,-11,-16,-97,18,-57,45,41,67,-15,54,26,5,161,36,28,34,172,1,2,1,2,112,160,27,139,38,31,-19,25,2,2,-1,2,15,15,-192,116,-5,73,-213,176,-313,68,-38,130,5,467,-99,203,-163,149,-288,169,-163,16,-100,-19,-199,-106,-124,14,-4,-68,0,1,-1,-4,-2,0,-52,2,-88,-165,-15,-16,-33,25,-76,-96,-68,-44,-193,23,-74,-49,-90,-11,-66,-67,-40,26,-125,-16,-41,-75,-26,0,-14,35,-63,-55,-52,-12,-54,40,-66,-68,-14,26,-112,-7,-49,27,-22,-49,-59,-24,-79,32,-33,-62,-199,-116,-48,37,-78,-111,-74,132,-52,-28,-22,-68,-109,-28,-39,-68,-94,43,-88,-62,-87,-30,-34,12,-13,-28,-51,34,-68,212,-78,51,10,103,-16,50,-46,12,4,92,-79,51,17,110,36,57,7,48,-25,30,27,63,-35,-3,-93,60,64,66,-24,31,-17,185,-130,109,-43,140,1,152,23,30,80,8,-6,83,30,82,-13,145,-94,113,-38,-11,-9,36,-56,41,-159,-122,-281,184,-192,-43,-251,-3,-181,29,-164,-27,-132,25,-211,134,-394,143,-203,-84,-192,115,-254,-66,-332,-141,-347,-169,-208,-168,-463,73,-507,-57,-256,-84,-330,-36,-224,-100,9,-186,-159,-159,-74,-28,16,-121,259,-12,20,-48,65,-12,82,-65,8,-63,36,20,25,-17,14,-74,46,5,44,-43,45,-115,-61,-42,17,-64,-102,-71,13,-77,-30,-29,222,-26,53,-101,67,27,35,-88,-12,-200,47,-42,-35,-65,18,-69,-22,-104,-60,-68,-19,-107,-599,-467,311,-831,-1444,-914,-784,-1115]],[[-135357,96768,37,5,62,-74,297,480,-11,-11,-52,-66,-64,-26,-18,-14,-68,-163,-9,2,-60,-103,-39,-21,-65,-4,-10,-5]]]
2415703	n	-9.3991,11.1939,-8.9408,11.6461	[[[-93991,114200,11,-222,33,-219,55,-215,75,-209,96,-201,116,-190,134,-178,151,-165,167,-149,180,-132,193,-114,203,-95,212,-75,218,-54,222,-32,225,-11,225,11,222,32,218,54,212,75,203,95,193,114,180,132,167,149,151,165,134,178,116,190,96,201,75,209,55,215,33,219,11,222,-11,222,-33,219,-55,215,-75,209,-96,201,-116,190,-134,178,-151,165,-167,149,-180,132,-193,114,-203,95,-212,75,-218,54,-222,32,-225,11,-225,-11,-222,-32,-218,-54,-212,-75,-203,-95,-193,-114,-180,-132,-167,-149,-151,-165,-134,-178,-116,-190,-96,-201,-75,-209,-55,-215,-33,-219,-11,-222]]]
2421820	p	2422465
2419472	n	-10.3275,8.9639,-9.8725,9.4161	[[[-103275,91900,11,-222,33,-219,54,-215,75,-209,96,-201,114,-190,133,-178,150,-165,166,-149,179,-132,192,-114,201,-95,211,-75,216,-54,221,-32,223,-11,223,11,221,32,216,54,211,75,201,95,192,114,179,132,166,149,150,165,133,178,114,190,96,201,75,209,54,215,33,219,11,222,-11,222,-33,219,-54,215,-75,209,-96,201,-114,190,-133,178,-150,165,-166,149,-179,132,-192,114,-201,95,-211,75,-216,54,-221,32,-223,11,-223,-11,-221,-32,-216,-54,-211,-75,-201,-95,-192,-114,-179,-132,-166,-149,-150,-165,-133,-178,-114,-190,-96,-201,-75,-209,-54,-215,-33,-219,-11,-222]]]
2416402	n	-14.7951,10.4352,-14.4047,10.8761	[[[-147951,107683,23,-233,101,-137,127,-125,97,-194,139,114,116,373,117,170,451,345,133,170,81,-46,52,-20,-19,-24,-27,-70,-53,-78,-68,-57,-141,-93,-62,-58,-107,-157,-78,-171,-124,-398,136,-131,78,55,61,27,60,2,75,-16,-111,-41,-87,-72,-56,-110,-20,-155,59,-122,137,51,282,245,282,337,137,216,116,324,140,269,169,251,13,10,-439,625,-39,2,-224,-11,-222,-32,-217,-54,-211,-75,-203,-95,-177,-105,-7,-77,-32,-151,-48,-131,-67,-126,-92,-135,-116,-91,-135,5]],[[-146647,105116,15,-135,21,-87,33,-98,66,-45,69,126,69,0,84,-114,67,-13,48,51,16,62,70,-11,-28,-62,-53,-50,35,-6,171,26,136,49,112,85,92,99,110,75,160,14,4,0,-6,-7,-99,-125,-50,-229,-4,-255,16,-114,167,59,203,95,193,114,180,132,166,149,150,165,134,178,115,190,96,201,42,117,-1467,2086,-41,-81,-130,-447,-39,-47,-83,-42,-76,-78,-19,-149,-62,0,-109,60,-79,-141,-122,-558,-13,-182,70,-111,10,-4,12,-15,231,-6,-145,-103,2,-3,209,33,-2,-46,-241,-146,-20,-48,-71,-8,11,-55,-22,-1,-9,-37,-97,7,1,-29,-59,-16,-1,-46,-45,13,-42,89,-46,-32,-31,-81,19,-77,88,-79,-26,-72,-23,3,-21,-43,-53,-29,83,-17,-85,-2,-11,42,-4,-91,-40,-6,-2,-41]]]
2418362	r	-13.2347,10.9892,-10.7513,12.6484	[[[-132347,126463,64,-60,63,44,16,31,-11,6,-76,-6,-56,-15]],[[-131885,126368,94,-98,59,86,0,26,-31,-5,-89,1,-33,-10]],[[-131699,126387,41,-61,0,55,67,-25,0,2,-35,23,-66,7,-7,-1]],[[-131477,126411,89,-76,6,68,-71,36,-24,-28]],[[-131095,126354,46,-69,42,-9,32,25,16,-42,45,31,1,47,130,25,-134,20,-173,-28,-5,0]],[[-129821,112387,97,-151,124,-14,199,106,100,19,163,-16,288,-169,163,-149,99,-203,-5,-467,38,-130,313,-68,213,-176,5,-73,192,-116,166,162,-25,50,40,70,-65,6,74,191,-11,110,32,-4,39,44,-26,42,28,49,-7,39,-24,14,45,96,-34,84,43,56,-2,70,67,87,15,94,3,18,32,44,62,-6,117,63,-21,54,29,47,-13,52,47,26,3,31,112,47,82,68,49,89,-5,44,45,22,84,-8,40,36,71,-19,31,35,71,-12,91,53,1,52,133,177,-36,81,-109,19,-3,67,166,22,40,38,-7,41,36,28,-1,34,66,-8,27,-85,39,35,11,-32,50,27,-23,45,120,-39,37,61,105,-20,90,61,123,0,51,-42,4,-49,66,-71,56,-34,186,-46,107,-156,178,30,32,-283,-74,-121,0,-143,37,-160,7,-30,7,-31,153,-664,87,-102,130,-48,195,-7,67,-96,103,-55,110,94,31,170,148,125,79,138,228,-92,475,79,314,119,190,2,123,-86,148,-296,108,-143,233,138,101,119,475,302,144,290,98,417,57,133,101,92,691,124,234,-25,77,-59,135,14,86,-257,154,-58,76,-210,128,-176,455,-96,190,-109,159,-176,84,-193,-30,-113,-83,-53,-117,-328,-15,-244,137,-311,149,-230,184,-134,226,-102,483,-104,212,-8,152,-81,242,280,68,-27,40,16,-22,72,65,68,118,78,80,22,39,94,175,64,11,99,61,74,66,-18,18,16,-33,68,70,0,28,31,57,11,64,57,-13,70,43,8,70,67,41,14,33,-52,26,-2,25,84,70,35,5,29,102,-72,47,5,-22,83,66,48,38,98,35,9,76,-35,-10,76,104,58,84,-62,41,-2,44,28,44,93,156,92,11,42,155,-58,122,30,31,30,-8,39,-38,20,0,65,88,83,7,104,-59,109,26,43,-21,103,29,29,46,0,23,97,71,36,29,44,162,47,111,-19,27,138,41,22,-3,58,75,52,42,-39,90,-27,79,19,32,37,115,22,199,-142,195,-8,-44,96,6,45,145,-27,19,144,127,185,17,125,119,68,24,55,85,74,-10,99,159,104,126,29,-47,94,6,85,22,9,71,165,139,53,125,157,98,67,75,-20,140,64,187,9,30,26,-24,83,37,75,37,16,54,-20,82,102,73,-13,151,119,84,-18,56,90,8,230,57,44,-11,31,58,87,9,71,55,47,-14,37,21,81,-66,-33,-16,21,18,51,-83,-19,-20,30,-54,-95,-154,57,-58,-4,-14,29,-56,16,-13,34,-87,-10,-21,-24,-128,35,-61,-14,0,86,-88,87,37,32,-5,26,-29,-28,-70,44,20,-29,-28,-8,-27,51,9,167,389,198,113,164,129,106,-52,104,-140,70,-14,85,197,270,98,68,149,38,206,-3,127,169,161,414,-55,359,50,233,-52,432,40,148,219,122,-24,75,-293,57,-204,258,-175,-5,-89,-32,-177,100,-142,132,74,209,17,289,-17,227,-167,231,55,20,73,110,53,-12,23,17,123,195,-49,54,-23,96,-77,-4,-67,-34,-62,-289,-107,-191,-134,-136,-37,36,-48,-30,-64,48,-78,-18,-66,-100,-38,-2,-23,3,4,-9,-171,-70,-102,62,-209,-3,-218,152,-138,-2,-226,261,-195,64,-58,77,-20,36,24,195,-55,74,-5,81,-47,17,-18,59,-176,19,-90,44,-91,-25,-36,47,-49,-9,-22,43,-47,7,-30,40,-53,-19,-52,52,-33,-18,-175,63,-115,101,7,39,-87,150,-59,-6,-33,74,-44,-19,1,54,31,35,-92,30,8,48,-46,7,78,114,-15,54,21,25,-67,103,56,30,41,59,-8,33,130,133,12,1,56,60,86,-17,16,95,67,-23,17,14,21,116,-12,64,-39,28,18,40,66,40,70,-8,51,21,35,206,-67,45,30,81,-15,65,24,43,-26,35,11,40,-46,107,-134,84,55,90,85,-7,-9,188,43,24,241,-11,190,26,0,55,22,11,138,-9,77,67,-41,59,29,20,-4,28,-103,48,-74,-75,-50,-9,-40,28,-27,-16,-20,33,-31,-7,-4,40,-40,28,19,78,-105,122,-153,40,-35,32,-114,-63,-75,63,-146,7,-95,101,-78,-16,-117,-98,-62,-14,-45,28,-106,8,-44,-24,-516,-30,-189,-21,-114,-75,-85,13,-96,-27,-49,68,-84,2,-25,-28,-45,26,-45,-54,-93,18,-41,-32,-89,-9,-83,-67,-45,-6,-50,-41,14,-30,-26,-38,8,-44,-291,-32,-75,-62,-148,-63,-170,-4,-7,-29,-56,-10,-37,1,-13,11,-15,-10,-37,2,-49,83,-105,19,-18,-16,-46,22,-45,-23,-9,57,-65,53,-60,-28,-14,-36,-65,36,-30,-27,-105,24,-2,-31,-88,-9,-31,-36,-31,2,-56,37,2,27,-57,22,-6,37,-40,0,-35,38,-8,96,-174,50,-150,255,-682,-436,-174,28,-67,-45,-228,-15,-51,82,-89,34,-81,83,-105,47,-79,1,-66,63,-91,-62,-117,1,-21,-27,-96,-10,-90,-54,-92,-7,-54,-39,-31,-80,-44,-36,-13,-60,-62,-27,7,-37,-7,-9,-30,-27,-60,1,-33,-23,-50,14,-25,-74,-43,-42,-173,-71,-30,-61,-65,-9,-24,36,-79,-43,-56,9,-92,-41,-46,-4,-43,33,-77,-12,-126,-86,-127,41,-68,-46,-40,10,-83,-57,-79,-19,-41,-67,-78,19,-26,63,-96,77,-541,-358,-58,-5,-20,211,-85,63,-8,46,-1,1,-5,30,-55,31,-36,56,-19,94,-181,175,-143,-14,-45,42,-108,-16,-59,64,-112,56,-364,63,-48,56,-51,-7,-3,-27,-90,-63,-38,16,-66,-14,8,-30,-24,-31,-36,16,-52,-83,-35,6,-56,-39,-5,-30,-57,-21,-237,-129,-41,34,-40,-111,-126,-93,-387,-115,-291,72,-104,-34,-313,-237,-391,-476,-200,-89,-187,102,-165,42,-200,-76,-34,-208,-126,-276,-44,-234,-65,-161,-4,-187,43,-148,122,-115,-35,-98,95,-255,-121,-187,4,-144,-148,-89,70,-421,83,-149,247,-59,178,-166,-87,-238,-30,-191,195,-119,209,-183,-100,-225,-39,-230,-2,-203,-324,-51,55,-189,-52,-196,41,-214,168,-200,-54,-144,-25,-184,-316,-152,-4,-89,33,-50,90,-39,75,-99,74,67,96,35,44,-9,8,-49,-39,-74,86,-16,41,-33,-52,-29,2,-28,77,-7,-14,-115,33,-52,52,-17,4,-62,64,6,6,-97,50,34,51,-45,-1,-32,86,8,33,-60,42,28,37,-86,31,40,63,2,32,62,44,-10,63,-105,45,5,4,-53,-60,-66,-3,-73,-49,-5,32,-21,-2,-39,-66,-19,31,-53,45,-4,7,-66,55,-19,35,-74,27,2,-63,-23,-7,-50,-57,-19,-9,22,-5,-53,-45,-14,-32,-43,-102,5,-81,-158,-21,8,-7,-32,-48,-14,16,-19,-15,-59,-69,15,-50,-21,-28,39,-27,-9,25,-18,-36,-29,-22,-77,17,-16,-23,-27,69,-60,-55,-25,41,-18,-9,-25,31,-62,-13,-37,-27,6,20,27,-48,-23,-35,35,22,-55,-58,14,9,-26,-53,-2,-8,19,-89,-45,-56,-197,-343,-141,-119,-114,-113,-68,-199,-2,-89,-136,-91,-68,-152,-249,-246,-54,-55,-73,-50,-282,108,-258,-17,-171,-97,-92,-146,16,-130,-108,-105,-157,-42,-125,-102,-128]],[[-129794,124684,51,-22,39,7,61,81,196,6,54,322,-46,49,30,51,-13,44,-73,52,80,86,-80,-1,-167,-398,-33,-193,-99,-84]],[[-111242,121040,22,1,54,-50,30,3,69,58,-39,125,21,18,-81,-58,-9,-10,-46,-54,-21,-33]],[[-110831,121380,76,-26,24,56,53,2,2,31,-35,36,-2,65,-15,-49,-103,-115]],[[-110679,121657,69,55,38,-63,24,14,-26,112,-42,66,92,114,-19,44,-55,-75,-81,-267]],[[-107732,119418,36,-15,124,28,59,-26,-134,250,2,-29,-41,-36,-45,-103,-1,-69]]]
2420562	r	-10.7353,8.2696,-9.8821,9.0848	[[[-107353,82873,201,-177,73,335,98,105,-1,1,40,-48,-58,-91,44,-60,-17,-33,-35,13,-5,-115,159,62,-12,109,36,180,60,-2,28,134,144,47,331,-18,148,-62,286,-184,106,-23,136,54,29,-44,76,41,61,-5,492,381,65,106,70,50,-25,68,13,23,83,80,92,56,5,38,5,6,78,9,49,33,187,174,116,220,68,76,34,-1,63,47,87,118,12,134,64,162,41,38,30,-14,45,-97,87,69,50,-2,41,-38,35,61,97,54,51,-2,36,52,-8,-12,260,-77,80,-45,85,-28,115,15,109,-5,105,18,167,64,48,-6,0,-1,12,-50,13,-3,44,-92,66,37,50,-12,73,20,47,-37,73,50,20,100,75,70,189,126,131,44,14,32,-48,33,11,26,-6,-14,113,-2,7,-3,49,-3,549,-137,150,-86,68,-146,-101,-469,44,-134,133,-44,213,35,144,84,24,-10,106,76,245,44,4,52,40,48,110,82,33,-14,43,21,42,80,202,146,59,-18,10,53,206,94,131,-4,18,74,-41,84,69,106,-25,76,-96,71,-16,70,225,65,49,147,-88,106,-24,135,35,74,-11,89,-68,98,-187,176,-96,60,-129,11,-55,76,-13,198,115,306,47,285,156,249,25,133,101,22,121,127,63,223,-625,42,-507,-70,-203,317,23,470,-328,193,-445,-262,-258,0,-250,347,-383,16,-265,-239,-235,285,-304,309,-274,31,-218,316,31,555,-211,239,-328,31,-219,-231,-211,-386,-445,-154,-406,-23,-63,231,352,293,-24,309,-210,177,-297,-223,-227,7,-376,-138,-24,-110,-21,-4,-14,-71,-16,6,11,-148,-10,-16,-28,15,7,-19,-59,-26,-14,-64,38,-40,-25,-16,-22,-82,22,-88,-14,-54,29,-75,-4,-69,35,5,-4,-41,-40,-2,-6,-23,15,11,21,-33,30,-202,62,-48,-19,-54,37,-30,-16,-71,35,-57,-18,-10,-6,-62,-355,17,8,-310,16,-100,91,-283,3,-44,-11,-106,5,-36,34,-42,72,-46,28,-25,410,-541,151,-108,54,-97,429,-570,-78,-215,-136,-194,-167,-116,-3,3,-33,-18,-216,-17,-202,-40,-192,-160,-159,-211,-160,-292,-154,-145,-70,-121,-23,-133,1,-118,-28,-79,-108,-14,-144,-864,-147,-242,-182,-213,-230,-337,-103,-326]]]
2417833	r	-12.9743,9.8722,-11.36,11.3328	[[[-129743,106049,125,-249,35,-27,19,-113,-26,-61,73,-24,37,-98,-156,-270,34,-36,-20,-86,133,129,184,-89,-11,-42,71,-27,52,-14,72,47,96,4,41,-43,42,-2,87,193,5,54,-27,32,144,113,70,-65,-13,-73,38,-61,144,57,45,-117,58,-51,70,-7,25,16,-26,46,16,88,41,25,98,-31,121,114,49,-117,0,-93,118,-13,-37,-53,-61,-18,44,-50,177,8,71,52,58,-35,29,-152,117,15,65,-116,0,-85,50,8,42,53,71,8,92,-42,10,-47,121,-71,30,44,-15,139,64,82,89,61,-43,64,99,96,71,110,59,-1,29,101,60,20,135,185,57,32,446,17,161,194,273,97,115,160,161,48,180,200,47,18,49,-40,18,-44,14,-185,-119,-163,4,-208,55,-62,73,-9,77,-73,18,-78,36,-37,103,41,142,-18,74,-68,93,-13,28,-100,-67,-126,33,-130,90,-6,143,55,44,-27,19,-93,52,-64,145,-61,22,-56,-45,-55,-111,-47,34,-65,-32,-34,9,-87,-34,-9,-1,61,-21,3,-60,-13,-13,-29,49,-57,7,-119,83,-39,0,-61,-76,-61,19,-47,-26,-47,-23,34,-59,-28,63,-35,-48,-101,-44,-6,-8,-43,-24,38,-49,0,45,-144,-71,19,-1,-47,24,-8,-23,-113,-48,-1,-19,-56,-39,15,4,-10,-6,1,7,-5,7,-17,19,0,35,-25,6,68,20,-11,-8,-65,-64,-38,36,2,31,-69,65,-40,-30,-52,17,-65,-33,-41,79,12,41,-39,9,-14,-45,-34,40,-68,75,18,23,-15,3,-124,-24,-33,-50,-9,19,-38,37,-14,8,-53,1,-40,5,0,0,-1,48,-4,31,33,21,-21,89,56,44,-49,58,61,123,69,129,-58,41,4,26,55,129,20,85,59,100,-89,29,12,1,-45,108,-1,79,-25,13,-34,145,4,67,-23,14,28,87,3,10,-34,34,19,267,-37,94,-262,93,-120,41,-227,165,-153,46,-263,156,-49,178,-280,293,-306,6,-58,68,-140,-13,-74,40,-120,-11,-57,46,-60,-4,-70,-77,-37,-20,-48,34,-24,-10,-25,22,-26,-33,-38,66,-30,3,-39,-67,-17,-31,-71,-59,-16,-30,23,-3,-142,-100,-26,-2,31,-17,-9,-19,-72,-36,-22,40,-99,-14,-151,27,-7,5,-55,-16,-84,28,-16,4,-88,40,9,-12,-93,60,-256,-28,-73,65,-54,15,-163,73,-25,-2,-32,700,223,1281,276,68,93,5,63,76,24,-23,42,3,125,45,75,6,81,67,201,4122,22,140,1,13,50,-208,0,112,327,256,217,15,423,-252,155,-76,180,133,192,189,180,-25,174,-180,199,-9,136,132,196,88,289,205,207,45,128,-35,121,-98,121,-47,124,-290,245,-224,257,-587,540,-3,195,-136,357,19,366,79,229,208,428,205,307,612,394,39,-4,-5,34,22,5,-24,18,56,8,-42,29,17,17,-33,55,38,51,-20,28,21,-5,-27,42,-29,-1,-2,75,-25,12,23,14,-18,15,11,31,-25,49,-34,10,37,27,-29,24,16,66,-41,35,14,27,43,-21,-17,20,43,15,-8,25,-49,-16,26,45,-162,117,19,8,-13,51,-63,63,-44,-8,20,22,-37,29,-10,75,-80,0,-37,-35,-67,85,-39,-69,-13,12,-70,-52,-36,51,6,62,-74,135,-40,31,-29,-30,-79,27,-41,81,-61,11,33,28,-22,20,-136,-68,-27,34,-71,-39,-23,18,-88,-20,-49,14,3,63,-32,67,37,91,-27,27,19,35,47,-18,4,62,-26,32,34,14,-1,58,38,7,48,75,-55,55,12,75,-59,42,13,33,-39,22,27,99,-46,50,18,58,33,22,-116,11,10,125,54,143,70,50,188,5,225,267,33,99,67,52,48,-19,110,-146,181,132,134,-85,191,38,33,70,-67,113,172,98,20,122,86,103,152,-79,77,23,-29,108,143,61,149,-38,157,164,86,235,86,75,14,351,-95,207,-10,145,-119,154,-158,85,-100,239,-86,136,-53,161,-7,110,-94,60,-111,19,-162,-47,-29,-44,-71,-36,-23,-97,-46,0,-29,-29,21,-103,-26,-43,59,-109,-7,-104,-88,-83,0,-65,38,-20,8,-39,-31,-30,-122,-30,-155,58,-11,-42,-156,-92,-44,-93,-44,-28,-41,2,-84,62,-104,-58,10,-76,-76,35,-35,-9,-38,-98,-66,-48,22,-83,-47,-5,-102,72,-5,-29,-70,-35,-25,-84,-26,2,-33,52,-41,-14,-70,-67,-43,-8,13,-70,-64,-57,-57,-11,-28,-31,-70,0,33,-68,-18,-16,-66,18,-61,-74,-11,-99,-175,-64,-39,-94,-80,-22,-118,-78,-65,-68,22,-72,-40,-16,-68,27,-242,-280,-152,81,-212,8,-483,104,-226,102,-184,134,-149,230,-137,311,15,244,117,328,83,53,30,113,-84,193,-159,176,-190,109,-455,96,-128,176,-76,210,-154,58,-86,257,-135,-14,-77,59,-234,25,-691,-124,-101,-92,-57,-133,-98,-417,-144,-290,-475,-302,-101,-119,-233,-138,-108,143,-148,296,-123,86,-190,-2,-314,-119,-475,-79,-228,92,-79,-138,-148,-125,-31,-170,-110,-94,-103,55,-67,96,-195,7,-130,48,-87,102,-204,885,0,143,74,121,-32,283,-178,-30,-107,156,-186,46,-56,34,-66,71,-4,49,-51,42,-123,0,-90,-61,-105,20,-37,-61,-120,39,23,-45,-50,-27,-11,32,-39,-35,-27,85,-66,8,1,-34,-36,-28,7,-41,-40,-38,-166,-22,3,-67,109,-19,36,-81,-133,-177,-1,-52,-91,-53,-71,12,-31,-35,-71,19,-40,-36,-84,8,-45,-22,5,-44,-49,-89,-82,-68,-112,-47,-3,-31,-47,-26,13,-52,-29,-47,21,-54,-117,-63,-62,6,-32,-44,-18,-112,-67,-87,2,-70,-43,-56,34,-84,-45,-96,24,-14,7,-39,-28,-49,26,-42,-39,-44,-32,4,11,-110,-74,-191,65,-6,-40,-70,25,-50,-181,-177,18,-29,-38,-31,-27,-139,-112,-160,-36,-176,-36,-28,-5,-161,-54,-26,-67,15,-45,-41,-18,57,16,97,-74,11,5,90,-41,9,-26,-42,-7,-150,-22,-32,27,-16,-21,-80,-74,1,-106,-97,-56,58,-48,11,-48,-69,-93,-63,-43,-122,-74,24,-23,-56,-115,-19,-9,-99,-32,5,-39,61,-55,-53,-4,-29,89,-14,19,-35,-59,-96,-58,-17,-33,30,-29,-15,1,-57,114,-168,-154,-38,-51,-40,58,-189,-197,78,-50,-36,142,-112,22,-70,-15,-21,-59,30,-39,-164,49,-40,45,-137,-77,-38,-69,18,-32,-67,19,-47,-19,-46,12,-56,70,-47,64,-106,-40,-61,16,-56,-29,-94,32,-140,38,-14,-39,-109,46,-46,84,-11,9,-89,49,-3,40,-36,38,33,37,-24,48,-128,-127,-179,46,-49,0,-80,-51,-8,-51,-120,-107,-1,-25,-47,56,-141,48,80,94,-14,18,-39,-102,-227,-59,-54,-65,6,-11,-60,45,-74,-34,-79,-44,20,-38,-102,-46,-29,-46,102,-107,-64]],[[-122499,99260,143,-92,182,-162,238,-145,188,-69,165,-36,69,-3,-34,24,7,29,-34,-12,-52,55,-59,-33,-32,73,-36,-31,-19,35,-72,2,-1,39,-32,-8,-46,42,-27,-7,-24,50,-68,5,-100,65,-42,-14,-50,180,10,82,-274,-69]]]
2422457	p	2417786
2421273	r	-11.5991,8.5721,-8.7003,12.2314	[[[-115991,109049,116,-11,-33,-22,-18,-58,46,-50,-27,-99,39,-22,-13,-33,59,-42,-12,-75,55,-55,-48,-75,-38,-7,1,-58,-34,-14,26,-32,-4,-62,-47,18,-19,-35,27,-27,-37,-91,32,-67,-3,-63,49,-14,88,20,23,-18,71,39,27,-34,136,68,22,-20,-33,-28,61,-11,41,-81,79,-27,29,30,40,-31,74,-135,-6,-62,36,-51,70,52,13,-12,39,69,67,-85,37,35,80,0,10,-75,37,-29,-20,-22,44,8,63,-63,13,-51,-19,-8,162,-117,-26,-45,49,16,8,-25,-43,-15,17,-20,-43,21,-14,-27,41,-35,-16,-66,29,-24,-37,-27,34,-10,25,-49,-11,-31,18,-15,-23,-14,25,-12,2,-75,29,1,27,-42,-21,5,20,-28,-38,-51,33,-55,-17,-17,42,-29,-56,-8,24,-18,-22,-5,5,-34,-39,4,-612,-394,-205,-307,-208,-428,-79,-229,-19,-366,136,-357,3,-195,587,-540,224,-257,290,-245,47,-124,98,-121,35,-121,-45,-128,-205,-207,-88,-289,-132,-196,9,-136,180,-199,25,-174,-189,-180,-133,-192,76,-180,252,-155,-15,-423,-256,-217,-112,-327,208,0,-13,-50,1982,11,254,-26,336,-100,-7,-20,12,-64,66,-22,36,29,69,-33,39,12,37,-10,72,-222,136,-659,20,-32,36,57,-71,-114,12,-28,121,-73,63,6,154,-97,4,-13,11,3,467,-292,411,-391,348,-444,238,-449,117,-340,61,-96,56,-34,163,-60,65,-51,43,-78,67,-262,74,-98,257,-176,97,-99,35,-82,51,-275,71,-93,104,-49,76,-64,-11,-142,-54,-249,42,-177,109,-150,149,-164,157,-100,19,-56,-107,-74,-96,-88,124,-40,37,-2,-4,-9,32,-13,20,-79,62,-41,7,88,48,53,40,7,98,-13,59,-10,99,-80,70,16,2,9,71,-105,131,95,13,-35,94,34,50,-32,96,-134,-24,-117,38,-38,50,14,63,-44,9,-47,-53,-76,35,-39,70,10,146,-52,22,-63,171,-59,-10,-72,63,-31,-30,-65,79,-66,-62,-19,-14,-99,-52,-34,-39,-284,3,-68,37,-64,85,-5,18,-32,-14,-57,18,-92,-59,-32,-53,-102,-141,-33,-34,-51,-45,25,-95,-21,-39,-60,-36,8,-17,94,-70,43,-17,-87,-53,-44,-12,-83,38,-34,52,1,-17,-68,78,-54,-15,-24,18,-29,-34,-8,-7,-46,-48,-26,5,-45,27,-9,-4,-72,-56,-3,-15,-36,27,-40,-55,-140,13,-41,-34,-42,-22,-186,-28,-43,10,-36,74,-33,86,30,131,-17,343,69,30,-24,153,-14,212,-75,13,-26,57,21,65,-47,224,-79,63,-99,81,15,31,-33,375,137,227,-7,297,223,210,-177,24,-309,-352,-293,63,-231,406,23,445,154,211,386,219,231,328,-31,211,-239,-31,-555,218,-316,274,-31,304,-309,235,-285,265,239,383,-16,250,-347,258,0,445,262,328,-193,-23,-470,203,-317,507,70,625,-42,234,105,474,108,386,-15,741,224,250,-13,125,-111,42,-474,450,-1013,367,49,517,-235,430,-292,375,-79,621,231,250,-194,726,-453,633,-169,872,4,546,124,1590,695,28,250,-55,72,52,75,-146,36,6,199,-98,-12,-33,156,-73,48,-31,205,23,142,672,397,502,400,180,352,213,273,742,247,216,213,-15,241,-210,291,-16,54,-686,-684,-262,-133,-422,245,-376,-19,-357,-196,-233,-230,-213,-500,-496,69,-1293,-319,-536,128,-768,519,-451,186,-669,455,-669,108,-377,279,-302,484,-367,152,-183,304,-20,372,367,411,208,313,-193,200,-432,78,-634,35,-501,469,-4,167,188,508,114,206,5,635,248,333,639,215,229,548,-175,185,-39,391,-412,-342,-436,10,-332,-137,-436,195,-595,-127,-480,298,-694,730,-270,-33,-356,335,-265,101,-728,55,-559,-61,-257,-87,-345,-402,-380,-573,-304,-108,-1423,168,14,48,16,-12,60,40,-11,21,47,16,17,45,-37,12,16,22,18,-12,6,41,-34,43,25,14,-15,37,24,12,-30,16,22,31,-18,16,16,94,-45,29,60,42,-45,74,49,56,-32,23,-70,-4,-11,38,41,22,-12,34,-20,-6,5,24,-34,3,51,22,-16,94,38,38,-18,36,-23,-4,26,43,-38,82,43,20,-29,67,73,25,-6,75,39,67,1,66,34,26,-5,-66,33,29,48,-18,13,63,29,4,63,-58,0,144,39,45,14,67,22,26,100,-7,-32,74,-40,-3,-34,88,-44,40,28,25,47,166,-30,64,41,247,59,26,6,62,45,-37,83,16,-29,36,11,37,67,-28,13,22,-39,67,12,56,31,-36,76,76,29,-28,20,51,-8,50,-44,13,-16,59,43,61,-90,38,17,26,71,12,-54,88,19,53,-38,44,21,57,-29,20,12,35,-38,109,31,56,-76,98,-28,97,35,11,-2,28,-45,50,4,28,-47,16,79,100,-20,20,-41,-45,-33,76,50,-2,11,72,79,-2,14,44,-38,-9,-6,31,64,45,40,-15,50,76,44,1,-11,61,58,17,-31,35,0,43,26,11,2,32,39,-10,12,38,-89,176,37,40,-21,59,63,59,-48,114,67,-12,-2,-51,82,26,71,-37,24,58,63,27,11,65,35,12,24,-33,24,48,-9,41,25,51,-35,70,22,8,40,-48,95,19,34,-38,86,39,-23,90,93,-12,36,35,-62,53,1,63,37,46,24,9,54,-41,21,52,106,21,23,-16,-7,101,-58,29,5,44,77,4,35,60,51,12,39,81,64,-9,-47,74,89,127,-41,40,18,41,-24,20,-44,-36,-39,32,-24,54,37,65,-61,-22,-42,48,-38,8,-21,101,17,59,-85,-12,-5,58,69,86,-66,25,-52,-10,39,128,99,-11,20,93,-31,28,-10,-63,-37,-11,-14,115,50,68,36,125,-47,-19,-52,87,-68,27,26,30,-45,61,54,89,129,36,211,-95,44,2,30,40,181,-17,91,22,57,102,-32,47,10,69,71,11,63,61,-71,52,-6,37,68,19,50,110,-11,129,34,13,117,-60,33,74,93,97,-37,61,-146,-44,17,113,-147,171,47,79,-13,76,17,11,55,-56,123,32,90,-72,53,-9,59,64,-44,138,17,60,-29,38,96,56,-155,76,-67,-7,-55,27,4,47,76,29,-63,40,-4,68,-35,52,24,184,-20,-7,-42,-60,-7,-210,-40,-98,-152,-205,-68,-11,-42,48,-60,-10,-13,-150,-32,-30,-57,8,-37,-60,100,-138,-96,-18,-223,378,-93,42,-64,-4,-33,-26,-15,17,54,139,-25,67,38,46,138,61,2,67,-37,21,-215,-59,-216,-2,-101,31,-38,-16,-147,51,-24,76,12,137,-11,74,-22,11,-83,-82,-85,-157,-207,-78,-14,-35,29,-57,-39,-48,-89,19,-111,-23,36,126,-19,90,-66,61,-200,21,-13,-104,-35,-15,-157,162,-32,-27,-39,-129,5,-80,-137,-61,-215,-38,-87,190,-231,352,-530,643,-496,555,-466,322,-530,633,-734,360,-1392,307,-45,301,248,365,486,171,163,253,114,462,833,788,322,501,-296,123,43,63,2,63,41,33,53,-1,-31,32,42,35,85,9,119,-45,17,77,-70,35,87,24,-23,52,-78,27,7,47,178,-49,132,37,96,-72,1,84,-87,16,-36,68,11,18,80,47,76,-76,84,-24,53,57,27,132,188,17,62,-69,-19,-44,19,-18,-5,-64,85,-34,90,-158,120,-94,85,-119,75,-13,661,-339,88,46,544,-37,24,15,18,48,-13,124,-86,99,-97,35,-103,150,-96,23,-92,81,-98,41,74,166,19,103,80,106,237,134,36,81,-125,12,-163,106,-144,240,14,77,-42,109,34,130,55,62,88,37,32,62,78,7,114,-33,144,170,45,-143,94,4,37,83,2,104,113,-80,41,7,25,85,-106,45,-68,120,12,32,137,-26,87,13,57,-27,48,14,52,-132,101,54,56,129,-97,152,53,177,-5,63,75,6,92,-121,60,6,16,44,-13,155,57,166,67,-35,-25,-372,-54,-75,-87,-41,-6,-58,92,-15,204,55,24,35,-18,103,40,162,68,94,73,-10,77,-116,122,-99,68,77,96,17,39,37,-121,87,-6,35,34,44,130,-46,112,36,92,-67,-26,-101,23,-56,174,34,52,105,47,-7,34,-112,-5,-81,68,-132,137,76,105,22,88,-41,3,-98,-124,-85,-54,-81,306,-93,77,0,33,22,-126,104,3,71,208,184,142,-126,81,48,132,20,57,34,55,-8,20,94,52,5,-10,-262,-132,-123,-4,-37,31,-43,109,56,107,132,53,104,-5,182,127,69,94,-3,-42,66,36,70,44,9,42,-58,29,4,29,-36,96,-9,-57,53,-16,80,35,77,-60,3,-93,71,117,106,5,31,-53,5,-57,-37,-30,14,-38,68,-76,16,49,32,-57,26,-6,49,-18,0,-7,-66,-91,-45,-90,78,60,2,-57,54,18,50,-132,-23,4,34,-103,-12,-49,86,-186,-114,-11,22,40,76,-67,6,-54,73,-54,-11,4,-36,-26,-27,-106,73,-4,-30,-98,-41,-32,30,-7,51,-11,-62,-56,3,-62,73,-36,3,1,51,-46,56,44,49,-143,16,23,72,-11,69,-31,-22,-48,49,-3,-50,-57,34,-59,-30,14,44,-53,4,-10,48,-53,-65,-49,70,-41,8,-20,-7,-2,-57,-24,5,-18,57,-107,-58,-3,48,28,43,-52,-2,28,32,-56,37,48,61,46,-11,0,62,-152,19,10,95,-78,2,-24,89,-120,-72,-12,46,-57,-3,-32,34,36,17,-44,184,2,44,37,46,-41,70,84,171,-32,66,51,34,-21,89,-31,6,15,29,-21,48,17,5,-13,81,18,30,28,0,-15,86,-24,5,21,106,121,28,29,28,37,-8,20,36,34,-29,88,51,-3,26,23,-2,50,58,3,55,-28,23,17,80,38,52,-12,54,34,14,30,73,-51,118,-123,-48,-67,33,10,62,-65,19,-25,49,15,12,-32,29,7,69,18,65,21,-7,18,41,75,19,69,66,3,116,24,10,3,65,80,113,6,158,124,71,68,11,46,91,118,74,-36,82,-73,37,-20,40,23,70,-14,60,26,-3,78,65,29,109,24,16,0,62,105,50,-80,120,-17,157,-24,23,20,39,71,36,16,66,-99,66,-30,97,-66,55,13,78,-44,56,10,104,-25,75,39,112,-20,119,-212,98,-69,64,-7,138,-51,145,89,156,52,26,71,-20,31,30,37,154,57,24,114,105,98,23,115,73,32,-12,-4,-26,73,32,36,-12,-10,23,36,15,99,-21,7,31,83,0,18,34,60,-2,8,28,85,-24,110,24,45,34,-41,20,24,185,34,44,29,-11,28,20,-19,57,-74,78,-31,-90,-85,-25,-67,19,-33,-25,-187,71,-45,-75,-128,7,-183,134,-96,-31,-91,45,-57,70,20,54,-29,17,-173,-25,-142,62,-76,-54,-109,-33,-53,61,41,53,-60,63,-101,-28,-42,-80,-51,68,-84,-19,-86,13,-18,-43,36,-113,-134,-58,-2,2,-2,0,-23,38,16,78,-21,2,2,40,-82,153,-107,40,-28,-100,-82,65,-90,31,-23,-91,116,-174,-22,-70,-58,-11,-157,60,-52,-7,-58,-53,59,-162,-176,-76,-183,137,-140,-33,-61,-79,5,-101,59,-105,-11,-54,-36,-30,-187,-25,-116,-108,-39,-69,-226,-27,-50,43,-388,20,-7,-45,-33,-21,8,-169,100,-56,-39,-140,-80,33,-19,-47,19,-333,-111,-141,-37,30,-253,-82,-112,9,-106,-53,17,-98,132,-138,-5,-97,-86,-42,-103,-10,-71,-81,-80,17,-76,-31,-38,-104,-40,-37,-72,-238,-99,-67,29,-150,-17,-74,-34,-35,-95,-13,-56,47,-68,-110,-55,34,-105,-3,-98,30,-22,33,-38,-16,-49,42,-62,-24,-73,15,-94,100,-84,6,-71,45,-22,51,-36,2,-86,92,-46,20,-59,26,-124,-28,-36,15,1,69,45,103,41,36,-2,29,0,-1,-3,62,-77,180,-79,105,18,132,-59,42,-33,97,-136,144,13,63,67,33,15,87,-24,64,95,37,-39,111,10,117,-26,37,11,60,-31,36,4,94,-231,72,-98,-33,-20,44,-321,189,-82,121,-79,54,-28,49,10,38,-50,11,14,80,-124,166,10,69,-36,16,0,68,-25,3,-36,-42,-37,31,-51,-12,9,38,-39,35,18,43,-73,8,-36,57,-65,15,-40,38,-35,1,-24,-48,-30,12,-38,-35,-19,35,-104,-21,-151,36,-93,-59,-18,-71,-43,-19,-191,-4,-61,36,-113,-6,-61,-51,-53,131,-42,-40,-68,6,-23,-126,-55,-66,29,-69,-92,-114,42,-66,26,-112,-24,-14,-38,63,-69,-55,0,1,-12,-10,-22,-82,2,-87,35,-36,-2,-31,-53,-2,-24,-56,-80,27,-22,-55,-72,13,-81,-31,-36,-80,-60,-51,39,-125,-69,-58,-30,-3,-54,50,-22,-1,-113,-3,-67,-33,-35,-163,7,-28,23,-96,49,-54,-123,-195,-23,-17,-53,12,-73,-110,-55,-20,167,-231,17,-227,-17,-289,-74,-209,142,-132,177,-100,89,32,175,5,204,-258,293,-57,24,-75,-219,-122,-40,-148,52,-432,-50,-233,55,-359,-161,-414,-127,-169,-206,3,-149,-38,-98,-68,-197,-270,14,-85,140,-70,52,-104,-129,-106,-113,-164,-389,-198,-9,-167,27,-51,28,8,-20,29,70,-44,29,28,5,-26,-37,-32,88,-87,0,-86,61,14,128,-35,21,24,87,10,13,-34,56,-16,14,-29,58,4,154,-57,54,95,20,-30,83,19,-18,-51,16,-21,66,33,-21,-81,14,-37,-55,-47,-9,-71,-58,-87,11,-31,-57,-44,-8,-230,-56,-90,-84,18,-151,-119,-73,13,-82,-102,-54,20,-37,-16,-37,-75,24,-83,-30,-26,-187,-9,-140,-64,-75,20,-98,-67,-125,-157,-139,-53,-71,-165,-22,-9,-6,-85,47,-94,-126,-29,-159,-104,10,-99,-85,-74,-24,-55,-119,-68,-17,-125,-127,-185,-19,-144,-145,27,-6,-45,44,-96,-195,8,-199,142,-115,-22,-32,-37,-79,-19,-90,27,-42,39,-75,-52,3,-58,-41,-22,-27,-138,94,-60,7,-110,53,-161,86,-136,100,-239,158,-85,119,-154,10,-145,95,-207,-14,-351,-86,-75,-86,-235,-157,-164,-149,38,-143,-61,29,-108,-77,-23,-152,79,-86,-103,-20,-122,-172,-98,67,-113,-33,-70,-191,-38,-134,85,-181,-132,-110,146,-48,19,-67,-52,-33,-99,-225,-267,-188,-5,-70,-50,-54,-143,-10,-125],[-103275,91900,11,222,33,219,54,215,75,209,96,201,114,190,133,178,150,165,166,149,179,132,192,114,201,95,211,75,216,54,221,32,223,11,223,-11,221,-32,216,-54,211,-75,201,-95,192,-114,179,-132,166,-149,150,-165,133,-178,114,-190,96,-201,75,-209,54,-215,33,-219,11,-222,-11,-222,-33,-219,-54,-215,-75,-209,-96,-201,-114,-190,-133,-178,-150,-165,-166,-149,-179,-132,-192,-114,-201,-95,-211,-75,-216,-54,-221,-32,-223,-11,-223,11,-221,32,-216,54,-211,75,-201,95,-192,114,-179,132,-166,149,-150,165,-133,178,-114,190,-96,201,-75,209,-54,215,-33,219,-11,222]]]
2417988	r	-9.9458,7.7414,-8.44,9.1949	[[[-99458,86707,13,-198,55,-76,129,-11,96,-60,187,-176,68,-98,11,-89,-35,-74,24,-135,88,-106,-49,-147,-225,-65,16,-70,96,-71,25,-76,-69,-106,41,-84,-18,-74,104,-8,7,-32,31,-13,37,45,189,-4,28,25,66,4,62,-60,13,-48,32,-13,6,-29,-28,-23,34,3,52,102,66,9,-10,66,89,-5,41,20,126,-16,153,63,9,84,-67,27,0,69,-43,-13,-1,20,58,94,90,-26,105,168,61,19,4,-1,5,1,56,-21,1,-3,132,-49,74,-88,125,-53,10,-5,39,-44,-13,-110,-11,-8,-4,-3,-27,-19,-13,9,-8,6,-74,-13,-37,-22,-3,-31,2,-5,18,-62,78,-277,30,-28,-41,-122,6,-80,125,-135,39,27,2,144,8,68,6,-7,13,-54,-26,-132,45,-12,36,30,32,87,36,7,46,54,-32,85,37,189,59,29,85,0,200,-92,130,-131,54,-214,-83,-119,-131,-91,-94,-128,-14,-181,89,-28,150,34,173,5,80,-10,86,11,74,36,48,66,31,35,61,30,61,-43,128,-178,501,-210,176,-125,71,-76,53,-27,-124,-74,-41,-17,-67,-37,-62,-50,-109,-111,92,-86,51,-106,39,-110,56,-100,48,-43,16,-45,-16,-46,-48,-44,-98,-158,-65,-285,18,-268,145,-106,243,-49,99,-53,33,-119,1,-115,182,-725,-21,-104,-109,-180,-14,-116,120,147,18,14,2,-18,39,3,39,68,29,13,86,-9,116,-137,52,-107,18,-104,-23,-100,-71,-92,-14,-31,-3,-10,-92,-160,2,-142,-36,-122,-24,-423,6,-25,125,101,9,-11,-52,-234,39,-134,44,-15,-19,-53,10,-111,32,-13,28,-80,90,-71,8,-114,64,-17,41,-55,35,-7,16,-114,71,-104,76,23,57,56,23,-51,29,-11,1,-36,50,-25,34,-84,-16,-111,51,20,27,-16,14,-109,-26,-43,43,-89,38,-16,44,-64,28,49,45,-32,61,47,-4,-61,77,-54,61,53,77,19,25,84,-36,83,63,20,18,34,52,180,-23,44,23,73,98,60,-22,44,55,40,7,42,217,68,51,40,-9,30,80,-2,23,17,-11,40,144,104,36,63,99,44,22,42,135,96,79,128,48,-2,13,110,53,56,66,21,41,69,-2,52,34,11,-31,23,26,32,-2,124,57,39,99,1,38,27,52,-42,47,123,108,93,1,107,99,50,13,61,87,67,-9,43,138,70,-19,120,57,20,7,27,-39,42,11,17,54,14,38,41,8,62,172,46,120,91,-44,112,75,111,63,59,139,21,14,35,53,-73,39,-14,35,23,-25,59,64,70,67,-8,43,-34,22,57,42,-32,1,63,-74,-17,7,37,27,8,-52,50,13,24,-29,58,47,18,-59,53,36,72,21,-23,79,9,-7,63,76,54,-42,49,32,32,23,2,19,-42,74,40,102,6,8,66,41,7,-21,84,19,29,-39,20,14,44,-16,17,-53,-9,-36,82,-41,19,63,175,40,-10,35,161,-40,-16,109,68,82,105,-24,7,-5,88,59,32,6,-39,24,0,61,241,27,-15,24,32,11,-25,22,32,63,-5,4,19,32,-20,23,18,-17,72,-16,-4,79,78,-5,253,61,223,149,136,73,108,8,46,4530,3660,-39,236,-156,664,-199,652,-241,638,-282,620,-323,601,-361,579,-399,554,-172,209,1,-4,-77,-47,-26,-86,-33,10,28,-54,-96,-7,-19,20,-16,-34,38,-28,-55,11,-93,-23,-6,-77,-95,-150,-52,-35,-33,-175,-19,-8,-10,-207,17,-19,50,19,-83,-42,5,-45,-39,-23,0,-63,22,-23,-32,-19,18,-92,-33,44,-24,-57,44,-24,-26,-99,28,-16,-14,-37,47,31,44,-34,-58,-18,75,-92,-14,-33,-80,-4,-55,-226,16,-54,210,-291,15,-241,-216,-213,-742,-247,-213,-273,-180,-352,-502,-400,-672,-397,-23,-142,31,-205,73,-48,33,-156,98,12,-6,-199,146,-36,-52,-75,55,-72,-28,-250,-1590,-695,-546,-124,-872,-4,-633,169,-726,453,-250,194,-621,-231,-375,79,-430,292,-517,235,-367,-49,-450,1013,-42,474,-125,111,-250,13,-741,-224,-386,15,-474,-108,-234,-105,-63,-223,-121,-127,-101,-22,-25,-133,-156,-249,-47,-285,-115,-306]]]
2420884	n	-13.8083,10.2721,-13.4008,10.5961	[[[-138083,103700,11,-222,33,-219,54,-215,76,-209,54,-114,105,172,2074,12,92,187,12,110,-46,99,20,78,171,168,96,9,118,89,140,230,28,2,19,35,-43,210,-131,225,53,164,71,69,133,46,24,51,0,107,67,55,37,4,95,-65,100,21,41,138,107,88,97,15,84,-19,74,29,30,-46,105,11,38,18,28,62,8,4,-27,35,-151,165,-166,149,-180,132,-192,114,-202,95,-211,75,-218,54,-221,32,-224,11,-224,-11,-221,-32,-218,-54,-211,-75,-202,-95,-192,-114,-180,-132,-166,-149,-151,-165,-133,-178,-115,-190,-96,-201,-76,-209,-54,-215,-33,-219,-11,-222]]]
2422924	r	-15.0758,9.8092,-12.5685,12.6756	[[[-150758,108696,64,-202,525,-674,148,-66,392,-68,87,20,51,45,11,53,90,124,479,153,233,180,362,935,94,-5,59,-1120,273,15,228,136,50,-190,-189,-195,-228,-185,85,-423,257,-327,452,-122,79,-199,176,-253,763,-266,-70,111,13,182,122,558,79,141,109,-60,62,0,19,149,76,78,83,42,39,47,130,447,41,81,201,397,139,55,77,135,13,160,-55,134,39,46,98,146,-197,-57,-27,-78,34,-111,-22,-157,-335,-232,-40,-41,-133,-101,-13,-10,-169,-251,-140,-269,-116,-324,-137,-216,-282,-337,-282,-245,-137,-51,-59,122,20,155,56,110,87,72,111,41,-75,16,-60,-2,-61,-27,-78,-55,-136,131,124,398,78,171,107,157,62,58,141,93,68,57,53,78,27,70,19,24,-52,20,-81,46,-133,-170,-451,-345,-117,-170,-116,-373,-139,-114,-97,194,-127,125,-101,137,-23,233,135,-5,116,91,92,135,67,126,48,131,32,151,7,77,177,105,203,95,211,75,217,54,222,32,224,11,39,-2,7,-9,42,115,96,201,115,190,134,178,150,165,167,149,180,132,186,111,3261,-2676,-65,-180,-96,-201,-115,-190,-134,-178,-150,-165,-167,-149,-180,-132,-192,-114,-203,-95,-211,-75,-218,-54,-222,-32,-224,-11,-39,2,-8,11,-42,-117,-96,-201,-115,-190,-134,-178,-150,-165,-166,-149,-180,-132,-193,-114,-203,-95,-167,-59,-16,114,4,255,50,229,99,125,6,7,-4,0,-160,-14,-110,-75,-92,-99,-112,-85,-136,-49,-171,-26,-35,6,-45,-43,-59,-16,-107,14,18,-81,78,-30,123,58,86,7,307,-149,394,-352,160,-212,554,-559,67,-170,46,-230,-100,-350,-46,-58,69,-111,-11,-101,27,-29,-23,-46,73,-112,20,-116,134,40,109,137,72,30,125,-49,101,111,116,32,202,-55,180,-88,-2,-20,77,-16,238,-165,-14,-71,101,-101,35,34,277,-210,360,-116,-60,-93,-4,-62,131,-182,98,-88,375,-166,45,-84,155,-155,113,-101,172,-101,-48,-95,98,-37,47,85,103,-13,223,113,200,47,128,-111,47,-234,318,-267,-13,-56,26,-12,63,92,313,-221,96,-44,69,-24,237,16,-13,-87,27,-64,710,-517,61,-45,208,-197,180,-274,45,-69,260,-126,63,-9,85,29,49,-102,10,-147,76,-54,99,24,33,-23,101,212,241,180,174,202,129,339,105,372,-72,139,0,63,38,46,111,21,30,27,-3,150,-851,139,-1616,995,-75,442,1025,626,411,675,-54,114,-76,209,-54,215,-33,219,-11,222,11,222,33,219,54,215,76,209,96,201,115,190,133,178,151,165,166,149,180,132,192,114,202,95,211,75,218,54,221,32,224,11,224,-11,221,-32,218,-54,211,-75,202,-95,192,-114,180,-132,166,-149,151,-165,27,-35,82,38,59,61,53,-9,17,139,-70,598,606,545,-539,507,-307,-184,-292,338,352,486,-225,353,-740,7,-1527,-1184,-524,603,-1822,197,-699,-561,-540,649,784,1115,442,280,-73,43,-181,132,-166,149,-151,165,-134,178,-115,190,-96,201,-76,209,-55,215,-33,219,-11,222,11,222,33,219,55,215,76,209,96,201,115,190,134,178,151,165,166,149,181,132,192,114,203,95,212,75,218,54,222,32,224,11,224,-11,29,-3,82,26,507,57,463,-73,208,168,347,169,332,141,254,66,192,-115,203,84,394,-143,211,-134,132,-25,164,27,181,-29,251,3,192,43,281,-184,159,122,56,-41,9,-36,38,11,94,-113,13,-145,-30,-82,6,-83,-80,-8,-23,-30,3,-165,30,-96,20,-40,6,-5,28,-23,25,-9,60,-63,17,-185,24,-31,-64,-66,93,-60,35,3,-27,-63,25,-30,-7,-48,-36,-57,-17,-110,79,-51,-4,-92,46,-12,16,-50,-10,-103,78,-51,70,-213,49,-33,13,28,34,-12,87,30,88,62,74,-25,1,-9,7,-3,3,-1,48,63,109,28,22,68,52,28,73,-130,79,109,48,-37,199,116,33,62,79,-32,59,24,22,49,49,-27,112,7,14,-26,64,67,1,0,1,1,5,-3,72,-31,7,1,11,3,74,57,21,-35,7,0,53,75,125,16,40,-26,66,67,90,11,74,49,185,-22,76,43,76,96,33,-25,103,181,52,-2,2,3,5,68,-97,151,102,128,42,125,105,157,130,108,146,-16,97,92,17,171,-108,258,50,282,55,73,246,54,152,249,91,68,89,136,199,2,113,68,119,114,343,141,56,197,89,45,8,-19,53,2,-9,26,58,-14,-22,55,35,-35,48,23,-20,-27,27,-6,13,37,-31,62,9,25,-41,18,55,25,-69,60,23,27,-17,16,22,77,36,29,-25,18,27,9,28,-39,50,21,69,-15,15,59,-16,19,48,14,7,32,21,-8,81,158,102,-5,32,43,45,14,5,53,9,-22,57,19,7,50,63,23,-27,-2,-35,74,-55,19,-7,66,-45,4,-31,53,66,19,2,39,-32,21,49,5,3,73,60,66,-4,53,-45,-5,-63,105,-44,10,-32,-62,-63,-2,-31,-40,-37,86,-42,-28,-33,60,-86,-8,1,32,-51,45,-50,-34,-6,97,-64,-6,-4,62,-52,17,-33,52,14,115,-77,7,-2,28,52,29,-41,33,-86,16,39,74,-8,49,-44,9,-96,-35,-74,-67,-75,99,-90,39,-33,50,4,89,316,152,25,184,54,144,-168,200,-41,214,52,196,-55,189,324,51,2,203,39,230,100,225,-209,183,-195,119,30,191,87,238,-178,166,-247,59,-83,149,-70,421,148,89,-4,144,121,187,-95,255,35,98,-122,115,-43,148,4,187,65,161,44,234,126,276,34,208,200,76,165,-42,187,-102,200,89,391,476,313,237,104,34,291,-72,387,115,126,93,40,111,5,-4,3,7,-170,234,21,147,-138,-34,-71,39,-93,171,-130,99,-426,55,-960,-79,0,49,59,63,-1,39,44,20,-10,49,52,122,-63,8,-86,65,-116,-10,-123,115,-104,-62,-145,-14,-76,45,-75,96,-154,14,24,71,88,83,-5,85,-122,-3,-31,44,-74,34,-72,1,-59,42,-41,1,-34,77,-50,28,34,68,-4,49,-82,1,-53,37,-92,-56,-66,13,-54,-51,-88,-23,-39,13,-35,-45,-76,-6,-34,-37,-80,-86,73,-52,13,-44,-30,-51,46,-49,-54,-322,-196,-6,-61,-81,-39,-7,-105,45,-21,-28,-86,59,-36,66,-182,13,-16,20,-53,-16,-32,22,-94,-46,-41,31,-205,21,-74,84,35,109,8,141,-69,168,52,82,41,-6,60,54,-5,173,101,105,7,118,-32,63,25,94,-33,4,2,61,-55,57,45,26,-7,73,-68,22,-91,78,38,86,-66,-17,-52,28,-35,-46,4,-44,-130,-25,-1,-47,-45,-31,-16,42,-32,-25,-42,9,-46,69,-12,18,-105,-13,-8,68,-73,-42,-84,71,-11,-121,-93,79,-100,20,-10,-78,-67,25,0,-55,-41,61,-4,6,-29,3,0,-40,-59,-86,-94,98,-22,23,-95,50,-57,1,17,78,-37,22,-50,-39,-57,10,-18,-35,-16,-31,-63,-44,-110,103,-76,-40,-102,61,-120,-29,-19,48,-62,-11,-42,29,-86,-39,44,-83,-20,20,-191,-17,-30,21,-94,-49,-125,26,-7,56,36,36,-28,49,-40,-10,-38,-60,-58,70,-1385,155,-2245,17,-14,-677,246,-522,135,-356,120,-3,48,-67,20,-81,73,-74,37,-77,51,-254,16,-343,-122,-26,-74,-47,-11,-59,-98,-98,-17,-65,32,-151,65,-131,60,-53,-24,-54,9,-48,-50,-28,-84,-108,97,-194,-16,-40,-41,-59,-105,-58,-85,45,-41,-13,-38,-139,-97,-59,-99,-313,-91,-114,-36,-15,-96,5,-131,221,-154,70,-50,-22,-53,-80,-55,-146,-245,-7,-71,103,13,33,118,81,1,164,-43,76,-35,-14,-77,-197,-142,-185,-51,66,-25,189,-63,13,-179,-32,-91,-61,120,-123,-47,-206,-621,-77,-67,-209,-76,-99,-234,-36,21,-134,-31,-63,38,-15,2,-46,53,-68,-8,-83,26,-53,90,-91,91,52,220,-57,105,4,79,-51,128,-28,35,-121,8,-149,350,-100,66,25,157,-59,77,-84,-3,-111,60,-16,32,-67,3,-20,-75,-17,-2,-34,76,-10,79,-124,144,-67,93,-102,146,-23,202,-99,58,-7,30,21,134,-19,122,-104,-97,-529,-14,-332,-53,-418,73,-480,-18,-328,27,-28,-19,-9,7,-146,21,-4,24,-103,-81,-109,-17,-66,28,-26,0,-430,-97,-41,-23,25,-69,-11,-86,-100,-123,-65,-71,15,-39,-53,-70,11,14,29,-23,-44,-54,-22,12,24,-18,12,-28,-28,-14,29,29,12,-25,48,-60,-51,-53,57,-102,17,28,37,-35,-1,4,31,18,29,21,-31,5,38,-57,31,73,25,3,46,-32,32,-73,-30,12,-28,-29,-27,-17,10,-8,-19,-31,31,-47,-52,-56,16,23,-19,-26,-15,-38,65,-48,21,23,50,-56,2,-10,72,100,34,-4,61,-39,36,-1,-28,-26,2,-7,56,-24,-15,1,23,-49,1,-32,32,-72,-50,-56,68,-3,-30,-37,-7,13,-37,-48,10,28,-57,-46,-53,41,-20,5,-57,44,-21,57,93,36,-66,-7,-37,-34,15,-5,-23,44,-12,-46,-42,-38,1,30,-34,-53,-51,41,-27,-36,-22,4,-43,-24,7,-11,-92,-30,-2,-25,37,-25,-157,-36,-62,14,-45,-42,-45,-45,27,-101,4,-176,80,-27,49,-98,49,-41,48,-81,-90,-26,-153,-35,-58,-521,-132,-259,94,-262,34,-39,-91,-125,26,-125,-116,-90,-26,-42,-77,-67,37,-145,26,-79,111,-73,-7,13,44,-113,67,-61,108,-441,-82,-257,160,-167,-39,-135,32,-89,-70,-65,-7,-53,18,-113,111,-86,-121,-30,2,-58,31,-52,7,-107,-57,-78,-87,-116,-240,-67,-99,-127,-100,-931,-500,-886,-477,-414,-73,-831,95,-414,-44,-243,-131,-179,-196,-992,-1432,-150,-376,-49,-193,290,-239,-132,-312,-52,-203,-744,-1325,-199,-265,-45,-103,4,-68,-182,-147,-36,-347,-445,-214,-193,-241,-182,-77,-59,-98,-284,-222,-18,-222]],[[-146672,105152,40,-171,-15,135,2,41,-27,-5]],[[-146626,104726,9,-77,53,-58,5,-48,91,43,-15,48,20,135,233,-26,7,7,-67,13,-84,114,-69,0,-69,-126,-66,45,-33,98,26,-111,-41,-57]],[[-146207,106058,100,-127,-2,3,145,103,-231,6,-12,15]]]
13562381	n	-14.6154,10.5739,-14.1823,10.9991	[[[-146154,108750,432,-616,133,101,40,41,335,232,22,157,-34,111,27,78,197,57,-98,-146,-39,-46,55,-134,-13,-160,-77,-135,-139,-55,-201,-397,1467,-2086,8,-11,39,-2,224,11,222,32,218,54,211,75,203,95,192,114,180,132,167,149,150,165,134,178,115,190,96,201,65,180,-3261,2676,-186,-111,-180,-132,-167,-149,-150,-165,-134,-178,-115,-190,-96,-201,-42,-115]]]
2416085	n	-13.9989,10.9077,-13.7448,11.3261	[[[-139989,111000,11,-222,33,-219,55,-215,76,-209,96,-201,115,-190,134,-178,151,-165,166,-149,181,-132,73,-43,1002,634,-311,831,599,467,19,107,60,68,22,104,-18,69,35,65,-47,42,12,200,-35,88,-67,-27,-53,101,-222,26,30,29,-13,77,102,71,-17,64,61,42,-45,115,-44,43,-46,-5,-14,74,-25,17,-36,-20,-8,63,-82,65,-65,12,-20,48,-259,12,-16,121,74,28,159,159,-9,186,224,100,330,36,173,57,-28,4,-224,11,-224,-11,-222,-32,-218,-54,-212,-75,-203,-95,-192,-114,-181,-132,-166,-149,-151,-165,-134,-178,-115,-190,-96,-201,-76,-209,-55,-215,-33,-219,-11,-222]]]
