264371	r	23.2916,37.7186,24.0806,38.2853	[[[232916,379779,382,26,791,-62,206,62,-342,74,166,65,381,270,105,41,104,23,237,11,52,21,51,47,66,47,103,21,380,0,84,18,64,25,67,-5,93,-75,29,-69,44,-108,-67,-109,-23,-39,-359,-258,78,-77,103,-41,122,-16,144,-2,106,-40,0,-6,-17,0,-35,-35,16,-3,21,18,41,-17,22,4,1,-1,2,-9,-17,-4,19,-7,-13,-3,-27,10,-6,-9,15,-6,-12,-7,-37,14,-25,-14,47,-19,32,-3,-8,-6,-9,6,-13,-2,-10,-39,-93,-3,93,1,1,-13,-11,-1,7,-6,9,5,25,-6,56,13,30,31,23,0,56,-37,88,29,1,-39,-40,-35,-9,-11,3,-6,24,3,34,35,2,37,43,0,-2,-19,-10,-1,-18,-20,19,7,1,-2,-25,-24,-96,-34,-1,-5,-17,-6,4,-14,-18,1,9,11,-9,-4,-14,-33,-13,1,-12,21,13,-29,23,-9,34,5,1,-3,-13,-18,4,-11,19,-21,14,9,1,-19,17,-7,38,-1,9,13,12,2,11,-11,35,8,34,24,29,9,-22,10,21,21,-9,21,-21,4,2,3,40,15,2,-20,-9,-7,4,-19,11,0,0,-7,2,12,19,13,63,-5,5,9,22,6,-11,4,-14,-7,-8,12,15,14,13,-5,0,-11,26,15,-8,3,-19,34,3,1,13,-27,10,0,-3,-8,21,20,36,-3,-8,5,11,21,-3,-11,14,-5,-11,-19,-11,4,10,-5,-3,-5,-12,-14,-22,5,26,-7,36,56,1,14,27,5,52,9,31,-12,-21,-50,52,-33,-15,14,10,11,23,-8,-8,-12,-8,3,11,-8,12,18,-10,-21,10,-8,63,49,2,-1,16,-6,35,-143,35,-40,110,-129,149,-173,201,53,111,-10,0,2,-13,8,24,39,5,34,62,25,58,43,60,17,73,4,148,-7,-20,-28,20,-58,13,-26,40,-21,22,-59,-23,-14,2406,-210,-22,4,27,29,41,46,-143,-2,-12,2,-99,22,-89,49,-13,11,-59,55,305,89,42,53,-31,104,-89,65,-116,28,-111,-5,42,122,-14,111,-26,98,-2,86,49,101,134,214,27,94,-45,84,-96,105,-95,139,-42,187,-149,428,-10,205,488,211,154,16,62,-140,16,129,31,109,59,77,106,32,-111,75,-15,74,30,75,9,36,-45,-27,-13,16,-122,135,-133,129,-143,121,-153,113,-162,106,-170,96,-178,88,-185,78,-190,69,-30,9,-872,-1244,41,-26,7,-16,3,-59,-61,-42,-7,-23,-80,-49,-7,-41,19,-93,-20,-48,5,-28,19,-24,-10,-1,4,-11,-29,-14,-6,-12,-19,0,-17,-9,0,-14,-19,-4,-20,-19,-17,-7,-13,4,-22,-32,-41,17,-11,-12,-24,-12,-15,0,-20,-15,-19,5,-20,-17,-25,-1,-206,-295,-223,-102,-7,-18,-30,-38,-18,-3,2,-20,-18,-1,-24,-20,-3,-10,-5,12,-20,-9,-2,6,-54,17,0,2,-35,-16,-172,63,-2075,1584,-18,-10,-207,-149,-188,-165,-167,-178,-144,-190,-119,-201,-73,-161,-404,184,-101,-97,-125,-139,-114,-145,-102,-151,-88,-156,-76,-160,-63,-164,-49,-166,-35,-169,-20,-162],[237101,380049,0,1,2,0,-2,-1],[237144,380077,30,23,-2,-2,-3,-2,-25,-19],[237670,380228,15,45,-4,-13,-11,-32]],[[234021,379060,63,-74,130,-56,310,-76,147,-12,144,55,105,104,93,60,107,-75,62,0,35,154,218,149,-42,106,342,130,-273,0,-6,51,15,13,-62,34,-60,59,-22,69,-8,54,50,75,-64,66,-123,45,-229,28,-90,-7,-81,-24,-77,-47,44,-42,0,-5,-22,-15,-22,-74,-89,52,-101,26,-107,5,-113,-9,147,-87,132,-56,-354,-136,111,2,187,-60,87,-17,87,28,76,58,88,52,121,6,-57,-106,-103,-146,-132,-97,-290,76,-166,-66,-140,-111,-68,-97,0,-62]],[[234245,377618,7,-41,2,-6,124,-92,163,-107,171,-97,179,-88,1,-1,635,534,-65,24,-1088,-56,-118,-6,-11,-64]]]
734077	r	22.679,40.5569,23.3034,40.7905	[[[226791,405569,961,195,31,17,13,-8,686,140,24,21,81,119,24,153,-34,90,-1786,-727]],[[228976,406459,25,-3,3,-35,13,-4,-6,29,14,-2,3,-6,-11,1,8,-8,0,-22,36,-30,-6,-52,33,4,17,-6,21,6,7,58,21,-5,15,-32,20,-5,-11,31,19,-4,18,-26,23,-4,-17,27,12,0,15,-9,7,-10,14,-2,69,-41,122,-197,47,10,-2,-17,-11,-3,10,-10,-16,-98,-2,-6,-19,-5,7,-17,11,3,6,-13,-15,-4,6,-12,-12,-5,11,-7,-14,-13,8,-5,26,19,41,-33,34,24,24,-26,26,19,75,-50,-2,-4,4,-2,18,26,-6,1,8,48,39,13,-8,11,34,13,-4,13,22,36,-18,16,24,26,-4,14,18,11,-11,10,12,2,6,15,-18,12,4,4,60,-20,20,26,-53,22,-7,33,3195,651,-26,123,-57,184,-71,181,-87,177,-103,172,-116,167,-50,61,-3406,-1388,-57,14,-9,-13,6,-3,-24,-25,-20,23,-19,7,5,-52,-24,-9]]]
255683	n	21.4513,38.0239,22.016,38.4761	[[[214513,382003,50,-159,95,-209,120,-201,144,-190,167,-178,189,-165,208,-149,225,-132,241,-114,254,-95,264,-75,272,-54,278,-32,280,-11,280,11,278,32,272,54,264,75,254,95,241,114,225,132,208,149,189,165,167,178,144,190,120,201,95,209,68,215,41,219,14,222,-14,222,-41,219,-68,215,-9,19,-103,13,-145,48,-125,63,-96,68,-94,-44,-95,-17,-215,-1,-660,108,-90,-77,-763,-378,-227,-261,-402,-644,-265,-256,-325,-176,-200,-73,-193,-30,-791,142,-499,300,-143,42,-84,1]],[[214574,383180,118,-51,69,-68,55,-10,128,-5,141,-24,93,-64,61,0,115,182,642,370,139,-60,136,31,145,63,164,35,583,0,267,-201,195,-94,92,52,29,190,76,111,490,330,93,22,57,-36,50,-73,49,-71,80,-32,151,3,93,18,405,231,83,25,-51,45,-208,149,-225,132,-241,114,-254,95,-264,75,-272,54,-278,32,-280,11,-280,-11,-278,-32,-272,-54,-264,-75,-254,-95,-241,-114,-225,-132,-208,-149,-189,-165,-167,-178,-134,-177,110,0,-98,-54,-39,-15,0,-74,41,-14,96,-55,-61,-77,-10,-44,24,-34,47,-43,0,-74,-137,69,-147,104,-40,-88]]]
255274	p	264371
258576	n	22.1284,39.4039,22.7116,39.8561	[[[221284,396300,14,-222,42,-219,70,-215,96,-209,122,-201,148,-190,170,-178,192,-165,212,-149,230,-132,245,-114,259,-95,270,-75,277,-54,283,-32,286,-11,286,11,283,32,277,54,270,75,259,95,245,114,230,132,212,149,192,165,170,178,148,190,122,201,96,209,70,215,42,219,14,222,-14,222,-42,219,-70,215,-96,209,-122,201,-148,190,-170,178,-192,165,-212,149,-230,132,-245,114,-259,95,-270,75,-277,54,-283,32,-286,11,-286,-11,-283,-32,-277,-54,-270,-75,-259,-95,-245,-114,-230,-132,-212,-149,-192,-165,-170,-178,-148,-190,-122,-201,-96,-209,-70,-215,-42,-219,-14,-222]]]
255524	p	264371
261745	n	24.8647,35.1039,25.4141,35.4245	[[[248647,353300,14,-222,39,-219,66,-215,91,-209,115,-201,139,-190,161,-178,182,-165,200,-149,217,-132,231,-114,245,-95,254,-75,262,-54,267,-32,270,-11,270,11,267,32,262,54,254,75,245,95,231,114,217,132,200,149,182,165,161,178,139,190,115,201,91,209,66,215,39,219,1,4,-59,45,-139,161,-182,144,-75,-75,-68,75,-153,-71,-147,8,-247,63,-552,-75,-304,0,-93,21,-68,45,-48,46,-34,25,-154,7,-285,-54,-464,-22,-298,20,-217,107,-83,252,17,63,36,53,22,54,-13,66,-58,15,-178,-22,-109,117,-475,95,-16,-87,-25,-33,-37,-23,-59,-62,-620,205,-62,-18,-36,-62,-91,-209,-66,-215,-39,-219,-14,-222]]]
261414	p	264371
265488	r	23.4806,38.0499,23.9273,38.3127	[[[234806,382314,2278,-1740,172,-63,35,16,0,-2,54,-17,2,-6,20,9,5,-12,3,10,24,20,18,1,-2,20,18,3,30,38,7,18,223,102,206,295,25,1,20,17,19,-5,20,15,15,0,24,12,11,12,41,-17,22,32,13,-4,17,7,20,19,19,4,0,14,17,9,19,0,6,12,29,14,-4,11,10,1,-19,24,-5,28,20,48,-19,93,7,41,80,49,7,23,61,42,-3,59,-7,16,-41,26,950,1356,-149,17,-431,145,-3887,-813]]]
736083	r	22.6261,40.3357,23.2777,40.6738	[[[226261,405424,25,-113,48,-160,39,-97,194,-168,30,43,63,24,93,9,-190,83,14,122,158,101,150,7,5,-47,114,-50,105,-62,81,-6,42,118,73,0,0,-75,62,0,0,143,75,-68,61,0,-78,176,34,148,127,126,166,86,-961,-195,-530,-145]],[[227796,405773,75,-44,86,-21,202,-2,-8,23,94,52,158,62,79,70,-686,-140]],[[228216,405021,93,-163,363,-319,2,-45,-14,-9,-27,1,-31,-9,295,-293,80,-164,-95,-157,393,22,173,-22,191,-68,470,-283,112,-155,127,22,206,48,200,58,196,67,189,78,182,86,174,96,166,104,157,112,146,120,136,126,125,134,113,139,101,145,89,149,76,153,62,157,48,160,35,162,21,163,7,164,-7,164,-21,163,-35,162,-48,160,-62,157,-66,132,-2699,-549,7,-33,53,-22,-20,-26,-60,20,-4,-4,18,-12,-6,-15,-12,-2,11,-10,-18,-11,4,-14,-24,-26,18,-16,-22,-36,4,-13,-34,-13,8,-11,-39,-13,-8,-48,6,-1,-18,-26,-4,2,2,4,-75,50,-26,-19,-24,26,-34,-24,-41,33,-26,-19,-8,5,14,13,-11,7,12,5,-6,12,15,4,-6,13,-11,-3,-7,17,19,5,2,6,16,98,-10,10,11,3,2,17,-47,-10,36,-58,-60,-112,-14,-51,-7,1,3,-6,-7,10,-22,-16,19,13,10,-8,-13,-9,-10,3,-4,-11,-18,-8,-17,-26,10,-19,-12,-21,14,12,12,-12,-7,-11,16,9,52,-34,7,5,-13,-14,15,13,7,-5,-13,-13,14,13,12,-8,-17,-11,9,4,10,-6,-5,-6,6,6,7,-5,-5,-6,9,9,8,-5,-13,-7,5,-3,16,12,19,-9,19,-28,9,1,5,-17,59,-33,1,-21,24,-2,25,-10,8,-11,13,-2,37,66,31,24,7,14,-5,11,17,-8,63,-179,-81,-103,-122,-73,-65,-88,-148,-91,-342,-52,-639,-28,-219,-71]]]
256429	p	264371
262036	r	23.4621,37.6584,24.0874,37.9125	[[[234621,376958,60,-66,33,-10,52,-32,75,-61,105,46,227,48,83,42,45,104,-5,116,25,108,141,82,-13,116,119,125,64,107,-105,37,-635,-534,-271,-228]],[[237270,378728,12,-24,4,25,21,11,23,-8,0,-19,19,1,6,-6,1,0,3,-8,-21,1,-16,15,-1,-14,42,-18,-4,-22,21,6,16,-7,14,-12,16,-37,13,2,-11,5,-5,20,16,1,2,-11,-1,-8,2,1,6,-46,2,-2,2,-11,-17,-6,-3,4,-3,-20,10,-6,42,-2,15,1,168,-145,44,-106,-63,-123,91,9,30,-26,8,-52,16,-68,76,99,106,-37,101,1,57,211,62,0,29,-55,33,-28,37,-20,44,-34,140,21,181,-104,160,-166,72,-167,99,49,38,26,108,-422,94,-185,138,60,69,0,-4,-373,67,-125,176,-48,158,-23,361,-118,135,114,150,146,127,140,-10,8,46,57,13,-2,0,-2,5,7,9,44,-9,31,-64,8,0,62,137,0,0,74,-137,63,225,190,43,112,12,215,-28,165,-76,94,-238,117,17,57,27,37,42,25,51,24,-51,54,-25,60,15,71,61,88,-150,53,-33,5,-2406,210,23,14,-22,59,-40,21,-13,26,-20,58,20,28,-148,7,-73,-4,-60,-17,-58,-43,-62,-25,-5,-34,-24,-39,13,-8,0,-2,-111,10,-201,-53,72,-84,-6,-5,2,-27,-8,-17,-27,-20,-62,-29],[237451,378574,18,-16,-13,4,-5,12]]]
251833	r	22.4969,38.9025,23.5086,39.7282	[[[224969,392656,4602,-3112,70,9,146,-20,58,10,77,53,45,38,36,31,69,74,45,71,74,203,42,72,89,66,325,137,84,75,0,62,-306,-24,-272,-69,-514,-242,-51,161,77,96,316,146,-47,53,-14,27,61,125,-157,146,-91,176,-122,170,-251,128,27,-69,42,-67,-34,-11,-23,2,-13,-12,1,-47,-154,137,-60,187,-37,195,-90,163,-69,-68,-49,115,-80,67,-51,-6,39,-108,-129,-99,-78,-106,-62,0,-278,622,-20,122,20,387,68,67,29,27,50,29,14,0,10,-11,31,-9,31,-3,21,5,19,18,34,4,-11,6,3,9,35,23,25,0,6,-21,36,-6,18,8,9,17,23,20,15,4,23,-14,10,3,3,27,8,3,35,-9,13,-11,-3,-26,33,27,11,-8,-6,-26,25,13,10,-5,16,8,12,-6,-3,-18,12,37,12,0,10,-12,-3,-19,19,0,40,19,12,22,30,-7,1,8,-5,-4,-10,6,7,18,-6,5,15,7,17,-1,-1,-18,20,-5,3,-7,16,24,20,-10,14,9,22,-3,16,7,9,-5,24,5,14,-9,43,15,55,5,36,-8,59,27,-1,12,12,1,17,14,23,-5,2,9,-14,11,-9,20,-21,0,-10,8,9,14,-28,5,-36,35,4,17,17,7,-17,24,-34,15,-18,-1,-22,83,10,32,7,-3,7,7,5,30,64,70,38,23,18,38,-10,12,0,9,1,3,-1,0,0,47,-36,49,14,5,-13,42,19,7,-12,-3,-3,5,14,3,9,-2,18,-17,-13,-25,12,-4,17,24,100,-39,-1,-8,9,-5,-6,-7,21,-11,-1,-8,10,-7,23,-9,10,4,1,-7,11,5,0,-7,11,0,-4,-6,12,4,6,-4,-2,7,9,4,39,-22,22,-3,38,3,38,24,29,7,31,2,3,-18,-1,18,10,2,3,-14,1,13,50,-1,58,-42,12,-42,34,-29,77,-1,12,-22,-3,7,3,4,4,-5,10,-26,-16,-31,-3,-27,22,-23,11,-45,-4,-36,21,0,41,-32,56,-1,102,-14,110,4,45,-18,24,-20,94,2,45,29,300,-21,173,-48,191,-105,168,-120,177,-164,108,-177,-44,-165,109,-99,259,-339,48,-109,-35,-115,-73,-110,-71,-57,-31,43,-52,24,-96,6,-58,-32,69,-94,-107,-111,-711,-304,133,417,2,128,-330,-119,-134,-92,54,-136,-117,-126,-94,-141,401,-84,234,-10,161,60,147,75,229,48,222,12,122,-32,47,41,59,39,73,34,87,22,0,62,-67,8,-43,19,-41,24,-54,23,149,53,191,46,380,44,196,53,320,230,105,52,-15,130,-501,764,-209,539,-475,357,-129,207,-852,751,-116,126,-123,304,-44,44,-29,23,-386,231,-510,162,-520,266,-134,106,-144,189,-232,593,-301,570,-36,124,-3713,-4626],[229373,393587,8,3,10,-32,-2,6,-16,23]],[[230097,389188,242,-163,345,44,386,70,380,90,372,109,361,127,350,146,338,163,322,180,307,196,39,28,-110,29,-131,13,-58,28,-147,134,-102,43,-261,-37,-523,-241,-210,-57,-617,0,-105,-32,-184,-140,-147,-39,30,-70,-1,-88,-35,-95,-70,-83,-88,-38,-205,-6,-116,-31,-22,-37,-44,-137,-36,-30,-240,-68,-20,-8]],[[233953,391461,90,30,103,7,107,-11,110,-26,83,-41,83,-85,76,-17,146,260,139,110,71,-43,125,215,-48,83,-170,118,-163,77,-123,-55,-135,-98,-109,-115,-43,-108,-60,-38,-128,-20,-120,-68,-34,-175]]]
256601	p	264371
8310138	p	264371
260204	p	264371
736291	r	22.5692,40.5394,23.2202,40.9302	[[[225693,406700,7,-170,22,-170,36,-168,51,-165,65,-163,78,-160,92,-155,105,-150,4,-4,108,29,530,145,1786,727,-37,99,291,78,145,-14,24,9,-5,52,19,-7,20,-23,24,25,-6,3,9,13,57,-14,3084,1257,-46,77,-105,150,-118,144,-130,139,-141,131,-153,125,-163,116,-172,108,-181,99,-190,90,-196,80,-203,71,-209,60,-213,49,-217,39,-220,27,-222,17,-223,6,-223,-6,-222,-17,-220,-27,-217,-39,-213,-49,-209,-60,-203,-71,-196,-80,-190,-90,-181,-99,-172,-108,-163,-116,-153,-125,-141,-131,-130,-139,-118,-144,-105,-150,-92,-155,-78,-160,-65,-163,-51,-165,-36,-168,-22,-170,-7,-170]]]
260172	p	264371
256575	p	264371
265243	p	264371
263986	p	264371
8358544	p	264371
265533	p	264371
256614	p	264371
261779	r	20.3747,39.2561,21.3452,40.0639	[[[203747,397867,230,-3272,10,-14,180,-225,199,-215,216,-204,233,-193,249,-181,264,-167,277,-154,290,-140,300,-124,311,-109,319,-93,326,-77,332,-60,337,-43,339,-26,341,-9,341,9,339,26,337,43,332,60,326,77,319,93,311,109,300,124,290,140,277,154,264,167,249,181,233,193,216,204,117,127,701,3584,-18,46,-120,248,-141,240,-160,233,-180,225,-199,215,-216,204,-233,193,-249,181,-264,167,-277,154,-290,140,-300,124,-311,109,-319,93,-326,77,-332,60,-337,43,-339,26,-341,9,-341,-9,-339,-26,-337,-43,-332,-60,-326,-77,-319,-93,-311,-109,-300,-124,-290,-140,-277,-154,-264,-167,-249,-181,-233,-193,-216,-204,-199,-215,-180,-225,-124,-179,67,-85,40,-174,-80,-200,-143,-114]]]
256075	p	264371
8310183	p	264371
252664	r	21.2488,39.07,22.161,39.9313	[[[212488,392922,71,-89,236,-255,256,-243,277,-229,295,-215,313,-199,329,-183,343,-166,357,-148,369,-130,379,-110,387,-91,394,-72,399,-51,403,-31,404,-10,404,10,403,31,78,10,3024,1877,-1325,6582,-6339,103,-9,-5,-227,-145,-257,-1311,-701,-3584,-263,-1346]]]
251948	p	264371
264194	p	264371
262135	p	264371
260133	r	22.981,38.197,24.2152,38.9293	[[[229810,384600,13,-319,40,-318,66,-315,92,-311,117,-306,143,-299,167,-290,191,-282,150,-190,139,4,168,127,131,-20,115,-97,789,19,2675,311,3887,813,-531,178,-112,20,-230,111,-571,-75,-149,6,-371,197,-420,505,18,23,-2,15,-60,15,-15,18,-244,95,2,7,30,-3,-18,6,13,31,-18,13,-26,6,-22,58,-5,4,14,17,15,-12,7,1,-8,29,11,14,-39,62,-13,5,17,21,-19,11,4,8,22,16,9,0,16,-2,37,-28,13,-2,10,7,5,31,11,3,9,8,5,-4,7,10,-2,-7,14,-2,-3,13,6,-1,18,-16,28,-48,41,-21,13,0,4,-8,3,-15,-24,-12,20,-34,-4,-49,13,-67,56,8,29,-19,17,-51,38,-24,23,-44,22,-20,1,-30,-24,-42,19,6,29,-19,1,-14,26,-28,-5,-10,15,6,3,-7,21,-4,18,21,19,8,50,-33,43,0,62,33,19,36,127,28,4,-1,9,3,20,5,10,-6,13,1,17,9,-5,3,53,12,76,7,45,-17,22,12,35,0,20,-5,3,-9,39,-6,43,4,555,-109,150,-4,305,56,193,16,143,-22,342,-94,201,-21,684,69,581,-35,33,61,69,-70,103,-168,-13,-21,-10,-66,16,-71,1289,385,-25,72,188,49,0,62,-196,209,39,345,184,327,86,54,-15,115,-42,202,-830,547,-54,95,5,166,46,105,87,87,105,61,102,27,-191,91,-634,176,-213,8,-230,-23,-231,1,-215,82,-176,-161,-188,-7,-202,61,-217,39,-483,31,-446,112,-393,145,-201,110,-88,120,-63,182,-158,125,-201,32,-192,-100,-107,53,-104,-53,-139,61,-284,43,-124,101,-75,-51,-61,-3,-27,40,27,75,0,76,-261,46,-432,293,-442,149,-182,178,-116,187,-7,108,-78,129,-112,310,-300,-72,-379,-112,-369,-132,-357,-151,-344,-168,-329,-186,-244,-158,35,-15,978,-577,229,-97,50,-43,97,-192,61,-44,96,-32,282,-241,249,-92,302,-148,93,-66,40,-73,31,-114,71,-42,71,-15,32,-33,39,-33,233,-147,30,-84,10,-176,34,-76,137,-87,213,-64,437,-53,161,-56,142,-135,122,-167,2,-9,-18,-36,12,-6,-1,-8,-5,-8,-19,3,-4,-9,11,-21,21,-2,8,-7,7,-21,15,3,7,-6,4,-61,-22,0,0,-75,4,-8,-5,-15,14,-3,-1,-16,12,-1,35,-65,-37,-43,-32,-15,-32,3,-16,-8,14,-3,11,7,17,-5,10,-11,2,-41,-34,-58,-15,-19,-135,-118,-9,-1,-2,20,-32,-3,-14,22,2,-22,-18,-14,7,0,3,-12,-20,-7,0,5,-11,-1,-2,7,8,1,-9,6,17,8,-341,272,-242,106,-23,-28,-25,23,-6,-15,-23,-17,-14,-34,5,-11,-6,-3,12,-13,-24,-29,-26,-20,-21,-13,-28,-8,-1,-9,-56,-33,-154,20,-3,17,5,5,-11,13,-15,0,-18,-23,3,-6,-337,45,-18,17,-47,0,-26,-4,-119,16,8,3,-28,1,-2,-1,-247,33,-101,-3,2,-14,-7,37,-41,36,-47,-12,-90,0,-22,-9,-39,-2,-11,6,-18,-3,-19,6,-13,11,-35,1,-24,8,-49,-3,-10,-4,-23,-30,-32,-12,-24,1,-12,-8,-27,7,16,29,-14,5,-11,-10,3,-31,-18,-26,-10,-4,-3,0,-156,17,-57,48,25,65,83,75,98,32,229,3,88,27,0,67,-142,52,-268,51,-108,71,-102,93,-122,65,-120,-4,-100,-116,79,226,132,98,146,55,122,98,24,122,-45,139,-102,130,-151,94,-189,54,-332,37,-162,45,-327,164,-181,33,-187,-66,87,-28,193,-103,-136,-125,-135,-15,-126,12,-112,-45,-119,-93,-98,-28,-190,15,-140,107,-233,590,-33,-41,-191,-282,-167,-290,-143,-299,-117,-306,-92,-311,-66,-315,-40,-318,-13,-319],[235735,384534,0,75,70,26,5,0,48,-13,32,4,-4,18,7,4,-7,-1,-4,17,19,15,-4,14,3,-11,95,48,-6,-24,-22,-6,-4,-15,-11,-2,-4,9,-13,-2,-8,-33,-31,-28,-4,-19,5,-54,6,-1,4,24,32,-6,0,-9,-9,0,-16,-14,4,-24,-35,-22,-1,-2,-23,10,-124,22],[236296,385108,1,12,7,-13,-8,1]]]
255377	p	264371
734330	r	22.9253,40.6103,24.0772,41.4643	[[[229253,411638,3784,-3525,1217,-1024,1371,-986,289,7,412,31,408,51,403,72,396,91,94,26,-71,76,-146,74,-230,56,-178,150,-85,217,53,260,137,162,210,143,224,111,552,174,328,30,122,-22,197,-35,343,-139,1460,5117,228,798,-11,14,-241,255,-263,243,-283,229,-229,163,-97,-73,-148,-8,-470,259,-81,8,-271,-188,-161,-59,-207,-40,-212,-18,-176,7,-150,-55,-22,-27,-205,-256,-162,-32,-328,57,-332,-2,-193,-54,-252,-191,-29,-14,-124,-61,-334,10,-660,257,-985,22,-190,-46,-304,-167,-179,-74,-212,-19,-104,76,-94,115,-185,98,-178,-9,-233,-76,-224,-107,-144,-104,-34,-77,-16,-182,-53,-97,-88,-69,-110,-47,-225,-51,-420,-36,-1157,135,-169,-239,-170,-286,-146,-294,-120,-301,-94,-306,-43,-198]]]
400666	r	27.1262,35.8769,28.2476,36.9079	[[[271262,365801,35,-106,104,-63,213,-28,132,1,234,78,81,188,-114,198,-89,88,-190,-6,-296,-150,-110,-200]],[[272002,368170,140,69,1092,248,324,145,-148,187,-495,99,-106,161,-153,-39,-104,-13,-65,-85,-346,-524,-139,-248]],[[272944,364355,25,-79,124,-74,57,-88,68,0,71,92,92,78,115,28,132,-62,-54,-148,74,-168,131,-114,122,15,92,-48,50,48,116,-32,123,49,105,93,60,100,-13,76,-15,30,-34,31,-178,-96,-211,15,-121,107,93,179,-151,55,-132,282,-127,72,-142,-61,-166,-116,-148,-42,-96,158,-36,-83,-18,-96,-8,-201]],[[275174,362309,15,-140,126,-52,190,42,180,-7,144,-26,195,43,77,-4,43,32,43,84,3,98,-25,47,-508,23,-170,-8,-150,-22,-72,-18,-91,-92]],[[276836,361528,8,-6,-5,-18,25,-10,-8,-14,9,-7,-1,-9,15,3,2,-9,16,-5,11,-14,11,1,6,10,30,-15,21,21,62,7,4,-5,11,7,6,20,12,-8,-10,-39,8,-23,7,3,-4,-7,9,-13,-5,-7,28,-9,26,12,-3,-7,-54,-67,15,-49,42,-38,-3,-4,-30,-10,-6,6,-22,-23,47,-37,-17,-28,5,-6,61,-9,38,5,32,-20,15,2,7,-21,21,8,54,-50,136,-84,103,-118,29,-224,-59,-248,-287,-700,-131,-145,65,-113,-6,-6,15,-11,-1,-8,9,-3,98,-168,24,-67,51,-15,1,0,1,-1,13,-3,13,-8,2,-3,4,0,100,-57,5,-11,23,-4,10,-6,-5,-5,12,2,53,-30,0,-19,25,-19,-6,-14,6,-16,8,2,3,-8,35,6,30,-23,4,-23,-8,-24,10,-7,61,22,16,0,10,-12,14,0,34,15,19,-4,22,-19,10,9,0,12,16,11,25,-11,38,15,4,14,9,3,-3,10,12,0,49,26,-4,11,21,11,-7,9,27,-1,31,15,-7,15,8,9,20,6,8,-6,7,4,13,-17,9,19,0,11,-14,-2,-6,13,10,18,27,27,41,21,37,19,29,22,31,11,18,1,18,-7,13,6,23,-7,19,-37,27,1,4,5,-29,13,-10,15,16,34,41,42,75,49,31,-2,6,-5,-10,-8,17,12,32,-12,8,13,-4,35,11,8,25,-5,-15,11,30,24,-5,27,82,104,99,99,24,8,42,-5,-2,23,11,26,291,462,151,195,111,94,175,89,32,-9,0,23,15,8,20,-3,4,17,204,105,235,70,207,-6,132,-33,1,-12,9,9,3,-1,10,-11,10,6,36,-9,0,-2,16,-12,12,-5,19,3,11,-11,5,11,107,-28,18,-10,25,-1,21,-5,1,-3,9,0,4,-1,0,1,2,-12,9,-3,0,-16,25,-1,10,6,-4,15,29,-8,-24,42,14,-4,-19,18,-2,-3,-64,110,-41,41,1,2,26,22,7,4,0,1,18,15,28,8,16,8,6,12,23,-3,11,-16,8,0,-8,21,11,9,1,16,-16,17,-8,-12,-7,1,22,23,28,51,2,1,1,4,8,14,16,50,12,-6,11,26,22,19,-45,4,-13,-7,-50,8,-2,5,-11,-1,-27,20,-28,4,-19,-6,-16,5,-80,36,-21,13,1,0,12,116,57,190,151,218,15,6,15,-7,7,6,-3,12,18,9,17,-4,8,-19,27,7,-4,26,19,23,-38,10,5,15,-6,9,3,5,7,25,9,-2,27,12,8,9,-8,13,11,6,1,8,17,2,19,-13,12,18,30,-1,22,11,9,-2,35,20,5,14,78,0,19,-19,4,12,9,-3,2,2,2,-1,24,6,19,-10,2,-8,12,1,-1,19,10,2,21,34,2,18,-12,23,7,16,-12,11,-3,25,13,2,6,8,30,-9,5,10,-11,9,6,10,5,-2,-8,14,-17,1,3,-4,-10,10,0,11,20,50,5,1,-3,2,5,-3,-3,8,14,34,3,5,0,3,5,13,1,0,3,9,22,-5,12,4,-10,11,-12,2,9,2,4,16,18,21,-20,7,11,28,62,65,11,7,9,-6,7,4,17,-20,-3,14,15,34,32,18,46,110,23,-1,-10,2,-2,7,18,7,13,-26,28,10,-3,23,14,10,-1,19,-34,7,-21,-7,5,5,-7,-4,-14,6,15,180,47,95,114,184,29,37,62,61,15,-1,10,9,19,3,25,39,24,14,-3,19,23,2,-11,20,19,4,3,-15,13,-2,4,6,23,0,15,19,0,10,-11,3,-12,-18,-13,-1,-4,14,21,21,40,23,1,18,-30,0,-13,11,6,17,-31,10,-6,16,11,3,-1,6,-15,11,14,-12,-4,-3,-3,8,-12,0,32,182,54,71,42,41,6,8,123,57,4,-1,-2,2,31,14,-3,15,13,5,3,16,21,5,9,9,-8,10,-17,-5,20,24,-6,10,13,5,3,21,25,-4,40,27,-40,22,6,7,-11,10,-14,-1,-10,17,-56,16,-6,8,12,20,-5,6,-26,2,-5,6,2,9,14,2,-3,16,-12,6,-19,-2,-8,9,-7,34,1,5,20,10,7,-5,-5,13,-17,0,0,27,8,7,14,-1,-7,12,13,2,2,18,18,27,-3,28,-2,-29,-12,-7,-7,3,0,23,13,-5,-1,10,-17,11,8,15,12,1,-4,34,44,45,13,-8,23,37,-1,47,-9,1,7,-3,-1,-46,-10,-11,-4,2,7,7,0,10,0,15,0,9,1,1,-1,0,0,27,-6,7,-3,82,-19,11,16,-11,-1,-29,-16,-4,-4,-15,-54,70,-41,30,3,2,-11,3,-38,27,-3,0,-15,23,-10,-4,-6,-21,-51,-3,-300,-310,-655,32,-326,-129,-150,-95,-167,-72,-4,-1,-4,-3,-683,-297,-25,-6,-41,-29,23,16,-38,-17,-4,4,3,-4,-11,-5,-2,3,10,12,-10,-5,-1,-11,-162,-70,-595,-166,-94,-76,-48,-71,-4,0,-36,-26,-31,-3,-53,-92,-236,-199,-75,-88,-46,-37,-295,-68,-47,-40,-91,-159,-70,-91,-67,-126,-22,-89,-1,-66,-20,-55,-87,-56,46,-82,-86,-56,-239,-67,-388,-221,-164,-53,14,-18,-7,2,-6,-7,11,-18,-5,-10,-14,-2]],[[277496,358778,32,-5,25,10,25,-14,33,0,34,14,-13,8,17,13,1,12,19,4,24,-6,8,13,-5,23,-25,18,-79,4,-25,13,2,-10,-22,-9,-12,2,-3,-9,-11,0,-21,-16,0,-8,15,-5,5,-19,-24,-33]],[[277600,365759,479,0,-154,-89,134,-69,435,-122,-68,-43,-84,-71,-59,-23,0,-62,147,-1,115,26,222,106,-19,54,-27,39,-41,28,-50,22,45,14,92,48,-41,76,-20,86,-7,117,30,101,3,59,-33,12,-69,-42,25,30,24,39,34,39,54,35,-29,23,-10,5,-7,10,-22,37,-342,-218,-71,105,-41,-1,-92,-29,70,138,129,73,278,68,-20,88,-190,-20,-239,-107,-166,-172,0,75,-62,-56,-28,-15,-46,-4,-9,-105,-92,-107,-109,-104,-69,-93]],[[277602,362533,35,-2,31,16,0,21,15,12,21,4,12,20,23,11,-8,21,15,13,-16,-1,-7,9,-25,-7,-34,-37,-62,-80]],[[277660,362439,4,-10,19,-1,29,-20,35,16,-5,16,-29,13,-44,-6,-9,-8]]]
261604	r	21.5905,36.6798,22.6303,37.4085	[[[215905,370589,88,-132,299,-248,256,-262,70,-353,59,115,50,27,90,-5,-13,-66,-30,-32,-94,-39,202,51,144,-72,74,-146,-5,-168,-47,-88,-132,-168,-31,-91,7,-142,25,-97,7,-83,-39,-94,81,-112,53,-128,55,-76,89,43,62,0,63,-97,235,-76,119,-100,255,98,152,28,179,10,307,-512,33,-23,172,-284,86,-2,61,34,56,52,416,309,63,91,-34,81,63,67,117,42,134,9,0,67,-140,18,-106,55,-170,133,63,119,-28,88,-61,87,-43,115,5,91,51,122,100,955,58,133,115,103,376,85,378,189,20,4,-37,-36,-14,-26,-25,-3,-40,-30,-2,-8,10,-4,2,7,33,9,214,40,234,20,65,2,8,-10,-3,6,8,-3,-3,-7,10,7,99,-4,25,-5,6,-8,-7,0,19,-5,102,-18,26,-3,-16,4,3,7,6,-5,1,5,8,-5,28,2,2,-8,-20,0,-16,-6,40,3,14,-8,-3,36,16,0,0,-15,46,0,0,-26,1,16,11,2,3,-5,13,10,29,3,2,-23,5,20,11,1,65,-10,146,-36,69,-32,20,-27,13,-65,0,-2,-8,-136,-31,-42,-11,-42,-2,-67,-33,-41,37,-22,-11,-47,-11,-114,-23,-99,-48,-89,-48,-56,-23,5,44,-150,108,-99,264,-160,251,152,213,-89,702,-774,153,-255,-16,-195,183,-172,157,-314,192,-244,294,41,-141,-264,251,126,277,159,263,174,249,187,233,199,216,212,198,222,180,233,160,241,141,249,120,256,98,262,78,266,55,270,33,273,12,273,-12,273,-33,273,-55,270,-70,241,-1946,683,-10,-7,-44,-7,-64,-2,-25,5,-27,15,-30,31,-25,44,-118,42,2,-41,-9,-23,-78,-48,-95,-29,-51,3,-110,34,-104,0,-40,25,58,74,-3,72,-71,25,-35,49,-67,33,-194,26,-74,26,-10,60,0,23,-4315,1515,-149,-64,-289,-145,-277,-159,-263,-174,-249,-187,-233,-199,-216,-212,-198,-222,-180,-233,-160,-241,-141,-249,-120,-256,-98,-262,-78,-266,-55,-270,-33,-273,-4,-84]],[[216990,367838,158,-155,18,26,-3,104,41,22,45,33,44,20,0,62,-65,-4,-44,20,-39,28,-50,23,-86,-106,-19,-73]],[[217549,367348,121,-91,110,-73,0,20,36,160,-16,111,-158,65,-47,-21,-34,-108,-12,-63]]]
735861	r	23.9083,40.5706,24.9375,41.3712	[[[239083,407638,780,-316,437,-89,431,-19,370,65,1011,453,1295,581,-88,19,-166,-10,-57,28,-39,67,3,54,38,34,215,45,11,79,-77,92,-120,76,149,65,260,162,21,2,4,-20,17,3,10,-14,20,-7,-1,11,21,13,15,-1,-13,9,6,24,19,8,15,-11,9,12,-11,19,11,16,14,4,57,-15,-2,7,23,4,14,15,13,-2,-16,41,12,10,38,1,16,-11,-11,11,2,18,-16,11,-3,13,27,23,24,8,16,-2,0,-5,-10,2,8,-9,22,-1,-8,15,19,10,-14,10,6,11,13,4,-10,27,31,50,50,13,17,-6,51,2,5,-9,-1,10,31,1,-1,11,11,1,19,-8,-13,-9,13,-31,-19,-4,16,0,9,-13,9,2,32,24,-1,12,11,3,-9,24,6,9,59,-14,13,9,2,10,19,11,-7,21,13,13,-19,-15,-8,14,12,8,7,-4,-2,10,25,13,161,22,6,-7,28,0,5,-22,10,-5,24,6,2,8,43,-14,8,-16,25,4,0,1,35,-12,27,33,9,1,12,-2,3,-15,55,-1,1,5,-38,-1,3,56,38,1,-13,29,8,4,36,10,2,-8,25,-2,4,-29,3,43,18,8,26,5,96,11,2,1,56,-4,27,-19,33,26,-10,-3,3,13,45,15,58,-4,8,-2,240,-32,-2,-6,8,0,0,5,243,-32,22,-143,66,-107,108,-76,145,-53,-46,-126,129,-127,105,-138,91,-161,67,0,60,60,214,151,347,-143,-22,-33,-5,-9,-47,-26,187,-68,196,9,374,127,362,-119,320,212,295,305,286,154,160,33,294,127,-786,2666,-227,211,-253,206,-271,193,-287,179,-301,164,-315,149,-328,133,-337,116,-348,100,-355,82,-361,64,-366,46,-369,27,-371,10,-371,-10,-369,-27,-366,-46,-361,-64,-355,-82,-348,-100,-337,-116,-328,-133,-315,-149,-301,-164,-106,-66,-1460,-5117]],[[245120,406668,48,-277,140,-82,218,-5,277,-52,65,-32,140,-98,5,-24,-10,-86,5,-26,27,-8,83,13,32,-5,156,-115,69,-73,48,-92,152,68,243,176,121,36,329,46,177,53,76,71,36,43,175,-84,43,4,31,19,18,64,-28,78,-70,115,-68,302,35,137,171,45,0,199,-198,37,-73,119,62,109,209,8,-38,70,-72,67,-94,48,-105,20,-117,37,-53,86,-28,94,-40,62,-164,45,-407,37,-323,122,-756,-483,-333,-374,-151,-255,-63,-259]]]
260114	r	23.5479,35.1823,24.5047,35.687	[[[235480,353941,61,-165,116,-252,136,-246,155,-237,173,-229,192,-219,209,-209,20,-17,149,6,143,-115,283,109,704,-20,174,116,70,-17,58,2,61,25,83,53,335,-163,417,-51,857,21,157,-66,281,-290,184,-66,266,44,42,-10,40,100,94,2,173,-68,717,0,45,15,44,31,54,26,66,3,10,-20,36,-46,49,-50,44,-27,754,-88,470,38,212,142,240,185,224,196,209,209,192,219,173,229,155,237,136,246,104,226,-193,-29,-213,-96,-360,72,-880,-214,-371,110,-95,45,-204,11,-76,50,-21,86,21,358,-15,189,-115,459,-134,-91,-166,-88,-181,-68,-177,-26,-165,42,-151,86,12,14,-37,52,-26,10,-16,-8,-34,-2,-8,-3,-70,39,-294,72,-188,72,-170,92,-21,35,60,50,51,22,32,-6,25,-20,30,-10,63,1,12,4,-2,9,64,-9,-6,11,40,12,24,-9,-6,-4,3,-11,12,-11,6,4,61,-26,65,-3,42,-21,91,-23,29,-19,15,18,25,-4,0,8,12,7,8,-4,2,-13,-19,-1,2,-4,66,-4,22,4,1,-30,5,34,39,-21,65,4,34,-6,-9,15,14,17,-33,7,-5,8,16,15,18,-2,12,-12,6,3,7,14,-7,10,17,10,1,8,19,6,13,-5,-9,-7,8,1,5,16,17,3,5,-7,51,-18,4,22,15,2,8,11,-6,56,16,37,23,23,48,80,16,20,28,20,-3,11,15,18,23,14,28,74,-203,438,-226,115,-270,25,-8,9,-6,-8,-27,3,-65,20,-62,-8,-14,1,-15,-5,-37,-5,-24,-14,-62,-14,-17,3,0,-13,-4,-6,-61,-21,-18,2,-5,-3,4,-6,-44,-15,-17,2,-26,28,-13,-7,11,-4,-16,-14,-28,7,19,-13,-4,-8,-25,2,23,-9,-2,-23,-10,1,-1,-19,-10,4,-12,-8,-8,8,5,-6,-8,-4,-43,-8,-9,-16,32,-11,11,-20,21,-16,-14,2,-10,-15,-3,-31,17,-9,18,7,17,-18,-20,-17,2,-14,40,-20,11,11,9,-2,-15,-21,42,-29,-6,-5,8,-1,10,-19,-9,-18,7,-15,14,-3,-8,-20,-185,10,-76,-18,-25,19,-10,-2,6,-14,8,-8,-11,-3,-9,-17,-24,9,-23,1,0,-31,9,-15,-8,-2,-1,-14,15,-37,-5,13,-10,-44,-14,-6,4,-15,-9,1,-8,-13,-9,3,-10,-9,-2,-17,11,-21,-36,-38,-89,-43,-104,-27,-249,-8,-563,51,-126,-36,-15,9,-24,-13,-263,62,-843,76,-176,98,-205,313,-13,78,13,257,-109,317,-3,128,112,101,0,75,-192,79,-98,72,-85,4,-144,-120,-113,-135,-46,-126,27,-141,97,-179,-109,-99,34,-151,88,-183,56,-194,-26,-243,-95,-171,-154,-99,-196,-33,-240,16,-90,24,-86,34,-23,36,9,45,-9,39,-78,17,-80,8,-38,26,-55,103,-62,173,-5,408,-30,201,-43,-95,-201,-272,42,-114,-33,-118,-151,-252,50,-48,15,-22,-15,-24,-50,-48,0,-63,124,-64,-9,-77,-66,-92,-101,-253,-11,-66,22,-1,47,-42,48,-64,20,-63,-83,-157,-159,-222,-13,-28]],[[239252,355330,9,-24,34,10,68,62,33,8,6,9,-65,8,-18,13,-28,-2,-18,-19,-2,-32,-19,-33]]]
735914	r	22.1034,39.9288,22.7119,40.7689	[[[221034,401991,8,-16,110,-75,82,14,93,-4,38,-13,70,-1,-144,-2107,5828,-501,-18,50,-3,12,-8,40,11,183,-22,41,-93,-5,-21,36,-56,37,-237,62,-56,38,-91,39,-522,342,-126,286,-45,50,-119,44,-24,105,40,229,-52,228,-104,167,-76,167,28,227,267,442,13,-24,44,-37,44,35,16,22,-39,62,-5,19,1,46,42,71,-5,114,266,605,38,66,104,145,114,132,-17,-2,-5,1,73,96,135,231,-27,105,-184,42,-117,99,-98,115,-120,85,22,146,-49,158,-104,142,-143,100,114,92,124,39,239,6,148,-72,91,-19,43,53,10,95,7,10,-194,168,-352,305,-3811,2330,-255,-89,-135,-56,-361,-5294,-12,-4,-54,-34,-53,-46,-119,-23,-83,-34,-83,-64,-21,-54]]]
736928	r	25.4435,40.3981,26.4348,41.4156	[[[254435,404819,85,-132,143,-129,663,-408,345,-151,220,-18,935,250,127,96,-46,150,68,133,-88,140,-168,125,-154,87,-806,185,-293,6,-262,-76,-587,-261,-182,3]],[[255374,408706,4,-2,210,-33,83,-17,374,108,263,-38,19,-89,56,-18,38,2,85,-18,36,-10,16,-14,44,5,54,-9,268,-59,70,-21,84,-12,5,9,16,2,83,-7,105,-18,19,-16,16,5,3,11,29,7,113,-3,27,12,19,-5,30,9,57,-12,35,1,16,13,115,20,93,0,78,-14,24,9,83,-3,5,6,58,-8,12,11,13,2,134,-19,75,-22,73,9,117,-23,43,-11,28,-16,41,-6,11,-6,48,-5,49,11,17,-10,-6,-9,97,-13,10,-12,41,-22,69,-17,-67,19,-44,22,1,9,-9,4,-57,8,-21,25,13,9,-17,-6,-6,6,43,14,5,-13,31,4,-15,2,0,11,32,-5,-20,-35,11,4,18,-10,37,40,61,-30,32,9,30,-42,-30,-36,47,52,-4,4,-12,-17,-12,16,18,9,6,-7,-20,38,11,3,9,-12,10,11,-11,-6,-4,6,10,4,-1,-5,17,24,16,4,48,3,14,-2,3,-8,1,7,8,1,74,-8,219,-47,41,3,7,7,4,-9,61,-34,134,-55,2,-8,6,4,-4,-5,10,2,86,-51,22,-18,-4,-6,13,-5,1,-8,30,-10,0,-7,31,-16,0,-12,17,2,24,-17,65,-77,24,-5,-21,36,48,-20,13,0,3,10,7,0,3,13,-13,-4,-10,17,-7,0,-4,23,3,0,1,0,12,0,-2,7,12,8,-12,-38,23,13,-7,13,11,-3,0,8,6,2,-3,-12,10,-5,7,18,7,-13,13,0,0,13,14,0,-7,-36,-10,-1,-16,-17,51,-7,-3,-6,-11,0,-27,7,1,-14,-57,1,0,-69,114,-41,-46,1,-10,-12,-58,-3,-20,-12,-12,18,12,-23,14,4,-7,-30,31,-20,14,0,5,8,-36,12,-4,16,17,-6,78,-4,-3,8,37,-5,3,11,14,2,-4,-10,7,0,10,13,0,-10,14,-11,17,3,0,-31,15,-5,2,-5,-10,0,10,-15,9,0,-2,-16,14,3,12,-15,0,-16,-18,3,0,-8,-7,0,10,-28,17,-5,0,8,17,-3,22,-44,5,-42,-5,-9,6,-2,9,-78,-2,-12,4,-3,6,-47,4,-7,-2,-11,-26,-34,-13,-2,11,-38,22,-15,-12,-14,23,5,11,-18,-6,-16,-52,-33,-21,-1,-7,-19,-23,-1,-23,15,-3,-3,86,-69,35,-14,206,-13,62,2,79,-18,43,4,102,36,11,12,-2,19,17,9,90,5,75,28,67,2,68,26,68,12,5,43,30,79,-11,40,6,23,65,59,60,188,9,5,-2,17,18,57,5,7,29,18,27,45,42,27,27,33,4,20,14,2,37,-17,26,2,53,68,50,33,23,0,-3,-15,18,-19,1,-12,20,-5,7,78,65,9,41,35,20,8,36,-5,23,-47,35,-1,13,7,3,13,-48,41,3,31,11,18,14,3,34,-45,20,-3,16,11,-10,42,20,49,12,-1,29,-27,39,-5,14,5,2,13,-11,11,-49,19,-10,13,32,15,11,30,-14,27,-42,7,-44,70,62,-17,10,5,-17,38,4,21,-37,-6,-27,17,-14,30,2,16,14,16,40,5,70,-18,33,3,15,10,12,78,-24,74,35,18,2,14,14,-25,14,5,26,27,14,2,1,-2,40,0,28,-6,75,-34,31,-2,16,44,17,167,33,81,52,45,21,-19,-5,-61,18,-46,29,-30,80,-55,53,-11,96,3,18,7,54,36,34,43,4,20,-41,38,63,13,-7,65,-60,69,-29,43,32,25,9,-7,54,-11,35,24,34,45,42,33,90,47,55,19,7,1,63,-10,96,2,53,-11,32,2,24,8,20,19,7,16,-4,22,-64,61,-10,22,72,73,-29,34,-97,36,-105,102,-28,88,27,64,87,40,150,13,85,53,69,118,-8,116,-266,99,-86,106,-139,225,-27,145,171,259,-72,45,-150,33,0,82,187,221,-118,173,-31,177,44,194,105,219,-155,173,112,79,634,49,170,67,227,154,-320,229,-402,250,-421,230,-441,209,-457,186,-473,163,-272,78,-84,-187,-154,-254,-115,-137,-62,-26,-74,14,-854,-149,-130,-49,-266,-135,-227,-83,-49,-5,-3256,-3464,-56,-25,-37,-28,-17,-28,8,-18,1,-9,-816,-867],[260372,407505,2,13,8,3,-2,25,2,1,21,-30,-4,-7,-12,-6,-15,1],[262261,408877,2,11,0,29,12,5,17,-5,6,-47,-15,-3,-22,10]]]
258620	r	21.7589,38.375,23.0987,39.2656	[[[217589,389000,15,-344,43,-342,71,-340,73,-243,6039,-3975,31,-3,122,-3,3,9,-38,93,-48,-47,-40,-3,-50,38,-73,80,74,68,273,168,-10,95,-46,180,-12,103,467,-229,105,-26,43,-18,53,-50,89,-154,285,-279,118,9,433,56,428,78,420,100,411,121,400,142,387,162,373,182,357,201,340,218,320,235,300,251,61,58,1098,1785,-84,91,-257,78,-561,6,-149,30,-197,136,-107,39,-167,-3,-107,-42,-203,-160,-73,119,-143,110,-163,81,-134,32,-101,-14,-194,-55,-81,-7,-88,31,-105,93,-109,51,-213,204,-242,311,-123,-7,-492,-198,-84,50,-113,-13,-132,-31,-132,-5,0,-1,25,73,-1,10,29,60,-69,0,-106,-125,-106,23,-1,1,3,6,29,-1,6,7,-26,39,-31,6,-20,-34,-47,-5,-2,0,-84,106,20,10,4,18,-4,1,6,3,-12,-2,17,3,-1,1,39,21,14,3,1,5,96,50,0,41,16,1,31,16,-9,13,-15,2,-20,-10,-35,9,-41,-1,-50,-11,-25,-15,-9,-3,-208,-27,15,18,87,45,5,14,43,12,11,11,-20,9,-170,2,-74,20,47,100,41,-20,39,-27,65,71,68,41,78,19,99,6,110,19,81,44,61,48,183,103,83,14,348,-201,20,-27,52,-21,168,-91,86,-25,188,94,105,24,49,-81,95,-93,219,16,231,45,143,-5,46,91,81,39,249,7,71,48,51,227,47,72,134,21,134,-26,131,-42,120,-21,101,23,201,97,143,10,-23,39,-46,103,83,5,54,23,67,47,7,1,-4602,3112,-3360,-28,-3024,-1877,-798,-495,-69,-230,-71,-340,-43,-342,-15,-344]],[[228323,388339,7,-112,228,103,1097,80,163,40,89,57,13,140,-81,88,-134,42,-141,3,0,74,130,37,142,-31,152,-52,163,-28,136,-6,77,-29,194,-201,133,-78,144,-10,139,23,13,107,-648,439,-242,163,-268,-111,-301,-61,-453,-193,-230,-43,-97,-31,-234,-136,-79,-32,-61,-36,-36,-91,-15,-115]]]
735640	r	24.8207,40.8706,25.9547,41.3999	[[[248208,413328,1167,-3962,32,13,132,32,183,-4,176,14,92,78,-73,186,148,12,123,54,208,145,-5,164,182,35,811,6,130,-48,185,-95,-110,-15,-48,54,-53,-19,-13,-15,0,-15,-24,-17,-16,2,-18,23,-51,13,-12,-7,27,-20,30,-38,0,-43,-5,-22,-5,-3,-36,-69,-17,-1,-23,-9,-46,-101,-15,-10,-3,1,12,-20,11,13,19,-11,-9,-9,7,-10,-5,-6,-44,36,-19,-1,20,-11,-6,-7,34,-12,10,-14,-3,-22,9,-12,238,-31,97,-28,38,-27,24,-46,52,-25,58,14,74,-1,687,-94,12,-13,-17,-25,11,-8,7,-21,-18,-12,5,-9,23,11,34,0,18,-6,1,-15,21,0,28,10,10,24,-14,4,-21,24,8,-9,3,2,9,-6,0,13,69,51,27,6,83,-1,22,12,26,53,33,16,114,21,88,4,2,18,10,11,249,-61,422,-227,367,-126,171,-10,500,-83,154,-75,147,-105,205,-85,816,867,-1,9,-8,18,17,28,37,28,56,25,3256,3464,-61,-5,-135,19,-139,1,-249,-97,-143,-23,-193,61,-294,245,-223,64,-102,-30,-373,-190,-108,-6,-56,-3,-184,-10,-107,-28,-5,-2,-44,-24,-79,-44,-11,-8,-61,-46,-68,-35,-96,-11,-16,-1,-11,2,-84,18,-209,93,-88,23,-10,3,-544,28,-61,13,-48,39,-64,-17,-76,18,-8,-17,-23,-17,-25,-1,-3,-2,-31,2,-135,-35,-47,-57,-31,-37,-65,-111,-43,-40,-43,-40,-74,18,-27,0,-35,13,-65,-8,-67,24,-26,-15,-14,-1,-94,17,-24,-8,-7,-29,-19,-22,-53,0,-37,9,-10,-19,-11,-5,-8,-1,-77,-2,-13,-15,-129,-31,-4,0,-36,-10,-611,-150,-1,0,-43,-2,-10,-11,-799,-195,-120,-7,-114,-6,-105,13,-127,15,-162,74,-32,14,-426,442,-68,43,-124,79,-41,14,-373,132,-39,34,-77,100,-14,12,-5,-5,-43,-8,-36,5,3,20,-150,-24,-1634,523,-291,135,-22,-13,-36,-61,-65,11,-68,-26,-32,3,-11,5,-198,-242,-202,-286,-37,-62]]]
2463679	n	19.6567,39.4016,20.2115,39.8245	[[[196567,397165,150,76,53,-74,-27,-232,70,-135,84,-59,117,-13,175,3,28,-69,268,-462,125,-70,232,-88,256,-151,191,-168,119,-203,69,-423,71,-207,108,-204,133,-154,-1,14,4,37,5,25,131,-48,347,-88,-58,-94,-68,-39,-74,11,43,-47,120,-26,140,2,170,-18,101,-51,255,-177,38,-17,104,20,270,75,258,95,246,114,78,45,-79,108,-78,17,-90,-45,-146,-42,-178,-10,-90,21,-210,126,-133,44,-280,46,-134,40,-115,60,-40,57,-206,1047,-117,208,170,-53,63,46,40,218,-237,38,-588,236,0,61,137,0,0,74,-110,38,-86,99,-32,126,57,117,100,63,613,200,209,107,125,180,17,312,-68,0,0,-75,-69,0,-53,92,-102,47,-260,66,-98,55,-82,64,-92,57,-138,35,-268,-130,-259,-87,-294,-47,-306,-10,-41,-23,-212,-149,-192,-165,-170,-178,-147,-190,-62,-101]],[[199998,396935,46,-7,56,7,117,-58,229,-68,443,-78,76,-71,83,-49,114,-23,51,-20,158,-102,33,-42,78,-49,170,-39,166,-91,64,-203,-22,-4,-95,-52,-19,-6,-4,-48,8,-129,-4,-34,-69,-74,-68,-51,-68,-5,-74,68,4,-129,-16,-107,-42,-93,-77,-81,160,39,162,11,173,-14,55,-11,8,13,96,209,69,215,42,219,14,222,-14,222,-38,200,-21,-19,-12,-77,4,-73,-35,-52,-158,-31,-203,73,-286,199,-459,186,-397,99,-335,87,-163,-79]]]
735563	r	21.1243,39.921,22.1793,40.8112	[[[211243,403000,14,-334,43,-333,71,-330,98,-326,127,-320,102,-209,2041,-1832,206,-3,6339,-103,1007,579,144,2107,-70,1,-38,13,-93,4,-82,-14,-110,75,-8,16,21,54,83,64,83,34,119,23,53,46,54,34,12,4,333,4894,-193,106,-370,177,-385,158,-396,138,-408,118,-417,97,-424,76,-430,54,-434,33,-435,11,-435,-11,-434,-33,-430,-54,-424,-76,-417,-97,-408,-118,-396,-138,-385,-158,-370,-177,-354,-195,-337,-212,-317,-228,-298,-245,-277,-258,-253,-272,-230,-284,-206,-295,-180,-305,-153,-313,-127,-320,-98,-326,-71,-330,-43,-333,-14,-334]]]
256866	r	25.9426,38.9616,26.6159,39.383	[[[259427,391251,12,-7,144,-67,847,-245,210,-23,188,43,146,105,450,500,29,0,149,276,132,117,139,71,171,37,212,18,120,-7,322,-61,102,-44,102,-96,33,-96,-101,-44,-12,-29,-299,-176,-267,-205,-119,-25,-113,-2,-110,-15,-107,-63,-161,-206,-44,-30,-383,-68,-47,1,-37,11,-43,6,-71,-18,-83,-56,-59,-19,0,-62,164,-25,113,-80,307,-346,90,-71,104,-26,514,-17,435,-74,40,57,-62,-88,29,-16,257,-75,8,-12,32,-17,13,-28,11,2,-1,-9,46,-1,17,-13,24,-3,27,-17,9,-21,28,-4,7,-10,2,5,12,-1,82,-44,14,-11,12,-25,11,3,28,-26,28,-13,45,-5,31,6,17,-5,25,11,30,-12,52,4,51,-14,9,14,26,7,57,-4,30,-8,24,-16,-1,-9,5,11,21,0,13,-8,-7,-6,-8,4,8,-6,12,10,34,-6,166,-57,54,-31,12,-12,-2,-11,23,14,33,1,4,7,60,2,40,-5,8,-14,31,-12,42,17,31,-4,0,7,14,3,5,-7,17,2,24,8,-3,9,10,10,16,-7,43,17,29,-9,14,7,22,-4,22,14,2,8,59,-6,5,8,16,4,23,-6,15,9,24,1,18,8,102,8,40,-11,-2,10,12,5,81,6,1,-1,8,2,20,2,78,15,-1,-3,6,4,23,5,4,-2,-10,-42,20,-4,21,10,-2,-8,8,-2,9,15,13,1,-5,34,-5,8,28,6,2,-5,7,7,71,14,0,-5,-30,-29,13,-11,12,8,9,-1,6,-11,-4,-15,13,-7,20,18,7,-4,8,5,14,20,18,11,35,2,18,30,50,32,21,18,2,14,-1,-10,100,35,-24,83,-10,12,9,-2,25,43,0,75,-47,31,5,5,-6,37,25,11,14,-5,10,-10,21,-1,2,-1,18,-23,26,10,14,-16,20,14,-1,18,-9,5,5,8,15,7,15,5,44,3,38,-10,3,-7,34,0,56,-20,42,-8,26,-12,51,-39,40,-7,11,5,131,3,18,10,22,40,22,21,2,32,19,49,2,44,-27,48,-6,28,1,15,9,1,-10,0,0,7,4,4,6,-8,3,4,-13,9,3,48,-6,6,0,42,-73,38,-10,16,5,4,-31,25,-39,84,-32,33,-86,57,-32,10,-19,15,4,5,-5,-2,-5,8,11,-4,-28,31,-37,23,-83,144,8,121,3,16,-2,1,4,64,-108,-13,-63,23,-28,61,0,6,1,2,9,-4,-9,23,13,10,2,32,-13,-6,-7,14,0,2,12,18,-3,31,-10,4,-30,-7,-64,53,-66,70,14,29,-4,33,-13,18,0,25,15,13,24,7,21,-2,11,7,23,2,10,13,-18,9,1,4,1,1,6,15,-32,-2,4,21,-16,8,-34,-9,-20,9,2,3,-9,8,-11,-3,-108,50,-132,90,-137,162,-4,6,-1,0,-42,50,14,13,-21,16,5,10,-11,21,-8,-15,-15,-3,-58,69,27,18,-24,17,-19,30,-35,-5,-3,3,-5,18,-8,-3,-39,35,-80,51,-70,22,-1,1,12,9,-23,13,-16,2,-1,-7,-24,3,-6,-2,-11,3,-1,4,-45,21,-47,8,-5,-2,-41,13,-12,16,25,22,2,16,-37,28,-37,8,-6,7,-16,-11,-13,1,-48,27,-28,5,-28,20,-5,-3,-47,54,-37,15,-18,-1,-177,136,-26,56,318,383,61,95,-173,108,-268,56,-187,96,75,224,-192,41,-1794,-41,73,-257,16,-178,-97,-118,-264,-74,-424,-57,-209,-73,-125,-137,-69,0,-12,45,-56,92,-23,-63,-34,-45,-39,-42,-41,-55,-270,36,-227,-47,-92,-189,-115,-298,-90,-303,-65,-306,-39,-309,-7,-160],[264414,391021,21,43,114,50,344,23,125,-34,20,-22,46,-77,21,-8,25,-53,21,-33,115,-76,-5,-62,-57,-109,-11,-34,-2,-9,-8,-3,-55,-47,1,-51,-12,-26,4,-10,15,-2,13,-18,28,-8,38,-1,51,-29,-43,-37,20,-11,-27,15,-6,-12,2,-1,-19,-16,53,-40,2,-8,15,-21,15,0,13,-18,13,0,0,2,45,-42,11,-37,30,-19,-17,-22,0,-3,-44,29,-15,30,-21,19,-27,6,-6,4,-340,386,-390,235,-88,94,-2,14,-26,49]]]
252601	r	21.6582,37.0661,23.1018,38.0845	[[[216582,375100,12,-294,2054,-721,4315,-1515,0,-23,10,-60,74,-26,194,-26,67,-33,35,-49,71,-25,3,-72,-58,-74,40,-25,104,0,110,-34,51,-3,95,29,78,48,9,23,-2,41,118,-42,25,-44,30,-31,27,-15,25,-5,64,2,44,7,10,7,1946,-683,2266,-796,160,105,345,258,205,175,-77,14,-82,126,22,260,32,130,49,56,63,49,-50,105,-82,98,-34,28,-341,492,-71,182,-240,344,-105,81,0,67,69,0,0,62,-137,0,68,144,-89,47,-524,499,-7,100,69,132,6,103,-121,79,-24,29,12,190,-12,49,-49,66,-55,44,-52,58,-42,112,2,57,48,117,12,65,-21,62,-92,120,-22,51,32,247,121,145,180,88,218,72,100,-81,105,-124,-29,-72,61,-83,115,-75,127,-43,-47,-100,-22,-36,279,-145,68,-60,154,106,156,75,174,18,200,-69,-39,76,-42,32,-124,29,110,1,87,-14,144,-49,7,-20,6,-41,18,-44,38,-32,47,-5,116,15,47,-10,168,-130,102,-130,140,-361,63,94,98,62,249,117,135,-205,-135,-68,161,-47,352,72,17,-7,13,108,16,377,-16,377,-28,233,-2046,3446,-24,20,-345,258,-365,239,-68,39,-103,24,-59,32,-48,65,-106,60,-401,199,-417,178,-430,156,-442,133,-452,109,-460,86,-466,61,-382,30,-7432,-3989,-100,-264,-107,-367,-77,-373,-46,-375,-16,-377]],[[230701,373889,30,-316,0,-21,17,-8,24,64,95,324,-29,13,-112,66,-25,-122]]]
