3598132	r	-90.8195,14.4525,-90.1781,15.1047	[[[-908195,149409,688,-1927,6,-2,-95,-120,3,-44,31,-60,28,-37,44,-26,98,-79,4,-37,47,-62,157,-439,139,-74,410,-656,2,9,24,17,46,5,75,-11,146,-52,47,-111,57,16,4,20,-23,90,33,41,83,-11,43,-52,90,-23,6,2,55,-12,9,1,9,-5,89,6,33,-6,9,-23,-16,-9,4,-18,13,-12,7,18,11,-1,20,18,4,17,12,6,21,44,26,10,4,4,1,8,28,30,13,16,4,2,1,1,8,3,11,5,1,0,27,-19,1,-2,15,-11,-5,-15,-10,-8,-2,-23,-6,-5,4,-15,-6,-12,8,-9,-3,-8,13,-10,-1,-15,12,-7,-13,-26,13,-9,-6,-1,1,-12,8,-1,-2,-17,7,-2,-23,-32,3,-6,-8,-11,6,-17,-9,-8,2,-6,29,9,37,-8,20,1,-8,-20,-1,0,0,-1,-33,-28,-14,-21,14,-43,-19,-42,31,-12,-3,-23,189,-30,14,46,22,32,7,47,20,24,12,47,17,16,0,1,1,1,5,11,9,18,154,-24,-47,-36,-15,-17,-4,-17,-30,-9,-10,-41,7,-20,-12,-46,-8,-9,16,1,17,9,43,2,22,36,17,14,48,22,31,3,6,-27,5,0,-5,-49,45,-14,222,-164,72,38,15,15,28,66,11,6,22,41,17,-2,35,11,8,30,18,-8,22,1,67,27,30,-15,57,3,-1,-6,8,-1,-11,-78,7,-27,48,-14,-4,-21,16,-51,16,-22,17,-57,113,1,-25,-58,15,-72,23,-65,79,-99,56,-18,51,-4,30,-20,3,-18,9,-7,-3,-10,12,-12,-6,-9,8,-6,10,6,36,-10,20,17,14,4,20,-4,-2,21,8,12,13,-1,17,6,6,9,13,-1,25,41,19,1,4,12,1,0,150,-47,11,-14,15,6,2,-1,22,-10,5,2,911,-284,784,299,-395,1938,-190,202,-399,2024,-399,151,-1,-4,-28,-28,-1,-23,-20,-23,9,-20,24,-22,-20,-28,21,-13,16,5,36,-30,39,-4,34,-42,22,-13,-9,-27,4,-7,9,1,-27,-28,-7,-23,-19,-22,-17,-4,-6,7,-10,-2,-12,-5,-9,-20,-15,-5,-80,13,-21,-7,-25,22,-50,9,-41,-15,-2,-18,-15,-3,-23,-16,-11,10,-17,1,-49,-26,-50,12,-55,-11,-15,-13,-18,9,-18,22,-11,-12,-40,-2,-15,-18,-21,8,-32,0,-24,15,-69,-4,-15,-6,-27,13,-23,-12,-40,28,-7,23,4,20,-22,11,-25,37,-15,47,13,51,-25,15,-6,24,-25,12,-15,17,12,62,-8,24,-36,11,-63,5,-8,9,-24,0,-35,25,-30,-22,-16,-29,-38,-5,-91,124,-39,28,-51,82,18,73,6,58,-19,85,22,94,-1847,702,-66,-46,-28,82,-851,670,-115,-26,-152,-304,-655,-1308],[-905787,145792,8,-5,-1,-1,-7,6],[-905774,145790,10,7,0,-2,-10,-5]]]
3587902	r	-90.9117,14.1856,-90.2565,14.6576	[[[-909116,144951,260,-320,37,115,234,-198,57,-48,94,-27,69,-188,33,-43,282,-238,58,64,44,69,41,-19,3,-123,94,-21,28,-32,-4,-84,-21,-86,19,-74,1,-75,-13,-20,-23,-100,-43,-38,-9,-42,58,-94,29,25,19,-39,16,-134,291,-24,258,136,109,-92,224,27,14,-11,-32,-25,-22,-145,1415,-1191,226,703,2705,1966,-911,284,-5,-2,-22,10,-2,1,-15,-6,-11,14,-150,47,-1,0,-4,-12,-19,-1,-25,-41,-13,1,-6,-9,-17,-6,-13,1,-8,-12,2,-21,-20,4,-14,-4,-20,-17,-36,10,-10,-6,-8,6,6,9,-12,12,3,10,-9,7,-3,18,-30,20,-51,4,-56,18,-79,99,-23,65,-15,72,25,58,-113,-1,-17,57,-16,22,-16,51,4,21,-48,14,-7,27,11,78,-8,1,1,6,-57,-3,-30,15,-67,-27,-22,-1,-18,8,-8,-30,-35,-11,-17,2,-22,-41,-11,-6,-28,-66,-15,-15,-72,-38,-222,164,-45,14,5,49,-5,0,-6,27,-31,-3,-48,-22,-17,-14,-22,-36,-43,-2,-17,-9,-16,-1,8,9,12,46,-7,20,10,41,30,9,4,17,15,17,47,36,-154,24,-9,-18,-5,-11,-1,-1,0,-1,-17,-16,-12,-47,-20,-24,-7,-47,-22,-32,-14,-46,-189,30,3,23,-31,12,19,42,-14,43,14,21,33,28,0,1,1,0,8,20,-20,-1,-37,8,-29,-9,-2,6,9,8,-6,17,8,11,-3,6,23,32,-7,2,2,17,-8,1,-1,12,6,1,-13,9,13,26,-12,7,1,15,-13,10,3,8,-8,9,6,12,-4,15,6,5,2,23,10,8,5,15,-15,11,-1,2,-27,19,-1,0,-11,-5,-8,-3,-1,-1,-4,-2,-13,-16,-28,-30,-1,-8,-4,-4,-26,-10,-21,-44,-12,-6,-4,-17,-20,-18,-11,1,-7,-18,-13,12,-4,18,16,9,-9,23,-33,6,-89,-6,-9,5,-9,-1,-55,12,-6,-2,-90,23,-43,52,-83,11,-33,-41,23,-90,-4,-20,-57,-16,-47,111,-146,52,-75,11,-46,-5,-24,-17,-2,-9,-410,656,-139,74,-1932,-1625],[-904748,145221,9,-17,-7,7,-2,10],[-906537,145689,33,-9,51,-21,-56,-16,-28,46],[-905306,142694,22,-3,-19,3,-3,0],[-905303,145352,8,-2,1,-5,-9,7]]]
3592519	p	3598132
3598119	r	-91.0237,15.2245,-89.9394,16.2864	[[[-910237,160653,761,-5166,1982,-3242,7293,1105,807,7979,-4961,1535,0,-2,-12,-14,-46,6,38,-54,61,-111,37,-53,-129,17,-31,16,-44,42,-113,-120,16,-100,98,-76,135,-52,-117,-55,-123,-90,-71,-137,38,-190,291,-159,66,-101,-220,-87,0,-62,128,-119,-242,-195,39,-171,75,0,36,36,18,9,25,7,57,23,-29,-83,-68,-142,-36,-50,-4,-4,-180,-64,-195,-22,-898,-1,-1378,-3,-1378,-2,-1379,-2,-58,0,-245,0,-44,-46]]]
3590979	r	-91.7632,14.6859,-91.3209,15.1437	[[[-917632,148156,795,-1049,789,-134,238,-114,1559,91,483,276,-575,1432,22,41,-47,97,12,2,-1,7,-14,-2,-3,16,3,49,-7,24,76,29,105,77,56,72,60,107,-79,36,-6,42,22,35,77,62,29,81,-2,51,-37,31,-42,14,-29,21,-25,35,176,26,160,-6,628,1173,-195,659,-2022,-153,-460,-952,-825,-455,-921,-1721]]]
3595237	r	-90.2176,14.4164,-89.6927,14.8144	[[[-902176,146762,395,-1938,797,-660,509,140,6,-5,620,19,24,31,14,88,2,76,13,-1,45,30,410,74,2414,664,-1184,2864,-1219,-414,4,31,-25,91,-33,43,-92,85,-106,-23,-90,25,-186,-269,-632,-192,-134,-231,-691,-235,-296,-15,-104,-42,-97,-112,-364,-124]]]
3595803	r	-90.9795,13.9111,-90.5496,14.4746	[[[-909795,139194,166,-73,526,-10,1141,71,116,33,773,74,693,-65,325,-52,73,33,251,130,129,78,106,2443,-1415,1191,22,145,32,25,-14,11,-224,-27,-109,92,-258,-136,-291,24,-16,134,-19,39,-29,-25,-58,94,9,42,43,38,23,100,13,20,-1,75,-19,74,21,86,4,84,-28,32,-94,21,-3,123,-41,19,-44,-69,-58,-64,-282,238,-33,43,-69,188,-94,27,-57,48,-234,198,-37,-115,-13,-39,-22,-32,-21,-62,-45,-38,-88,-40,-54,-37,-127,-110,-39,-7,-115,-43,-5,-24,-11,-2,-17,-30,-23,-16,0,-29,-7,-3,-25,-42,-29,-25,-15,-33,-24,-12,29,-24,-42,-45,0,-57,-63,-115,0,-52,108,-42,27,113,74,-21,116,-4,-94,-152,7,-15,75,-15,96,-8,37,-32,58,5,45,-16,66,-40,-49,-267,-82,30,-26,-43,-33,-14,0,-17,-23,-25,-4,-31,-18,-17,26,-68,5,-65,10,-20,-24,-31,8,-39,11,-45,32,-21,40,-12,-671,-3608]]]
3587923	p	3587902
3595069	r	-90.0984,13.8876,-89.5087,14.528	[[[-900984,144164,116,-4453,18,-710,248,-109,43,-16,85,67,93,141,66,145,85,141,148,127,798,544,-3,8,6,16,48,11,10,7,21,14,4,24,8,9,10,0,8,-13,51,35,77,75,2,5,-11,79,13,16,38,7,13,13,-6,10,10,34,59,45,52,-11,42,5,26,-6,5,3,442,164,148,10,181,-46,261,-197,146,-58,147,77,3,55,-7,17,-65,145,-9,77,28,81,427,735,201,213,252,189,263,117,1074,250,64,62,-2,156,-32,41,-126,61,-44,42,-19,65,-18,153,-13,47,-58,107,-29,38,-58,53,-69,30,-209,27,-62,142,60,84,100,70,63,97,-29,117,-73,99,-43,113,65,158,142,102,147,-12,110,-107,28,-186,136,96,191,223,-1840,1146,-2414,-664,-410,-74,-45,-30,-13,1,-2,-76,-14,-88,-24,-31,-620,-19,-6,5,-509,-140]]]
3598655	r	-91.3671,14.6005,-90.754,15.1294	[[[-913671,147233,2016,-1228,1187,2096,152,91,28,20,1363,490,730,707,655,1308,-39,102,-103,221,-117,214,-26,40,-3175,-1320,-17,-153,-239,-264,31,-79,-131,-76,-168,49,48,269,29,69,-858,-357,65,-16,78,-91,409,-391,-310,-139,-25,-26,-22,-52,-36,-144,-313,-85,-167,-76,-27,44,-1018,-1223]]]
3589885	p	3598132
3591415	p	3587902
3589289	r	-91.407,13.9124,-90.8856,14.513	[[[-914070,140878,177,-242,193,-230,209,-216,222,-204,235,-188,248,-173,259,-157,102,-53,767,-148,1221,-131,629,-12,13,70,671,3608,-40,12,-32,21,-11,45,-8,39,24,31,-10,20,-5,65,-26,68,18,17,4,31,23,25,0,17,33,14,26,43,82,-30,49,267,-66,40,-45,16,-58,-5,-37,32,-96,8,-75,15,-7,15,94,152,-116,4,-74,21,-27,-113,-108,42,0,52,63,115,0,57,42,45,-29,24,24,12,15,33,29,25,25,42,7,3,0,29,23,16,17,30,11,2,5,24,115,43,39,7,127,110,54,37,88,40,45,38,21,62,22,32,13,39,-260,320,-217,127,-1913,52,-2649,-3837,-175,-415]]]
3598465	r	-89.8111,14.4134,-89.1495,14.9137	[[[-898111,148144,1184,-2864,1840,-1146,57,67,69,28,108,45,159,-20,113,-58,113,-41,157,32,227,228,102,39,11,-155,38,14,16,24,11,23,30,-22,189,83,50,27,-1,18,18,158,65,130,102,66,223,55,82,85,99,174,140,146,313,263,91,109,48,78,76,49,170,22,117,-21,2,3,142,222,126,230,111,238,95,244,78,250,45,191,-10,15,-92,78,-108,137,-189,442,-94,151,-202,236,-87,129,-47,139,1,27,-2605,286,-43,-67,-2,-9,-5,-8,-9,-41,-32,-57,-43,-5,-46,11,-52,-2,-249,-23,-66,-12,-129,-3,-72,-9,-491,66,-64,13,-46,22,-207,60,-10,8,38,224,-1553,171,-102,-993]]]
3598122	r	-92.2463,14.3707,-91.6837,14.8477	[[[-922463,145463,847,-595,21,29,-2,22,42,-20,4,8,-8,27,11,9,21,-9,-3,-26,19,11,11,-18,17,6,2,15,32,5,9,20,29,10,-2,10,-19,11,16,26,-1,27,21,6,12,19,20,7,18,25,31,-15,7,10,29,-4,33,-14,36,-24,44,-9,21,-17,28,14,11,0,27,-23,8,14,-16,11,-5,20,13,8,10,18,-15,17,20,4,18,-5,-13,33,0,19,20,43,21,7,2,7,-8,24,-22,-11,-8,8,24,56,-11,41,14,7,21,-14,11,1,33,20,-11,32,38,17,19,-9,40,11,4,8,-10,16,8,33,81,33,14,29,-3,17,15,20,18,-3,43,33,34,15,6,25,-6,34,63,28,45,-60,30,29,30,11,87,-47,53,-14,93,-79,105,-43,96,-4,134,-87,17,7,36,-2,57,-17,81,29,24,-19,20,-39,61,-17,46,-42,36,-13,84,-63,19,2,68,35,61,-39,43,-8,40,-19,62,-3,24,-7,13,-25,20,-17,6,-24,14,-9,71,-3,36,15,48,-10,58,7,22,-13,5,-19,11,-5,68,60,29,16,19,1,19,-9,1881,1978,-795,1049,-1488,321,-2885,-2568,-76,-204,-180,-212,-202,-30]],[[-920439,144031,368,-324,332,349,-18,8,-10,-7,-13,6,-17,12,0,6,-24,4,-3,10,-55,-9,-25,4,-54,-13,-27,17,-77,-61,-32,2,-38,-12,-26,-19,-72,14,-45,25,-41,8,-40,-21,-83,1]]]
3598529	p	3598132
3588258	r	-91.4378,14.7226,-91.1752,15.0778	[[[-914378,148892,7,-24,-3,-49,3,-16,14,2,1,-7,-12,-2,47,-97,-22,-41,575,-1432,97,7,1018,1223,27,-44,167,76,313,85,36,144,22,52,25,26,310,139,-409,391,-78,91,-147,36,-8,-6,-814,1332,-628,-1173,-160,6,-176,-26,25,-35,29,-21,42,-14,37,-31,2,-51,-29,-81,-77,-62,-22,-35,6,-42,79,-36,-60,-107,-56,-72,-105,-77,-76,-29]]]
3591062	r	-89.2006,15.2103,-88.2275,15.9696	[[[-892006,158025,1616,-4760,109,-113,289,-263,307,-243,322,-224,336,-203,224,-116,333,250,861,647,867,651,868,652,874,656,86,66,240,182,421,321,26,20,336,274,30,29,335,318,105,175,174,288,-14,44,19,34,-1,13,38,-27,38,50,4,0,7,11,17,65,28,-6,19,-15,17,-31,4,-22,115,2,155,56,-3,16,-24,28,-30,19,-10,22,7,37,19,15,14,2,15,-9,65,-93,24,11,26,64,20,8,15,-6,12,-17,0,-17,1,0,76,31,2,2,0,-1,76,31,-14,14,-2,11,28,14,49,-7,2,26,-25,33,37,58,-11,15,-33,-3,-12,6,-8,46,-39,37,-3,29,6,9,18,5,50,-19,55,-3,120,18,3,46,-288,120,-441,374,-106,46,-338,296,-1031,467,-523,424,-210,116,-291,296,-115,67,-284,120,-153,86,-144,-163,123,-149,431,-234,68,-84,67,-114,77,-100,185,-82,128,-94,232,-209,-142,-53,-291,54,-120,-75,-62,0,-3,32,3,104,-74,0,10,-156,76,-236,-12,-154,-58,-88,-94,-85,-88,-110,-39,-161,-40,-89,-90,-14,-93,10,-50,-15,-1,-76,32,-46,34,-35,3,-42,24,-10,11,-75,-32,-86,-108,-40,-270,0,-21,67,123,451,-532,324,-476,289,-227,36,-38,210,-340,193,-443,95,-346,-83,-338,275,-140,61,-379,-142,-884,220,-321,-2,-285,-47,-765,35,-18,-7,-56,-178,-90,-373,-64,-379,-4,-41]]]
3598572	r	-90.9333,14.4951,-90.7184,14.9409	[[[-909333,145078,217,-127,1932,1625,-157,439,-47,62,-4,37,-98,79,-44,26,-28,37,-31,60,-3,44,95,120,-6,2,-688,1927,-730,-707,-408,-3624]]]
3592753	r	-92.2112,14.5909,-91.912,15.2938	[[[-922112,152655,3,-121,75,-162,98,-124,6,6,-7,11,5,13,21,-15,67,14,216,-270,-10,-9,-10,-49,-31,-25,941,-1187,-198,-443,-102,-115,-112,-47,-29,25,-17,-36,-4,0,-16,3,-18,25,-38,9,-7,-4,-5,-26,-30,9,1,-16,-19,-4,-8,-19,-84,-23,-118,-116,-34,-329,29,-622,-113,-300,-208,-235,-49,-120,9,-211,21,-83,93,-247,6,-78,-13,-146,7,-72,177,-493,9,-188,-39,-153,-214,-386,-144,-387,2885,2568,-504,2447,-1251,2014,-241,-23,-256,-41,-252,-57,-247,-74,-241,-88]]]
3590858	r	-92.163,14.0929,-91.581,14.7107	[[[-921630,144849,432,-305,257,-198,47,-18,3,-22,13,-13,387,-292,23,10,17,20,12,0,83,-1,40,21,41,-8,45,-25,72,-14,26,19,38,12,32,-2,77,61,27,-17,54,13,25,-4,55,9,3,-10,24,-4,0,-6,17,-12,13,-6,10,7,18,-8,-332,-349,989,-869,802,-570,135,-142,115,-89,49,-50,79,-59,49,-26,38,35,189,-135,1255,-758,208,-115,353,5930,-238,114,-789,134,-1881,-1978,-19,9,-19,-1,-29,-16,-68,-60,-11,5,-5,19,-22,13,-58,-7,-48,10,-36,-15,-71,3,-14,9,-6,24,-20,17,-13,25,-24,7,-62,3,-40,19,-43,8,-61,39,-68,-35,-19,-2,-84,63,-36,13,-46,42,-61,17,-20,39,-24,19,-81,-29,-57,17,-36,2,-17,-7,-134,87,-96,4,-105,43,-93,79,-53,14,-87,47,-30,-11,-30,-29,-45,60,-63,-28,6,-34,-6,-25,-34,-15,-43,-33,-18,3,-15,-20,3,-17,-14,-29,-81,-33,-8,-33,10,-16,-4,-8,-40,-11,-19,9,-38,-17,11,-32,-33,-20,-11,-1,-21,14,-14,-7,11,-41,-24,-56,8,-8,22,11,8,-24,-2,-7,-21,-7,-20,-43,0,-19,13,-33,-18,5,-20,-4,15,-17,-10,-18,-13,-8,5,-20,16,-11,-8,-14,-27,23,-11,0,-28,-14,-21,17,-44,9,-36,24,-33,14,-29,4,-7,-10,-31,15,-18,-25,-20,-7,-12,-19,-21,-6,1,-27,-16,-26,19,-11,2,-10,-29,-10,-9,-20,-32,-5,-2,-15,-17,-6,-11,18,-19,-11,3,26,-21,9,-11,-9,8,-27,-4,-8,-42,20,2,-22,-21,-29,-14,-19]]]
3589452	p	3598132
3589977	p	3598132
3595416	r	-91.8395,15.1284,-91.0821,15.7075	[[[-918395,154662,408,-464,2561,-2914,2022,153,2583,2664,-24,102,-76,243,-92,237,-108,231,-123,224,-138,215,-152,206,-166,196,-178,185,-191,173,-202,161,-212,148,-222,134,-230,119,-238,105,-244,89,-250,74,-254,58,-258,41,-260,25,-261,8,-261,-8,-260,-25,-258,-41,-254,-58,-250,-74,-244,-89,-238,-105,-230,-119,-222,-134,-212,-148,-202,-161,-191,-173,-178,-185,-166,-196,-152,-206,-138,-215,-123,-224,-108,-231,-8,-21]]]
3589404	r	-91.3404,14.9402,-90.8184,15.3626	[[[-913404,151437,195,-659,814,-1332,8,6,82,-20,858,357,-29,-69,-48,-269,168,-49,131,76,-31,79,239,264,17,153,2816,1171,-5,18,-65,209,-79,204,-92,198,-106,193,-118,185,-131,177,-142,169,-154,159,-164,149,-173,139,-182,127,-191,115,-198,103,-204,90,-210,77,-215,63,-218,49,-222,36,-223,21,-5,0,-2123,-2189]]]
3592609	r	-91.61,14.1809,-91.3937,14.695	[[[-916100,141979,173,-51,228,-52,231,-37,234,-23,234,-7,234,7,234,23,231,37,228,52,136,40,-85,1342,-28,-3,-11,-16,-20,-12,-83,15,-33,24,-32,-2,-21,-12,8,47,22,25,1,20,45,30,24,43,-3,58,21,33,10,56,18,22,2,31,20,25,32,13,3,9,-204,3234,-1559,-91,-290,-4880]]]
3591676	r	-90.0201,15.1197,-89.1153,15.9092	[[[-900201,153350,643,-1364,1055,-770,1018,243,23,-13,131,22,108,49,78,-38,104,-97,147,9,25,-14,60,-115,33,-39,115,-26,35,28,-22,76,5,84,-33,64,15,36,152,68,95,65,145,-3,25,28,65,128,4909,1174,15,62,56,328,33,332,12,333,-12,333,-33,332,-56,328,-78,325,-100,319,-121,311,-141,304,-162,294,-181,283,-200,271,-218,257,-235,243,-250,228,-266,211,-279,195,-291,175,-303,158,-313,137,-321,117,-328,97,-335,76,-338,54,-342,33,-343,11,-343,-11,-342,-33,-338,-54,-335,-76,-328,-97,-321,-117,-313,-137,-303,-158,-291,-175,-279,-195,-145,-115,-463,-4574]]]
3599735	p	3587902
3591833	p	3587902
3590616	r	-90.7494,14.8716,-89.9558,15.335	[[[-907494,152245,71,-784,77,-357,73,-57,851,-670,1941,-738,-22,-94,19,-85,-6,-58,-18,-73,51,-82,39,-28,91,-124,38,5,16,29,30,22,35,-25,24,0,8,-9,63,-5,36,-11,8,-24,-12,-62,15,-17,25,-12,6,-24,25,-15,-13,-51,15,-47,25,-37,22,-11,-4,-20,7,-23,40,-28,23,12,27,-13,15,6,69,4,24,-15,32,0,21,-8,15,18,40,2,11,12,18,-22,18,-9,15,13,55,11,50,-12,49,26,17,-1,11,-10,23,16,15,3,2,18,41,15,50,-9,25,-22,21,7,80,-13,15,5,9,20,12,5,10,2,6,-7,17,4,19,22,7,23,27,28,-9,-1,-4,7,9,27,-22,13,-34,42,-39,4,-36,30,-16,-5,-21,13,20,28,-24,22,-9,20,20,23,1,23,28,28,1,4,399,-151,2219,2074,18,-4,313,226,232,107,-18,15,-16,-13,-17,10,-10,-7,-14,14,-16,-8,-2,36,-65,-21,-56,-42,-36,-20,675,631,-643,1364,-7293,-1105]]]
3598678	r	-91.4251,14.1293,-91.1246,14.7233	[[[-914251,146950,204,-3234,-3,-9,-32,-13,-20,-25,-2,-31,-18,-22,-10,-56,-21,-33,3,-58,-24,-43,-45,-30,-1,-20,-22,-25,-8,-47,21,12,32,2,33,-24,83,-15,20,12,11,16,28,3,85,-1342,42,-675,2649,3837,-409,875,-2016,1228,-97,-7,-483,-276]]]
3587587	r	-89.8503,14.8512,-89.0972,15.2757	[[[-898503,151216,494,-2079,1553,-171,-38,-224,10,-8,207,-60,46,-22,64,-13,491,-66,72,9,129,3,66,12,249,23,52,2,46,-11,43,5,32,57,9,41,5,8,2,9,43,67,2605,-286,9,161,78,117,248,208,96,133,77,106,123,284,1,263,-195,177,158,461,120,180,139,111,64,51,307,151,126,41,-49,157,-104,269,-122,262,-139,254,-156,244,-173,234,-187,222,-153,159,-4124,-986,-65,-128,-25,-28,-145,3,-95,-65,-152,-68,-15,-36,33,-64,-5,-84,22,-76,-35,-28,-115,26,-33,39,-60,115,-25,14,-147,-9,-104,97,-78,38,-108,-49,-131,-22,-23,13,-1018,-243]]]
3598025	r	-92.0551,14.9877,-91.5425,15.4198	[[[-920551,152417,927,-1493,900,-324,16,33,85,-39,28,-4,75,22,48,39,37,-23,29,-6,29,11,19,28,19,75,42,24,30,-24,22,-29,24,-3,51,18,59,-7,-5,-55,49,-36,36,-1,-4,-115,75,-106,25,-68,-6,-15,1230,-442,825,455,460,952,-2561,2914,-182,-30,-218,-49,-215,-63,-210,-77,-204,-90,-198,-103,-191,-115,-182,-127,-173,-139,-164,-149,-153,-159,-143,-168,-130,-178,-119,-185,-82,-149]]]
3595714	p	3587902
3589646	p	3598132
3591512	r	-91.1655,14.5078,-90.8925,14.8702	[[[-911655,146005,409,-875,1913,-52,408,3624,-1363,-490,-28,-20,-152,-91,-1187,-2096]]]
3590219	p	3590979
3591997	p	3590979
3589805	r	-91.9624,14.8156,-91.6711,15.0924	[[[-919624,150924,504,-2447,1488,-321,921,1721,-1230,442,6,15,-25,68,-75,106,4,115,-36,1,-49,36,5,55,-59,7,-51,-18,-24,3,-22,29,-30,24,-42,-24,-19,-75,-19,-28,-29,-11,-29,6,-37,23,-48,-39,-75,-22,-28,4,-85,39,-16,-33,-900,324]]]
3599699	p	3587902
3588698	p	3598655
3597804	r	-90.5574,13.9075,-90.0868,14.4824	[[[-905574,140052,57,-52,193,-155,203,-142,212,-129,221,-115,227,-100,234,-86,239,-71,243,-55,247,-40,248,-24,250,-8,250,8,248,24,247,40,243,55,239,71,234,86,227,100,221,115,212,129,11,8,-116,4453,-797,660,-784,-299,-2705,-1966,-226,-703,-78,-1804]]]
3596421	r	-90.2765,14.6762,-89.8009,15.1986	[[[-902765,148988,399,-2024,190,-202,364,124,97,112,104,42,296,15,691,235,134,231,632,192,186,269,90,-25,106,23,92,-85,33,-43,25,-91,-4,-31,1219,414,102,993,-494,2079,-1055,770,-675,-631,36,20,56,42,65,21,2,-36,16,8,14,-14,10,7,17,-10,16,13,18,-15,-232,-107,-313,-226,-18,4,-2219,-2074]]]
3595725	r	-91.2163,16.1329,-89.1491,17.816	[[[-912163,170800,3,-8,92,-138,356,-374,100,-40,241,25,105,-19,54,-62,51,-191,39,-88,353,-410,56,-106,44,-207,120,-102,382,-132,58,-45,126,-131,52,-28,98,42,-10,92,-37,91,18,42,174,-1,136,-22,24,-79,-161,-165,207,-97,291,-284,185,-103,689,-206,117,-1,94,76,136,-75,0,-67,-34,-119,148,-118,358,-173,145,-111,676,-940,137,-360,-132,-234,0,-62,84,14,52,17,34,33,28,67,136,-79,-32,-143,-65,-169,35,-162,-82,-152,87,-37,153,-10,116,-68,5,-105,-69,-75,-89,-72,-52,-96,124,34,160,-5,141,-28,59,-32,54,26,259,75,97,-1,46,-213,62,-90,240,112,111,-31,96,-64,59,-55,52,-111,-13,-86,26,-57,314,-39,103,-44,74,-47,59,-26,113,16,89,38,57,-13,20,-144,2,-131,13,-57,115,-187,-152,41,-136,9,-95,-51,-26,-142,68,0,0,75,68,0,84,-129,-59,-161,-148,-137,-184,-57,-70,-37,102,-72,145,-52,62,24,-1,-106,-61,-24,-84,22,-59,40,-10,-28,0,-24,4961,-1535,5944,950,1511,1544,8,103,87,1033,183,2811,72,1109,97,1484,-15,2847,-23,1128,-32,1644,-43,2161,-1728,2,0,9,-3667,1,0,-7,-1200,2,-2198,1,-2199,2,-2198,3,-2197,2,-1467,2,-517,-533,-551,-646,-385,-518,-2,-1194,-6,-2750,-1889,13,-8,-24,-197,-815,-142,-825,-7,-68]]]
