3600949	r	-87.5341,13.7605,-86.8881,14.3995	[[[-875341,140371,33,-194,48,-204,62,-200,76,-195,88,-191,101,-184,113,-178,125,-170,136,-161,146,-153,156,-143,166,-132,174,-122,181,-111,189,-98,195,-86,200,-74,205,-61,209,-47,211,-34,213,-21,214,-7,214,7,213,21,211,34,209,47,205,61,200,74,195,86,189,98,181,111,174,122,166,132,156,143,146,153,136,161,125,170,113,178,101,184,88,191,58,149,139,1634,-11,62,-48,204,-62,200,-76,195,-88,191,-101,184,-113,178,-125,170,-136,161,-146,153,-156,143,-166,132,-174,122,-181,111,-189,98,-195,86,-200,74,-205,61,-209,47,-211,34,-213,21,-214,7,-214,-7,-213,-21,-211,-34,-209,-47,-205,-61,-50,-19,-614,-648,-1525,-2787]]]
3601782	r	-88.6338,15.1987,-87.4248,15.76	[[[-886338,153954,3,-19,34,-141,2139,-710,3039,-1009,806,198,783,-156,-3,1,-4,34,-21,-1,9,36,14,11,1,60,11,-4,5,6,-4,18,6,12,-11,8,-6,27,9,4,0,11,32,-16,11,7,-1,13,8,6,24,-5,6,15,14,-3,4,-19,8,5,3,19,17,13,-4,17,-41,11,-25,44,0,23,19,5,19,25,36,8,5,9,28,-15,-4,-21,-13,-16,0,-15,18,-54,-12,-30,2,-10,11,-10,17,4,32,21,14,17,4,4,4,5,4,5,27,48,12,9,18,1,16,-9,10,-21,0,-25,-51,-47,-10,-27,4,-14,21,-21,35,-3,19,-9,4,-62,-9,-22,-24,-10,-33,-52,11,-12,55,-9,20,-14,-12,-23,-17,-7,-17,-2,-47,8,-9,-5,-1,-11,383,-76,225,263,284,5,317,123,128,113,132,203,95,425,35,226,-2,88,170,481,40,50,102,214,3,44,32,129,4,9,448,239,14,272,-5,25,6,45,-5,54,-188,255,-17,-1,-3,7,8,10,-1,1,1,1,-2,1,-5,5,-36,8,-6,1,-2,0,0,-2,-3,-4,3,-11,-7,1,-3,3,-3,21,-21,12,-13,0,-3,-14,-10,-4,-51,8,-11,14,-48,8,-55,27,-42,-5,-7,14,-12,7,12,16,-14,35,-32,14,-25,21,-22,5,-7,-4,12,17,0,12,-59,58,-55,25,-28,27,-15,38,-15,15,22,14,1,16,20,13,24,3,13,72,16,12,-2,31,33,59,51,24,16,16,4,56,33,122,-70,63,-16,4,-50,-6,-5,40,-45,48,3,35,-105,630,-23,169,-5,31,-28,27,-46,-18,-49,14,-19,21,-35,87,-35,28,-37,6,-34,-19,-25,-40,15,-85,-6,-26,-1,0,-709,60,5,7,-22,9,0,20,10,9,-1,24,-10,5,4,13,100,-7,18,14,-5,45,-11,-3,-11,9,-2,25,75,171,-19,-1,-12,8,11,31,-669,-1,12,23,-11,3,6,31,-5,5,-25,-13,-6,14,-14,7,-18,-4,-42,12,-19,-11,-26,1,-28,-8,-30,3,-12,-17,-24,2,-17,-10,-12,6,-26,-3,-7,8,-17,-9,-13,14,-16,-6,-21,9,-9,-8,-2,7,-10,2,-6,-23,-77,-22,-47,-27,-29,-26,-56,-114,13,-216,-40,-54,-261,-44,-538,-207,-66,-337,-148,-378,-645,35,-2537,-694,-623,-336,503,411,-447,-341,-237,-180,-89,-68,-874,-656,-464,-349]],[[-883891,155822,445,363,111,162,-86,-3,-105,-175,-365,-347]],[[-877721,157057,39,-19,31,-5,20,12,18,-16,39,10,7,-8,22,-3,15,-14,60,-13,-4,-13,9,-4,1,-11,8,-7,10,13,8,-21,14,1,11,-21,-10,-16,21,-4,-6,-15,18,-15,3,-15,29,-35,12,-3,13,13,12,-12,7,-27,22,17,44,-42,-8,-8,5,-14,26,-3,36,-42,16,5,12,-11,36,-11,31,12,41,-9,2,-15,-11,-22,33,-9,24,11,46,-18,15,-33,21,-15,1,-12,11,-1,29,-28,22,2,19,-13,8,-37,35,-38,-14,-9,-2,-32,-25,-8,-8,-17,10,-26,16,-9,-4,-223,9,-24,17,-5,-1,-13,-6,-3,13,-41,24,-24,-34,-48,3,-48,44,-120,75,-40,28,-3,1,-11,18,2,19,-12,25,0,42,-12,60,-2,22,-8,41,6,39,-44,48,0,44,-37,10,6,17,-3,25,-19,5,-24,12,-12,-4,-36,22,-18,98,-1,62,-13,17,-13,46,2,-209,-408,1944,2266,-1713,-483,-1759,150,0,-1]]]
3612907	r	-86.9248,13.5744,-85.7991,14.5849	[[[-869248,137048,1678,-1304,-1,20,62,320,-7,160,-38,65,-87,64,-23,17,-18,14,-39,51,-20,91,29,533,10,173,2,10,-1,1,22,129,17,61,48,40,115,78,227,112,209,17,436,-53,816,152,394,22,332,-177,177,-49,145,45,134,69,147,21,157,-159,60,-41,94,-30,70,-10,516,33,184,44,149,71,116,128,58,151,63,236,53,8,15,97,-12,18,118,181,655,687,151,229,27,-6,23,48,35,10,-26,38,56,86,46,-2,22,43,-15,39,26,40,105,68,118,44,121,62,117,119,72,127,39,97,52,86,112,99,138,70,765,111,-3,-111,-108,-215,29,-265,706,-500,217,-279,67,-61,139,-47,92,20,91,36,136,9,220,-95,117,-173,98,-205,159,-189,21,-7,82,342,83,492,50,497,15,445,-2865,1528,146,124,-71,595,-700,168,-383,945,-632,-152,-91,-110,-154,-51,-77,-80,-129,-18,-108,-84,-113,-134,-130,-43,-135,-88,-116,-21,-861,67,-35,126,-1,0,-33,116,-117,106,-44,92,-129,-8,-238,42,-79,167,-61,7,-65,95,-548,130,50,25,60,89,96,38,12,47,45,22,12,80,-28,38,-6,156,-2980,1589,-382,-4488,-139,-1634,-228,-2679]]]
3608248	r	-87.0634,15.5424,-86.4342,15.8065	[[[-870634,157700,12,-222,33,-219,56,-215,77,-209,98,-201,118,-190,136,-178,154,-165,170,-149,184,-132,196,-114,207,-95,82,-28,40,25,98,-65,136,58,49,5,42,-25,103,52,-1,-10,41,18,13,19,83,-9,2,-30,0,-2,5,-69,5,-87,43,-8,27,13,101,-44,62,20,70,85,108,28,57,-71,118,-9,101,-18,15,9,13,-15,4,-14,17,-4,14,4,12,14,9,-7,15,7,9,-8,51,7,13,9,-11,32,11,14,238,47,271,141,329,192,382,158,264,375,-57,159,1867,1306,-37,23,-20,13,-307,121,-332,9,-951,-80,1,6,-202,-9,-189,2,-41,-8,-47,-32,-524,-44,-395,33,-35,6,-43,31,-121,67,-122,42,-57,-45,-38,-18,-86,-65,-35,-14,-3,-15,-43,-32,-7,-8,-19,-13,-11,-10,-2,-1,-166,-25,-613,-178,-382,-37,-356,29,-1065,237,-35,4,-9,-174]]]
8556321	p	3608248
3600026	n	-88.473,15.5137,-87.6966,15.9343	[[[-884730,155137,623,336,2537,694,645,-35,148,378,66,337,538,207,261,44,40,54,-13,216,56,114,29,26,47,27,77,22,6,23,10,-2,2,-7,9,8,21,-9,10,4,6,2,13,-14,17,9,7,-8,26,3,12,-6,17,10,24,-2,12,17,30,-3,28,8,26,-1,19,11,42,-12,18,4,14,-7,6,-14,25,13,5,-5,-6,-31,11,-3,-12,-23,669,1,-11,-31,12,-8,19,1,-75,-171,2,-25,11,-9,11,3,5,-45,-18,-14,-100,7,-4,-13,10,-5,1,-24,-10,-9,0,-20,22,-9,-5,-7,709,-60,1,0,6,26,-15,85,25,40,34,19,37,-6,35,-28,35,-87,19,-21,49,-14,46,18,28,-27,5,-31,-2,18,6,-18,350,-29,12,15,118,190,98,201,77,209,55,215,34,219,11,222,-11,222,-34,219,-55,215,-77,209,-29,58,-50,6,-61,-19,-80,-24,-58,-141,-180,-49,-860,-57,-295,-96,-164,-113,-168,-49,-422,-9,-36,-32,42,-71,91,-71,111,-31,57,-45,-22,-99,-72,-135,-316,-185,-8,18,-2471,1322,-144,-2105,-120,-18,-55,3,-19,7,-31,12,-18,-5,-6,-9,3,-29,17,-16,22,-21,8,-46,12,-6,4,1,29,2,11,-15,-37,-58,25,-33,-2,-26,-49,7,-28,-14,2,-11,6,-6,8,-8,-4,-1,-72,-30,0,1,-2,-2,-76,-31,-1,0,0,17,-12,17,-15,6,-20,-8,-26,-64,-24,-11,-65,93,-15,9,-14,-2,-19,-15,-7,-37,10,-22,24,-15,6,-4,24,-28,3,-16,-2,-1,-153,-55,-106,-2,-9,0,-4,22,-17,31,-19,15,-28,6,-17,-65,-7,-11,-4,0,-35,-45,-3,-5,-38,27,1,-13,-19,-34,14,-44,-4,-6,-170,-282,86,3,-111,-162,-1284,-1048]]]
3613974	r	-86.2781,14.021,-84.7186,15.3987	[[[-862781,151166,2120,-3437,461,200,214,-221,566,-326,19,-84,-19,-44,-108,7,-31,-35,-30,22,-26,-32,-55,10,-11,-45,-30,15,-90,-31,-22,134,-55,-1,-17,42,-36,9,-50,-61,17,-60,-31,-37,15,-67,-96,-9,-40,-34,57,-27,-45,-57,13,-48,-69,13,-16,-19,566,-917,14,-256,-124,-126,-122,-81,-77,-174,25,-93,57,-63,123,39,106,-79,-89,-240,-103,-40,43,-60,-95,-100,-64,-116,-82,-35,-17,-68,90,-63,31,-66,41,11,47,-30,221,83,54,-82,19,-83,55,-24,37,-71,65,-21,18,-72,117,8,187,-41,137,-3,150,-118,23,-101,107,-62,46,-99,-5,-53,58,-8,89,-67,56,55,175,-63,155,-210,-15,-43,18,-41,-116,-118,-51,-7,-1,-84,-42,-57,19,-68,-37,-14,7,-112,64,-52,-43,-105,40,-34,24,-107,-38,-33,20,-103,-43,-122,-73,-78,-35,2,-23,-55,-87,4,-46,-82,-33,9,-61,-67,-28,14,-2,-20,-92,-20,-53,-40,-34,-69,5,-53,-35,2,-50,-54,-32,-89,-95,-139,-41,-154,-35,-48,38,-54,168,19,110,73,47,101,-38,116,41,62,217,92,31,24,10,59,175,66,38,-18,6,-39,108,-144,60,-48,131,-17,76,23,119,138,4,33,41,34,32,145,94,26,36,-29,22,-72,141,-58,124,50,23,1,107,4,89,-73,16,-1,999,-1620,85,125,219,70,86,15,165,29,61,20,45,-9,82,35,69,-23,40,40,-37,87,43,23,69,-19,27,32,-22,128,40,121,53,-10,19,-95,40,-18,30,40,-18,81,92,11,19,-48,39,-1,-4,95,120,-2,37,95,55,39,17,68,37,2,81,-81,131,6,38,97,62,-13,72,77,88,4,-4,102,73,24,25,41,-60,58,27,172,232,208,-60,120,74,23,-1,54,-33,55,20,66,-80,27,-4,39,53,30,79,0,29,-31,-12,-94,69,4,64,140,-4,50,45,13,65,-23,32,22,-5,141,18,16,85,-8,124,70,90,10,69,-13,52,-45,52,2,37,13,35,83,143,-9,35,28,267,-92,149,-7,64,31,107,-17,95,39,112,-82,38,13,70,194,85,70,29,63,72,47,55,145,-266,134,104,61,116,165,-10,228,-129,199,-178,158,-127,81,0,10,46,27,50,-15,40,84,1,45,102,76,11,64,-23,152,12,64,231,239,20,35,47,72,10,153,88,136,-89,260,68,63,-13,106,-23,32,-3,1,63,113,42,-2,12,10,139,-34,159,-171,170,-124,212,98,202,196,23,9,11,25,120,117,59,135,15,33,-9,0,14,19,-10,30,-151,-28,-55,29,91,101,20,18,60,32,13,35,47,43,-56,39,-27,60,-57,45,-93,18,-50,34,-54,98,157,41,52,24,32,59,53,370,88,157,137,125,21,13,155,102,179,124,459,431,164,93,598,105,263,12,260,-76,219,-160,147,-236,-31,-28,-78,-98,-5,-20,199,-24,27,-121,-10,-133,192,-127,50,490,25,746,-25,746,-75,742,-125,736,-174,726,-223,714,-270,698,-316,680,-244,445,-12929,-1599,-1214,-1222]]]
3613533	p	3601782
3601311	r	-88.2653,14.2723,-87.4862,14.8451	[[[-882653,144847,81,-260,104,-269,121,-262,140,-254,156,-244,172,-234,187,-222,202,-210,185,-169,2877,1438,-86,81,92,-17,-94,251,-220,248,104,145,49,130,8,-1,1,16,17,-2,8,10,25,14,37,-10,21,14,11,-8,18,7,2,-9,12,-1,0,-7,8,7,15,0,9,-10,56,8,6,-10,5,11,4,-10,38,-11,-2,-8,21,-9,22,2,29,-10,9,10,18,1,43,-11,41,6,17,-13,11,8,9,-9,10,9,9,-5,4,9,31,-1,32,-22,55,-15,-7,-7,4,-6,20,12,13,-16,10,3,4,-10,13,3,8,-6,38,10,8,9,19,7,23,0,17,7,4,10,17,-7,1,15,17,-10,7,5,11,-7,5,11,6,-11,9,11,9,-7,8,3,1,1,6,2,0,2,2,1,-2,15,10,-1,12,12,39,-33,10,15,13,-25,23,9,-1,-28,11,0,5,12,13,3,3,-6,-11,-14,2,-17,8,2,4,12,25,-8,-17,-26,2,-19,7,-3,7,15,7,1,173,334,-360,263,143,198,124,-35,20,-82,137,-54,40,-28,2341,2965,-3972,-585,-62,177,-141,-207,-1273,-188,-2343,-2801]]]
3604251	r	-87.1657,14.9755,-86.1567,15.7885	[[[-871657,154440,253,-343,326,-238,23,-378,185,-84,31,13,-27,24,27,90,-32,103,105,52,57,102,71,-28,35,32,29,-33,77,43,61,-87,44,4,31,42,40,-60,65,27,46,-62,76,42,64,-19,-18,103,29,33,60,-23,34,59,10,95,32,12,48,-10,15,-64,82,19,193,-100,200,57,62,-4,115,61,224,-76,2661,-4089,3542,1411,1214,1222,-816,2169,1,1,46,2,43,48,-57,93,60,76,-33,61,29,38,8,85,-105,243,15,45,-34,-12,-9,23,-80,28,-30,-33,-26,9,-81,-32,-942,2504,-169,-27,-243,15,-157,40,-195,121,-1867,-1306,57,-159,-264,-375,-382,-158,-329,-192,-271,-141,-238,-47,-11,-14,7,-19,4,-13,-7,-5,-3,-2,-3,-2,-35,-5,-16,-2,-9,8,-15,-7,-9,7,-12,-14,-14,-4,-17,4,-4,14,-13,15,-15,-9,-101,18,-118,9,-57,71,-108,-28,-70,-85,-62,-20,-101,44,-27,-13,-43,8,-10,156,0,2,-2,30,-83,9,-13,-19,-41,-18,1,10,-103,-52,-42,25,-49,-5,-136,-58,-98,65,-148,-95,-20,-44,-420,31,-53,-35,-95,43,-31,55,-92,-62,-125,-175,-283,-192,-102,-34,17,-64,-74,-45,9,-113,-245,-142,-179,-4,-173,-174,-255,7,-174,31,-143,-156]]]
3600704	r	-86.3578,15.2388,-85.4683,16.0331	[[[-863578,157736,942,-2504,81,32,26,-9,30,33,80,-28,9,-23,34,12,-15,-45,105,-243,-8,-85,-29,-38,33,-61,-60,-76,57,-93,-43,-48,-46,-2,-1,-1,816,-2169,5188,642,139,126,238,246,220,261,203,274,184,286,164,298,143,307,123,315,101,323,79,329,56,332,35,336,11,337,-11,337,-35,336,-56,332,-79,329,-101,323,-112,288,-564,144,-444,182,-211,149,-177,139,-89,129,-165,4,-23,-21,-30,-17,-21,-32,5,-67,-74,0,-26,109,2,136,-26,115,-112,50,-161,32,-470,119,-472,129,-375,42,-536,97,-772,147,-261,-20,-49,-111,303,-75,633,-88,160,-202,-90,-242,-211,-226,-389,-275,-101,-50,-126,-35,-1429,-50,-348,-82,-345,-135,-114,-89,-247,-265,-951,-572,-167,-74,-28,-4]]]
3610613	p	3601782
3601627	r	-88.1123,14.7648,-87.4638,15.2517	[[[-881123,152075,394,-2147,227,6,-105,-601,-12,-3,6,-32,-2,-11,4,0,301,-1639,1273,188,141,207,62,-177,3972,585,224,100,-312,1385,-2586,1348,-1,2,7,26,-25,27,-153,57,-62,-20,36,12,-219,113,0,10,-21,5,-53,47,-15,2,-20,-7,-571,298,-11,56,-27,15,-116,9,-96,51,-383,76,1,11,9,5,47,-8,17,2,17,7,12,23,-20,14,-55,9,-11,12,33,52,24,10,9,22,-4,62,-19,9,-35,3,-21,21,-4,14,10,27,51,47,0,25,-10,21,-16,9,-18,-1,-12,-9,-27,-48,-4,-5,-4,-5,-4,-4,-14,-17,-32,-21,-17,-4,-11,10,-2,10,12,30,-18,54,0,15,13,16,4,21,-28,15,-5,-9,-36,-8,-19,-25,-19,-5,0,-23,25,-44,41,-11,4,-17,-17,-13,-3,-19,-8,-5,-4,19,-14,3,-6,-15,-24,5,-8,-6,1,-13,-11,-7,-32,16,0,-11,-9,-4,6,-27,11,-8,-6,-12,4,-18,-5,-6,-11,4,-1,-60,-14,-11,-9,-36,21,1,4,-34,3,-1,-783,156,-806,-198]]]
3613528	n	-87.4108,13.0839,-86.9492,13.5361	[[[-874108,133100,11,-222,34,-219,55,-215,76,-209,97,-201,116,-190,135,-178,152,-165,168,-149,182,-132,194,-114,205,-95,213,-75,220,-54,224,-32,226,-11,226,11,224,32,220,54,213,75,205,95,194,114,182,132,168,149,152,165,135,178,116,190,97,201,76,209,55,215,34,219,11,222,-11,222,-34,219,-55,215,-76,209,-97,201,-116,190,-135,178,-152,165,-168,149,-182,132,-194,114,-205,95,-213,75,-220,54,-224,32,-226,11,-226,-11,-224,-32,-220,-54,-213,-75,-205,-95,-194,-114,-182,-132,-168,-149,-152,-165,-135,-178,-116,-190,-65,-135,110,-100,-14,-68,0,-59,14,-84,-252,-96,-21,-83,-34,-219,-11,-222]]]
3601787	n	-89.1021,14.3939,-88.64,14.7992	[[[-891021,146200,11,-222,34,-219,55,-215,77,-209,97,-201,117,-190,136,-178,153,-165,169,-149,183,-132,195,-114,206,-95,214,-75,221,-54,226,-32,227,-11,227,11,226,32,221,54,214,75,206,95,195,114,183,132,169,149,153,165,136,178,117,190,97,201,77,209,55,215,24,155,-2789,1561,-923,517,-60,-44,-169,-149,-153,-165,-136,-178,-117,-190,-97,-201,-77,-209,-55,-215,-34,-219,-11,-222]]]
3613321	r	-88.1028,13.906,-87.171,14.8551	[[[-881028,142861,20,-201,45,-268,63,-264,81,-259,98,-253,114,-247,131,-239,147,-230,162,-220,176,-210,190,-198,203,-185,214,-172,226,-158,236,-143,245,-127,253,-112,260,-96,265,-78,271,-62,274,-44,276,-26,278,-9,278,9,276,26,226,36,679,1240,1525,2787,614,648,1492,1576,-21,123,-70,296,-91,291,-110,284,-128,277,-128,233,-2380,1665,-224,-100,-2341,-2965,-40,28,-137,54,-20,82,-124,35,-143,-198,360,-263,-173,-334,-7,-1,-7,-15,-7,3,-2,19,17,26,-25,8,-4,-12,-8,-2,-2,17,11,14,-2,3,-1,2,0,1,-7,-2,-4,-1,-2,0,-5,-12,-11,0,1,28,-23,-9,-13,25,-10,-15,-39,33,-12,-12,-10,1,2,-15,-2,-1,0,-2,-6,-2,-1,-1,-8,-3,-9,7,-9,-11,-6,11,-5,-11,-11,7,-7,-5,-17,10,-1,-15,-17,7,-4,-10,-17,-7,-23,0,-19,-7,-8,-9,-38,-10,-8,6,-13,-3,-4,10,-10,-3,-13,16,-20,-12,-4,6,7,7,-55,15,-32,22,-31,1,-4,-9,-9,5,-10,-9,-9,9,-11,-8,-17,13,-41,-6,-43,11,-18,-1,-9,-10,-29,10,-22,-2,-21,9,2,8,-38,11,-4,10,-5,-11,-6,10,-56,-8,-9,10,-15,0,-8,-7,0,7,-12,1,-2,9,-18,-7,-11,8,-21,-14,-37,10,-25,-14,-8,-10,-17,2,-1,-16,-8,1,-49,-130,-104,-145,220,-248,94,-251,-92,17,86,-81,-2600,-1300]]]
3604229	p	3600026
3611150	r	-87.8883,14.9936,-87.2919,15.757	[[[-878883,151987,96,-51,116,-9,27,-15,11,-56,571,-298,20,7,15,-2,53,-47,21,-5,0,-10,219,-113,26,8,153,-57,25,-27,-7,-26,1,-2,2586,-1348,459,1355,-75,98,-200,3,-160,163,-157,32,-56,-17,-154,124,-191,1,-141,57,24,51,73,31,52,79,138,76,60,140,-25,108,31,110,147,64,-10,44,179,126,25,68,544,-96,7,34,68,48,-228,677,-46,22,-3,54,-28,28,-67,-2,-100,83,-224,85,-71,224,-72,56,-3,28,-35,-4,-92,77,-67,-31,-71,76,-12,64,147,236,-42,52,2,36,-53,3,17,42,264,165,6,203,-62,238,2,35,41,31,-36,41,46,31,107,13,154,132,47,14,16,40,187,74,38,-93,64,-55,60,-20,86,34,-28,-98,27,-44,-37,-8,31,-37,-54,-25,17,-66,-20,-73,43,-5,-7,-28,55,-36,-62,-60,118,-41,38,-91,-1,-86,34,35,9,-65,30,-14,13,30,37,-14,1,-51,40,6,4,33,63,-28,-42,-47,50,10,-6,-33,79,35,14,-18,-26,-59,57,22,-14,-26,41,-47,55,-18,85,56,88,16,160,133,66,-13,463,1367,-906,1634,-424,-179,-1944,-2266,209,408,-46,-2,-17,13,-62,13,-98,1,-22,18,4,36,-12,12,-5,24,-25,19,-17,3,-10,-6,-44,37,-48,0,-39,44,-41,-6,-22,8,-60,2,-42,12,-25,0,-19,12,-18,-2,-1,11,-28,3,-75,40,-44,120,-3,48,34,48,-24,24,-13,41,6,3,1,13,-17,5,-9,24,4,223,-16,9,-10,26,8,17,25,8,2,32,14,9,-35,38,-8,37,-19,13,-22,-2,-29,28,-11,1,-1,12,-21,15,-15,33,-46,18,-24,-11,-33,9,11,22,-2,15,-41,9,-31,-12,-36,11,-12,11,-16,-5,-36,42,-26,3,-5,14,8,8,-44,42,-22,-17,-7,27,-12,12,-13,-13,-12,3,-29,35,-3,15,-18,15,6,15,-21,4,10,16,-11,21,-14,-1,-8,21,-10,-13,-8,7,-1,11,-9,4,4,13,-60,13,-15,14,-22,3,-7,8,-39,-10,-18,16,-20,-12,-31,5,-39,19,-6,19,25,-187,105,-630,-3,-35,45,-48,5,-40,50,6,16,-4,70,-63,-33,-122,-4,-56,-16,-16,-51,-24,-33,-59,2,-31,-16,-12,-13,-72,-24,-3,-20,-13,-1,-16,-22,-14,15,-15,15,-38,28,-27,55,-25,59,-58,0,-12,-12,-17,7,4,22,-5,25,-21,32,-14,14,-35,-12,-16,12,-7,7,-14,42,5,55,-27,48,-8,11,-14,51,-8,10,4,3,14,13,0,21,-12,3,-21,3,-3,7,-1,-3,11,3,4,0,2,2,0,6,-1,36,-8,5,-5,2,-1,-1,-1,1,-1,-8,-10,3,-7,17,1,188,-255,5,-54,-6,-45,5,-25,-14,-272,-448,-239,-4,-9,-32,-129,-3,-44,-102,-214,-40,-50,-170,-481,2,-88,-35,-226,-95,-425,-132,-203,-128,-113,-317,-123,-284,-5,-225,-263]]]
3608503	r	-86.8516,14.07,-85.7232,15.1166	[[[-868516,145876,17,-27,2980,-1589,6,-156,28,-38,-12,-80,-45,-22,-12,-47,-96,-38,-60,-89,-50,-25,548,-130,65,-95,61,-7,79,-167,238,-42,129,8,44,-92,117,-106,33,-116,1,0,35,-126,861,-67,116,21,135,88,130,43,113,134,108,84,129,18,77,80,154,51,91,110,632,152,383,-945,700,-168,71,-595,-146,-124,2014,-1074,106,55,385,234,369,257,350,280,331,302,69,72,-23,-1,-124,-50,-141,58,-22,72,-36,29,-94,-26,-32,-145,-41,-34,-4,-33,-119,-138,-76,-23,-131,17,-60,48,-108,144,-6,39,-38,18,-175,-66,-10,-59,-31,-24,-217,-92,-41,-62,38,-116,-47,-101,-110,-73,-168,-19,-38,54,35,48,41,154,95,139,32,89,50,54,35,-2,-5,53,34,69,53,40,92,20,2,20,28,-14,61,67,33,-9,46,82,87,-4,23,55,35,-2,73,78,43,122,-20,103,38,33,-24,107,-40,34,43,105,-64,52,-7,112,37,14,-19,68,42,57,1,84,51,7,116,118,-18,41,15,43,-155,210,-175,63,-56,-55,-89,67,-58,8,5,53,-46,99,-107,62,-23,101,-150,118,-137,3,-187,41,-117,-8,-18,72,-65,21,-37,71,-55,24,-19,83,-54,82,-221,-83,-47,30,-41,-11,-31,66,-90,63,17,68,82,35,64,116,95,100,-43,60,103,40,89,240,-106,79,-123,-39,-57,63,-25,93,77,174,122,81,124,126,-14,256,-566,917,16,19,69,-13,-13,48,45,57,-57,27,40,34,96,9,-15,67,31,37,-17,60,50,61,36,-9,17,-42,55,1,22,-134,90,31,30,-15,11,45,55,-10,26,32,30,-22,31,35,108,-7,19,44,-19,84,-566,326,-214,221,-461,-200,-2120,3437,-3542,-1411,-2193,-3879]]]
3601494	r	-89.1828,14.4941,-88.4223,15.1819	[[[-891828,148953,7167,-4012,42,43,175,209,162,219,59,92,-1761,5914,-197,87,-259,95,-265,78,-270,62,-273,43,-275,27,-277,9,-277,-9,-275,-27,-273,-43,-270,-62,-265,-78,-259,-95,-252,-111,-244,-127,-235,-142,-225,-157,-215,-171,-202,-185,-189,-196,-175,-209,-162,-219,-146,-229,-130,-237,-115,-246,-97,-252,-22,-71]]]
3607254	p	3613321
3600195	r	-87.5625,14.5876,-86.6323,15.5936	[[[-875625,151752,141,-57,191,-1,154,-124,56,17,157,-32,160,-163,200,-3,75,-98,-459,-1355,312,-1385,2380,-1665,1186,-830,2556,-180,2193,3879,-2661,4089,-224,76,-115,-61,-62,4,-200,-57,-193,100,-82,-19,-15,64,-48,10,-32,-12,-10,-95,-34,-59,-60,23,-29,-33,18,-103,-64,19,-76,-42,-46,62,-65,-27,-40,60,-31,-42,-44,-4,-61,87,-77,-43,-29,33,-35,-32,-71,28,-57,-102,-105,-52,32,-103,-27,-90,27,-24,-31,-13,-185,84,-23,378,-326,238,-253,343,143,156,174,-31,255,-7,173,174,179,4,222,129,-2408,1071,-463,-1367,-66,13,-160,-133,-88,-16,-85,-56,-55,18,-41,47,14,26,-57,-22,26,59,-14,18,-79,-35,6,33,-50,-10,42,47,-63,28,-4,-33,-40,-6,-1,51,-37,14,-13,-30,-30,14,-9,65,-34,-35,1,86,-38,91,-118,41,62,60,-55,36,7,28,-43,5,20,73,-17,66,54,25,-31,37,37,8,-27,44,28,98,-86,-34,-60,20,-64,55,-38,93,-187,-74,-16,-40,-47,-14,-154,-132,-107,-13,-46,-31,36,-41,-41,-31,-2,-35,62,-238,-6,-203,-264,-165,-17,-42,53,-3,-2,-36,42,-52,-147,-236,12,-64,71,-76,67,31,92,-77,35,4,3,-28,72,-56,71,-224,224,-85,100,-83,67,2,28,-28,3,-54,46,-22,228,-677,-68,-48,-7,-34,-544,96,-25,-68,-179,-126,10,-44,-147,-64,-31,-110,25,-108,-60,-140,-138,-76,-52,-79,-73,-31,-24,-51]]]
3601691	r	-88.6027,14.4958,-88.031,15.3084	[[[-886027,151564,43,-146,1008,-3384,648,-2177,105,-353,55,-185,97,-43,268,-98,273,-81,278,-63,282,-45,284,-27,125,-4,2251,2690,-301,1639,-4,0,2,11,-3,15,-3,17,-484,-112,496,115,105,601,-227,-6,-394,2147,-3039,1009,-169,-74,-252,-132,-243,-146,-232,-162,-221,-177,-208,-190,-196,-202,-181,-215,-163,-222],[-882991,149380,49,4,15,-5,-15,4,-49,-3],[-882935,149067,18,-10,9,-13,-9,12,-18,11],[-882900,149382,1,0,11,-2,-12,2],[-882890,149034,5,2,0,-1,-5,-1],[-882835,149409,26,-6,22,11,-22,-12,-26,7],[-882640,148800,27,40,38,29,-38,-30,-27,-39],[-882609,149445,6,31,0,-1,-6,-30],[-882197,149774,10,-2,1,-6,-2,6,-9,2],[-881243,150005,1,0,351,-21,-352,21]]]
