3186886	r	15.5096,45.515,16.4293,46.2056	[[[155096,458209,4571,-3058,3729,2184,79,46,818,479,-383,1845,-1444,528,-1385,506,-3599,1317,-15,-4,-363,-115,-352,-132,-339,-148,-324,-163,-189,-109,-1,-250,139,-225,198,-146,79,-58,122,-51,80,-23,200,-58,122,-63,90,-95,51,-54,-44,-104,-116,-123,-77,-202,-1,-1,12,-207,17,-307,-15,-166,-52,-125,-70,-119,-40,-120,43,-127,118,-201,6,-143,-100,-100,-20,-7,0,-1,-185,-68,-195,-39,-388,-10,-376,45,-262,31,-96,-34,-43,-25]]]
3190261	r	16.0605,43.2249,16.8399,43.802	[[[160605,434899,57,-2,323,-97,146,-11,-22,108,615,0,-75,144,-142,73,-330,62,0,69,1219,21,415,94,182,22,70,17,187,86,118,27,970,-14,230,-39,166,-77,-175,-92,-13,-5,-8,4,-32,2,0,-7,-15,-7,-5,22,-20,5,-19,-51,-8,-3,-2,12,-8,-4,-1,5,-8,-7,-20,2,20,40,-5,3,-35,-1,-19,-17,-33,-8,-57,11,-38,-16,34,14,61,-9,-11,-8,-7,-24,-66,5,-4,16,2,-17,-23,-6,-10,-16,72,-17,-167,-30,-200,-2,0,-68,13,0,-21,-5,-28,-21,8,-3,-7,-2,37,-2,77,3,13,-21,-9,-8,65,-11,29,3,48,-14,15,6,4,-8,4,10,22,4,1,-6,28,-8,4,7,18,-4,5,-9,-12,4,9,-11,21,-5,39,-1,20,10,9,10,-6,-2,-18,-13,-2,18,-11,-5,5,-15,-20,8,1,8,6,-2,54,47,23,3,-13,4,21,3,28,-9,-12,-7,31,0,6,-11,-35,-8,38,3,3,-11,-47,-7,39,-3,-3,-12,-54,-2,6,-5,66,-7,-30,7,63,-5,-11,10,24,11,22,-20,12,0,8,-7,20,11,12,-11,20,-5,-8,6,8,13,9,-3,-5,-5,26,4,1,-6,21,10,0,-14,-30,-4,-12,4,-4,-11,47,9,11,18,16,8,16,-6,-7,-7,8,3,6,-6,33,12,18,-4,7,-11,51,22,12,-3,3,-8,20,3,11,-10,60,0,73,17,92,-9,10,26,24,-3,-2,12,8,2,9,4,21,-5,118,17,31,-4,16,29,10,-4,26,-45,9,-46,13,-26,910,-481,681,-107,586,-188,644,-68,18,34,76,183,59,186,43,189,26,190,8,191,-8,191,-26,190,-43,189,-59,186,-76,183,-92,179,-108,174,-123,168,-139,162,-152,156,-166,147,-179,140,-191,131,-202,121,-213,111,-222,101,-231,90,-239,79,-244,67,-251,56,-255,43,-258,31,-260,19,-262,6,-262,-6,-260,-19,-258,-31,-255,-43,-251,-56,-162,-44,-2347,-2922],[165181,435095,5,2,61,11,2,-1,0,-3,-9,2,-24,-20,-17,-1,-18,10]],[[162005,434071,29,-71,98,-59,-29,-9,-25,-1,-14,-13,6,-45,253,-28,494,-151,669,-307,274,-53,154,130,-247,148,-181,171,-188,114,-271,-24,-45,163,-212,83,-569,33,-145,-23,-51,-58]],[[162114,434901,69,-38,123,-31,158,-18,124,21,85,34,147,10,513,-65,375,29,45,59,-411,113,-239,63,-459,51,-163,-46,41,-84,-87,-50,-135,13,-67,12,-44,3,-71,-21,-4,-55]],[[164058,433327,161,-151,788,-334,633,-141,643,-64,276,6,63,29,213,111,202,121,191,131,179,140,166,147,152,156,93,108,-941,184,-1938,53,-404,118,-65,7,-207,-7,134,-232,138,-177,-118,-20,-68,-48,-6,-65,55,-72,-55,-10,-46,8,-29,-10,-5,-63,-69,0,-56,36,-80,39]],[[165205,432290,50,-41,180,30,11,3,-96,-5,-145,13]]]
3191648	r	14.0071,45.0253,14.8729,45.6286	[[[140071,453300,9,-200,28,-200,46,-198,64,-195,83,-192,99,-188,117,-182,134,-177,150,-170,165,-163,179,-155,194,-147,207,-137,206,-119,52,38,127,141,22,150,-159,139,298,-81,234,230,15,37,6,15,130,319,108,693,135,343,188,304,207,235,183,100,24,-4,-2,12,4,-26,45,-4,3,-11,31,-10,14,4,21,-18,24,-4,24,-16,59,-12,7,5,38,-24,28,-6,11,7,10,-14,8,2,37,-12,12,5,13,-11,81,-12,-17,-5,28,-8,24,3,49,-11,9,3,-9,-5,15,-1,0,-5,5,-1,16,6,0,-10,17,8,5,-6,32,7,2,-4,-51,-10,5,-3,79,3,2,-5,7,5,10,-8,-22,-1,61,-5,31,6,24,-7,4,4,21,-7,-4,-5,4,0,38,-12,-7,-10,48,-14,5,14,45,-9,-7,-9,9,-3,7,9,20,-6,21,-8,-9,-14,9,-3,10,14,28,-10,-6,-9,9,-3,6,8,48,-17,-8,-11,41,-7,-11,-10,-16,1,10,-6,-39,7,-1,5,-11,-9,88,-10,19,5,7,6,15,-5,-3,-8,51,-9,153,-55,2,-2,-10,3,3,-4,24,-14,19,-6,2,6,-2,-7,8,8,353,-127,139,-110,87,-49,102,-1,86,43,35,78,-31,18,-179,150,364,-191,114,-83,-136,-94,74,-136,168,-125,139,-54,512,-478,1081,-592,72,-28,102,89,165,163,150,170,134,177,117,182,99,188,83,192,64,195,46,198,28,200,9,200,-9,200,-28,200,-46,198,-64,195,-83,192,-99,188,-82,127,-346,52,-157,279,-1,1,-2,1,-1,0,-928,287,-198,120,-3,51,35,177,-19,78,-58,54,-3,2,-64,26,-70,20,-343,193,-129,95,-92,126,-147,39,-272,59,-160,26,-29,-29,-252,-199,-93,-96,-63,-128,-8,-42,-41,-226,-53,-142,-132,-168,-392,-202,-185,-122,-384,-154,-460,-29,-464,62,-398,122,-219,39,-256,-53,-476,-157,-258,-33,-24,1,-6,0,-238,9,-262,64,-28,14,-122,-162,-117,-182,-99,-188,-83,-192,-64,-195,-46,-198,-28,-200,-9,-200]],[[142777,451280,8,-147,89,-122,534,-455,59,-80,89,-181,279,-33,138,-9,-96,137,-181,365,-66,181,-25,240,36,400,-79,117,-243,65,-182,-34,-141,-101,-110,-135,-109,-208]],[[144251,450873,136,-168,214,-181,253,-144,251,-58,181,-20,234,38,272,59,265,70,258,83,250,94,240,106,23,12,-47,11,-128,98,-64,210,120,352,-56,183,-216,-50,-311,24,-152,72,264,91,-131,226,-148,184,-46,34,-41,45,-32,58,-18,73,33,4,104,-4,-326,122,-145,-10,-144,-112,94,-18,50,-55,10,-88,-18,-111,-111,-86,-10,-75,35,-74,24,-79,-22,-85,-54,-82,-129,-134,88,-140,-161,-57,-377,-7,-92,-43,-13,-94,7,-94,-38,-43,-115,0,-96,-12,-85,-39,-80,-86]]]
3193935	r	18.2681,45.2598,18.9685,45.8475	[[[182681,455500,9,-195,27,-193,45,-192,63,-190,80,-186,97,-182,114,-178,130,-171,146,-166,161,-158,175,-150,189,-142,201,-133,214,-124,224,-113,234,-103,244,-92,251,-80,259,-69,264,-56,177,-29,3628,2799,-11,-6,-185,-2,-97,66,-199,227,-85,49,34,86,12,187,42,188,121,85,109,57,275,267,56,86,-58,144,-146,89,-170,69,-138,77,-83,128,-42,304,-46,151,-291,251,-71,85,-153,111,-37,61,17,43,37,42,2,8,-250,67,-264,56,-269,45,-272,31,-275,19,-276,7,-276,-7,-275,-19,-272,-31,-129,-22,-93,-127,-120,-102,-432,-258,-261,-69,-224,74,-163,-77,-348,-301,-190,-104,-73,-14,-68,-5,-69,5,-66,13,-3,1,-68,61,-42,-32,-175,-150,-161,-158,-146,-166,-130,-171,-114,-178,-97,-182,-80,-186,-63,-190,-45,-192,-27,-193,-9,-195]]]
3186952	n	14.9072,43.8952,15.5328,44.3461	[[[149072,441200,5,-80,474,-364,280,-93,200,-140,397,-619,241,-208,397,-442,147,-128,152,-96,28,-12,197,-36,56,-6,-201,105,-42,49,-26,49,-44,33,122,27,500,-287,247,60,-34,116,-723,369,-275,291,-32,50,-147,13,-109,46,-468,367,-95,100,-41,123,-11,136,-40,99,-83,57,-139,15,23,38,45,98,-135,-52,-87,32,-88,57,-136,31,-83,34,-57,80,-45,91,-51,68,-300,171,-4,-20,-15,-222]],[[150625,441619,90,-155,40,-56,-35,-20,-9,-3,-3,-9,-21,-36,184,-103,347,-315,270,-158,209,-177,194,-109,100,110,23,-38,20,-25,19,-27,13,-46,61,0,106,51,90,-89,96,-136,125,-99,-73,288,-213,195,-1633,957]],[[151058,443303,54,-57,176,-126,205,-88,231,-41,0,62,-415,211,0,62,237,-16,443,-140,213,-43,-52,22,-41,24,-26,34,-17,57,205,0,-113,117,-101,75,-164,-6,-303,-32,-298,-54,-234,-61]],[[151104,442644,211,-98,207,-193,82,-221,-159,-177,525,-390,157,-82,-39,-101,41,-72,91,-54,112,-47,451,-353,-7,-33,419,-371,201,-58,185,-137,259,-283,489,-427,83,54,206,165,183,178,158,190,131,201,104,209,74,215,45,219,15,222,-15,222,-45,219,-74,215,-104,209,-131,201,-158,190,-183,178,-6,5,-367,41,-160,43,-716,294,-283,76,-281,182,-193,51,77,-121,93,-107,111,-76,134,-31,-48,-51,-30,-38,-44,-28,-88,-20,136,-347,-157,11,-112,67,-208,195,-495,237,31,-42,54,-121,-75,0,-45,34,-4,-2,-12,-17,-76,-15,224,-126,-99,-155,-213,-74,-115,113,-75,191,-170,22,-184,-77,-118,-104]],[[152125,443458,226,-96,193,38,-60,51,-284,10,-75,-3]],[[152612,440111,90,-108,269,-222,56,-117,69,-80,159,-100,180,-88,133,-42,-25,-39,-44,-24,88,-97,23,-10,65,22,263,114,75,40,-37,12,-60,50,-22,55,-28,167,-26,58,-54,15,-287,46,-535,293,-161,52,-191,3]]]
3190966	p	3186886
3192224	r	13.596,44.7724,14.3324,45.2142	[[[135960,451454,46,-81,114,-5,249,52,467,14,231,-23,195,-66,-877,-45,-259,-121,243,-243,-38,-42,-54,-100,-45,-63,206,-26,170,-93,126,-101,79,-47,515,-515,413,-311,226,-389,114,-95,-46,-48,-48,-66,-41,-29,0,-61,19,-18,-23,-25,8,-8,30,1,12,7,54,-51,2,-17,26,-17,28,10,11,-3,2,-40,43,-1,15,-7,9,-6,-14,-10,8,-8,40,32,10,-4,0,5,18,-1,55,-13,19,7,8,10,-5,18,38,17,-12,16,37,4,12,9,12,-2,-70,-121,-142,-57,-134,26,-3,3,16,7,-5,13,-27,2,-10,18,-29,9,-2,-1,-56,59,-75,-62,99,-86,-4,-29,25,-25,25,-6,19,14,18,-10,9,3,5,-2,-1,-18,21,-1,5,7,26,-13,-26,-15,22,-6,16,-18,28,-3,11,1,6,10,-13,11,88,-22,-1,-3,17,-7,15,2,17,-4,3,8,-6,-18,12,-18,58,0,-1,-9,-58,-15,9,-42,31,1,5,-5,-27,-23,-10,-18,-20,-2,-16,-13,-7,-18,12,-1,2,-7,19,-1,12,-15,21,-8,16,9,7,17,27,-6,21,5,8,11,-9,9,-41,16,34,22,10,26,17,22,18,7,42,2,-20,-20,-25,-6,-16,-11,-2,-26,-1,-1,1,0,-1,-7,9,-13,11,-4,-7,15,8,8,12,0,72,6,32,-5,-21,-32,-27,-71,-21,-34,109,-9,297,-86,73,-40,28,-148,-4,-163,38,-96,148,59,-46,41,-89,164,49,102,-51,83,-104,61,-108,32,70,69,95,-45,101,20,90,-20,61,-159,47,22,2,11,20,41,146,-67,176,-20,361,13,-60,74,-46,46,-62,20,-105,-5,35,83,1,26,-17,22,-19,75,86,126,46,44,71,34,0,75,-68,0,0,62,68,0,-71,108,-52,45,-80,45,158,-3,221,45,99,-42,12,40,-2,23,12,9,51,3,0,68,-52,52,-1,29,41,6,81,-18,44,95,11,93,-15,83,-40,70,56,0,41,-50,64,51,140,196,109,76,-42,97,-74,24,-94,7,-104,49,-44,80,42,178,-38,118,116,-10,12,-49,-16,-71,30,-75,212,-137,81,-184,-42,-85,-80,-88,-27,-196,68,0,47,78,93,92,116,78,120,32,109,-21,76,-33,81,-8,115,62,123,183,25,231,-68,215,-155,128,0,62,36,-21,68,-23,39,-18,-41,188,2,69,39,84,62,-74,57,41,-1807,1154,-145,31,-308,51,-311,37,-314,22,-316,7,-316,-7,-314,-22,-311,-37,-308,-51,-302,-65,-295,-80,-288,-93,-278,-106,-83,-36,-26,-85,-19,-106]],[[137291,449359,2,-11,24,-13,-16,-17,1,-10,52,0,1,10,-19,14,1,7,6,5,18,-7,14,2,15,31,37,-5,4,-7,-17,-12,2,-24,-18,-13,4,-7,56,-16,11,10,24,-1,9,10,-29,15,-10,15,12,12,-10,27,-45,26,-21,-2,-17,-12,-16,23,-26,0,-9,-11,13,-30,-42,-1,-11,-8]],[[137339,449255,25,-11,-4,-17,31,-13,11,12,15,2,26,-27,49,20,6,-39,12,-5,28,3,11,-10,7,-25,-5,-50,-30,-19,-35,-3,-28,-16,13,-12,-4,-23,27,-6,-7,-18,12,-12,35,0,5,-14,-10,-24,-14,5,-42,-3,-10,-29,4,-12,12,-3,34,10,10,-5,1,-11,-18,-14,6,-8,33,6,-10,25,11,26,49,-7,-16,65,13,36,-13,14,0,17,38,-5,5,11,-12,6,14,7,29,-11,6,-12,-19,-31,3,-12,10,-3,50,13,-19,17,5,6,25,4,15,-6,-14,16,14,15,53,-36,19,6,26,30,-11,5,-9,21,-28,-3,-19,8,-26,-4,17,18,34,7,16,11,-11,18,-17,6,-1,29,-10,0,-8,-10,-33,-8,-7,3,5,-4,-8,-5,-22,-1,-1,5,-8,-6,3,22,20,-2,-24,10,-7,18,-22,8,-1,6,-2,-6,-30,2,7,-10,-27,-14,-41,10,-2,14,10,5,51,-4,-17,4,1,14,-21,-1,-18,11,-23,0,-16,11,-31,-1,-11,10,-20,3,-55,-12,-52,1,-13,-9]],[[142925,449403,90,-180,-53,-64,-10,-28,-10,-45,199,-148,155,-591,18,128,10,225,-10,225,-31,224,-51,222,-217,63,-90,-31]]]
3190586	r	17.7325,45.0644,18.438,45.4547	[[[177325,451395,89,-62,561,-513,181,-118,201,-58,71,6,29,3,295,87,274,38,86,33,165,109,231,197,83,1,64,24,60,51,37,52,11,90,122,103,150,55,154,1,45,-46,34,-92,40,-60,34,-35,38,-6,21,12,13,20,12,75,10,16,467,-298,221,-74,194,-27,119,-2,100,-1,212,32,176,77,68,105,8,126,22,125,110,97,246,37,241,-68,454,-232,149,-46,706,-43,191,-62,173,-102,6,-4,1,3,44,192,27,193,9,194,-9,194,-27,193,-44,192,-62,189,-80,186,-96,182,-113,177,-129,171,-144,165,-160,158,-173,150,-187,141,-200,133,-211,123,-223,113,-232,103,-241,92,-249,80,-256,68,-262,56,-266,45,-270,31,-69,5,-3352,-3152]]]
3345300	r	15.1305,45.1888,15.9667,45.7913	[[[151305,454353,9,-41,64,-192,81,-188,98,-185,115,-179,132,-174,147,-167,163,-161,177,-152,191,-144,204,-135,216,-125,227,-115,237,-104,246,-93,255,-81,261,-69,267,-58,272,-44,276,-32,278,-20,279,-6,279,6,278,20,276,32,272,44,267,58,261,69,255,81,246,93,237,104,227,115,216,125,204,135,191,144,177,152,163,161,147,167,132,174,115,179,98,185,75,174,51,1045,-4127,2760,-40,1,-279,-6,-278,-20,-276,-32,-272,-44,-9,-3,-88,-50,-7,-4,-723,-168,-202,-76,-237,-104,-227,-115,-216,-125,-148,-98,44,-16,96,-66,100,-135,52,-49,89,-45,130,-35,42,21,13,40,46,27,121,23,37,14,31,-20,161,-130,20,-15,163,-191,55,-88,-207,1,-140,-34,-124,-46,-293,-66,-58,-74,-37,-80,-68,-41,-125,-45,10,-83,71,-107,55,-112,4,-9,60,-260,81,-216,143,-171,504,-239,-96,-59,-179,-176,-87,-57,-112,-23,-324,5,-558,-145,-416,-109,-449,44,-88,53]]]
3188383	r	15.9326,46.0157,16.7545,46.547	[[[159326,462780,21,-151,44,-184,60,-181,78,-178,94,-174,111,-170,126,-164,141,-158,156,-151,169,-144,183,-136,142,-92,1815,-664,136,-22,264,-30,267,-18,267,-6,267,6,267,18,264,30,260,42,247,53,1136,1979,1704,1542,-116,169,-305,131,-188,169,-161,191,-182,155,-216,103,-266,36,-90,39,-78,10,-62,-34,-44,-89,-61,0,-133,92,-432,186,-58,32,-242,134,-98,39,-105,13,-217,-19,-87,6,-84,42,-168,124,-89,39,-114,6,-127,-7,-127,12,-116,64,-62,-75,-4,4,-72,71,-38,-32,-103,-83,-193,-45,-153,-66,-315,-85,-30,-23,-260,-203,-7,-84,-5,-62,38,-136,119,-276,7,-81,-15,-130,-4,-31,27,-83,61,-51,171,-78,46,-47,12,-87,4,-25,-47,-30,-228,2,-357,-60,-84,-3,-169,27,-143,58,-239,158,-97,33,-123,-16,-84,-62,-77,-76,-95,-56,-117,-14,-56,8,-307,44,-6,-178,23,-144,-1,-130,-72,-137,-25,-19,-110,-83,-197,-96,-208,-73,-47,-9,-117,-23,-333,-41,-161,-62]]]
3190941	n	15.6038,43.51,16.2008,43.9561	[[[156038,436747,158,-58,435,-232,89,-83,93,29,591,-128,-615,205,-92,77,-81,98,-114,75,-306,24,-41,16,-42,51,-75,-74]],[[156174,438255,156,-150,255,-54,236,-79,105,-226,137,-112,647,-34,212,-55,113,-81,405,-165,68,-60,137,-157,63,-50,60,-16,92,-13,69,2,138,-90,245,-150,85,11,-7,188,115,-79,19,-87,-64,-75,-139,-39,105,-41,88,-69,16,-65,-106,-29,-76,18,-82,32,-98,6,-120,-56,166,1,449,-69,0,-75,-368,5,-105,-55,63,-149,-73,-74,73,-68,-73,-63,41,-13,100,-54,-45,-23,-50,-32,-46,-20,0,-62,174,0,88,-62,-23,-67,-166,-14,228,-57,81,-50,33,-97,56,37,59,16,163,14,-50,-76,19,-52,28,-48,-33,-62,-93,-43,-78,1,-53,-19,-8,-50,197,36,287,75,276,95,262,114,245,132,226,149,204,165,182,178,157,190,130,201,103,209,74,215,45,219,15,222,-15,222,-45,219,-74,215,-103,209,-130,201,-157,190,-182,178,-204,165,-226,149,-245,132,-262,114,-276,95,-287,75,-296,54,-301,32,-305,11,-305,-11,-301,-32,-296,-54,-287,-75,-276,-95,-262,-114,-245,-132,-226,-149,-204,-165,-182,-178,-107,-130,179,-65,270,-168,10,7,22,10,40,2,59,-19,0,-75,-158,12,-158,29,-299,96]]]
3190813	r	15.9987,45.2008,16.7613,45.7392	[[[159987,454700,9,-176,24,-175,41,-174,56,-172,73,-168,88,-165,103,-161,117,-155,132,-149,145,-144,159,-136,170,-128,182,-121,193,-112,203,-102,212,-93,220,-83,227,-73,233,-62,239,-51,243,-40,246,-29,249,-17,249,-6,249,6,249,17,246,29,243,40,239,51,233,62,227,73,220,83,212,93,203,102,193,112,182,121,170,128,159,136,145,144,132,149,117,155,103,161,88,165,73,168,56,172,41,174,24,175,9,176,-9,176,-24,175,-41,174,-56,172,-73,168,-88,165,-103,161,-117,155,-132,149,-145,144,-159,136,-170,128,-182,121,-193,112,-203,102,-212,93,-220,83,-227,73,-233,62,-239,51,-243,40,-246,29,-249,17,-249,6,-249,-6,-76,-5,-3347,-1961,-11,-23,-56,-172,-41,-174,-24,-175,-9,-176]]]
3201047	r	17.816,42.4765,18.442,42.8339	[[[178160,428104,190,-32,301,-173,277,9,-121,-221,209,-168,596,-225,421,-287,250,-94,149,108,47,-115,80,-76,214,-151,-184,0,-24,24,-10,-2,13,-20,-12,-12,9,-8,14,10,21,-33,-1,-1,-30,-18,-2,-13,11,-17,77,-21,39,-20,-11,-11,-27,5,-38,-13,-18,-17,-3,-15,7,1,7,-8,13,7,43,-7,22,7,73,-36,5,-13,50,4,30,-13,32,-5,35,2,16,17,-8,9,16,3,45,-17,2,-17,27,-15,-1,-8,-14,-4,28,-1,13,13,6,-13,3,11,15,0,-4,-5,14,-19,23,-3,39,11,-10,6,-12,-3,1,12,8,3,56,-1,31,-17,36,-1,18,-13,6,3,-2,-6,17,-11,15,-2,9,-13,-2,-25,7,-4,37,-7,19,-14,10,2,2,10,38,-1,-2,38,-24,0,-51,34,-29,6,-56,32,8,8,-50,10,-20,12,54,-10,412,-177,515,-68,60,-54,-3,-126,-23,-138,-3,-91,183,-201,1720,-826,96,99,129,153,32,45,-2,46,56,322,-46,162,-164,44,-357,29,-148,71,-7,8,-202,219,-109,62,-271,-13,-545,137,-330,132,-1747,867,-541,256,-234,146,-430,358,-244,137,-351,73,-109,52,-147,169,-145,-116,-133,-119]],[[181135,426304,14,-14,-10,4,33,-19,17,-6,5,-10,-5,-38,15,1,18,-13,23,3,-1,6,7,-4,2,8,3,-7,6,2,-1,18,-34,21,24,8,-13,18,-36,16,-10,14,1,19,-30,12,-27,-14,-1,-25]]]
3203982	r	16.3909,45.5493,17.351,46.0462	[[[163910,459705,383,-1845,4350,-2367,185,5,326,22,323,38,320,52,313,66,307,81,299,95,289,108,278,122,267,133,253,146,239,157,224,168,208,177,191,187,173,195,155,203,135,209,116,215,95,220,74,223,54,227,32,228,11,230,-11,230,-32,228,-26,111,-20,17,7,37,-15,62,-48,145,-94,-110,-105,18,-100,61,-18,11,-147,36,0,69,69,11,124,40,74,11,-90,87,-163,15,-156,41,-69,167,-24,101,-29,74,-8018,-307,-709,-450]]]
3197728	r	16.4619,46.0155,17.2525,46.3961	[[[164619,460155,7764,298,86,160,55,125,-38,64,-400,364,-113,46,-811,19,-150,51,-483,253,-116,87,-50,108,-83,75,-532,301,-95,89,-246,320,-374,304,-72,44,-69,59,-99,199,-75,151,33,157,-96,162,-61,57,-89,83,-128,88,-53,0,-22,-45,-27,-34,-66,41,-43,39,-43,30,-44,24,-45,13,-269,42,-72,32,-74,-142,-68,0,-6,8,-1704,-1542,-1136,-1979,-86,-151]]]
3187047	r	18.601,45.054,19.3812,45.5674	[[[186010,452617,29,-68,96,-182,113,-176,129,-171,145,-164,159,-158,174,-149,187,-142,200,-132,211,-123,223,-113,232,-102,242,-91,249,-80,256,-69,262,-56,267,-44,270,-31,272,-19,274,-7,274,7,272,19,270,31,45,8,-1,4,-37,240,-31,97,-77,125,-74,65,-99,70,-80,78,-13,88,152,97,560,-40,216,31,40,162,-129,189,-69,147,220,37,119,-45,188,-192,107,-78,192,-51,214,-10,419,39,50,26,30,45,37,43,72,23,47,-18,80,-87,49,-25,247,8,29,25,159,158,145,164,129,171,60,95,-31,10,-883,67,-299,67,-627,219,-387,113,-544,225,-53,212,-26,92,-131,100,3,2,-47,11,-115,30,-143,20,-2,0,-2,7,-40,24,-238,29,-101,60,-44,14,-14,-5,-13,12,-111,26,-7,2,-144,70,48,-30,-87,55,-19,193,219,87,252,26,87,138,-149,174,-141,101,-52,118,-7,183,132,249,83,-9,593,-62,291,200,-112,145,-128,51,-145,22,-168,55,-101,61,-44,45,-31,51,-62,80,-91,48,-89,-19,-86,-43,-174,-65,-101,-84,-118,-66,-3603,-2780]]]
3190589	r	17.2204,45.1144,18.0946,45.6652	[[[172204,453400,10,-213,29,-212,49,-210,69,-207,87,-203,106,-200,124,-194,71,-93,329,-154,187,-55,329,-152,92,-56,138,-55,184,14,333,76,21,33,26,62,45,40,79,-36,58,-67,11,-57,-31,-55,-72,-63,126,-30,119,15,239,89,-92,-208,-51,-65,74,19,502,47,219,-16,110,10,207,92,369,277,216,81,331,-14,298,-120,180,-125,3352,3152,269,254,-24,38,-142,187,-159,181,-175,173,-190,165,-206,155,-220,145,-232,135,-245,124,-255,113,-265,100,-274,88,-282,75,-287,62,-293,48,-297,35,-299,21,-301,6,-301,-6,-299,-21,-297,-35,-293,-48,-287,-62,-282,-75,-274,-88,-265,-100,-255,-113,-245,-124,-232,-135,-220,-145,-206,-155,-190,-165,-175,-173,-159,-181,-142,-187,-124,-194,-106,-200,-87,-203,-69,-207,-49,-210,-29,-212,-10,-213]]]
3202888	p	3188383
