3718426	n	-72.6503,18.2247,-71.853,18.9954	[[[-726503,189173,184,-142,141,-137,513,-758,84,-190,86,-90,341,-198,243,27,194,-144,180,-208,202,-165,118,-34,243,-8,123,-20,29,-13,428,-199,90,-61,53,-119,-36,-75,-77,-81,-70,-135,-17,-113,17,-609,-10,-101,-13,-131,-81,-168,-146,-37,55,-294,99,6,1,-38,21,-7,-4,-16,-27,-10,-85,-7,-26,-14,9,-75,-32,-29,21,-39,1,-32,-21,-26,-40,-22,-36,6,4,-26,23,-23,100,-47,28,18,36,9,62,-36,0,-25,-4,-1,-48,-11,11,-56,-89,-478,26,-12,49,19,53,6,35,-19,-1,-50,-18,-25,-28,-1,-11,-41,-43,-72,-42,-11,-59,-5,-65,-350,1365,-1177,459,-5,798,128,389,-1,287,-105,134,105,181,162,170,173,158,184,144,193,11,17,-832,1011,-150,97,61,64,5,-9,111,15,226,54,219,75,210,95,200,114,187,132,172,149,78,82,-863,842,-89,163,172,123,371,75,752,-132,83,27,156,51,23,146,11,222,-11,222,-34,219,-57,215,-78,209,-100,201,-119,190,-139,178,-156,165,-172,149,-187,132,-200,114,-210,95,-219,75,-226,54,-230,32,-232,11,-232,-11,-230,-32,-226,-54,-219,-75,-210,-95,-200,-114,-187,-132,-172,-149,-70,-74,-5,8,-86,-12,-113,-149,98,130,-22,139,-56,215,-79,209,-99,201,-120,190,-138,178,-157,165,-172,149,-187,132,-200,114,-210,95,-219,75,-226,54,-231,32,-74,4,-1561,-781]]]
6201369	r	-72.7312,18.342,-72.3462,18.5609	[[[-727312,184345,359,-924,1920,573,1304,-564,65,350,59,5,42,11,43,72,11,41,28,1,18,25,1,50,-35,19,-53,-6,-49,-19,-26,12,89,478,-11,56,52,12,0,25,-62,36,-36,-9,-28,-18,-100,47,-23,23,-4,26,36,-6,40,22,21,26,-1,32,-21,39,32,29,-9,75,26,14,85,7,27,10,4,16,-21,7,-1,38,-99,-6,-55,294,-10,-3,1,41,-16,39,-25,14,-19,-12,-13,4,-21,-6,-22,7,-3,24,-9,11,-39,-4,0,8,-26,30,16,16,-8,26,-8,0,4,-11,-31,-15,-29,22,-7,20,6,14,-19,-9,-10,4,-5,2,-25,27,-1,2,-1,0,-14,14,-31,12,-20,25,-29,25,-63,13,-34,-21,-16,-48,-7,-12,-17,-26,-16,-14,-47,-16,-885,75,-782,67,-318,-68,-243,-285,-167,-351,-200,-308,-272,-220,-147,-32]]]
3726786	p	3718426
3719028	p	3718426
3718420	r	-73.3444,19.6149,-72.5196,20.0898	[[[-733444,198341,57,-231,100,-312,121,-305,143,-298,162,-287,182,-277,201,-265,49,-57,16,1,202,186,135,-112,216,-113,221,-87,148,-35,107,22,66,50,46,48,51,23,13,-1,101,-10,196,-46,103,-11,157,-55,5181,1326,274,860,-247,158,-209,244,-35,42,-593,174,-208,93,-252,148,-970,214,13,48,-16,-4,-30,8,-68,36,-48,-12,-70,0,-42,-18,-30,-2,-62,27,-40,-26,-61,39,-30,2,-20,-17,-32,-47,-15,-2,-24,-17,-7,-13,-68,-8,-4,2,-9,-4,-31,-4,-2,0,-10,12,-84,11,-12,-10,-97,-21,-54,-37,-23,-24,-37,-9,-46,-18,-12,14,-14,2,-92,2,-10,15,-15,6,-49,-5,-57,-16,-54,-2,-27,-11,-168,-18,-119,-35,55,16,-82,-8,-23,-12,-15,-1,-35,-24,-22,-11,-42,-7,-10,-9,-5,-13,-36,-19,-35,-76,-6,1,-7,23,6,29,-21,15,-35,41,-38,23,-32,0,-61,-23,-41,-6,-76,-1,-12,-19,-31,-13,-81,6,-147,-18,-200,-51,-67,-9,-119,-3,-139,20,-264,91,-146,20,-284,-31,-114,37,-120,137,-200,-263,-357,-245,-1216,-528]],[[-729604,200612,143,-124,222,-106,245,-78,209,-40,108,18,119,42,115,21,166,-72,485,-103,393,-146,848,-110,162,-66,113,234,-402,241,-946,351,-227,126,-173,72,-193,26,-289,-13,-505,-65,-463,-146,-58,-49,-28,-13,-44,0]]]
3717588	r	-73.0613,18.7944,-72.4529,19.282	[[[-730613,189131,7,-12,144,-220,158,-210,173,-201,130,-132,604,-319,439,-93,544,272,-47,55,-711,284,-762,365,-679,211]],[[-728239,190584,3,-30,16,-49,1,-46,57,-90,51,-57,51,-19,96,-11,67,-41,58,-15,546,-560,-3,-16,6,-52,14,-24,2,-42,19,-9,21,2,78,-29,25,-19,11,-42,20,-13,6,23,8,10,185,-90,171,-52,210,-127,17,-13,1974,988,-1424,1531,-49,-22,2,-85,-82,-23,0,-9,36,-27,1,-16,-10,-13,-23,-4,-35,31,-37,22,-17,26,-43,3,-42,57,-36,24,-3,2,11,28,19,14,36,-9,12,-27,18,-15,17,-1,8,7,-2,20,-23,37,-7,5,-51,-3,-12,19,20,89,12,0,24,-17,13,0,45,25,4,13,0,13,-23,26,-35,3,-20,-7,-16,8,3,55,12,25,10,2,8,-6,-3,-32,11,-10,45,4,48,-77,10,2,9,15,3,26,7,11,29,8,4,6,-29,75,68,24,1,10,-18,12,-44,-6,-13,6,-26,30,-24,-10,-19,1,5,47,-6,8,-22,10,2,25,15,16,31,-12,7,-7,1,-36,13,-11,45,-10,16,8,9,13,-22,20,-54,35,-11,33,-8,3,-25,-16,-13,1,-27,28,-12,-5,0,-70,-6,-9,-26,-1,-45,29,-54,-33,-5,1,-4,-2,-2,4,-5,1,-5,11,5,29,4,3,1,5,52,36,-2,17,-7,6,-8,2,-20,-4,-24,14,-3,19,17,26,-8,15,-20,-2,-18,-15,-21,-50,-4,-27,-13,-9,-11,9,-1,2,11,38,-27,32,-16,4,-23,-9,-6,0,-485,522,-735,19,-33,-47,-110,-230,-98,-87,-9,-53,11,-20,-7,-17,-69,-47,41,-103,-4,-3,9,-8,18,-45,240,-402,106,-127,78,-44,69,-71,61,-45,131,-60,56,-7,85,-42,17,-1,55,-175,-93,-147,-212,-67,-383,-24,-423,-162,10,-57,-8,-7,-44,-72,-2,-32,-12,-34]]]
3740007	p	3718426
3727135	p	3718426
3726540	r	-72.6985,19.0161,-72.257,19.4364	[[[-726984,192801,485,-522,6,0,23,9,16,-4,27,-32,-11,-38,1,-2,11,-9,13,9,4,27,21,50,18,15,20,2,8,-15,-17,-26,3,-19,24,-14,20,4,8,-2,7,-6,2,-17,-52,-36,-1,-5,-4,-3,-5,-29,5,-11,5,-1,2,-4,4,2,5,-1,54,33,45,-29,26,1,6,9,0,70,12,5,27,-28,13,-1,25,16,8,-3,11,-33,54,-35,22,-20,-9,-13,-16,-8,-45,10,-13,11,-1,36,-7,7,-31,12,-15,-16,-2,-25,22,-10,6,-8,-5,-47,19,-1,24,10,26,-30,13,-6,44,6,18,-12,-1,-10,-68,-24,29,-75,-4,-6,-29,-8,-7,-11,-3,-26,-9,-15,-10,-2,-48,77,-45,-4,-11,10,3,32,-8,6,-10,-2,-12,-25,-3,-55,16,-8,20,7,35,-3,23,-26,0,-13,-4,-13,-45,-25,-13,0,-24,17,-12,0,-20,-89,12,-19,51,3,7,-5,23,-37,2,-20,-8,-7,-17,1,-18,15,-12,27,-36,9,-19,-14,-11,-28,39,-26,42,-57,43,-3,17,-26,37,-22,35,-31,23,4,10,13,-1,16,-36,27,0,9,82,23,-2,85,49,22,1424,-1531,1403,26,228,870,-186,288,17,83,38,62,47,39,23,8,28,0,94,52,54,-8,34,-14,13,54,50,5,68,70,48,6,-33,64,-6,110,-34,40,10,37,32,32,22,38,4,43,-12,28,-53,42,-17,24,-23,-27,-20,-6,-41,3,-31,-18,-41,-42,-13,4,-16,18,-25,-2,-30,-8,-56,-27,-33,-2,-59,23,-20,25,-50,37,-61,16,-53,-11,-82,33,-64,42,-112,37,-23,14,-17,31,-16,13,-21,4,-55,-7,-28,-14,-37,31,-68,75,-24,15,-1259,1947,-1949,-1563]]]
3723779	n	-72.7755,18.1557,-72.3035,18.3994	[[[-727755,182211,2,-33,34,-219,56,-215,67,-179,114,-8,-19,46,-29,113,-20,46,241,-15,1176,103,153,-26,273,-101,117,3,95,98,-68,385,54,39,120,-44,201,-100,785,135,1360,18,8,143,-12,222,-34,219,-10,38,-638,551,-1304,564,-1920,-573,-802,-1210]]]
3728474	n	-72.4386,19.5361,-71.9633,19.8156	[[[-724386,197600,11,-222,35,-219,56,-215,79,-209,100,-201,121,-190,139,-178,158,-165,74,-63,1929,-577,150,21,227,54,220,75,212,95,201,114,188,132,173,149,158,165,139,178,121,190,100,201,79,209,56,215,26,164,-55,0,-190,-137,-114,-30,-64,-73,-51,-74,-77,-34,-92,21,-135,94,-94,43,-32,47,-44,46,-81,22,-345,0,-97,29,-144,137,-69,44,-56,14,-35,3,-395,-66,-164,16,-169,96,85,241,-135,107,-197,-5,-100,-98,-80,-147,-182,-56,-205,17,-148,77,-63,0,40,-105,23,-31,0,-63,-15,20,-24,-33,-21,-42,-3,-12,33,-3,65,4,33,-1,-131,-143,38,-87,-38,-13,-177,38,-43,44,-127,291,157,-42,48,-21,0,63,-483,426,-64,158,-125,-35,-283,68,-51,18,-30,-115,-35,-219,-11,-222]]]
3722286	p	6201369
3731088	p	3718426
3728097	n	-73.9864,18.0259,-73.5179,18.4161	[[[-739864,181900,11,-222,29,-186,4,-3,35,-20,76,-32,31,-23,640,-875,38,-148,73,-69,97,-45,97,-15,663,-3,132,31,24,77,-51,196,-63,156,-421,428,174,273,182,172,715,315,437,332,11,35,-12,45,-4,40,36,17,108,-22,58,-22,8,-24,82,77,112,142,79,60,-97,-229,-33,-120,-7,-134,144,107,124,262,142,40,-50,-165,44,-129,99,-51,118,71,62,0,136,-70,74,146,72,195,134,77,73,-56,86,-183,80,-40,83,16,-3,17,-56,215,-78,209,-99,201,-119,190,-139,178,-155,165,-172,149,-187,132,-199,114,-209,95,-219,75,-225,54,-229,32,-232,11,-232,-11,-229,-32,-225,-54,-219,-75,-209,-95,-199,-114,-187,-132,-172,-149,-155,-165,-139,-178,-119,-190,-99,-201,-78,-209,-56,-215,-35,-219,-11,-222]],[[-737077,180942,252,-222,153,-89,175,-36,389,-19,204,18,124,76,0,141,-143,82,-197,39,-169,10,-311,0,-69,44,-40,68,-55,27,-115,-76,-63,64,-57,14,-46,-41,-32,-100]]]
3718962	n	-72.994,18.2039,-72.6953,18.4674	[[[-729940,182438,25,-18,199,-114,210,-95,219,-75,225,-54,230,-32,232,-11,232,11,230,32,225,54,140,48,820,1237,-359,924,-238,-51,-710,114,-146,60,-177,-1,-268,-90,-191,-36,52,164,-733,169,-217,-2236]]]
3723593	r	-74.4892,18.2613,-73.7146,18.6759	[[[-744892,184294,260,-312,65,-139,23,-195,85,-184,376,-181,85,-112,82,-83,194,-103,228,-88,185,-37,220,65,211,124,200,81,189,-65,67,75,84,-47,258,-96,104,-26,85,-6,57,-32,21,-107,46,-94,109,-76,107,-42,3906,2815,-49,23,-100,15,-53,-18,-34,-36,-49,-28,-103,8,-64,35,-215,176,-117,49,-107,19,-449,16,-129,44,-291,144,-63,-6,-69,-34,-56,-6,-23,78,-14,20,-65,70,-20,15,-576,24,-829,352,6,2,-8,22,13,10,6,10,-9,5,2,14,16,3,4,12,-24,19,-9,15,-39,22,-17,2,-8,17,-26,0,-24,-8,-20,8,-13,-5,-26,26,-4,25,-9,-2,1,5,-39,25,-16,-1,-45,22,-10,-16,-43,-18,-21,23,-81,44,-19,-1,-48,19,-25,1,-51,16,-48,-4,-121,22,-51,15,-20,17,-14,4,-113,-3,-71,-9,1,-66,-416,22,-118,-7,-111,-30,-50,-69,-42,-82,-102,-3,-231,54,-189,-32,-444,-171,-339,-188,-78,-93,26,-106,39,-78,40,-125,17,-117,-28,-52,-149,-103,-117,-463,-183,-124,44,-96,30,-40,-348,-484]],[[-737965,186286,21,-267,249,-135,319,-2,230,131,-4,222,-250,134,-327,25,-238,-108]]]
3717560	n	-72.5035,19.1452,-72.0919,19.5939	[[[-725035,194364,1259,-1947,24,-15,68,-75,37,-31,28,14,55,7,21,-4,16,-13,17,-31,23,-14,112,-37,64,-42,82,-33,53,11,61,-16,50,-37,20,-25,59,-23,33,2,56,27,30,8,25,2,16,-18,13,-4,41,42,31,18,41,-3,20,6,23,27,17,-24,53,-42,12,-28,-4,-43,-22,-38,-32,-32,-10,-37,34,-40,6,-110,33,-64,-48,-6,-68,-70,-50,-5,-13,-54,-34,14,-54,8,-94,-52,-28,0,-23,-8,-47,-39,-23,-38,216,30,227,54,132,45,1548,1930,10,189,-12,222,-34,219,-57,215,-79,209,-100,201,-120,190,-139,178,-157,165,-75,64,-492,147,-1432,428,-148,-20,-227,-54,-220,-75,-211,-95,-201,-114,-133,-94,-1,-5,-278,-1117]]]
3720824	n	-73.3267,18.2239,-72.9723,18.4949	[[[-733267,184500,11,-222,34,-219,56,-215,79,-209,99,-201,120,-190,138,-178,156,-165,172,-149,187,-132,199,-114,210,-95,219,-75,225,-54,230,-32,232,-11,232,11,230,32,225,54,219,75,53,24,218,2239,-133,30,-703,-120,-253,-42,-168,11,-151,55,-186,102,-353,125,-391,33,-801,-28,-223,43,-135,66,-2,-8,-34,-219,-11,-222]]]
3724696	n	-72.9045,19.2801,-72.4757,19.6762	[[[-729045,195476,260,-152,637,-276,188,-128,132,-153,88,-133,131,-91,517,-31,101,-53,193,-364,-126,2,-96,48,-70,57,-50,30,-143,24,-23,8,25,-43,17,-230,35,-83,-6,-73,-110,-76,-99,-14,-96,28,-83,55,-63,62,-43,-125,-16,-208,39,-195,119,-86,200,-17,104,-55,143,-270,-117,19,-161,-6,-159,-30,-109,-51,-33,-46,735,-19,1949,1563,278,1117,-43,85,-120,190,-139,178,-157,165,-173,149,-188,132,-200,114,-212,95,-220,75,-226,54,-232,32,-233,11,-233,-11,-232,-32,-226,-54,-220,-75,-212,-95,-200,-114,-188,-132,-173,-149,-157,-165,-139,-178,-120,-190,-45,-90]]]
3716667	p	3718426
3723841	n	-72.2477,18.9139,-71.7723,19.3661	[[[-722477,191400,11,-222,34,-219,57,-215,79,-209,100,-201,119,-190,139,-178,157,-165,173,-149,187,-132,200,-114,211,-95,220,-75,226,-54,231,-32,233,-11,233,11,231,32,226,54,220,75,211,95,200,114,130,92,-5,32,173,111,12,3,50,43,157,165,139,178,119,190,100,201,79,209,57,215,34,219,11,222,-11,222,-34,219,-57,215,-79,209,-100,201,-119,190,-139,178,-157,165,-173,149,-187,132,-200,114,-211,95,-220,75,-226,54,-231,32,-233,11,-233,-11,-231,-32,-226,-54,-133,-46,-732,-913,-812,-1012,-10,-193]]]
