3054643	r	18.5681,47.1798,19.6721,47.93	[[[185681,473960,1967,-2162,5005,162,135,112,177,168,161,176,31,40,592,-355,2405,1222,371,620,74,218,68,278,40,280,14,281,-14,281,-40,280,-68,278,-93,274,-121,269,-145,263,-171,257,-8,10,-3728,2180,-297,61,-403,64,-408,46,-412,27,-413,9,-413,-9,-412,-27,-408,-46,-403,-64,-396,-82,-214,-55,-177,-598,188,-92,-16,-4,-216,-51,-672,-2277,-1580,-2034]]]
3046446	p	3054643
3054667	p	3054643
721472	r	21.0208,47.1227,22.1972,47.7949	[[[210208,475300,13,-266,38,-266,64,-263,89,-259,114,-255,138,-250,162,-243,185,-235,207,-226,228,-217,249,-206,268,-194,286,-182,303,-170,319,-155,333,-141,346,-125,357,-110,367,-94,375,-77,382,-61,387,-43,390,-27,392,-8,392,8,390,27,387,43,382,61,30,6,18,35,95,96,221,144,84,80,61,124,-3,92,-24,90,3,116,41,111,116,148,53,91,115,358,61,117,386,383,182,140,180,75,445,89,201,277,-14,334,-87,346,-26,311,190,245,295,219,622,316,489,84,57,29,79,40,53,76,2,11,15,65,7,74,30,66,244,235,-98,220,-131,237,-1156,127,-423,46,-8460,930,-281,-191,-205,-195,-207,-226,-185,-235,-162,-243,-138,-250,-114,-255,-89,-259,-64,-263,-38,-266,-13,-266]]]
715429	r	19.6048,46.1081,20.6952,46.6297	[[[196048,462500,12,-248,35,-247,58,-245,15,-45,63,-10,128,18,256,178,23,-11,11,-20,47,-30,7,26,63,-48,59,-21,40,4,-2,17,118,61,17,-4,35,-35,144,-80,2,-44,39,-20,30,-3,23,-12,56,20,13,-3,70,-42,74,-91,101,-86,133,-37,89,3,108,-52,21,9,37,-7,22,-31,22,-14,36,-17,438,126,41,39,110,5,94,27,153,44,403,61,639,-41,419,-164,277,22,10,-15,17,23,232,81,98,9,164,-28,53,-30,103,-98,76,-29,74,6,251,84,180,-51,543,-323,100,88,21,-11,72,91,-82,48,81,-47,212,188,1610,31,243,272,409,-64,396,-116,291,-186,99,-47,121,-32,75,-1,564,83,77,27,49,113,81,242,58,245,35,247,12,248,-12,248,-35,247,-58,245,-81,242,-103,238,-126,233,-147,226,-168,219,-189,211,-208,202,-226,192,-244,181,-260,170,-276,157,-290,145,-303,131,-315,117,-325,103,-334,87,-341,72,-347,57,-352,40,-355,25,-357,8,-357,-8,-355,-25,-230,-26,-2533,-815,-120,-68,-260,-170,-244,-181,-226,-192,-208,-202,-189,-211,-168,-219,-147,-226,-126,-233,-103,-238,-81,-242,-58,-245,-35,-247,-12,-248]]]
717582	r	20.2978,47.6826,21.3435,48.5265	[[[202979,482622,1990,-1883,1,-3,38,-50,17,0,3146,-2976,933,-883,338,53,397,81,389,99,306,93,889,605,281,191,994,2875,135,390,602,1740,-141,179,-220,237,-241,226,-264,216,-284,204,-302,191,-321,177,-338,162,-352,148,-366,131,-378,115,-389,99,-397,81,-404,63,-410,46,-413,27,-415,9,-415,-9,-413,-27,-410,-46,-404,-63,-397,-81,-389,-99,-378,-115,-218,-78,-94,-93,-22,-16,-304,-214,-150,-132,-116,-155,-388,-794,-209,-288,-250,-256,-264,-177]]]
3046526	r	17.7586,45.7528,18.6976,46.3902	[[[177586,460495,18,-127,50,-213,71,-211,90,-207,109,-203,128,-197,146,-191,164,-184,180,-176,197,-167,212,-158,226,-148,239,-137,252,-126,264,-115,270,-101,603,-117,116,0,108,29,173,88,88,20,822,0,186,-42,307,-161,228,-2,158,-120,233,27,302,49,297,63,290,76,282,89,273,102,264,115,252,126,239,137,226,148,212,158,197,167,180,176,164,184,146,191,128,197,109,203,90,207,71,211,30,128,-4412,3619,-4978,-3407]]]
7284824	p	3054643
3042430	p	3054643
3052009	r	17.1265,47.3375,18.0428,47.9775	[[[171265,476800,11,-228,33,-226,55,-225,76,-222,97,-218,119,-213,139,-207,158,-201,177,-194,196,-185,213,-176,230,-166,245,-156,260,-144,273,-133,285,-120,297,-108,306,-94,314,-80,322,-66,327,-52,102,-11,4041,853,887,3366,-1593,-69,-578,-25,-837,154,-228,83,-425,155,-105,78,-78,103,-185,119,-208,100,-149,50,-112,-11,-101,-33,-103,-3,-122,85,-338,341,-93,42,-69,9,-1,0,-181,26,-103,29,-99,61,-984,886,-189,-80,-273,-133,-260,-144,-245,-156,-230,-166,-213,-176,-196,-185,-177,-194,-158,-201,-139,-207,-119,-213,-97,-218,-76,-222,-55,-225,-33,-226,-11,-228]]]
7284842	p	3054643
716935	r	21.216,47.6973,22.2253,48.2907	[[[212160,479265,30,-210,54,-220,75,-217,96,-213,117,-209,136,-203,130,-164,7789,-856,186,118,226,162,210,173,192,181,175,189,156,197,136,203,117,209,96,213,75,217,54,220,32,222,11,223,-11,223,-32,222,-54,220,-75,217,-96,213,-117,209,-136,203,-156,197,-175,189,-192,181,-210,173,-226,162,-241,153,-256,141,-269,130,-280,118,-292,105,-301,92,-310,79,-316,64,-322,51,-326,36,-330,22,-330,7,-330,-7,-330,-22,-326,-36,-322,-51,-316,-64,-310,-79,-301,-92,-292,-105,-280,-118,-269,-130,-256,-141,-241,-153,-226,-162,-210,-173,-192,-181,-166,-179,-673,-1949]]]
7284830	p	3054643
3050434	r	19.2704,46.5429,20.2063,47.2768	[[[192705,466833,182,-153,239,-176,255,-164,270,-152,284,-140,297,-127,308,-113,318,-99,326,-85,335,-70,340,-54,344,-39,348,-24,349,-8,349,8,348,24,344,39,340,54,335,70,189,49,715,231,48,17,297,127,284,140,270,152,255,164,239,176,221,185,204,196,184,204,165,212,144,218,123,225,101,230,8,22,-5272,4596,-240,-5,-348,-24,-344,-39,-340,-54,-335,-70,-326,-85,-318,-99,-308,-113,-297,-127,-284,-140,-53,-30,-167,-963,-48,-277,-678,-3909]]]
3044774	r	18.0567,46.8566,18.7648,47.396	[[[180567,473783,2206,-5089,66,-14,310,-50,315,-35,317,-22,319,-7,319,7,317,22,34,4,2878,3199,-1967,2162,-5114,-177]]]
3043470	p	3054643
7284831	p	3054643
7284836	p	3054643
7284843	p	3054643
7284826	p	3054643
7284832	p	3054643
3049646	p	3054643
7284841	p	3054643
3044310	r	16.3274,46.956,17.0653,47.4688	[[[163274,470006,215,-121,237,-116,248,-105,257,-94,33,-10,6049,1574,1,1,102,186,85,191,66,194,48,197,28,198,10,199,-10,199,-28,198,-48,197,-66,194,-85,191,-102,186,-120,181,-138,176,-154,169,-169,162,-185,154,-199,146,-213,136,-176,99,-2559,-77,8,-82,-139,-74,-376,-199,-1075,-333,-120,132,-133,63,-125,-23,-101,-126,24,-384,-21,-29,-50,-18,-43,-27,-6,-59,27,-38,46,-17,44,-11,27,-20,304,-434,40,-164,-66,-134,-141,-88,-311,-115,0,-1,33,-174,-154,-219,35,-165,60,-35,79,4,84,-5,67,-65,3,-88,-81,-170,-3,-55,134,-61,338,111,164,-11,122,-122,-47,-117,-229,-206,-211,-89,-65,-146,75,-132,201,-46,118,-41,35,-52,-40,-55,-113,-49,-447,-124,-125,-77,286,-24,143,-33,143,-90,45,-108,-190,-32,-260,-2,-166,-21,0,-1,-44,-27,-48,-9,-52,10,-54,28,-172,88,-212,18,-392,-32]]]
11054704	p	3054643
7284839	p	3054643
715126	r	19.7321,46.8556,20.674,47.5044	[[[197321,472306,4287,-3737,82,-6,310,-7,310,7,309,21,306,35,302,48,297,62,290,74,282,88,274,100,263,112,253,124,239,134,227,145,212,155,196,164,181,173,164,180,146,187,128,194,109,198,90,203,71,207,50,210,31,211,10,212,-10,212,-31,211,-50,210,-71,207,-90,203,-109,198,-128,194,-146,187,-164,180,-181,173,-196,164,-212,155,-227,145,-239,134,-253,124,-263,112,-274,100,-282,88,-290,74,-297,62,-302,48,-306,35,-309,21,-310,7,-310,-7,-309,-21,-306,-35,-302,-48,-297,-62,-290,-74,-282,-88,-274,-100,-263,-112,-253,-124,-239,-134,-227,-145,-212,-155,-196,-164,-181,-173,-164,-180,-146,-187,-128,-194,-109,-198,-90,-203,-71,-207,-30,-127]]]
7284833	p	3054643
3044082	r	17.9541,47.3783,18.7837,47.817	[[[179541,474228,1026,-445,5114,177,1580,2034,576,1952,-39,37,-209,173,-19,14,-67,-34,-331,-255,-244,-101,-291,-21,-299,39,-364,109,-448,21,-2047,-160,-749,-205,-371,-24,-1233,86,-698,-31,-887,-3366]]]
3050616	r	17.3476,46.0565,18.2516,46.6843	[[[173476,463700,10,-206,29,-204,48,-203,67,-200,86,-197,104,-193,123,-187,139,-181,156,-175,173,-167,188,-159,202,-150,216,-141,229,-130,241,-120,251,-109,261,-97,270,-84,277,-73,283,-60,288,-46,293,-34,278,-19,2712,1856,2116,1449,-2,36,-29,204,-48,203,-67,200,-86,197,-104,193,-123,187,-139,181,-156,175,-173,167,-188,159,-202,150,-216,141,-229,130,-241,120,-251,109,-261,97,-270,84,-277,73,-283,60,-288,46,-293,34,-294,20,-296,7,-296,-7,-294,-20,-293,-34,-288,-46,-283,-60,-277,-73,-270,-84,-261,-97,-251,-109,-241,-120,-229,-130,-216,-141,-202,-150,-188,-159,-173,-167,-156,-175,-139,-181,-123,-187,-104,-193,-86,-197,-67,-200,-48,-203,-29,-204,-10,-206]]]
7284840	p	3054643
3053281	p	3054643
3045190	r	16.4078,47.4611,17.0958,47.8684	[[[164078,476613,181,-70,560,-153,128,19,22,-16,55,8,41,-17,23,27,30,14,637,-176,329,39,218,-68,175,-159,85,-202,-56,-193,169,-65,139,-95,77,-126,-11,-154,-106,-127,-292,-84,-114,-83,33,-321,2559,77,831,25,122,100,192,183,175,190,156,198,137,204,116,210,96,215,76,218,53,222,33,223,11,224,-11,224,-33,223,-53,222,-76,218,-96,215,-116,210,-137,204,-156,198,-65,70,-49,-7,-125,-44,3,-109,63,-45,210,-66,78,-39,96,-187,65,-63,-150,-113,14,-172,67,-203,19,-326,49,-101,85,-76,114,-48,-206,-65,-729,-66,-792,-134,-380,47,-145,262,-133,-75,-196,-212,-111,-73,-87,-14,-532,56,2,1,45,2,-275,412,-6,127,-509,55,-23,-54,-579,152,-39,4,-66,54,-5,-3,-62,30,-37,-22,-9,-14,-49,-5,-73,-15,-80,7,-85,-26,-113,-1,-10,-5,6,-17,-16,0,10,-15,-159,-48,-60,-97,18,-132,-55,-86,-85,-55,-399,-142,-119,-73,-11,-4,-60,127,-61,-3,-3,-48,-17,-23,1,-34,-4,-9,-7,4,-58,50,-73,-50,-152,-167,-88,-75]]]
3055970	p	3054643
3053176	p	3054643
3042638	r	16.4086,46.5429,17.2714,47.1101	[[[164086,468400,10,-194,27,-194,46,-192,64,-189,82,-186,100,-182,116,-177,133,-171,149,-165,165,-158,179,-151,193,-142,206,-133,218,-123,229,-113,240,-103,249,-91,257,-81,264,-68,271,-57,274,-44,279,-31,281,-19,282,-7,282,7,281,19,279,31,274,44,271,57,264,68,257,81,249,91,240,103,229,113,218,123,206,133,193,142,179,151,165,158,149,165,133,171,116,177,100,182,82,186,64,189,46,192,27,194,10,194,-10,194,-27,194,-46,192,-64,189,-82,186,-100,182,-116,177,-133,171,-149,165,-165,158,-179,151,-193,142,-206,133,-218,123,-229,113,-240,103,-249,91,-119,37,-5305,-1380,-420,-109,-49,-75,-100,-182,-82,-186,-64,-189,-46,-192,-27,-194,-10,-194]]]
7284835	p	3054643
3049795	p	3054643
722437	r	20.5956,46.3316,21.5498,47.0284	[[[205956,466800,11,-228,32,-227,54,-225,75,-222,96,-218,116,-213,136,-208,156,-201,174,-194,192,-185,210,-176,225,-167,241,-155,255,-145,269,-133,280,-120,291,-108,301,-94,309,-80,316,-66,321,-52,326,-37,328,-23,330,-7,330,7,328,23,2,0,27,282,101,217,168,136,196,48,423,13,232,122,-63,220,-293,385,25,206,141,158,172,151,124,183,40,383,57,189,152,127,214,38,368,-20,216,80,208,188,67,130,20,38,107,117,273,33,201,79,182,186,34,197,-270,127,-30,19,-26,24,-21,28,9,60,23,59,34,53,44,48,214,403,128,163,209,134,132,25,-130,167,-174,194,-192,185,-210,176,-225,167,-241,155,-255,145,-269,133,-280,120,-291,108,-301,94,-309,80,-316,66,-321,52,-326,37,-328,23,-330,7,-330,-7,-328,-23,-326,-37,-321,-52,-316,-66,-309,-80,-301,-94,-291,-108,-280,-120,-269,-133,-255,-145,-241,-155,-225,-167,-210,-176,-192,-185,-174,-194,-156,-201,-136,-208,-116,-213,-96,-218,-75,-222,-54,-225,-32,-227,-11,-228]]]
3052655	p	3054643
3046433	p	3054643
3042929	r	17.4102,46.7474,18.2811,47.4228	[[[174102,470900,11,-224,32,-223,53,-221,74,-219,95,-214,116,-210,134,-204,155,-198,172,-190,191,-183,207,-173,224,-163,239,-154,252,-142,266,-131,278,-118,288,-106,298,-92,306,-79,313,-65,319,-51,323,-37,325,-22,327,-7,327,7,325,22,323,37,319,51,313,65,306,79,298,92,288,106,278,118,266,131,252,142,239,154,177,129,-38,87,-2206,5089,-1026,445,-3821,-807,-154,-99,-224,-163,-207,-173,-191,-183,-172,-190,-155,-198,-134,-204,-116,-210,-95,-214,-74,-219,-53,-221,-32,-223,-11,-224]]]
7284823	p	3054643
721239	r	19.9176,47.5717,20.8171,48.2273	[[[199176,477798,31,-54,131,-196,150,-189,168,-183,185,-174,202,-167,218,-156,232,-147,246,-136,259,-126,270,-113,281,-101,290,-89,298,-76,304,-62,310,-49,314,-35,317,-21,318,-7,318,7,317,21,314,35,310,49,304,62,298,76,290,89,281,101,270,113,259,126,246,136,232,147,218,156,202,167,185,174,168,183,150,189,109,162,-3146,2976,-17,0,-38,50,-1,3,-1622,1534,-282,-18,-314,-35,-242,-38,-3333,-4384]]]
3050393	p	3054643
7284838	p	3054643
3053438	r	18.5075,46.6632,19.3431,47.1952	[[[185075,468938,11,-32,85,-192,103,-188,120,-183,138,-177,154,-171,171,-163,185,-155,200,-147,213,-137,226,-127,238,-117,248,-106,258,-95,266,-83,273,-71,280,-58,285,-45,288,-33,291,-20,292,-6,292,6,291,20,288,33,285,45,280,58,273,71,266,83,258,95,248,106,238,117,226,127,213,137,200,147,109,91,564,3251,-25,38,-138,177,-154,171,-171,163,-185,155,-200,147,-128,82,-4782,-154,-2573,-2860]]]
3045643	r	19.3245,47.7799,20.2459,48.2627	[[[193245,480873,4,-82,31,-209,50,-207,71,-204,91,-200,109,-196,129,-191,147,-185,164,-177,182,-171,197,-162,213,-153,228,-143,241,-133,253,-122,264,-110,275,-99,284,-87,292,-73,298,-61,303,-48,308,-34,310,-20,311,-7,311,7,310,20,308,34,303,48,32,6,3195,4203,-60,108,-129,191,-147,185,-24,26,-223,-137,-167,-50,-176,13,-102,25,-86,-11,-125,-100,-39,-70,-55,-180,-73,-89,-83,-44,-189,-49,-398,-163,-33,-13,-381,-80,-230,-95,-453,-283,-235,-58,-69,18,-2,34,36,25,5,46,25,13,30,3,27,15,-7,22,8,13,41,37,-21,14,-55,19,-10,11,-60,108,-12,42,-96,-22,-67,0,-23,61,-9,2,-38,-8,-73,19,-59,-21,-21,0,-7,9,-33,9,-2,8,25,31,-32,33,-8,-1,-24,-8,-16,-60,-65,-35,28,-92,-32,9,-42,-11,12,-29,12,-4,-11,-1,-4,-12,-185,39,-361,-92,-95,8,-94,95,25,84,56,87,-5,98,-177,144,-235,26,-461,-60,-100,35,-217,180,-114,64,-100,20,-107,2,-920,-163,-172,-67,-110,-146,-94,-387,-119,-158,-3,-5,-2,-4,2,-7,3,-6,16,-55,5,-54,-5,-53,-16,-52,-535,-254,-1037,14]]]
3044760	r	18.2564,46.0227,19.181,46.6773	[[[182564,463902,4412,-3619,0,-1,66,-54,58,-1,308,7,307,21,304,35,300,49,295,62,288,75,281,89,272,101,262,113,250,124,238,136,225,147,211,156,195,166,180,174,163,182,145,188,127,195,109,201,89,205,70,208,50,212,31,213,10,214,-10,214,-31,213,-50,212,-70,208,-89,205,-109,201,-127,195,-145,188,-163,182,-180,174,-195,166,-211,156,-225,147,-238,136,-250,124,-262,113,-272,101,-34,11,-1888,323,-161,4,-308,-7,-307,-21,-304,-35,-300,-49,-295,-62,-288,-75,-281,-89,-272,-101,-262,-113,-250,-124,-238,-136,-225,-147,-211,-156,-195,-166,-180,-174,-163,-182,-145,-188,-127,-195,-109,-201,-50,-115,-26,-535]]]
