281184	n	35.0934,31.7093,35.2649,31.8815	[[[350934,317981,196,-813,12,9,115,154,233,42,54,-39,123,-13,127,-120,259,31,141,-81,47,41,39,-18,34,-48,66,-33,44,16,19,85,49,42,33,145,56,43,47,62,-31,83,-65,56,-5,72,54,140,48,60,-29,29,-12,81,-29,115,47,66,43,75,-47,25,-66,6,-20,19,56,73,-35,29,-37,29,-52,7,-114,-25,-59,77,-19,69,10,100,-46,120,-99,23,-68,-42,-5,-62,45,-77,37,-100,31,-143,0,-154,-3,-36,-25,-13,-167,76,-67,3,-63,-16,-14,-52,36,-58,4,-54,-123,-11,-369,67,-156,105,-62,-6,-218,-261]]]
293397	n	34.7416,32.0349,34.795,32.134	[[[347416,320350,327,0,185,100,22,0,0,840,-126,50,-242,-641,-12,-33,-137,-62,-6,-48,13,-110,-7,-47,-17,-49]]]
7498240	p	281184
294801	n	34.9191,32.6228,35.055,32.8513	[[[349191,326430,15,-123,408,-79,936,348,0,1937,-273,-247,-90,-16,-153,25,-202,113,-127,26,-149,-70,-81,-202,-54,-897,-230,-815]]]
293703	n	34.6977,31.9325,34.8517,32.002	[[[346977,319325,1323,238,138,173,79,284,-1012,-182,-341,-196,-45,-126,-142,-191]]]
293918	n	34.8507,32.02,34.92,32.125	[[[348507,321250,244,-1050,449,0,0,1050,-693,0]]]
294071	n	34.8273,32.2532,35.0227,32.3893	[[[348273,322532,914,44,812,182,-100,27,31,131,36,314,41,127,38,24,133,41,38,24,11,31,-1592,416,-258,-1086,-104,-275]]]
295629	n	34.5903,31.6926,34.8112,31.8965	[[[345903,317395,978,-469,1231,540,-1237,1423,-99,76,-117,-226,-563,-1084,-69,-77,-124,-183]]]
295514	n	34.82,32.0157,34.8752,32.125	[[[348200,320373,421,-216,130,43,-244,1050,-307,0,0,-877]]]
294751	n	34.7505,31.9838,34.8621,32.045	[[[347505,319838,1012,182,104,137,-421,216,-250,77,-22,0,-185,-100,-238,-512]]]
295530	n	34.5272,31.0239,35.0527,31.4299	[[[345273,312500,13,-222,38,-219,62,-215,87,-209,110,-201,133,-190,153,-178,173,-165,192,-149,207,-132,221,-114,233,-95,242,-75,251,-54,255,-32,257,-11,257,11,255,32,251,54,242,75,233,95,221,114,207,132,192,149,173,165,153,178,133,190,110,201,87,209,62,215,38,219,13,222,-13,222,-38,219,-62,215,-87,209,-110,201,-29,40,-385,-44,-254,-76,-275,-37,-265,36,-221,143,-116,336,145,335,-2637,-94,-138,-106,-173,-165,-153,-178,-133,-190,-110,-201,-87,-209,-62,-215,-38,-219,-13,-222]]]
293788	n	34.795,32.0373,34.82,32.129	[[[347950,320450,250,-77,0,877,-250,40,0,-840]]]
293725	n	34.6875,31.7455,34.915,31.9145	[[[346875,318889,1237,-1423,90,-11,948,766,0,161,-850,763,-1425,-256]]]
295620	n	34.4567,31.4439,34.6881,31.7395	[[[344567,314661,123,-50,244,-75,251,-54,256,-32,259,-11,90,4,1091,2483,-978,469,-764,-1124,-244,-267,-83,-173,389,-248,359,-185,-277,-197,-175,-138,-151,-119,-2,0,-151,-88,-237,-195]]]
295548	n	34.7164,31.9642,34.7743,32.035	[[[347164,319642,341,196,238,512,-327,0,-252,-708]]]
295432	n	34.8202,31.5832,35.113,31.8221	[[[348202,317455,1178,-1623,152,251,21,36,183,185,856,464,342,256,195,144,-195,813,-1784,240,-948,-766]]]
294514	n	34.891,32.1284,35.0111,32.2758	[[[348910,321779,345,-495,526,189,-11,27,-143,235,-45,130,32,151,389,304,73,124,35,127,-17,105,-70,75,-25,7,-812,-182,-277,-797]]]
293253	p	293397
294778	n	34.7824,32.125,34.8574,32.247	[[[347824,321340,126,-50,250,-40,307,0,67,288,-324,932,-426,-1130]]]
294946	n	34.8635,32.3477,35.0451,32.6307	[[[348635,323893,1592,-416,61,175,39,170,120,519,4,7,-837,1880,-408,79,3,-25,-50,-133,-61,-446,-57,-97,-309,-1303,-97,-410]]]
282926	n	34.915,31.7981,35.1152,31.9338	[[[349150,318221,1784,-240,218,261,-27,-2,-149,73,-95,168,-118,61,-119,4,-84,-13,-104,-50,-181,-156,-146,-34,-113,-8,-213,28,-29,21,13,39,111,83,87,82,81,23,235,9,42,41,45,457,-750,270,-339,-529,-149,-427,0,-161]]]
294098	n	35.1327,32.4963,35.5669,32.9225	[[[351327,326653,2823,-1690,108,43,225,114,210,132,194,149,176,165,156,178,135,190,112,201,88,209,63,215,39,219,13,222,-13,222,-39,219,-63,215,-88,209,-112,201,-135,190,-156,178,-176,165,-194,149,-210,132,-225,114,-237,95,-246,75,-254,54,-56,7,-145,-99,-1993,-2473]]]
294421	n	34.8438,31.8809,34.9766,32.0201	[[[348438,319736,861,-927,339,529,128,688,-566,174,-449,0,-130,-43,-104,-137,-79,-284]]]
8199378	n	34.9638,31.9068,35.039,32.0107	[[[349638,319338,750,-270,2,18,-91,158,-135,22,-110,72,-16,54,39,57,-65,47,-145,176,111,116,10,151,-20,168,-202,-81,-128,-688]]]
293768	n	34.83,31.8382,34.93,31.9736	[[[348300,319145,850,-763,149,427,-861,927,-138,-173,0,-418]]]
293807	n	34.825,32.1537,34.9187,32.2576	[[[348250,322470,324,-932,336,241,277,797,-914,-44,-23,-62]]]
293690	n	34.92,32.0026,35.0072,32.1473	[[[349200,320200,566,-174,202,81,0,4,104,97,-230,688,27,344,-88,233,-526,-189,-55,-34,0,-1050]]]
294760	n	34.8507,32.125,34.9255,32.1779	[[[348507,321250,693,0,55,34,-345,495,-336,-241,-67,-288]]]
293842	n	34.5796,31.4205,34.938,31.7466	[[[345796,314455,131,-103,208,-132,29,-15,2700,162,404,577,57,326,4,279,44,271,7,12,-1178,1623,-90,11,-1231,-540,-1085,-2471]]]
294999	p	293788
293845	n	35.055,32.6576,35.332,32.9126	[[[350550,326576,777,77,1993,2473,-2660,-478,-32,-65,-78,-70,0,-1937]]]
294117	n	35.0755,32.9236,35.3678,33.1012	[[[350755,329726,2717,-488,3,-1,88,207,64,215,38,219,13,222,-13,222,-38,219,-15,50,-160,-35,-133,16,-93,102,-69,118,-99,102,-112,76,-58,22,-51,20,-122,0,-370,-103,-72,5,-141,30,-60,4,-65,-21,-111,-72,-43,-15,-801,50,-9,-5,-47,-9,69,-68,-47,-32,-54,-62,-43,-37,41,-173,-42,-192,-135,-324,-30,-262]]]
293286	n	34.9614,32.4348,35.4148,32.6653	[[[349614,326228,837,-1880,193,283,263,161,300,121,310,166,251,248,140,90,178,9,18,-7,133,-60,285,-200,182,-54,630,26,297,-30,298,-156,89,-235,-3,-247,34,81,63,215,36,205,-2821,1689,-777,-77,-936,-348]]]
295277	n	34.819,29.4897,35.0213,29.7861	[[[348190,297545,54,-128,257,-1029,-19,-692,71,-239,228,-414,86,-142,70,4,93,-8,78,2,33,39,17,64,40,72,79,106,173,189,63,87,43,134,43,272,71,219,133,189,95,250,53,562,74,249,188,441,-209,46,-251,32,-253,11,-253,-11,-251,-32,-245,-54,-239,-75,-229,-95,-93,-49]]]
295721	n	35.0653,32.8648,35.3472,32.9726	[[[350654,329231,124,-52,18,-121,-41,-127,-84,-263,-11,-20,2660,478,152,104,0,8,-2717,488,-40,-347,-61,-148]]]
294074	n	34.6776,31.8889,34.83,31.9563	[[[346776,318965,99,-76,1425,256,0,418,-1323,-238,-45,-60,-156,-300]]]
8199394	n	35.0559,31.9962,35.4451,32.3208	[[[350559,321752,162,-1340,805,-450,7,2,252,54,17,2,611,-20,2018,837,8,41,12,222,-12,222,-39,219,-63,215,-87,209,-112,201,-133,190,-155,178,-175,165,-193,149,-209,132,-223,114,-235,95,-63,19,-1672,-88,-145,-152,-376,-1216]]]
