98182	n	44.2035,33.1789,44.9979,33.6336	[[[442035,336336,441,-1029,95,-222,627,-3037,3329,-246,66,-13,3351,1612,10,56,25,443,-25,443,-20,110,-6323,1701,-1576,182]]]
99071	n	42.5525,35.901,43.3403,36.5968	[[[425525,363300,27,-443,80,-439,133,-431,184,-418,234,-401,281,-380,326,-357,368,-329,405,-298,440,-264,469,-228,494,-190,388,-112,1876,192,608,1894,348,1083,1217,3789,-5053,-510,-2596,-881,-122,-395,-80,-439,-27,-443]]]
99072	p	99071
95446	n	43.683,35.7402,44.1189,36.2726	[[[436830,358247,178,-107,469,-228,493,-190,514,-149,530,-108,525,-63,1650,602,-500,4494,-2145,228,-1714,-4479]]]
99532	n	47.4991,30.4297,48.0131,30.8161	[[[474991,305900,13,-222,37,-219,28,-95,836,-174,1936,-893,1506,1488,782,433,2,219,-34,119,-87,209,-109,201,-132,190,-152,178,-172,165,-190,149,-206,132,-219,114,-232,95,-241,75,-248,54,-253,32,-256,11,-256,-11,-253,-32,-248,-54,-241,-75,-232,-95,-219,-114,-206,-132,-190,-149,-172,-165,-152,-178,-132,-190,-109,-201,-87,-209,-62,-215,-37,-219,-13,-222]]]
94824	n	43.4867,32.1933,44.177,32.9861	[[[434867,326200,26,-443,77,-439,127,-431,176,-418,224,-401,269,-380,312,-357,351,-329,388,-298,420,-264,449,-228,473,-190,290,-88,854,331,2467,4479,-1437,1676,0,1,-1234,1440,-2835,-618,-186,-174,-312,-357,-269,-380,-224,-401,-176,-418,-127,-431,-77,-439,-26,-443]]]
7802746	p	98182
94787	n	43.8385,35.0712,44.9279,35.8904	[[[438385,354700,27,-443,79,-439,131,-431,183,-418,231,-401,278,-380,323,-357,363,-329,401,-298,435,-264,464,-228,7657,2192,38,65,183,418,101,332,-355,2834,-160,279,-278,380,-323,357,-310,280,-2864,1055,-3800,-900,-1650,-602,-80,-29,-145,-161,-278,-380,-231,-401,-183,-418,-131,-431,-79,-439,-27,-443]]]
100077	n	43.9686,33.0965,44.3198,33.5361	[[[439686,331821,137,-155,177,-165,195,-149,212,-132,226,-114,239,-95,152,-46,38,19,2136,1064,-627,3037,-95,222,-52,11,-261,32,-263,11,-263,-11,-261,-32,-256,-54,-248,-75,-239,-95,-226,-114,-212,-132,-80,-61,-429,-2966]]]
98463	n	45.1539,35.3339,45.7061,35.7861	[[[451539,355600,14,-222,39,-219,66,-215,92,-209,115,-201,140,-190,161,-178,182,-165,201,-149,217,-132,233,-114,245,-95,255,-75,262,-54,268,-32,271,-11,271,11,268,32,262,54,255,75,245,95,233,114,217,132,201,149,182,165,161,178,140,190,115,201,92,209,66,215,39,219,14,222,-14,222,-39,219,-66,215,-92,209,-115,201,-140,190,-161,178,-182,165,-201,149,-217,132,-233,114,-245,95,-255,75,-262,54,-268,32,-271,11,-271,-11,-268,-32,-262,-54,-255,-75,-245,-95,-233,-114,-217,-132,-201,-149,-182,-165,-161,-178,-140,-190,-115,-201,-92,-209,-66,-215,-39,-219,-14,-222]]]
98854	n	45.9978,30.8339,46.5222,31.2633	[[[459978,310600,13,-222,38,-219,62,-215,87,-209,110,-201,132,-190,153,-178,173,-165,191,-149,206,-132,221,-114,233,-95,242,-75,250,-54,254,-32,257,-11,257,11,254,32,250,54,242,75,233,95,221,114,206,132,191,149,173,165,153,178,132,190,110,201,87,209,62,215,38,219,13,222,-13,222,-38,219,-62,215,-87,209,-110,201,-132,190,-153,178,-173,165,-191,149,-206,132,-221,114,-95,39,-3122,-555,-46,-44,-153,-178,-132,-190,-110,-201,-87,-209,-62,-215,-38,-219,-13,-222]]]
98860	n	44.085,31.8039,44.4385,32.2534	[[[440851,320300,13,-222,38,-219,63,-215,88,-209,111,-201,133,-190,155,-178,175,-165,192,-149,209,-132,223,-114,235,-95,245,-75,252,-54,257,-32,260,-11,260,11,233,29,14,36,378,932,-1115,3468,-161,18,-126,-15,-252,-54,-245,-75,-235,-95,-223,-114,-209,-132,-192,-149,-175,-165,-155,-178,-133,-190,-111,-201,-88,-209,-63,-215,-38,-219,-13,-222]]]
99347	n	44.2138,32.2515,44.6759,32.646	[[[442138,323172,5,-6,175,-165,193,-149,210,-132,224,-114,187,-75,138,-16,1121,38,2368,2662,-12,41,-88,209,-112,201,-134,190,-156,178,-175,165,-193,149,-179,112,-17,-14,-3012,-2380,-543,-894]]]
13631407	n	47.7841,30.2373,48.1406,30.6218	[[[477841,304297,773,-1924,1558,108,75,39,205,132,190,149,172,165,152,178,131,190,110,201,86,209,62,215,37,219,13,222,-1,21,-98,54,-112,33,-1058,131,-16,306,9,1273,-782,-433,-1506,-1488]]]
99100	n	44.1019,32.9589,44.6297,33.2048	[[[441020,330600,13,-222,39,-219,62,-208,4450,-362,713,1555,-33,112,-88,209,-113,201,-127,179,-2738,203,-2136,-1064,-29,-162,-13,-222]]]
96994	n	42.9004,36.7897,43.2412,37.0961	[[[429004,370548,274,-2651,3134,1807,-36,62,-142,190,-164,178,-185,165,-204,149,-221,132,-237,114,-249,95,-259,75,-267,54,-273,32,-275,11,-275,-11,-93,-11,-528,-391]]]
99608	n	46.8855,31.6139,47.4144,32.0661	[[[468856,318400,13,-222,38,-219,63,-215,88,-209,111,-201,133,-190,154,-178,175,-165,192,-149,208,-132,223,-114,234,-95,245,-75,251,-54,257,-32,259,-11,259,11,257,32,251,54,245,75,234,95,223,114,208,132,192,149,175,165,154,178,133,190,111,201,88,209,63,215,38,219,13,222,-13,222,-38,219,-63,215,-88,209,-111,201,-133,190,-154,178,-175,165,-192,149,-208,132,-223,114,-234,95,-245,75,-251,54,-257,32,-259,11,-259,-11,-257,-32,-251,-54,-245,-75,-234,-95,-223,-114,-208,-132,-192,-149,-175,-165,-154,-178,-133,-190,-111,-201,-88,-209,-63,-215,-38,-219,-13,-222]]]
99762	n	44.7468,31.7639,45.1948,32.216	[[[447469,321126,412,-3133,171,-87,235,-95,244,-75,252,-54,257,-32,260,-11,260,11,257,32,252,54,244,75,235,95,223,114,209,132,192,149,175,165,155,178,133,190,111,201,88,209,63,215,38,219,13,222,-13,222,-38,219,-63,215,-88,209,-111,201,-133,190,-155,178,-175,165,-192,149,-209,132,-223,114,-235,95,-244,75,-252,54,-257,32,-237,10,-1854,-1034]]]
99131	n	45.5905,32.2845,46.0863,32.7361	[[[455905,323959,81,-115,155,-178,176,-165,194,-149,209,-132,225,-114,236,-95,246,-75,253,-54,259,-32,121,-5,82,37,2329,1043,78,109,111,201,88,209,64,215,38,219,13,222,-13,222,-38,219,-64,215,-88,209,-111,201,-135,190,-155,178,-176,165,-194,149,-209,132,-225,114,-236,95,-246,75,-253,54,-259,32,-261,11,-261,-11,-259,-32,-253,-54,-246,-75,-236,-95,-225,-114,-209,-132,-112,-86,-494,-2803]]]
99106	n	47.0081,30.7339,47.4535,31.185	[[[470081,309600,13,-222,37,-219,63,-215,86,-209,110,-201,132,-190,154,-178,172,-165,191,-149,206,-132,220,-114,233,-95,242,-75,249,-54,254,-32,257,-11,257,11,254,32,249,54,242,75,233,95,220,114,206,132,174,137,-524,968,-1568,2893,-254,-32,-249,-54,-242,-75,-233,-95,-220,-114,-206,-132,-191,-149,-172,-165,-154,-178,-132,-190,-110,-201,-86,-209,-63,-215,-37,-219,-13,-222]]]
95005	n	45.0471,34.4543,45.5929,34.8561	[[[450471,346300,13,-222,39,-219,65,-215,90,-209,115,-201,138,-190,159,-178,180,-165,199,-149,15,-9,3561,615,4,80,-84,404,42,275,389,-95,343,-149,77,-15,61,201,39,219,13,222,-13,222,-39,219,-65,215,-90,209,-115,201,-138,190,-159,178,-180,165,-199,149,-215,132,-229,114,-243,95,-252,75,-260,54,-264,32,-268,11,-268,-11,-264,-32,-260,-54,-252,-75,-243,-95,-229,-114,-215,-132,-199,-149,-180,-165,-159,-178,-138,-190,-115,-201,-90,-209,-65,-215,-39,-219,-13,-222]]]
98717	n	43.0409,33.1939,43.5696,33.6461	[[[430409,334200,13,-222,39,-219,64,-215,89,-209,113,-201,136,-190,157,-178,177,-165,196,-149,212,-132,227,-114,238,-95,249,-75,256,-54,261,-32,264,-11,264,11,261,32,256,54,249,75,238,95,227,114,212,132,196,149,177,165,120,136,4,19,392,1863,-21,72,-89,209,-113,201,-136,190,-157,178,-177,165,-196,149,-212,132,-227,114,-238,95,-249,75,-256,54,-261,32,-264,11,-264,-11,-261,-32,-256,-54,-249,-75,-238,-95,-227,-114,-212,-132,-196,-149,-177,-165,-157,-178,-136,-190,-113,-201,-89,-209,-64,-215,-39,-219,-13,-222]]]
99454	n	43.5304,33.1239,44.0114,33.5761	[[[435304,332921,23,-77,89,-209,113,-201,136,-190,157,-178,177,-165,195,-149,212,-132,227,-114,238,-95,249,-75,255,-54,261,-32,264,-11,264,11,261,32,255,54,249,75,238,95,227,114,212,132,79,61,1,8,428,2960,-136,153,-177,165,-195,149,-212,132,-227,114,-238,95,-249,75,-255,54,-261,32,-264,11,-264,-11,-261,-32,-255,-54,-249,-75,-238,-95,-227,-114,-212,-132,-195,-149,-177,-165,-123,-138,-395,-1875]]]
98622	n	45.9069,31.2067,46.4332,31.6361	[[[459069,314100,12,-222,38,-219,63,-215,87,-209,110,-201,133,-190,154,-178,173,-165,192,-149,207,-132,222,-114,96,-39,3134,557,44,42,154,178,133,190,110,201,87,209,63,215,38,219,12,222,-12,222,-38,219,-63,215,-87,209,-110,201,-133,190,-154,178,-173,165,-192,149,-207,132,-222,114,-233,95,-243,75,-251,54,-255,32,-258,11,-258,-11,-255,-32,-251,-54,-243,-75,-233,-95,-222,-114,-207,-132,-192,-149,-173,-165,-154,-178,-133,-190,-110,-201,-87,-209,-63,-215,-38,-219,-12,-222]]]
94591	n	45.118,34.1239,45.563,34.5158	[[[451180,343500,13,-222,39,-219,65,-215,90,-209,114,-201,137,-190,159,-178,180,-165,197,-149,215,-132,229,-114,241,-95,251,-75,259,-54,264,-32,267,-11,267,11,264,32,259,54,251,75,241,95,196,98,-63,75,-48,114,20,93,140,189,50,90,133,481,20,247,-54,227,-154,196,-207,109,-223,-1,-199,-133,-185,114,-128,216,-309,823,97,131,525,98,72,54,65,63,57,72,48,80,10,216,-3557,-615,-101,-178,-90,-209,-65,-215,-39,-219,-13,-222]]]
97783	n	43.2161,34.7095,43.7639,35.1561	[[[432161,349300,13,-222,39,-219,66,-215,90,-209,115,-201,138,-190,161,-178,180,-165,199,-149,216,-132,231,-114,243,-95,253,-75,200,-41,3115,1320,11,20,90,209,66,215,39,219,13,222,-13,222,-39,219,-66,215,-90,209,-115,201,-138,190,-161,178,-180,165,-199,149,-216,132,-231,114,-243,95,-253,75,-261,54,-266,32,-268,11,-268,-11,-266,-32,-261,-54,-253,-75,-243,-95,-231,-114,-216,-132,-199,-149,-180,-165,-161,-178,-138,-190,-115,-201,-90,-209,-66,-215,-39,-219,-13,-222]]]
91057	n	42.954,35.2939,43.5059,35.7461	[[[429541,355200,13,-222,40,-219,66,-215,91,-209,116,-201,139,-190,161,-178,182,-165,201,-149,217,-132,232,-114,245,-95,255,-75,263,-54,268,-32,270,-11,270,11,268,32,263,54,255,75,245,95,232,114,217,132,201,149,182,165,161,178,139,190,116,201,91,209,66,215,40,219,13,222,-13,222,-40,219,-66,215,-91,209,-116,201,-139,190,-161,178,-182,165,-201,149,-217,132,-232,114,-245,95,-255,75,-263,54,-268,32,-270,11,-270,-11,-268,-32,-263,-54,-255,-75,-245,-95,-232,-114,-217,-132,-201,-149,-182,-165,-161,-178,-139,-190,-116,-201,-91,-209,-66,-215,-40,-219,-13,-222]]]
91597	n	43.6185,33.9739,44.1615,34.4261	[[[436185,342000,13,-222,39,-219,65,-215,89,-209,114,-201,137,-190,159,-178,179,-165,197,-149,214,-132,229,-114,241,-95,251,-75,258,-54,264,-32,266,-11,266,11,264,32,258,54,251,75,241,95,229,114,214,132,197,149,179,165,159,178,137,190,114,201,89,209,65,215,39,219,13,222,-13,222,-39,219,-65,215,-89,209,-114,201,-137,190,-159,178,-179,165,-197,149,-214,132,-229,114,-241,95,-251,75,-258,54,-264,32,-266,11,-266,-11,-264,-32,-258,-54,-251,-75,-241,-95,-229,-114,-214,-132,-197,-149,-179,-165,-159,-178,-137,-190,-114,-201,-89,-209,-65,-215,-39,-219,-13,-222]]]
99062	n	44.6704,33.7539,45.2108,34.2061	[[[446705,340026,555,-926,1433,-1465,18,-19,161,-34,263,-32,265,-11,265,11,263,32,258,54,250,75,241,95,228,114,213,132,197,149,179,165,158,178,136,190,114,201,90,209,64,215,39,219,13,222,-13,222,-39,219,-64,215,-90,209,-114,201,-136,190,-158,178,-179,165,-197,149,-213,132,-228,114,-241,95,-250,75,-258,54,-263,32,-265,11,-265,-11,-263,-32,-258,-54,-250,-75,-241,-95,-228,-114,-213,-132,-197,-149,-179,-165,-158,-178,-136,-190,-114,-201,-90,-209,-64,-215,-39,-215]]]
98530	n	45.0271,31.1039,45.5529,31.5561	[[[450271,313300,13,-222,37,-219,63,-215,87,-209,110,-201,133,-190,154,-178,173,-165,191,-149,207,-132,222,-114,233,-95,243,-75,250,-54,255,-32,258,-11,258,11,255,32,250,54,243,75,233,95,222,114,207,132,191,149,173,165,154,178,133,190,110,201,87,209,63,215,37,219,13,222,-13,222,-37,219,-63,215,-87,209,-110,201,-133,190,-154,178,-173,165,-191,149,-207,132,-222,114,-233,95,-243,75,-250,54,-255,32,-258,11,-258,-11,-255,-32,-250,-54,-243,-75,-233,-95,-222,-114,-207,-132,-191,-149,-173,-165,-154,-178,-133,-190,-110,-201,-87,-209,-63,-215,-37,-219,-13,-222]]]
97990	n	44.3742,33.5321,44.8701,33.91	[[[443742,336261,12,-17,149,-168,2807,-755,74,15,250,75,239,95,228,114,212,132,197,149,178,165,158,178,136,190,113,201,90,209,64,215,39,219,13,222,-8,135,-1433,1465,-3518,-2839]]]
90532	n	42.5693,36.6338,42.9278,37.0548	[[[425693,368600,14,-222,40,-219,67,-215,93,-209,118,-201,141,-190,164,-178,185,-165,204,-149,222,-132,236,-114,249,-95,259,-75,267,-54,273,-32,275,-11,188,7,590,1551,-274,2651,-3150,-1203,-40,-89,-67,-215,-40,-219,-14,-222]]]
10303650	p	90532
96833	n	43.5154,36.0539,43.8544,36.5062	[[[435154,364681,192,-3855,41,-20,247,-95,257,-75,266,-54,270,-32,273,-11,273,11,270,32,266,54,257,75,8,3,770,2012,-316,1963,-215,105,-247,95,-257,75,-266,54,-270,32,-273,11,-273,-11,-270,-32,-266,-54,-257,-75,-247,-95,-233,-113]]]
446208	n	44.0689,35.9739,44.4183,36.3901	[[[440689,362498,304,-2732,134,-16,273,-11,273,11,270,32,265,54,257,75,247,95,234,114,220,132,202,149,183,165,163,178,140,190,117,201,92,209,67,215,40,219,13,222,-13,222,-40,219,-67,215,-92,209,-117,201,-140,190,-163,178,-183,165,-202,149,-220,132,-44,21,-2213,-1403]]]
92615	n	44.9186,35.9539,45.3483,36.4056	[[[449186,360333,147,-132,202,-149,219,-132,234,-114,247,-95,257,-75,265,-54,270,-32,273,-11,273,11,270,32,265,54,257,75,247,95,234,114,219,132,72,53,59,205,123,206,123,159,41,200,-127,202,-310,327,-51,210,25,462,-46,191,-146,117,-186,118,-57,120,242,127,-188,194,-69,174,-25,431,-49,231,-30,71,-101,39,-257,75,-265,54,-270,32,-137,6,-36,-12,-292,-19,-67,26,-14,-1,-127,-15,-1699,-3670,-15,-32]]]
99344	n	44.024,32.3146,44.3005,32.6744	[[[440240,323966,1,0,175,-165,194,-149,210,-132,224,-114,237,-95,246,-75,253,-54,259,-32,83,-4,559,920,324,2464,-1235,214,-1530,-2778]]]
98993	n	47.2464,30.795,47.6903,31.2461	[[[472464,311812,2093,-3862,254,32,250,54,242,75,232,95,221,114,206,132,191,149,173,165,153,178,132,190,110,201,87,209,62,215,33,188,-174,0,16,1061,-24,57,-110,201,-132,190,-153,178,-173,165,-191,149,-206,132,-221,114,-232,95,-242,75,-250,54,-254,32,-257,11,-257,-11,-254,-32,-250,-54,-242,-75,-232,-95,-221,-114,-206,-132,-174,-136]]]
98156	n	43.8226,36.2498,44.2938,36.5458	[[[438226,364706,318,-1980,2145,-228,2249,1426,-63,141,-117,201,-140,190,-163,178,-184,165,-203,149,-219,132,-235,114,-247,95,-258,75,-265,54,-271,32,-201,8,-1712,-433,-128,-77,-203,-149,-103,-93]]]
90708	n	42.8677,36.5839,43.3205,36.9692	[[[428677,366318,165,-98,236,-114,249,-95,259,-75,267,-54,272,-32,275,-11,275,11,272,32,267,54,259,75,249,95,236,114,221,132,204,149,185,165,164,178,142,190,118,201,92,209,67,215,41,219,13,222,-13,222,-41,219,-67,215,-92,209,-118,201,-142,190,-164,178,-176,158,-3114,-1795,-590,-1551,-11,-28]]]
98245	n	47.4397,30.1642,47.8615,30.5372	[[[474397,303900,12,-222,38,-219,62,-215,86,-209,109,-201,131,-190,152,-178,172,-165,189,-149,206,-132,219,-114,231,-95,240,-75,248,-54,253,-32,186,-8,157,68,1,1,1525,662,-773,1924,-1936,893,-879,182,-39,-38,-152,-178,-131,-190,-109,-201,-86,-209,-62,-215,-38,-219,-12,-222]]]
90026	n	44.3562,34.6639,44.9038,35.1162	[[[443562,348900,13,-222,40,-219,65,-215,90,-209,115,-201,139,-190,160,-178,180,-165,199,-149,216,-132,230,-114,243,-95,253,-75,261,-54,266,-32,268,-11,268,11,266,32,261,54,253,75,243,95,230,114,216,132,199,149,180,165,160,178,139,190,115,201,90,209,65,215,40,219,13,222,-13,222,-40,219,-65,215,-90,209,-115,201,-139,190,-160,178,-180,165,-199,149,-216,132,-230,114,-243,95,-253,75,-261,54,-266,32,-268,11,-268,-11,-266,-32,-261,-54,-253,-75,-243,-95,-230,-114,-216,-132,-199,-149,-180,-165,-160,-178,-139,-190,-115,-201,-90,-209,-65,-215,-40,-219,-13,-222]]]
92052	n	44.7624,36.0362,45.0916,36.4861	[[[447624,364647,1549,-4285,28,3,1714,3704,-59,52,-19,7,-109,101,-161,119,-220,132,-234,114,-247,95,-258,75,-265,54,-270,32,-273,11,-273,-11,-270,-32,-265,-54,-258,-75,-110,-42]]]
92511	n	45.8056,31.6339,46.3344,32.0278	[[[458056,318600,13,-222,38,-219,63,-215,87,-209,111,-201,133,-190,155,-178,174,-165,193,-149,208,-132,223,-114,234,-95,244,-75,252,-54,257,-32,259,-11,259,11,257,32,252,54,244,75,234,95,223,114,208,132,193,149,174,165,155,178,133,190,111,201,87,209,63,215,38,219,13,222,-13,222,-38,219,-63,215,-87,209,-111,201,-133,190,-155,178,-174,165,-103,79,-1206,-81,-2616,-175,-144,-166,-133,-190,-111,-201,-87,-209,-63,-215,-38,-219,-13,-222]]]
98846	n	45.1435,32.3339,45.6395,32.7861	[[[451435,325600,13,-222,39,-219,63,-215,88,-209,112,-201,134,-190,156,-178,176,-165,194,-149,210,-132,224,-114,236,-95,247,-75,253,-54,259,-32,261,-11,261,11,259,32,253,54,247,75,236,95,224,114,210,132,111,85,128,731,366,2075,-79,113,-156,178,-176,165,-194,149,-210,132,-224,114,-236,95,-247,75,-253,54,-259,32,-261,11,-261,-11,-259,-32,-253,-54,-247,-75,-236,-95,-224,-114,-210,-132,-194,-149,-176,-165,-156,-178,-134,-190,-112,-201,-88,-209,-63,-215,-39,-219,-13,-222]]]
99135	n	44.327,31.9047,44.6238,32.2553	[[[443270,322515,1115,-3468,1853,2279,-1847,1227,-1121,-38]]]
387345	n	44.268,32.4066,44.5693,32.6852	[[[442681,324066,3012,2380,-78,110,-156,178,-126,118,-2328,-322,-324,-2464]]]
89824	n	47.6696,29.994,48.1794,30.2483	[[[476696,300982,46,0,572,-96,2166,-946,5,236,-76,89,8,108,44,121,24,129,-14,122,-123,326,169,-188,68,-277,34,-303,71,-262,693,328,380,87,429,-6,466,-75,133,-39,3,64,-12,222,-38,219,-61,215,-86,209,-109,201,-131,190,-152,178,-171,165,-188,149,-205,132,-218,114,-217,89,-1592,-110,-1525,-662,-46,-55,-131,-190,-109,-201,-86,-209,-21,-74]]]
445694	n	43.5998,36.5042,44.1603,36.9243	[[[435998,367300,13,-222,41,-219,67,-215,92,-209,118,-201,141,-190,164,-178,185,-165,203,-149,221,-132,236,-114,249,-95,259,-75,266,-54,272,-32,202,-8,313,80,1332,336,1,0,83,21,122,73,203,149,185,165,164,178,141,190,118,201,92,209,67,215,41,219,13,222,-13,222,-41,219,-67,215,-92,209,-118,201,-141,190,-164,178,-185,165,-203,149,-221,132,-131,63,-3161,-728,-750,-173,-104,-177,-92,-209,-67,-215,-41,-219,-13,-222]]]
99446	n	48.2174,29.9289,48.5593,30.1897	[[[482174,300200,473,-260,349,-95,359,-231,764,-230,1086,-95,264,58,124,119,-44,99,-241,-3,0,46,2,5,-70,28,-310,77,-148,78,-139,95,-65,58,-47,65,-88,195,-21,130,-183,497,-27,17,-57,103,-199,196,-125,232,-20,69,22,112,78,83,96,75,73,86,22,88,-155,-33,-239,-75,-230,-95,-218,-114,-205,-132,-188,-149,-171,-165,-152,-178,-130,-190,-109,-201,-86,-209,-45,-156]]]
99039	n	44.0332,32.653,44.5539,32.924	[[[440333,328420,1437,-1676,1235,-214,2316,321,47,84,88,209,64,215,19,108,-2941,1110,-1757,663,-6,-6,-156,-178,-135,-190,-112,-201,-88,-209,-11,-36]]]
99226	n	44.0858,32.7459,44.5826,32.9951	[[[440858,329234,4703,-1775,6,7,157,178,102,145,-242,1800,-4451,362,-104,-186,-88,-209,-64,-215,-19,-107]]]
89570	n	42.4117,36.9378,42.9718,37.3696	[[[424117,371167,20,-108,67,-215,93,-209,118,-201,142,-190,165,-178,186,-165,205,-149,222,-132,237,-114,250,-95,116,-33,3066,1170,650,482,9,29,41,219,14,222,-14,222,-41,219,-67,215,-93,209,-118,201,-142,190,-165,178,-186,165,-205,149,-222,132,-9,4,-315,84,-86,51,-12,45,-65,25,-260,75,-163,32,-333,-107,-65,-36,-62,-81,-21,-70,-8,-43,14,-5,170,52,44,-38,13,-7,20,6,9,-12,0,-26,24,-27,-30,-64,0,-25,31,-9,5,-7,-6,-12,-35,-6,-9,-7,-26,12,-18,0,-13,-38,-42,-21,-55,-8,-30,-33,-66,-13,-58,28,-23,-8,-34,9,-72,-17,9,-40,45,-26,-4,-37,-26,-27,5,-9,31,17,22,-6,15,-38,-15,-15,-37,4,-17,-36,-32,4,-32,-34,3,-14,-19,-3,-13,-11,0,-7,38,-17,-28,-44,5,-35,-52,-12,-20,2,15,34,-19,5,-25,-5,-16,-19,-38,6,-64,0,-11,-7,10,-27,-6,-8,-65,-11,-1,-16,45,-20,-73,-59,-9,-20,7,-20,26,-25,16,-28,2,-16,-24,-30,-52,-10,-48,-94,-22,-5,-21,12,-16,-8,-29,-67,-23,-4,-27,-18,16,-37,-5,-7,-14,-5,-40,3,-2,-24,-14,-5,-10,3,-11,21,-33,-3,-4,-15,7,-17,-52,-7,7,-29,41,-40,7,-19,-4,-18,-35,-30,-53,-12,-83,-92,-4,-7,10,-14,-4,-71,-44,-24,-13,-22,-60,-21,-42,-45,-49,-102,6,-20,-7,-96,-22,-30,-18,3,-55,-19,-77,39,-7,2,-8,-13,-161,-57,-861,-116,-474,-126]]]
99010	n	44.4391,32.1126,44.9457,32.5261	[[[444391,322553,1847,-1227,1231,-200,1775,990,11,19,87,209,64,215,38,219,13,222,-13,222,-38,219,-64,215,-87,209,-112,201,-134,190,-155,178,-175,165,-193,149,-210,132,-224,114,-235,95,-246,75,-253,54,-258,32,-260,11,-2409,-2708]]]
99369	p	99532
96961	n	44.26,36.4339,44.82,36.8861	[[[442600,366600,14,-222,40,-219,67,-215,93,-209,117,-201,141,-190,164,-178,184,-165,204,-149,221,-132,235,-114,249,-95,258,-75,267,-54,272,-32,274,-11,274,11,272,32,267,54,258,75,249,95,235,114,221,132,204,149,184,165,164,178,141,190,117,201,93,209,67,215,40,219,14,222,-14,222,-40,219,-67,215,-93,209,-117,201,-141,190,-164,178,-184,165,-204,149,-221,132,-235,114,-249,95,-258,75,-267,54,-272,32,-274,11,-274,-11,-272,-32,-267,-54,-258,-75,-249,-95,-235,-114,-221,-132,-204,-149,-184,-165,-164,-178,-141,-190,-117,-201,-93,-209,-67,-215,-40,-219,-14,-222]]]
447022	n	44.5216,36.0139,44.9176,36.4638	[[[445216,362400,13,-222,40,-219,66,-215,93,-209,116,-201,141,-190,163,-178,183,-165,203,-149,219,-132,234,-114,247,-95,258,-75,265,-54,270,-32,273,-11,273,11,270,32,265,54,258,75,110,42,-1549,4285,-170,-20,-265,-54,-258,-75,-247,-95,-234,-114,-219,-132,-203,-149,-183,-165,-163,-178,-141,-190,-116,-201,-93,-209,-66,-215,-40,-219,-13,-222]]]
99350	n	45.7747,32.0021,46.3053,32.3955	[[[457747,321700,13,-222,38,-219,63,-215,88,-209,111,-201,134,-190,155,-178,175,-165,103,-80,3835,257,144,166,134,190,111,201,88,209,63,215,38,219,13,222,-13,222,-38,219,-63,215,-88,209,-111,201,-134,190,-155,178,-175,165,-193,149,-209,132,-223,114,-236,95,-245,75,-252,54,-258,32,-120,5,-2398,-1073,-82,-116,-111,-201,-88,-209,-63,-215,-38,-219,-13,-222]]]
98459	n	44.5584,32.7039,45.0476,33.1561	[[[445584,329589,244,-1813,80,-75,195,-149,210,-132,226,-114,237,-95,247,-75,255,-54,260,-32,262,-11,262,11,260,32,255,54,247,75,237,95,226,114,210,132,195,149,176,165,157,178,135,190,112,201,88,209,64,215,39,219,13,222,-13,222,-39,219,-64,215,-88,209,-112,201,-135,190,-157,178,-176,165,-195,149,-210,132,-226,114,-237,95,-247,75,-255,54,-260,32,-262,11,-262,-11,-260,-32,-255,-54,-247,-75,-237,-95,-225,-114,-730,-1591]]]
92138	n	40.7251,34.1639,41.2621,34.6001	[[[407251,343391,45,-147,90,-209,114,-201,137,-190,159,-178,180,-165,198,-149,214,-132,229,-114,242,-95,251,-75,259,-54,264,-32,267,-11,267,11,264,32,259,54,251,75,242,95,229,114,214,132,198,149,180,165,159,178,137,190,114,201,90,209,65,215,39,219,13,222,-13,222,-39,219,-65,215,-90,209,-114,201,-137,190,-159,178,-180,165,-198,149,-214,132,-229,114,-242,95,-39,12,-662,-1058,0,-1,-360,-657,-227,-266,-293,-158,-2109,-470]]]
99169	n	44.2597,33.6257,44.726,34.0361	[[[442597,338100,13,-222,39,-219,65,-215,89,-209,113,-201,137,-190,158,-178,178,-165,196,-149,153,-95,4,4,3518,2839,-557,929,-129,65,-240,95,-249,75,-258,54,-262,32,-265,11,-265,-11,-262,-32,-258,-54,-249,-75,-240,-95,-228,-114,-213,-132,-196,-149,-178,-165,-158,-178,-137,-190,-113,-201,-89,-209,-65,-215,-39,-219,-13,-222]]]
98629	n	44.4007,31.7339,44.7879,32.1326	[[[444007,318115,121,-114,193,-149,208,-132,223,-114,235,-95,245,-75,252,-54,257,-32,259,-11,259,11,257,32,252,54,245,75,235,95,223,114,208,132,193,149,7,7,-410,3118,-1231,200,-1853,-2279,-378,-932]]]
96205	n	45.7793,35.042,46.1693,35.4061	[[[457793,353250,954,-2830,43,12,141,12,60,25,21,47,-28,123,10,47,138,187,70,23,148,-41,210,-113,104,-35,128,9,300,-107,159,34,147,112,268,133,101,9,178,-39,255,69,124,21,107,47,80,121,-207,198,134,282,217,303,38,263,-151,104,-388,-3,-139,80,-27,157,89,128,124,121,52,101,21,41,-72,294,-239,227,-553,404,-173,226,-68,8,-269,11,-269,-11,-267,-32,-262,-54,-253,-75,-244,-95,-232,-114,-216,-132,-200,-149,-164,-149]]]
384945	n	45.4155,34.8838,45.8747,35.3361	[[[454155,351100,13,-222,39,-219,66,-215,91,-209,115,-201,138,-190,161,-178,181,-165,199,-149,217,-132,231,-114,243,-95,254,-75,261,-54,267,-32,269,-11,269,11,267,32,50,11,-1,14,66,193,232,9,179,-78,18,-8,214,83,231,114,154,94,84,181,27,189,-93,258,0,2,-29,136,2,133,49,115,106,86,22,6,-949,2814,-101,30,-261,54,-267,32,-269,11,-269,-11,-267,-32,-261,-54,-254,-75,-243,-95,-231,-114,-217,-132,-199,-149,-181,-165,-161,-178,-138,-190,-115,-201,-91,-209,-66,-215,-39,-219,-13,-222]]]
92430	n	43.1838,36.0439,43.5346,36.4961	[[[431838,361096,195,-144,219,-132,235,-114,247,-95,257,-75,266,-54,270,-32,273,-11,273,11,270,32,266,54,257,75,247,95,233,113,-192,3855,-41,20,-247,95,-257,75,-266,54,-270,32,-273,11,-273,-11,-270,-32,-204,-42,-1215,-3780]]]
13680586	n	43.4987,36.8355,44.0613,37.2332	[[[434987,370300,13,-222,41,-219,67,-215,93,-209,118,-201,142,-190,164,-178,186,-165,204,-149,222,-132,134,-65,3925,905,103,175,93,209,67,215,41,219,13,222,-13,222,-41,219,-67,215,-93,209,-118,201,-142,190,-164,178,-186,165,-204,149,-222,132,-162,78,-7,-10,-28,-13,-34,-4,-22,54,-24,24,-59,23,-91,-83,-536,-78,-180,-147,-126,-27,-73,39,-215,168,-100,54,-237,48,-261,20,-753,-42,-218,-104,-222,-132,-204,-149,-186,-165,-164,-178,-142,-190,-118,-201,-93,-209,-67,-215,-41,-219,-13,-222]]]
90150	n	43.4071,34.3939,43.9529,34.8404	[[[434071,346200,13,-222,39,-219,66,-215,90,-209,114,-201,138,-190,159,-178,180,-165,199,-149,215,-132,230,-114,242,-95,252,-75,260,-54,265,-32,267,-11,267,11,265,32,260,54,252,75,242,95,230,114,215,132,199,149,180,165,159,178,138,190,114,201,90,209,66,215,39,219,13,222,-13,222,-39,219,-66,215,-90,209,-114,201,-138,190,-159,178,-180,165,-199,149,-215,132,-230,114,-242,95,-252,75,-196,40,-3091,-1309,-12,-5,-14,-25,-90,-209,-66,-215,-39,-219,-13,-222]]]
