112931	n	50.9895,35.3008,51.6509,36.0261	[[[509895,355700,302,-245,902,-186,73,-50,1289,-2211,140,28,255,75,224,87,-67,1050,306,1888,2396,-103,585,497,-180,803,386,2013,3,13,-69,75,-182,165,-201,149,-219,132,-233,114,-245,95,-256,75,-264,54,-269,32,-271,11,-271,-11,-269,-32,-264,-54,-256,-75,-245,-95,-233,-114,-191,-115,7,-13,-49,-2,-269,-32,-195,-40,-435,-1082,-740,-554,-412,-777,157,-242,-490,-672,-89,-492,-161,-159]]]
124665	n	59.1957,36.0538,60.1673,36.7505	[[[591957,363123,419,-2585,8580,251,59,79,234,401,184,418,133,431,80,439,27,443,-27,443,-80,439,-133,431,-184,418,-234,401,-281,380,-326,357,-367,329,-405,298,-440,264,-469,228,-494,190,-515,149,-531,108,-541,65,-128,5,-4561,-4382]]]
418863	n	51.5516,32.512,52.1841,32.9393	[[[515516,325508,334,-387,5991,2570,-36,122,-177,418,-223,401,-270,380,-311,357,-26,24,-4296,-1685,-986,-2200]]]
128747	n	50.8459,35.6937,51.2511,36.2524	[[[508459,357931,395,-994,724,994,33,-14,1279,125,740,554,683,1700,198,1990,-668,238,-1738,-1863,-35,-98,-866,-2376,-745,-256]]]
113646	n	45.9902,37.7169,46.8582,38.5318	[[[459902,382144,482,-458,3298,-3134,0,-1,1391,-1322,1216,-60,231,135,415,298,376,329,333,357,288,380,240,401,188,418,136,431,83,439,3,58,-3375,4516,-123,47,-528,149,-543,108,-554,65,-445,18,-3112,-3174]]]
115019	n	52.0861,29.2153,53.0256,29.7237	[[[520861,293797,143,-209,302,-357,341,-329,376,-298,407,-264,356,-187,5393,192,398,259,376,298,341,329,302,357,260,380,217,401,171,418,12,43,-3378,2407,-5971,-647,-46,-2793]]]
119208	n	50.5272,34.3339,51.153,34.8662	[[[505273,345600,13,-222,39,-219,65,-215,91,-209,114,-201,138,-190,159,-178,180,-165,198,-149,215,-132,229,-114,242,-95,252,-75,260,-54,265,-32,267,-11,267,11,265,32,260,54,252,75,242,95,229,114,215,132,198,149,180,165,159,178,138,190,37,65,-4084,2803,-88,-54,-198,-149,-180,-165,-159,-178,-138,-190,-114,-201,-91,-209,-65,-215,-39,-219,-13,-222]],[[506356,347402,4086,-2803,1,-1,89,54,198,149,180,165,160,178,137,190,115,201,90,209,65,215,39,219,14,222,-14,222,-39,219,-65,215,-90,209,-115,201,-137,190,-160,178,-180,165,-198,149,-215,132,-230,114,-242,95,-253,75,-259,54,-265,32,-268,11,-268,-11,-265,-32,-259,-54,-253,-75,-242,-95,-230,-114,-215,-132,-198,-149,-180,-165,-160,-178,-137,-190,-37,-64]]]
144448	n	48.4173,31.2364,48.9429,31.5461	[[[484173,313234,5068,-870,75,180,62,215,38,219,13,222,-13,222,-38,219,-62,215,-87,209,-111,201,-132,190,-154,178,-173,165,-191,149,-207,132,-222,114,-233,95,-243,75,-250,54,-255,32,-258,11,-258,-11,-255,-32,-250,-54,-243,-75,-233,-95,-222,-114,-207,-132,-191,-149,-173,-165,-154,-178,-132,-190,-111,-201,-87,-209,-62,-215,-38,-219,-11,-188]]]
128226	n	46.7881,34.0839,47.3299,34.5361	[[[467881,343100,13,-222,39,-219,65,-215,90,-209,114,-201,137,-190,159,-178,179,-165,198,-149,214,-132,229,-114,242,-95,251,-75,259,-54,264,-32,266,-11,266,11,264,32,259,54,251,75,242,95,229,114,214,132,198,149,179,165,159,178,137,190,114,201,87,203,56,513,44,405,-32,185,-65,215,-90,209,-114,201,-137,190,-159,178,-179,165,-198,149,-214,132,-229,114,-242,95,-251,75,-259,54,-264,32,-266,11,-266,-11,-264,-32,-259,-54,-251,-75,-242,-95,-229,-114,-214,-132,-198,-149,-179,-165,-159,-178,-137,-190,-114,-201,-90,-209,-65,-215,-39,-219,-13,-222]]]
118743	n	49.3082,37.0539,49.8401,37.4653	[[[493082,372732,9,-154,41,-219,67,-215,93,-209,119,-201,142,-190,165,-178,186,-165,205,-149,223,-132,238,-114,250,-95,261,-75,268,-54,274,-32,277,-11,277,11,274,32,268,54,261,75,250,95,238,114,145,86,401,1447,372,1339,15,53,-12,21,-142,190,-165,178,-186,165,-205,149,-102,60,-417,45,-4090,-1921]]]
128234	n	56.8199,30.0539,57.3401,30.5061	[[[568199,302800,13,-222,37,-219,62,-215,86,-209,110,-201,131,-190,152,-178,171,-165,189,-149,205,-132,219,-114,231,-95,240,-75,248,-54,252,-32,255,-11,255,11,252,32,248,54,240,75,231,95,219,114,205,132,189,149,171,165,152,178,131,190,110,201,86,209,62,215,37,219,13,222,-13,222,-37,219,-62,215,-86,209,-110,201,-131,190,-152,178,-171,165,-189,149,-205,132,-219,114,-231,95,-240,75,-248,54,-252,32,-255,11,-255,-11,-252,-32,-248,-54,-240,-75,-231,-95,-219,-114,-205,-132,-189,-149,-171,-165,-152,-178,-131,-190,-110,-201,-86,-209,-62,-215,-37,-219,-13,-222]]]
121801	n	44.7967,37.3239,45.3633,37.7761	[[[447967,375500,14,-222,41,-219,67,-215,94,-209,119,-201,143,-190,165,-178,187,-165,206,-149,223,-132,239,-114,251,-95,262,-75,269,-54,275,-32,278,-11,278,11,275,32,269,54,262,75,251,95,239,114,223,132,206,149,187,165,165,178,143,190,119,201,94,209,67,215,41,219,14,222,-14,222,-41,219,-67,215,-94,209,-119,201,-143,190,-165,178,-187,165,-206,149,-223,132,-239,114,-251,95,-262,75,-269,54,-275,32,-278,11,-278,-11,-275,-32,-269,-54,-262,-75,-251,-95,-239,-114,-223,-132,-206,-149,-187,-165,-165,-178,-143,-190,-119,-201,-94,-209,-67,-215,-41,-219,-14,-222]]]
1159301	n	60.602,29.2739,61.118,29.7261	[[[606020,295000,12,-222,37,-219,62,-215,85,-209,108,-201,131,-190,150,-178,170,-165,188,-149,203,-132,218,-114,229,-95,238,-75,246,-54,250,-32,253,-11,253,11,250,32,246,54,238,75,229,95,218,114,203,132,188,149,170,165,150,178,131,190,108,201,85,209,62,215,37,219,12,222,-12,222,-37,219,-62,215,-85,209,-106,196,-445,463,-243,254,-156,102,-218,114,-229,95,-238,75,-246,54,-250,32,-253,11,-253,-11,-250,-32,-246,-54,-238,-75,-229,-95,-218,-114,-203,-132,-188,-149,-170,-165,-150,-178,-131,-190,-108,-201,-85,-209,-62,-215,-37,-219,-12,-222]]]
132144	n	48.3088,34.6275,48.7935,35.0261	[[[483088,349436,171,-2348,3706,-813,169,126,180,165,160,178,138,190,115,201,90,209,65,215,40,219,13,222,-13,222,-40,219,-65,215,-90,209,-115,201,-138,190,-160,178,-180,165,-199,149,-216,132,-230,114,-242,95,-253,75,-260,54,-266,32,-268,11,-268,-11,-266,-32,-260,-54,-253,-75,-242,-95,-230,-114,-216,-132,-199,-149,-178,-163]]]
143127	n	49.4288,33.8639,49.9713,34.3161	[[[494288,340900,13,-222,39,-219,65,-215,90,-209,113,-201,137,-190,159,-178,178,-165,198,-149,213,-132,229,-114,240,-95,251,-75,258,-54,263,-32,266,-11,266,11,263,32,258,54,251,75,240,95,229,114,213,132,198,149,178,165,159,178,137,190,113,201,90,209,65,215,39,219,13,222,-13,222,-39,219,-65,215,-90,209,-113,201,-137,190,-159,178,-178,165,-198,149,-213,132,-229,114,-240,95,-251,75,-258,54,-263,32,-266,11,-266,-11,-263,-32,-258,-54,-251,-75,-240,-95,-229,-114,-213,-132,-198,-149,-178,-165,-159,-178,-137,-190,-113,-201,-90,-209,-65,-215,-39,-219,-13,-222]]]
111822	n	54.1055,31.6739,54.6345,32.1261	[[[541055,319000,12,-222,39,-219,63,-215,87,-209,111,-201,134,-190,154,-178,174,-165,193,-149,208,-132,223,-114,235,-95,244,-75,252,-54,257,-32,259,-11,259,11,257,32,252,54,244,75,235,95,223,114,208,132,193,149,174,165,154,178,134,190,111,201,87,209,63,215,39,219,12,222,-12,222,-39,219,-63,215,-87,209,-111,201,-134,190,-154,178,-174,165,-193,149,-208,132,-223,114,-235,95,-244,75,-252,54,-257,32,-259,11,-259,-11,-257,-32,-252,-54,-244,-75,-235,-95,-223,-114,-208,-132,-193,-149,-174,-165,-154,-178,-134,-190,-111,-201,-87,-209,-63,-215,-39,-219,-12,-222]]]
449504	p	112931
143083	n	48.004,38.0239,48.576,38.4761	[[[480040,382500,14,-222,41,-219,68,-215,95,-209,120,-201,144,-190,167,-178,189,-165,208,-149,225,-132,241,-114,254,-95,264,-75,272,-54,278,-32,280,-11,280,11,278,32,272,54,264,75,254,95,241,114,225,132,208,149,189,165,167,178,144,190,120,201,95,209,68,215,41,219,14,222,-14,222,-41,219,-68,215,-95,209,-120,201,-144,190,-167,178,-189,165,-208,149,-225,132,-241,114,-254,95,-264,75,-272,54,-278,32,-280,11,-280,-11,-278,-32,-272,-54,-264,-75,-254,-95,-241,-114,-225,-132,-208,-149,-189,-165,-167,-178,-144,-190,-120,-201,-95,-209,-68,-215,-41,-219,-14,-222]]]
111453	n	48.22,36.4539,48.78,36.9061	[[[482200,366800,13,-222,41,-219,66,-215,93,-209,117,-201,142,-190,163,-178,185,-165,204,-149,220,-132,236,-114,248,-95,259,-75,267,-54,272,-32,274,-11,274,11,272,32,267,54,259,75,248,95,236,114,220,132,204,149,185,165,163,178,142,190,117,201,93,209,66,215,41,219,13,222,-13,222,-41,219,-66,215,-93,209,-117,201,-142,190,-163,178,-185,165,-204,149,-220,132,-236,114,-248,95,-259,75,-267,54,-272,32,-274,11,-274,-11,-272,-32,-267,-54,-259,-75,-248,-95,-236,-114,-220,-132,-204,-149,-185,-165,-163,-178,-142,-190,-117,-201,-93,-209,-66,-215,-41,-219,-13,-222]]]
141681	n	56.0275,26.9639,56.5325,27.4161	[[[560275,271900,12,-222,37,-219,60,-215,83,-209,21,-40,57,31,173,130,86,52,77,14,54,34,21,105,33,49,167,147,81,49,265,48,650,25,214,92,230,141,316,73,618,31,311,-41,524,-186,297,-52,624,-30,28,-5,11,198,-12,222,-37,219,-60,215,-83,209,-106,201,-128,190,-147,178,-167,165,-183,149,-199,132,-213,114,-224,95,-233,75,-240,54,-246,32,-247,11,-247,-11,-246,-32,-240,-54,-233,-75,-224,-95,-213,-114,-199,-132,-183,-149,-167,-165,-147,-178,-128,-190,-106,-201,-83,-209,-60,-215,-37,-219,-12,-222]],[[561484,269973,126,-67,224,-95,233,-75,240,-54,246,-32,247,-11,36,2,-41,97,-59,40,-159,109,-256,101,-197,42,-392,-7,-248,-50]],[[564346,270548,316,-109,75,12,15,15,147,178,128,190,22,43,-3,12,-95,69,-115,40,-106,62,-176,-32,-185,-228,-23,-252]]]
117574	n	46.7248,35.0839,47.2752,35.5361	[[[467248,353100,13,-222,40,-219,65,-215,91,-209,116,-201,139,-190,161,-178,181,-165,200,-149,217,-132,232,-114,244,-95,254,-75,262,-54,267,-32,270,-11,270,11,267,32,262,54,254,75,244,95,232,114,217,132,200,149,181,165,161,178,139,190,116,201,91,209,65,215,40,219,13,222,-13,222,-40,219,-65,215,-91,209,-116,201,-139,190,-161,178,-181,165,-200,149,-217,132,-232,114,-244,95,-254,75,-262,54,-267,32,-270,11,-270,-11,-267,-32,-262,-54,-254,-75,-244,-95,-232,-114,-217,-132,-200,-149,-181,-165,-161,-178,-139,-190,-116,-201,-91,-209,-65,-215,-40,-219,-13,-222]]]
119505	n	49.8198,36.2093,50.172,36.4961	[[[498199,364423,1698,-2330,1084,558,739,1825,-172,104,-235,114,-247,95,-257,75,-266,54,-270,32,-273,11,-273,-11,-270,-32,-266,-54,-257,-75,-247,-95,-235,-114,-219,-132,-34,-25]]]
127319	n	48.012,30.3461,48.416,30.6661	[[[480120,304945,16,-306,1058,-131,112,-33,103,-56,168,-156,128,-196,90,-218,72,-388,2293,1889,-63,116,-131,190,-152,178,-172,165,-190,149,-205,132,-219,114,-231,95,-241,75,-248,54,-253,32,-255,11,-255,-11,-253,-32,-248,-54,-241,-75,-231,-95,-219,-114,-205,-132,-19,-15,-9,-1188]]]
127349	n	48.0907,33.2639,48.6293,33.7161	[[[480907,334900,13,-222,39,-219,64,-215,89,-209,113,-201,136,-190,157,-178,178,-165,196,-149,212,-132,227,-114,238,-95,249,-75,257,-54,261,-32,264,-11,264,11,261,32,257,54,249,75,238,95,227,114,212,132,196,149,178,165,157,178,136,190,113,201,89,209,64,215,39,219,13,222,-13,222,-39,219,-64,215,-89,209,-113,201,-136,190,-157,178,-178,165,-196,149,-212,132,-227,114,-238,95,-249,75,-257,54,-261,32,-264,11,-264,-11,-261,-32,-257,-54,-249,-75,-238,-95,-227,-114,-212,-132,-196,-149,-178,-165,-157,-178,-136,-190,-113,-201,-89,-209,-64,-215,-39,-219,-13,-222]]]
143860	p	112931
120292	p	112931
128476	n	51.1592,33.7539,51.6848,34.0758	[[[511592,339800,13,-222,39,-219,64,-215,90,-209,114,-201,136,-190,158,-178,179,-165,197,-149,213,-132,228,-114,241,-95,250,-75,258,-54,263,-32,265,-11,265,11,263,32,258,54,250,75,241,95,228,114,213,132,197,149,179,165,158,178,136,190,114,201,46,107,-4997,1715,0,1,-1,0,-52,-93,-90,-209,-64,-215,-39,-219,-13,-222]]]
6861211	n	51.1851,33.9042,51.6943,34.1374	[[[511851,340757,4999,-1715,53,93,40,93,-4691,2146,-104,-118,-137,-190,-114,-201,-46,-108]]]
418710	n	51.3927,32.5508,51.6502,32.7811	[[[513927,327811,1052,-2045,537,-258,986,2200,-2575,103]]]
136256	n	48.2305,32.1708,48.6759,32.5349	[[[482305,323430,2804,-1722,9,3,236,95,223,114,210,132,193,149,176,165,155,178,134,190,112,201,88,209,63,215,38,219,13,222,-13,222,-38,219,-63,215,-88,209,-112,201,-134,190,-155,178,-123,115,-3728,-1919]]]
124877	n	46.0675,37.1643,46.5227,37.6162	[[[460675,375688,1621,-4004,195,-41,186,7,274,32,270,54,261,75,250,95,238,114,223,132,206,149,186,165,165,178,143,190,118,201,94,209,67,215,41,219,14,222,-14,222,-41,219,-67,215,-94,209,-118,201,-143,190,-165,178,-186,165,-206,149,-223,132,-238,114,-250,95,-261,75,-270,54,-274,32,-277,11,-277,-11,-274,-32,-270,-54,-261,-75,-250,-95,-238,-114,-155,-92]]]
124878	n	59.353,35.6039,59.907,36.0561	[[[593530,358300,13,-222,40,-219,66,-215,92,-209,116,-201,140,-190,162,-178,182,-165,202,-149,218,-132,233,-114,246,-95,256,-75,264,-54,268,-32,272,-11,272,11,268,32,264,54,256,75,246,95,233,114,218,132,202,149,182,165,162,178,140,190,116,201,92,209,66,215,40,219,13,222,-13,222,-40,219,-66,215,-92,209,-116,201,-140,190,-162,178,-182,165,-202,149,-218,132,-233,114,-246,95,-256,75,-264,54,-268,32,-272,11,-272,-11,-268,-32,-264,-54,-256,-75,-246,-95,-233,-114,-218,-132,-202,-149,-182,-165,-162,-178,-140,-190,-116,-201,-92,-209,-66,-215,-40,-219,-13,-222]]]
116996	n	52.8636,36.3352,53.2804,36.7861	[[[528636,367209,24,-625,2231,-3232,254,30,267,54,258,75,248,95,235,114,221,132,203,149,184,165,43,46,-1989,3640,-215,9,-274,-11,-271,-32,-267,-54,-258,-75,-248,-95,-235,-114,-221,-132,-190,-139]]]
140044	n	48.4794,33.6739,49.0206,34.1145	[[[484794,339000,13,-222,39,-219,65,-215,89,-209,114,-201,136,-190,158,-178,179,-165,197,-149,213,-132,228,-114,240,-95,250,-75,257,-54,263,-32,265,-11,265,11,263,32,257,54,250,75,240,95,228,114,213,132,197,149,179,165,158,178,136,190,114,201,89,209,65,215,39,219,13,222,-13,222,-39,219,-65,215,-89,209,-114,201,-136,190,-158,178,-179,165,-197,149,-175,108,-1542,185,-850,103,-184,-55,-240,-95,-45,-22,-14,-13,-1,-1,-977,-879,-135,-121,-53,-93,-89,-209,-65,-215,-39,-219,-13,-222]]]
32767	n	51.3479,35.2731,51.6706,35.5537	[[[513479,353084,29,-40,161,-178,149,-135,2888,1262,-1125,1544,-2102,-2453]]]
132892	n	54.2159,36.6139,54.6883,37.0661	[[[542159,367044,72,-78,185,-165,204,-149,221,-132,236,-114,249,-95,259,-75,268,-54,272,-32,275,-11,275,11,272,32,268,54,259,75,249,95,236,114,221,132,204,149,185,165,164,178,142,190,8,14,-657,2766,-46,34,-221,132,-236,114,-249,95,-259,75,-268,54,-272,32,-275,11,-275,-11,-272,-32,-268,-54,-259,-75,-249,-95,-142,-69,-294,-1243,-482,-2038]]]
118063	n	57.4017,35.9839,57.9583,36.4362	[[[574017,362100,13,-222,40,-219,66,-215,93,-209,116,-201,141,-190,162,-178,184,-165,202,-149,220,-132,234,-114,247,-95,257,-75,265,-54,270,-32,273,-11,273,11,270,32,265,54,257,75,247,95,234,114,220,132,202,149,184,165,162,178,141,190,116,201,93,209,66,215,40,219,13,222,-13,222,-40,219,-66,215,-93,209,-116,201,-141,190,-162,178,-184,165,-202,149,-220,132,-234,114,-247,95,-257,75,-265,54,-270,32,-273,11,-273,-11,-270,-32,-265,-54,-257,-75,-247,-95,-234,-114,-220,-132,-202,-149,-184,-165,-162,-178,-141,-190,-116,-201,-93,-209,-66,-215,-40,-219,-13,-222]]]
32900	p	112931
143534	n	52.0707,36.2438,52.5759,36.6856	[[[520707,364700,14,-222,40,-219,67,-215,92,-209,117,-201,141,-190,163,-178,184,-165,203,-149,220,-132,236,-114,247,-95,258,-75,266,-54,271,-32,274,-11,274,11,271,32,266,54,258,75,247,95,236,114,220,132,203,149,184,165,100,109,-11,31,-1197,3388,-214,62,-32,-5,-1719,-342,-1230,-362,-15,-13,-163,-178,-141,-190,-117,-201,-92,-209,-67,-215,-40,-219,-14,-222]]]
9478811	n	51.5581,35.3949,51.9559,35.653	[[[515581,355537,1125,-1544,340,-44,2475,500,24,129,13,222,-13,222,-19,102,-1781,928,-1445,478,-585,-497,-134,-496]]]
418606	n	51.1033,32.5232,51.4979,32.8422	[[[511033,326300,13,-222,39,-219,63,-215,88,-209,112,-201,2,-2,20,3,3609,531,-1052,2045,-1137,611,-110,-33,-237,-95,-225,-114,-210,-132,-194,-149,-175,-165,-156,-178,-135,-190,-112,-201,-88,-209,-63,-215,-39,-219,-13,-222]]]
145459	n	48.1867,30.1278,48.5602,30.5397	[[[481867,303461,10,-53,44,-95,80,-74,111,-43,118,-15,121,4,366,53,126,-5,121,-35,93,-70,203,-293,322,-317,388,-308,66,-85,51,-102,19,-108,-4,-18,-22,-88,-73,-86,-96,-75,-78,-83,-22,-112,20,-69,58,-106,107,33,231,95,219,114,205,132,189,149,171,165,153,178,131,190,109,201,86,209,62,215,38,219,12,222,-12,222,-38,219,-62,215,-86,209,-109,201,-131,190,-153,178,-171,165,-189,149,-205,132,-219,114,-9,3,-2351,-1936]]]
112214	n	51.381,35.0939,51.7046,35.3993	[[[513810,352728,56,-184,91,-209,116,-201,138,-190,161,-178,182,-165,200,-149,217,-132,232,-114,244,-95,254,-75,262,-54,267,-32,267,-11,549,3010,-340,44,-2888,-1262,-8,-3]]]
122285	n	58.5217,35.9839,59.0783,36.4362	[[[585217,362100,13,-222,40,-219,66,-215,93,-209,116,-201,141,-190,162,-178,184,-165,202,-149,220,-132,234,-114,247,-95,257,-75,265,-54,270,-32,273,-11,273,11,270,32,265,54,257,75,247,95,234,114,220,132,202,149,184,165,162,178,141,190,116,201,93,209,66,215,40,219,13,222,-13,222,-40,219,-66,215,-93,209,-116,201,-141,190,-162,178,-184,165,-202,149,-220,132,-234,114,-247,95,-257,75,-265,54,-270,32,-273,11,-273,-11,-270,-32,-265,-54,-257,-75,-247,-95,-234,-114,-220,-132,-202,-149,-184,-165,-162,-178,-141,-190,-116,-201,-93,-209,-66,-215,-40,-219,-13,-222]]]
116667	n	50.0858,34.7939,50.6342,35.2461	[[[500858,350200,13,-222,39,-219,66,-215,90,-209,116,-201,138,-190,160,-178,181,-165,199,-149,216,-132,231,-114,244,-95,253,-75,261,-54,266,-32,269,-11,269,11,266,32,261,54,253,75,244,95,231,114,216,132,199,149,181,165,160,178,138,190,116,201,90,209,66,215,39,219,13,222,-13,222,-39,219,-66,215,-90,209,-116,201,-138,190,-160,178,-181,165,-199,149,-216,132,-231,114,-244,95,-253,75,-261,54,-266,32,-269,11,-269,-11,-266,-32,-261,-54,-253,-75,-244,-95,-231,-114,-216,-132,-199,-149,-181,-165,-160,-178,-138,-190,-116,-201,-90,-209,-66,-215,-39,-219,-13,-222]]]
122438	n	50.3539,35.7321,50.6737,36.0272	[[[503539,358632,114,-198,140,-190,163,-178,182,-165,202,-149,219,-132,233,-114,246,-95,257,-75,75,-15,1367,852,-437,2099,-167,-58,-2594,-1582]]]
120695	n	52.6595,36.2438,53.0911,36.6584	[[[526595,363218,130,-117,203,-149,220,-132,236,-114,247,-95,258,-75,266,-54,271,-32,274,-11,274,11,271,32,266,54,258,75,247,95,236,114,220,132,203,149,184,165,52,57,-2251,3261,-2065,-3366]]]
142363	n	52.454,36.3245,52.866,36.7487	[[[524540,366827,1208,-3421,240,-70,267,-54,271,-32,86,-4,2048,3338,-24,618,-63,46,-220,132,-218,106,-342,-82,-1706,-280,-1482,-227,-65,-70]]]
6672634	p	112931
13405749	p	112931
114259	n	55.4221,29.2239,55.9379,29.6761	[[[554221,294500,12,-222,38,-219,61,-215,85,-209,109,-201,130,-190,150,-178,170,-165,188,-149,203,-132,217,-114,229,-95,238,-75,246,-54,250,-32,253,-11,253,11,250,32,246,54,238,75,229,95,217,114,203,132,188,149,170,165,150,178,130,190,109,201,85,209,61,215,38,219,12,222,-12,222,-38,219,-61,215,-85,209,-109,201,-130,190,-150,178,-170,165,-188,149,-203,132,-217,114,-229,95,-238,75,-246,54,-250,32,-253,11,-253,-11,-250,-32,-246,-54,-238,-75,-229,-95,-217,-114,-203,-132,-188,-149,-170,-165,-150,-178,-130,-190,-109,-201,-85,-209,-61,-215,-38,-219,-12,-222]]]
126972	n	44.6628,38.3271,45.2372,38.7761	[[[446628,385500,14,-222,42,-219,68,-215,95,-209,120,-201,113,-147,2878,-1016,102,11,274,54,265,75,255,95,241,114,227,132,209,149,189,165,168,178,145,190,120,201,95,209,68,215,42,219,14,222,-14,222,-42,219,-68,215,-95,209,-120,201,-145,190,-168,178,-189,165,-209,149,-227,132,-241,114,-255,95,-265,75,-274,54,-279,32,-281,11,-281,-11,-279,-32,-274,-54,-265,-75,-255,-95,-241,-114,-227,-132,-209,-149,-189,-165,-168,-178,-145,-190,-120,-201,-95,-209,-68,-215,-42,-219,-14,-222]]]
140463	n	58.9526,32.6439,59.4874,33.0961	[[[589526,328700,13,-222,39,-219,63,-215,89,-209,112,-201,135,-190,156,-178,176,-165,195,-149,210,-132,226,-114,237,-95,247,-75,254,-54,260,-32,262,-11,262,11,260,32,254,54,247,75,237,95,226,114,210,132,195,149,176,165,156,178,135,190,112,201,89,209,63,215,39,219,13,222,-13,222,-39,219,-63,215,-89,209,-112,201,-135,190,-156,178,-176,165,-195,149,-210,132,-226,114,-237,95,-247,75,-254,54,-260,32,-262,11,-262,-11,-260,-32,-254,-54,-247,-75,-237,-95,-226,-114,-210,-132,-195,-149,-176,-165,-156,-178,-135,-190,-112,-201,-89,-209,-63,-215,-39,-219,-13,-222]]]
139889	n	45.9306,36.3519,46.4895,36.7461	[[[459306,365200,13,-222,40,-219,67,-215,92,-209,117,-201,141,-190,164,-178,184,-165,110,-81,238,37,4122,628,88,150,92,209,67,215,40,219,13,222,-13,222,-40,219,-67,215,-92,209,-117,201,-141,190,-164,178,-184,165,-203,149,-220,132,-236,114,-248,95,-258,75,-266,54,-271,32,-274,11,-274,-11,-271,-32,-266,-54,-258,-75,-248,-95,-236,-114,-220,-132,-203,-149,-184,-165,-164,-178,-141,-190,-117,-201,-92,-209,-67,-215,-40,-219,-13,-222]]]
140380	n	57.047,37.2539,57.613,37.7061	[[[570470,374800,14,-222,40,-219,68,-215,93,-209,119,-201,143,-190,165,-178,187,-165,206,-149,223,-132,238,-114,251,-95,261,-75,270,-54,275,-32,277,-11,63,2,1791,554,147,106,187,165,165,178,143,190,119,201,93,209,68,215,40,219,14,222,-14,222,-40,219,-68,215,-93,209,-119,201,-143,190,-165,178,-187,165,-206,149,-223,132,-238,114,-251,95,-261,75,-270,54,-275,32,-277,11,-277,-11,-275,-32,-270,-54,-261,-75,-251,-95,-238,-114,-223,-132,-206,-149,-187,-165,-165,-178,-143,-190,-119,-201,-93,-209,-68,-215,-40,-219,-14,-222]]]
6657205	n	50.9611,35.7157,51.089,35.8042	[[[509611,357917,182,-751,59,-9,626,108,412,777,-1279,-125]]]
417472	n	51.2826,32.7708,51.8174,33.0861	[[[512826,328600,12,-203,1089,-586,2575,-103,1655,650,4,20,13,222,-13,222,-39,219,-64,215,-88,209,-112,201,-135,190,-156,178,-177,165,-194,149,-211,132,-225,114,-237,95,-247,75,-254,54,-260,32,-262,11,-262,-11,-260,-32,-254,-54,-247,-75,-237,-95,-225,-114,-211,-132,-194,-149,-177,-165,-156,-178,-135,-190,-112,-201,-88,-209,-64,-215,-39,-219,-13,-222]]]
125185	n	48.5576,34.0855,49.0919,34.5261	[[[485577,343496,763,-2142,135,-102,176,-108,2402,-289,187,56,242,95,228,114,215,132,197,149,179,165,159,178,138,190,114,201,89,209,65,215,39,219,14,222,-14,222,-39,219,-65,215,-89,209,-114,201,-138,190,-159,178,-179,165,-197,149,-215,132,-228,114,-242,95,-251,75,-259,54,-264,32,-266,11,-266,-11,-264,-32,-259,-54,-251,-75,-88,-35,-1495,-1558]]]
121110	n	44.8768,36.4739,45.4201,36.8757	[[[448768,367765,4,0,310,14,145,-20,125,-88,92,-88,104,-60,116,-30,131,-3,167,-73,148,-161,243,-360,106,-216,-16,-187,-194,-361,-107,-342,-9,-211,-30,-19,-124,-39,-45,-24,-20,-160,145,-150,36,-25,158,-110,129,-112,3,-45,202,-59,267,-54,271,-32,275,-11,275,11,271,32,267,54,259,75,248,95,236,114,221,132,204,149,184,165,164,178,141,190,118,201,92,209,67,215,41,219,13,222,-12,194,-77,53,-1,0,-2200,1510,-2544,-205,-132,-118,-164,-178,-141,-190,-118,-201,-44,-100]]]
125446	n	45.4438,36.5339,46.0002,36.9861	[[[454438,367225,13,-66,67,-215,92,-209,118,-201,141,-190,164,-178,185,-165,204,-149,221,-132,236,-114,248,-95,259,-75,267,-54,272,-32,275,-11,275,11,272,32,267,54,259,75,248,95,236,114,221,132,204,149,185,165,164,178,141,190,118,201,92,209,67,215,41,219,11,187,-1640,2090,-88,34,-259,75,-267,54,-272,32,-275,11,-275,-11,-272,-32,-48,-10,-2167,-2583]]]
139817	n	50.6599,28.8002,51.0967,29.1961	[[[506599,291310,60,-46,278,-30,265,138,181,29,781,41,239,-36,37,-54,20,-83,12,-170,36,-44,83,23,92,42,61,13,122,-92,67,-102,84,-290,185,41,97,-144,25,-231,-34,-218,-68,-105,-202,-158,-71,-73,-15,-111,46,-83,13,-73,-106,-80,-98,166,-164,181,-197,146,-195,59,-207,-108,-38,-247,61,-275,81,-189,470,-522,77,-198,85,-107,198,-47,405,-20,422,-87,303,-164,125,99,169,165,150,178,130,190,108,201,84,209,62,215,37,219,12,222,-12,222,-37,219,-62,215,-84,209,-108,201,-130,190,-126,150,-434,377,-148,97,-216,114,-228,95,-237,75,-244,54,-249,32,-252,11,-252,-11,-249,-32,-244,-54,-237,-75,-228,-95,-216,-114,-202,-132,-173,-138]]]
117392	n	45.9915,36.0239,46.5485,36.418	[[[459915,362500,14,-222,33,-185,1515,-1622,157,-60,258,-75,265,-54,270,-32,273,-11,273,11,270,32,265,54,258,75,247,95,234,114,220,132,202,149,184,165,162,178,141,190,117,201,92,209,66,215,40,219,14,222,-14,222,-40,219,-66,215,-92,209,-117,201,-141,190,-162,178,-184,165,-109,80,-4345,-662,-88,-152,-92,-209,-66,-215,-40,-219,-14,-222]]]
135423	n	54.7009,36.1939,55.2591,36.6461	[[[547009,364200,14,-222,40,-219,66,-215,93,-209,117,-201,140,-190,164,-178,184,-165,202,-149,220,-132,235,-114,248,-95,258,-75,266,-54,270,-32,274,-11,274,11,270,32,266,54,258,75,248,95,235,114,220,132,202,149,184,165,164,178,140,190,117,201,93,209,66,215,40,219,14,222,-14,222,-40,219,-66,215,-93,209,-117,201,-140,190,-164,178,-184,165,-202,149,-220,132,-235,114,-248,95,-258,75,-266,54,-270,32,-274,11,-274,-11,-270,-32,-266,-54,-258,-75,-248,-95,-235,-114,-220,-132,-202,-149,-184,-165,-164,-178,-140,-190,-117,-201,-93,-209,-66,-215,-40,-219,-14,-222]]]
141663	n	48.9353,30.3891,49.4508,30.7861	[[[489353,306080,1748,-900,69,-31,6,-8,277,-143,27,6,102,66,86,18,83,-113,-39,-44,-15,-34,-3,-23,84,-43,60,39,156,146,118,47,78,-365,69,-114,223,-115,156,28,-6,-106,912,-469,60,-31,140,110,172,165,153,178,131,190,110,201,86,209,62,215,37,219,13,222,-13,222,-37,219,-62,215,-86,209,-110,201,-131,190,-153,178,-172,165,-189,149,-206,132,-220,114,-231,95,-241,75,-248,54,-253,32,-256,11,-256,-11,-253,-32,-248,-54,-241,-75,-231,-95,-220,-114,-206,-132,-189,-149,-172,-165,-153,-178,-131,-190,-110,-201,-86,-209,-51,-176]]]
132938	n	54.8879,37.0239,55.4521,37.4761	[[[548879,372500,13,-222,41,-219,67,-215,93,-209,119,-201,49,-65,1747,-1058,142,-29,273,-32,277,-11,277,11,273,32,269,54,261,75,250,95,237,114,223,132,205,149,186,165,165,178,142,190,119,201,93,209,67,215,41,219,13,222,-13,222,-41,219,-67,215,-93,209,-119,201,-142,190,-165,178,-186,165,-205,149,-223,132,-237,114,-250,95,-261,75,-269,54,-273,32,-277,11,-277,-11,-273,-32,-269,-54,-261,-75,-250,-95,-237,-114,-223,-132,-205,-149,-186,-165,-165,-178,-142,-190,-119,-201,-93,-209,-67,-215,-41,-219,-13,-222]]]
124721	n	52.5923,29.6439,53.059,30.0961	[[[525923,300047,955,-2810,1120,-798,2,0,254,11,251,32,247,54,239,75,230,95,218,114,204,132,188,149,171,165,151,178,131,190,109,201,85,209,62,215,37,219,13,222,-13,222,-37,219,-62,215,-85,209,-109,201,-131,190,-151,178,-171,165,-188,149,-204,132,-218,114,-230,95,-239,75,-247,54,-251,32,-254,11,-254,-11,-251,-32,-247,-54,-239,-75,-230,-95,-218,-114,-204,-132,-188,-149,-171,-165,-75,-87]]]
118994	n	55.7296,30.1839,56.2504,30.6361	[[[557296,304100,13,-222,37,-219,62,-215,86,-209,109,-201,132,-190,152,-178,172,-165,189,-149,205,-132,219,-114,231,-95,241,-75,248,-54,253,-32,255,-11,255,11,253,32,248,54,241,75,231,95,219,114,205,132,189,149,172,165,152,178,132,190,109,201,86,209,62,215,37,219,13,222,-13,222,-37,219,-62,215,-86,209,-109,201,-132,190,-152,178,-172,165,-189,149,-205,132,-219,114,-231,95,-241,75,-248,54,-253,32,-255,11,-255,-11,-253,-32,-248,-54,-241,-75,-231,-95,-219,-114,-205,-132,-189,-149,-172,-165,-152,-178,-132,-190,-109,-201,-86,-209,-62,-215,-37,-219,-13,-222]]]
41548	n	50.7167,35.7931,51.007,36.0593	[[[507167,358340,1292,-409,745,256,866,2376,-63,30,-2347,-1611,-493,-642]]]
130531	n	53.3045,28.2739,53.8155,28.7261	[[[533045,285000,12,-222,37,-219,61,-215,84,-209,107,-201,129,-190,150,-178,168,-165,186,-149,201,-132,215,-114,227,-95,236,-75,243,-54,249,-32,250,-11,250,11,249,32,243,54,236,75,227,95,215,114,201,132,186,149,168,165,150,178,129,190,107,201,84,209,61,215,37,219,12,222,-12,222,-37,219,-61,215,-84,209,-107,201,-129,190,-150,178,-168,165,-186,149,-201,132,-215,114,-227,95,-210,66,-320,45,-322,45,-2,0,-102,15,-22,1,-250,-11,-249,-32,-243,-54,-236,-75,-227,-95,-215,-114,-201,-132,-186,-149,-168,-165,-150,-178,-129,-190,-107,-201,-84,-209,-61,-215,-37,-219,-12,-222]]]
130802	n	46.1502,33.4139,46.6898,33.8662	[[[461502,336400,13,-222,39,-219,65,-215,89,-209,113,-201,136,-190,158,-178,178,-165,196,-149,212,-132,227,-114,240,-95,249,-75,257,-54,262,-32,264,-11,264,11,262,32,257,54,249,75,240,95,227,114,212,132,196,149,178,165,158,178,136,190,113,201,89,209,65,215,39,219,13,222,-13,222,-39,219,-65,215,-89,209,-113,201,-136,190,-158,178,-178,165,-196,149,-212,132,-227,114,-240,95,-249,75,-257,54,-262,32,-264,11,-264,-11,-262,-32,-257,-54,-249,-75,-240,-95,-227,-114,-212,-132,-196,-149,-178,-165,-158,-178,-136,-190,-113,-201,-89,-209,-65,-215,-39,-219,-13,-222]]]
112646	n	58.9449,35.0439,59.4951,35.4961	[[[589449,352700,14,-222,39,-219,66,-215,91,-209,115,-201,139,-190,161,-178,181,-165,200,-149,217,-132,231,-114,244,-95,255,-75,261,-54,267,-32,270,-11,270,11,267,32,261,54,255,75,244,95,231,114,217,132,200,149,181,165,161,178,139,190,115,201,91,209,66,215,39,219,14,222,-14,222,-39,219,-66,215,-91,209,-115,201,-139,190,-161,178,-181,165,-200,149,-217,132,-231,114,-244,95,-255,75,-261,54,-267,32,-270,11,-270,-11,-267,-32,-261,-54,-255,-75,-244,-95,-231,-114,-217,-132,-200,-149,-181,-165,-161,-178,-139,-190,-115,-201,-91,-209,-66,-215,-39,-219,-14,-222]]]
124778	n	45.9593,35.2939,46.4559,35.7362	[[[459593,355787,87,-202,112,-190,39,-42,15,-42,-14,-41,-40,-40,-79,-50,-52,-65,-25,-81,4,-92,130,-289,640,-837,553,-404,239,-227,49,-200,11,-3,268,-32,270,-11,270,11,268,32,263,54,255,75,245,95,232,114,217,132,201,149,182,165,161,178,139,190,116,201,91,209,66,215,40,219,13,222,-13,222,-40,219,-66,215,-91,209,-116,201,-139,190,-161,178,-182,165,-201,149,-217,132,-232,114,-245,95,-250,73,-71,-85,-156,-122,-209,-19,-393,18,-501,-217,-206,-39,-699,18,-206,-59,-127,-114,-79,-159,-35,-175,-1,-165,97,-385,-28,-138,-305,76,-48,0,-46,-10]]]
143420	n	48.0837,32.343,48.6012,32.6862	[[[480838,324600,13,-222,39,-219,63,-215,65,-154,1287,-360,3707,1909,-53,126,-112,201,-134,190,-156,178,-175,165,-193,149,-210,132,-224,114,-236,95,-246,75,-254,54,-258,32,-261,11,-261,-11,-258,-32,-254,-54,-246,-75,-236,-95,-224,-114,-210,-132,-193,-149,-175,-165,-156,-178,-134,-190,-112,-201,-88,-209,-63,-215,-39,-219,-13,-222]]]
418533	n	51.5952,31.7839,52.1248,32.2361	[[[515952,320100,12,-222,38,-219,64,-215,87,-209,111,-201,134,-190,155,-178,174,-165,193,-149,209,-132,223,-114,234,-95,245,-75,252,-54,257,-32,260,-11,260,11,257,32,252,54,245,75,234,95,223,114,209,132,193,149,174,165,155,178,134,190,111,201,87,209,64,215,38,219,12,222,-12,222,-38,219,-64,215,-87,209,-111,201,-134,190,-155,178,-174,165,-193,149,-209,132,-223,114,-234,95,-245,75,-252,54,-257,32,-260,11,-260,-11,-257,-32,-252,-54,-245,-75,-234,-95,-223,-114,-209,-132,-193,-149,-174,-165,-155,-178,-134,-190,-111,-201,-87,-209,-64,-215,-38,-219,-12,-222]]]
124085	n	45.8292,36.7438,46.3911,37.1684	[[[458292,369744,1648,-2101,84,-32,260,-75,268,-54,272,-32,276,-11,276,11,272,32,268,54,260,75,249,95,237,114,221,132,205,149,185,165,164,178,142,190,118,201,93,209,67,215,40,219,14,222,-14,222,-40,219,-67,215,-93,209,-118,201,-142,190,-164,178,-185,165,-205,149,-221,132,-98,47,-268,57,-3042,-282,-142,-103,-185,-165,-164,-178,-142,-190,-118,-201,-93,-209,-67,-215,-40,-219,-11,-178]]]
128447	n	58.195,35.0139,58.745,35.4661	[[[581950,352400,14,-222,39,-219,66,-215,91,-209,115,-201,139,-190,160,-178,182,-165,200,-149,216,-132,232,-114,244,-95,254,-75,262,-54,266,-32,270,-11,270,11,266,32,262,54,254,75,244,95,232,114,216,132,200,149,182,165,160,178,139,190,115,201,91,209,66,215,39,219,14,222,-14,222,-39,219,-66,215,-91,209,-115,201,-139,190,-160,178,-182,165,-200,149,-216,132,-232,114,-244,95,-254,75,-262,54,-266,32,-270,11,-270,-11,-266,-32,-262,-54,-254,-75,-244,-95,-232,-114,-216,-132,-200,-149,-182,-165,-160,-178,-139,-190,-115,-201,-91,-209,-66,-215,-39,-219,-14,-222]]]
1160939	n	60.4375,26.9739,60.9425,27.4261	[[[604375,272000,12,-222,37,-219,60,-215,83,-209,106,-201,128,-190,147,-178,167,-165,183,-149,199,-132,213,-114,224,-95,233,-75,240,-54,246,-32,247,-11,247,11,246,32,240,54,233,75,224,95,213,114,199,132,183,149,167,165,147,178,128,190,106,201,83,209,60,215,37,219,12,222,-12,222,-37,219,-60,215,-83,209,-106,201,-128,190,-147,178,-167,165,-183,149,-199,132,-213,114,-224,95,-233,75,-240,54,-246,32,-247,11,-247,-11,-246,-32,-240,-54,-233,-75,-224,-95,-213,-114,-199,-132,-183,-149,-167,-165,-147,-178,-128,-190,-106,-201,-83,-209,-60,-215,-37,-219,-12,-222]]]
6925362	n	57.484,28.4539,57.996,28.9061	[[[574840,286800,12,-222,37,-219,61,-215,85,-209,107,-201,130,-190,149,-178,169,-165,186,-149,202,-132,215,-114,227,-95,237,-75,244,-54,248,-32,251,-11,251,11,248,32,244,54,237,75,227,95,215,114,202,132,186,149,169,165,149,178,130,190,107,201,85,209,61,215,37,219,12,222,-12,222,-37,219,-61,215,-85,209,-107,201,-130,190,-149,178,-169,165,-186,149,-202,132,-215,114,-227,95,-237,75,-244,54,-248,32,-251,11,-251,-11,-248,-32,-244,-54,-237,-75,-227,-95,-215,-114,-202,-132,-186,-149,-169,-165,-149,-178,-130,-190,-107,-201,-85,-209,-61,-215,-37,-219,-12,-222]]]
115770	n	50.5942,32.1039,51.1255,32.5561	[[[505942,323300,13,-222,38,-219,64,-215,88,-209,111,-201,134,-190,156,-178,175,-165,193,-149,209,-132,224,-114,236,-95,245,-75,253,-54,258,-32,261,-11,261,11,258,32,253,54,245,75,236,95,224,114,209,132,193,149,175,165,156,178,134,190,111,201,88,209,64,215,38,219,10,188,-70,420,-47,283,-83,196,-111,201,-134,190,-156,178,-175,165,-193,149,-209,132,-224,114,-236,95,-245,75,-253,54,-258,32,-261,11,-261,-11,-258,-32,-253,-54,-245,-75,-236,-95,-224,-114,-209,-132,-193,-149,-175,-165,-156,-178,-134,-190,-111,-201,-88,-209,-64,-215,-38,-219,-13,-222]]]
116402	n	53.1139,35.3539,53.6661,35.8061	[[[531139,355800,13,-222,40,-219,66,-215,91,-209,116,-201,139,-190,161,-178,182,-165,201,-149,218,-132,232,-114,245,-95,255,-75,263,-54,268,-32,271,-11,271,11,268,32,263,54,255,75,245,95,232,114,218,132,201,149,182,165,161,178,139,190,116,201,91,209,66,215,40,219,13,222,-13,222,-40,219,-66,215,-91,209,-116,201,-139,190,-161,178,-182,165,-201,149,-218,132,-232,114,-245,95,-255,75,-263,54,-268,32,-271,11,-271,-11,-268,-32,-263,-54,-255,-75,-245,-95,-232,-114,-218,-132,-201,-149,-182,-165,-161,-178,-139,-190,-116,-201,-91,-209,-66,-215,-40,-219,-13,-222]]]
124862	n	45.4833,38.2039,46.0567,38.6561	[[[454833,384300,14,-222,41,-219,69,-215,94,-209,121,-201,144,-190,168,-178,189,-165,208,-149,226,-132,242,-114,254,-95,265,-75,273,-54,278,-32,281,-11,281,11,278,32,273,54,265,75,254,95,242,114,226,132,208,149,189,165,168,178,144,190,121,201,94,209,69,215,41,219,14,222,-14,222,-41,219,-69,215,-94,209,-121,201,-144,190,-168,178,-189,165,-208,149,-226,132,-242,114,-254,95,-265,75,-273,54,-278,32,-281,11,-281,-11,-278,-32,-273,-54,-265,-75,-254,-95,-242,-114,-226,-132,-208,-149,-189,-165,-168,-178,-144,-190,-121,-201,-94,-209,-69,-215,-41,-219,-14,-222]]]
140951	n	49.9791,30.3739,50.4998,30.8261	[[[499791,306000,12,-222,38,-219,62,-215,86,-209,110,-201,132,-190,152,-178,172,-165,190,-149,205,-132,220,-114,232,-95,241,-75,248,-54,253,-32,256,-11,256,11,253,32,248,54,241,75,232,95,220,114,205,132,190,149,172,165,152,178,132,190,110,201,86,209,62,215,38,219,1,17,-1309,1514,-786,909,-247,32,-256,11,-256,-11,-253,-32,-248,-54,-241,-75,-232,-95,-220,-114,-205,-132,-190,-149,-172,-165,-152,-178,-132,-190,-110,-201,-86,-209,-62,-215,-38,-219,-12,-222]]]
6653052	n	52.2412,29.6797,52.6878,30.0261	[[[522412,298000,12,-222,38,-219,61,-215,86,-209,109,-201,94,-137,4066,440,-979,2880,-148,47,-246,54,-251,32,-254,11,-254,-11,-251,-32,-246,-54,-239,-75,-230,-95,-218,-114,-204,-132,-188,-149,-171,-165,-151,-178,-130,-190,-109,-201,-86,-209,-61,-215,-38,-219,-12,-222]]]
1113217	n	61.2279,30.8039,61.7521,31.2561	[[[612279,310300,13,-222,38,-219,62,-215,87,-209,110,-201,132,-190,153,-178,173,-165,190,-149,207,-132,221,-114,232,-95,242,-75,250,-54,254,-32,257,-11,257,11,254,32,250,54,242,75,232,95,221,114,207,132,190,149,173,165,153,178,132,190,110,201,87,209,62,215,38,219,13,222,-13,222,-38,219,-62,215,-87,209,-110,201,-132,190,-153,178,-173,165,-190,149,-207,132,-221,114,-232,95,-242,75,-250,54,-254,32,-257,11,-257,-11,-254,-32,-250,-54,-242,-75,-232,-95,-221,-114,-207,-132,-190,-149,-173,-165,-153,-178,-132,-190,-110,-201,-87,-209,-62,-215,-38,-219,-13,-222]]]
135878	n	48.7907,33.2639,49.3294,33.7161	[[[487907,334900,13,-222,39,-219,64,-215,89,-209,113,-201,136,-190,157,-178,178,-165,196,-149,212,-132,227,-114,238,-95,249,-75,257,-54,261,-32,264,-11,264,11,261,32,257,54,249,75,238,95,227,114,212,132,196,149,178,165,157,178,136,190,113,201,89,209,64,215,39,219,13,222,-13,222,-39,219,-64,215,-89,209,-113,201,-136,190,-157,178,-178,165,-196,149,-212,132,-227,114,-238,95,-249,75,-257,54,-261,32,-264,11,-264,-11,-261,-32,-257,-54,-249,-75,-238,-95,-227,-114,-212,-132,-196,-149,-178,-165,-157,-178,-136,-190,-113,-201,-89,-209,-64,-215,-39,-219,-13,-222]]]
400771	p	128747
130697	n	49.6057,31.6039,50.1344,32.0561	[[[496057,318300,12,-222,39,-219,63,-215,87,-209,111,-201,133,-190,155,-178,174,-165,192,-149,208,-132,223,-114,234,-95,245,-75,251,-54,257,-32,259,-11,259,11,257,32,251,54,245,75,234,95,223,114,208,132,192,149,174,165,155,178,133,190,111,201,87,209,63,215,39,219,12,222,-12,222,-39,219,-63,215,-87,209,-111,201,-133,190,-155,178,-174,165,-192,149,-208,132,-223,114,-234,95,-245,75,-251,54,-257,32,-259,11,-259,-11,-257,-32,-251,-54,-245,-75,-234,-95,-223,-114,-208,-132,-192,-149,-174,-165,-155,-178,-133,-190,-111,-201,-87,-209,-63,-215,-39,-219,-12,-222]]]
141679	n	49.177,37.2763,49.7172,37.5789	[[[491770,374700,14,-222,41,-219,67,-215,94,-209,119,-201,142,-190,166,-178,186,-165,206,-149,223,-132,120,-57,4024,1890,-2755,296,-748,201,-1547,639,-17,-23,-119,-201,-94,-209,-67,-215,-41,-219,-14,-222]]]
32909	n	50.9852,35.6351,51.0635,35.7265	[[[509852,357157,293,-806,490,672,-157,242,-626,-108]]]
10865375	p	112931
6681051	n	51.612,35.6052,51.9415,35.9761	[[[516120,357333,180,-803,1445,-478,1670,3437,-11,5,-245,95,-256,75,-263,54,-269,32,-271,11,-271,-11,-269,-32,-263,-54,-256,-75,-245,-95,-233,-114,-57,-34,-386,-2013]]]
128321	n	51.3917,29.3939,51.9083,29.8461	[[[513917,296200,12,-222,37,-219,62,-215,85,-209,109,-201,130,-190,151,-178,170,-165,188,-149,204,-132,217,-114,229,-95,239,-75,246,-54,251,-32,253,-11,253,11,251,32,246,54,239,75,229,95,217,114,204,132,188,149,170,165,151,178,130,190,109,201,85,209,62,215,37,219,12,222,-12,222,-37,219,-62,215,-85,209,-109,201,-130,190,-151,178,-170,165,-188,149,-204,132,-217,114,-229,95,-239,75,-246,54,-251,32,-253,11,-253,-11,-251,-32,-246,-54,-239,-75,-229,-95,-217,-114,-204,-132,-188,-149,-170,-165,-151,-178,-130,-190,-109,-201,-85,-209,-62,-215,-37,-219,-12,-222]]]
119115	n	58.2284,36.8838,58.7916,37.3361	[[[582284,371100,13,-222,41,-219,67,-215,93,-209,118,-201,143,-190,164,-178,186,-165,204,-149,222,-132,238,-114,249,-95,261,-75,268,-54,273,-32,276,-11,276,11,273,32,268,54,261,75,249,95,238,114,222,132,204,149,186,165,164,178,143,190,118,201,93,209,67,215,41,219,13,222,-13,222,-41,219,-67,215,-93,209,-118,201,-143,190,-164,178,-186,165,-204,149,-222,132,-238,114,-249,95,-261,75,-268,54,-273,32,-276,11,-276,-11,-273,-32,-268,-54,-261,-75,-249,-95,-238,-114,-222,-132,-204,-149,-186,-165,-164,-178,-143,-190,-118,-201,-93,-209,-67,-215,-41,-219,-13,-222]]]
140097	n	50.9626,29.0439,51.4775,29.4961	[[[509626,292700,12,-222,37,-219,61,-215,85,-209,109,-201,129,-190,111,-131,470,-408,130,-85,216,-114,229,-95,238,-75,245,-54,250,-32,252,-11,252,11,250,32,245,54,238,75,229,95,216,114,203,132,187,149,170,165,151,178,129,190,109,201,85,209,61,215,37,219,12,222,-12,222,-37,219,-61,215,-85,209,-109,201,-129,190,-151,178,-170,165,-187,149,-203,132,-216,114,-229,95,-238,75,-245,54,-250,32,-252,11,-252,-11,-250,-32,-245,-54,-238,-75,-229,-95,-216,-114,-203,-132,-187,-149,-170,-165,-151,-178,-129,-190,-109,-201,-85,-209,-61,-215,-37,-219,-12,-222]]]
141584	n	45.6024,35.8093,46.1576,36.2261	[[[456024,360000,13,-222,39,-209,94,-15,299,-222,463,-533,255,-516,123,-132,180,-41,377,92,112,-18,163,-91,206,12,193,78,242,169,102,-3,103,-27,103,-9,322,90,636,-23,201,53,193,90,161,49,166,-2,134,-42,42,38,162,178,140,190,117,201,91,209,67,215,40,219,13,222,-13,222,-36,196,-49,52,-1,1,-1453,1555,-162,63,-256,75,-264,54,-270,32,-272,11,-272,-11,-270,-32,-264,-54,-256,-75,-247,-95,-233,-114,-219,-132,-202,-149,-183,-165,-162,-178,-140,-190,-117,-201,-91,-209,-67,-215,-40,-219,-13,-222]]]
139223	n	51.14,36.4339,51.697,36.7268	[[[511400,366600,14,-222,40,-219,67,-215,93,-209,117,-201,141,-190,164,-178,184,-165,204,-149,221,-132,235,-114,249,-95,258,-75,267,-54,272,-32,274,-11,274,11,272,32,267,54,258,75,249,95,235,114,221,132,204,149,184,165,164,178,141,190,117,201,93,209,67,215,24,133,-1509,217,-1783,417,-2152,342,-5,-12,-67,-215,-40,-219,-14,-222]]]
418943	n	51.585,32.2639,52.0362,32.6642	[[[515850,324862,1674,-2216,176,-7,261,11,258,32,254,54,246,75,236,95,224,114,210,132,194,149,175,165,156,178,134,190,112,201,88,209,63,215,39,219,12,222,-12,222,-39,219,-63,215,-88,209,-112,201,-134,190,-156,178,-175,165,-187,143,-3546,-1521,0,-259]]]
124082	n	47.4372,37.1939,48.0028,37.6461	[[[474372,374200,14,-222,41,-219,67,-215,94,-209,118,-201,143,-190,165,-178,187,-165,205,-149,223,-132,238,-114,251,-95,261,-75,269,-54,275,-32,277,-11,277,11,275,32,269,54,261,75,251,95,238,114,223,132,205,149,187,165,165,178,143,190,118,201,94,209,67,215,41,219,14,222,-14,222,-41,219,-67,215,-94,209,-118,201,-143,190,-165,178,-187,165,-205,149,-223,132,-238,114,-251,95,-261,75,-269,54,-275,32,-277,11,-277,-11,-275,-32,-269,-54,-261,-75,-251,-95,-238,-114,-223,-132,-205,-149,-187,-165,-165,-178,-143,-190,-118,-201,-94,-209,-67,-215,-41,-219,-14,-222]]]
118367	n	51.0197,35.2539,51.2465,35.5455	[[[510197,355455,424,-2909,179,-7,270,11,268,32,263,54,254,75,245,95,232,114,133,81,-1293,2218,-73,50,-902,186]]]
121380	n	47.6432,39.4239,48.1729,39.7073	[[[476432,395793,73,-158,123,-201,147,-190,170,-178,193,-165,212,-149,230,-132,245,-114,259,-95,269,-75,278,-54,283,-32,286,-11,286,11,283,32,278,54,269,75,259,95,245,114,230,132,212,149,193,165,170,178,104,134,-1209,1123,-613,442,-193,103,-137,27,-4,0,-116,-133,-105,-75,-123,-24,-760,12,-238,-50,-193,-104,-156,-122,-429,-339,-1021,-445]]]
114584	n	48.585,31.8239,49.11,32.2761	[[[485850,320500,13,-222,38,-219,63,-215,88,-209,111,-201,134,-190,155,-178,174,-165,193,-149,209,-132,223,-114,235,-95,245,-75,252,-54,257,-32,260,-11,260,11,257,32,252,54,245,75,235,95,223,114,209,132,193,149,4,4,722,2028,-1,8,-63,215,-88,209,-111,201,-134,190,-155,178,-174,165,-193,149,-209,132,-223,114,-235,95,-245,75,-252,54,-257,32,-260,11,-260,-11,-257,-32,-252,-54,-245,-75,-235,-95,-223,-114,-209,-132,-193,-149,-174,-165,-155,-178,-134,-190,-111,-201,-88,-209,-63,-215,-38,-219,-13,-222]]]
126015	n	49.76,36.9739,50.08,37.4261	[[[497600,370958,13,-24,143,-190,165,-178,185,-165,205,-149,223,-132,237,-114,250,-95,261,-75,268,-54,274,-32,276,-11,276,11,274,32,150,31,0,4352,-476,87,-224,9,-276,-11,-274,-32,-268,-54,-261,-75,-250,-95,-237,-114,-148,-88,-786,-2834]]]
144616	n	46.7831,38.2539,47.357,38.7061	[[[467831,384800,14,-222,41,-219,69,-215,95,-209,120,-201,145,-190,167,-178,189,-165,209,-149,226,-132,242,-114,254,-95,265,-75,273,-54,279,-32,281,-11,281,11,279,32,273,54,265,75,254,95,242,114,226,132,209,149,189,165,167,178,145,190,120,201,95,209,69,215,41,219,14,222,-14,222,-41,219,-69,215,-95,209,-120,201,-145,190,-167,178,-189,165,-209,149,-226,132,-242,114,-254,95,-265,75,-273,54,-279,32,-281,11,-281,-11,-279,-32,-273,-54,-265,-75,-254,-95,-242,-114,-226,-132,-209,-149,-189,-165,-167,-178,-145,-190,-120,-201,-95,-209,-69,-215,-41,-219,-14,-222]]]
124620	n	49.0402,31.7139,49.5646,32.1661	[[[490402,318972,2,-13,64,-215,87,-209,111,-201,134,-190,154,-178,175,-165,192,-149,209,-132,222,-114,235,-95,245,-75,252,-54,257,-32,259,-11,259,11,257,32,252,54,245,75,235,95,222,114,209,132,192,149,175,165,154,178,134,190,111,201,87,209,64,215,38,219,12,222,-12,222,-38,219,-64,215,-87,209,-111,201,-134,190,-154,178,-175,165,-192,149,-209,132,-222,114,-235,95,-245,75,-252,54,-257,32,-259,11,-259,-11,-257,-32,-252,-54,-245,-75,-235,-95,-222,-114,-209,-132,-192,-149,-8,-8,-450,-1265,-269,-754]]]
6663569	p	119208
141736	n	58.103,28.8839,58.617,29.3361	[[[581030,291100,12,-222,37,-219,61,-215,85,-209,108,-201,130,-190,150,-178,169,-165,187,-149,203,-132,216,-114,228,-95,238,-75,245,-54,249,-32,252,-11,252,11,249,32,245,54,238,75,228,95,216,114,203,132,187,149,169,165,150,178,130,190,108,201,85,209,61,215,37,219,12,222,-12,222,-37,219,-61,215,-85,209,-108,201,-130,190,-150,178,-169,165,-187,149,-203,132,-216,114,-228,95,-238,75,-245,54,-249,32,-252,11,-252,-11,-249,-32,-245,-54,-238,-75,-228,-95,-216,-114,-203,-132,-187,-149,-169,-165,-150,-178,-130,-190,-108,-201,-85,-209,-61,-215,-37,-219,-12,-222]]]
134721	n	53.3934,28.7139,53.9066,29.1661	[[[533934,289400,3,-63,369,-1105,60,-88,150,-178,169,-165,187,-149,202,-132,216,-114,228,-95,208,-66,752,-105,22,-1,252,11,249,32,244,54,237,75,228,95,216,114,202,132,187,149,169,165,150,178,129,190,108,201,85,209,61,215,37,219,12,222,-12,222,-37,219,-61,215,-85,209,-108,201,-129,190,-150,178,-169,165,-187,149,-202,132,-216,114,-228,95,-237,75,-244,54,-249,32,-252,11,-252,-11,-249,-32,-244,-54,-237,-75,-228,-95,-216,-114,-202,-132,-187,-149,-169,-165,-150,-178,-129,-190,-108,-201,-85,-209,-61,-215,-37,-219,-12,-222]]]
123941	n	56.8377,26.9039,57.3423,27.3561	[[[568377,271300,12,-222,30,-180,134,-81,293,-36,0,-75,-86,-62,-176,-170,-24,-17,9,-22,106,-201,86,-129,148,65,69,-40,53,-66,51,-34,49,-22,41,-47,59,-47,93,-21,102,18,307,119,-62,-82,-35,-97,13,-94,84,-69,-122,-49,-101,-57,-109,-39,-96,6,193,-129,212,-114,224,-95,233,-75,241,-54,245,-32,247,-11,247,11,245,32,241,54,233,75,224,95,212,114,199,132,183,149,167,165,147,178,127,190,106,201,84,209,60,215,36,219,12,222,-12,222,-36,219,-60,215,-84,209,-106,201,-127,190,-147,178,-167,165,-183,149,-199,132,-212,114,-224,95,-233,75,-241,54,-245,32,-247,11,-247,-11,-245,-32,-241,-54,-233,-75,-224,-95,-212,-114,-199,-132,-183,-149,-167,-165,-147,-178,-127,-190,-106,-201,-84,-209,-60,-215,-36,-219,-12,-222]]]
6659672	n	50.7042,35.2438,51.0622,35.57	[[[507042,354700,14,-222,39,-219,66,-215,91,-209,116,-201,139,-190,161,-178,182,-165,201,-149,217,-132,232,-114,245,-95,255,-75,262,-54,268,-32,270,-11,270,11,268,32,262,54,22,7,-1,3,-424,2909,-302,245,-1614,0,-1148,-516,-1,0,-27,-12,-10,-31,-39,-219,-14,-222]]]
66093	n	51.3289,30.4439,51.8511,30.8961	[[[513289,306700,13,-222,37,-219,62,-215,87,-209,109,-201,132,-190,153,-178,172,-165,190,-149,205,-132,220,-114,232,-95,241,-75,249,-54,253,-32,256,-11,256,11,253,32,249,54,241,75,232,95,220,114,205,132,190,149,172,165,153,178,132,190,109,201,87,209,62,215,37,219,13,222,-13,222,-37,219,-62,215,-87,209,-109,201,-132,190,-153,178,-172,165,-190,149,-205,132,-220,114,-232,95,-241,75,-249,54,-253,32,-256,11,-256,-11,-253,-32,-249,-54,-241,-75,-232,-95,-220,-114,-205,-132,-190,-149,-172,-165,-153,-178,-132,-190,-109,-201,-87,-209,-62,-215,-37,-219,-13,-222]]]
136014	n	50.5397,30.1339,51.0603,30.5861	[[[505397,303600,13,-222,37,-219,62,-215,86,-209,110,-201,131,-190,152,-178,172,-165,189,-149,205,-132,219,-114,231,-95,240,-75,248,-54,253,-32,255,-11,255,11,253,32,248,54,240,75,231,95,219,114,205,132,189,149,172,165,152,178,131,190,110,201,86,209,62,215,37,219,13,222,-13,222,-37,219,-62,215,-86,209,-110,201,-131,190,-152,178,-172,165,-189,149,-205,132,-219,114,-231,95,-240,75,-248,54,-253,32,-255,11,-255,-11,-253,-32,-248,-54,-240,-75,-231,-95,-219,-114,-205,-132,-189,-149,-172,-165,-152,-178,-131,-190,-110,-201,-86,-209,-62,-215,-37,-219,-13,-222]]]
140918	n	53.3787,36.4639,53.8301,36.8958	[[[533787,368686,784,-3362,139,-592,244,-50,271,-32,275,-11,275,11,271,32,267,54,259,75,248,95,236,114,221,132,203,149,185,165,164,178,141,190,117,201,93,209,67,215,40,219,14,222,-14,222,-40,219,-67,215,-93,209,-117,201,-103,139,-857,61,-408,146,-242,258,79,8,199,54,-328,-12,-140,37,-79,112,513,0,572,-61,-120,72,-236,114,-167,64,-1729,-79,-448,-60,-667,-120,-22,-13]]]
135175	n	46.2588,33.8838,46.8012,34.3361	[[[462588,341100,13,-222,39,-219,64,-215,90,-209,114,-201,137,-190,158,-178,179,-165,197,-149,214,-132,228,-114,241,-95,251,-75,258,-54,263,-32,266,-11,266,11,263,32,258,54,251,75,241,95,228,114,214,132,197,149,179,165,158,178,137,190,114,201,90,209,64,215,39,219,13,222,-13,222,-39,219,-64,215,-90,209,-114,201,-137,190,-158,178,-179,165,-197,149,-214,132,-228,114,-241,95,-251,75,-258,54,-263,32,-266,11,-266,-11,-263,-32,-258,-54,-251,-75,-241,-95,-228,-114,-214,-132,-197,-149,-179,-165,-158,-178,-137,-190,-114,-201,-90,-209,-64,-215,-39,-219,-13,-222]]]
6659981	n	50.0981,35.9946,50.447,36.4461	[[[500981,362651,986,-2705,106,4,270,32,259,53,1002,1337,866,1466,-6,18,-92,209,-117,201,-140,190,-163,178,-184,165,-202,149,-219,132,-235,114,-247,95,-257,75,-265,54,-270,32,-273,11,-87,-3,-732,-1807]]]
10570	n	49.9213,35.9639,50.1971,36.2651	[[[499213,360450,307,-633,15,-6,257,-75,265,-54,270,-32,273,-11,273,11,270,32,265,54,257,75,247,95,59,29,-990,2716,-1084,-558,-684,-1643]]]
143921	n	49.421,33.1739,49.9591,33.6261	[[[494210,334000,13,-222,39,-219,64,-215,89,-209,113,-201,135,-190,158,-178,177,-165,195,-149,212,-132,227,-114,239,-95,248,-75,256,-54,261,-32,264,-11,264,11,261,32,256,54,248,75,239,95,227,114,212,132,195,149,177,165,158,178,135,190,113,201,89,209,64,215,39,219,13,222,-13,222,-37,208,-1419,1583,-192,76,-248,75,-256,54,-261,32,-264,11,-264,-11,-261,-32,-256,-54,-248,-75,-239,-95,-227,-114,-212,-132,-195,-149,-177,-165,-158,-178,-135,-190,-113,-201,-89,-209,-64,-215,-39,-219,-13,-222]]]
126409	n	47.3406,33.3039,47.8794,33.7562	[[[473406,335300,13,-222,39,-219,64,-215,89,-209,113,-201,136,-190,157,-178,178,-165,196,-149,212,-132,227,-114,239,-95,249,-75,256,-54,262,-32,264,-11,264,11,262,32,256,54,249,75,239,95,227,114,212,132,196,149,178,165,157,178,136,190,113,201,89,209,64,215,39,219,13,222,-13,222,-39,219,-64,215,-89,209,-113,201,-136,190,-157,178,-178,165,-196,149,-212,132,-227,114,-239,95,-249,75,-256,54,-262,32,-264,11,-264,-11,-262,-32,-256,-54,-249,-75,-239,-95,-227,-114,-212,-132,-196,-149,-178,-165,-157,-178,-136,-190,-113,-201,-89,-209,-64,-215,-39,-219,-13,-222]]]
418838	n	51.1338,32.4292,51.585,32.5766	[[[511338,324900,8,-149,3341,-459,1163,570,0,259,-334,387,-537,258,-3609,-531,-20,-113,-12,-222]]]
119161	n	47.5353,34.9439,48.0847,35.3961	[[[475353,351700,13,-222,39,-219,66,-215,91,-209,115,-201,139,-190,160,-178,181,-165,200,-149,217,-132,231,-114,244,-95,253,-75,262,-54,267,-32,269,-11,269,11,267,32,262,54,253,75,244,95,231,114,217,132,200,149,181,165,160,178,139,190,115,201,91,209,66,215,39,219,13,222,-13,222,-39,219,-66,215,-91,209,-115,201,-139,190,-160,178,-181,165,-200,149,-217,132,-231,114,-244,95,-253,75,-262,54,-267,32,-269,11,-269,-11,-267,-32,-262,-54,-253,-75,-244,-95,-231,-114,-217,-132,-200,-149,-181,-165,-160,-178,-139,-190,-115,-201,-91,-209,-66,-215,-39,-219,-13,-222]]]
113514	p	112931
8535197	n	50.6564,35.8982,51.0032,36.2154	[[[506564,360486,1096,-1504,2347,1611,25,17,-68,155,-116,201,-140,190,-162,178,-183,165,-202,149,-219,132,-234,114,-246,95,-256,75,-265,54,-269,32,-85,4,-1023,-1668]]]
13562246	p	112931
114930	n	57.6473,37.1739,58.2127,37.6261	[[[576473,374000,14,-222,40,-219,68,-215,93,-209,119,-201,142,-190,166,-178,186,-165,206,-149,222,-132,238,-114,251,-95,261,-75,269,-54,275,-32,277,-11,277,11,275,32,269,54,261,75,251,95,238,114,222,132,206,149,186,165,166,178,142,190,119,201,93,209,68,215,40,219,14,222,-14,222,-40,219,-68,215,-93,209,-119,201,-142,190,-166,178,-186,165,-206,149,-222,132,-238,114,-251,95,-261,75,-269,54,-275,32,-277,11,-277,-11,-275,-32,-269,-54,-261,-75,-251,-95,-238,-114,-222,-132,-206,-149,-186,-165,-166,-178,-142,-190,-119,-201,-93,-209,-68,-215,-40,-219,-14,-222]]]
13631338	n	45.8252,37.7239,46.3682,38.1686	[[[458252,379500,14,-222,41,-219,68,-215,94,-209,119,-201,144,-190,166,-178,188,-165,207,-149,225,-132,239,-114,253,-95,263,-75,271,-54,277,-32,279,-11,279,11,277,32,271,54,263,75,253,95,239,114,225,132,207,149,188,165,166,178,144,190,70,118,-3298,3134,-111,-22,-263,-75,-253,-95,-239,-114,-225,-132,-207,-149,-188,-165,-166,-178,-144,-190,-119,-201,-94,-209,-68,-215,-41,-219,-14,-222]]]
117656	n	44.4842,37.9739,45.0558,38.4229	[[[444842,382000,14,-222,41,-219,68,-215,95,-209,120,-201,144,-190,167,-178,188,-165,208,-149,225,-132,241,-114,253,-95,264,-75,272,-54,278,-32,280,-11,280,11,278,32,272,54,264,75,253,95,241,114,225,132,208,149,188,165,167,178,144,190,120,201,95,209,68,215,41,219,14,222,-14,222,-41,219,-68,215,-95,209,-120,201,-116,153,-2862,1010,-100,-11,-272,-54,-264,-75,-253,-95,-241,-114,-225,-132,-208,-149,-188,-165,-167,-178,-144,-190,-120,-201,-95,-209,-68,-215,-41,-219,-14,-222]]]
122698	n	45.1911,36.7247,45.6667,37.1761	[[[451911,368757,2200,-1510,64,3,273,32,46,10,2173,2590,-11,59,-67,215,-93,209,-118,201,-141,190,-165,178,-185,165,-204,149,-222,132,-236,114,-250,95,-259,75,-268,54,-273,32,-275,11,-275,-11,-273,-32,-113,-23,-1328,-2938]]]
140889	n	45.7775,37.1404,46.2296,37.5661	[[[457775,373400,14,-222,41,-219,67,-215,93,-209,119,-201,142,-190,165,-178,187,-165,205,-149,223,-132,237,-114,6,-2,3022,280,-1609,3974,-87,3,-277,-11,-274,-32,-269,-54,-261,-75,-251,-95,-237,-114,-223,-132,-205,-149,-187,-165,-165,-178,-142,-190,-119,-201,-93,-209,-67,-215,-41,-219,-14,-222]]]
139879	n	51.7745,35.5135,52.1466,35.9482	[[[517745,356052,1758,-916,256,75,245,95,233,114,218,132,201,149,183,165,161,178,140,190,116,201,91,209,66,215,40,219,13,222,-13,222,-40,219,-66,215,-91,209,-116,201,-140,190,-161,178,-183,165,-201,149,-218,132,-233,114,-245,95,-256,75,-91,18,-1667,-3430]]]
8521444	n	48.8395,30.2238,49.3544,30.6108	[[[488395,304400,13,-222,37,-219,62,-215,86,-209,36,-65,45,111,88,120,39,45,547,440,117,30,540,-64,168,-3,200,176,-78,178,-251,137,-317,55,-271,102,74,205,285,154,358,-45,171,82,169,-9,180,-46,201,-27,50,11,94,46,63,12,-1804,928,-139,-109,-172,-165,-152,-178,-131,-190,-110,-201,-86,-209,-62,-215,-37,-219,-13,-222]],[[488646,303438,57,-104,8,-12,26,45,-91,71]],[[489212,303808,321,-73,262,-117,176,-202,66,-322,136,-111,662,-335,232,-70,173,-14,108,-101,85,-128,181,-97,171,21,144,118,105,168,58,170,120,-69,5,-64,-42,-64,-15,-76,-2,-65,70,29,219,114,205,132,190,149,172,165,152,178,131,190,110,201,86,209,51,178,-912,469,-3,-65,-57,-107,-295,-327,-189,-291,-59,-135,-129,156,-136,105,-167,62,-222,19,-141,43,-410,187,-204,43,-183,-24,-329,-98,-214,-9,-408,61,-168,-39,-106,-164]],[[491176,305141,105,-130,59,-36,113,23,-277,143]],[[491682,304770,96,61,-84,43,-12,-104]],[[492259,304584,24,-40,149,-84,50,9,-223,115]]]
127403	n	49.8102,33.4198,50.3474,33.8662	[[[498102,336400,13,-222,36,-198,1430,-1595,187,-74,249,-75,182,-38,3275,2484,-28,159,-65,215,-89,209,-113,201,-136,190,-158,178,-178,165,-196,149,-212,132,-227,114,-240,95,-249,75,-257,54,-262,32,-264,11,-264,-11,-262,-32,-257,-54,-249,-75,-240,-95,-227,-114,-212,-132,-196,-149,-178,-165,-158,-178,-136,-190,-113,-201,-89,-209,-65,-215,-39,-219,-13,-222]]]
114593	n	47.9746,31.9639,48.5045,32.3803	[[[479746,321900,13,-222,38,-219,64,-215,87,-209,112,-201,134,-190,155,-178,175,-165,193,-149,209,-132,223,-114,235,-95,246,-75,252,-54,258,-32,260,-11,260,11,258,32,252,54,246,75,235,95,223,114,209,132,193,149,175,165,155,178,134,190,112,201,87,209,64,215,38,219,4,69,-2740,1683,-1334,373,-45,-23,-209,-132,-193,-149,-175,-165,-155,-178,-134,-190,-112,-201,-87,-209,-64,-215,-38,-219,-13,-222]]]
122915	n	48.1126,33.9639,48.6335,34.3911	[[[481126,342613,1152,-2636,142,-71,241,-95,251,-75,258,-54,264,-32,266,-11,266,11,264,32,258,54,251,75,241,95,34,17,1151,1035,43,77,90,209,37,124,-758,2128,-3113,415,-44,-17,-228,-114,-214,-132,-198,-149,-179,-165,-158,-178,-137,-190,-114,-201,-66,-152]]]
118826	n	49.3372,31.0539,49.8628,31.5061	[[[493372,312800,13,-222,38,-219,62,-215,87,-209,111,-201,132,-190,154,-178,173,-165,191,-149,207,-132,221,-114,233,-95,243,-75,250,-54,255,-32,258,-11,258,11,255,32,250,54,243,75,233,95,221,114,207,132,191,149,173,165,154,178,132,190,111,201,87,209,62,215,38,219,13,222,-13,222,-38,219,-62,215,-87,209,-111,201,-132,190,-154,178,-173,165,-191,149,-207,132,-221,114,-233,95,-243,75,-250,54,-255,32,-258,11,-258,-11,-255,-32,-250,-54,-243,-75,-233,-95,-221,-114,-207,-132,-191,-149,-173,-165,-154,-178,-132,-190,-111,-201,-87,-209,-62,-215,-38,-219,-13,-222]]]
124210	n	47.3934,38.1739,47.9666,38.6261	[[[473934,384000,14,-222,41,-219,69,-215,95,-209,120,-201,144,-190,168,-178,189,-165,208,-149,226,-132,241,-114,254,-95,265,-75,273,-54,278,-32,281,-11,281,11,278,32,273,54,265,75,254,95,241,114,226,132,208,149,189,165,168,178,144,190,120,201,95,209,69,215,41,219,14,222,-14,222,-41,219,-69,215,-95,209,-120,201,-144,190,-168,178,-189,165,-208,149,-226,132,-241,114,-254,95,-265,75,-273,54,-278,32,-281,11,-281,-11,-278,-32,-273,-54,-265,-75,-254,-95,-241,-114,-226,-132,-208,-149,-189,-165,-168,-178,-144,-190,-120,-201,-95,-209,-69,-215,-41,-219,-14,-222]]]
113491	n	49.4343,35.8439,49.9537,36.2933	[[[494343,360040,90,-205,117,-201,140,-190,162,-178,183,-165,202,-149,219,-132,234,-114,247,-95,256,-75,265,-54,270,-32,272,-11,272,11,270,32,265,54,256,75,247,95,234,114,219,132,202,149,183,165,162,178,140,190,87,149,-17,34,-307,633,-2632,2483,-123,-15,-265,-54,-256,-75,-247,-95,-234,-114,-219,-132,-202,-149,-183,-165,-1,-1,-508,-2093]]]
137956	n	54.2838,28.5239,54.7962,28.9761	[[[542838,287500,13,-222,37,-219,61,-215,84,-209,108,-201,129,-190,150,-178,169,-165,186,-149,202,-132,215,-114,228,-95,236,-75,244,-54,249,-32,251,-11,251,11,249,32,244,54,236,75,228,95,215,114,202,132,186,149,169,165,150,178,129,190,108,201,84,209,61,215,37,219,13,222,-13,222,-37,219,-61,215,-84,209,-108,201,-129,190,-150,178,-169,165,-186,149,-202,132,-215,114,-228,95,-236,75,-244,54,-249,32,-251,11,-251,-11,-249,-32,-244,-54,-236,-75,-228,-95,-215,-114,-202,-132,-186,-149,-169,-165,-150,-178,-129,-190,-108,-201,-84,-209,-61,-215,-37,-219,-13,-222]]]
145034	n	48.9448,35.9239,49.4858,36.2405	[[[489448,361193,24,-134,67,-215,91,-209,117,-201,140,-190,163,-178,183,-165,203,-149,219,-132,234,-114,247,-95,257,-75,264,-54,270,-32,273,-11,273,11,270,32,264,54,257,75,247,95,234,114,219,132,203,149,181,163,510,2100,-88,201,-24,40,-5298,-1212]]]
1160571	n	60.9651,27.9939,61.4749,28.4461	[[[609651,282200,13,-222,36,-219,61,-215,84,-209,107,-201,129,-190,149,-178,168,-165,185,-149,201,-132,215,-114,226,-95,235,-75,243,-54,247,-32,250,-11,250,11,247,32,243,54,235,75,226,95,215,114,201,132,185,149,168,165,149,178,129,190,107,201,84,209,61,215,36,219,13,222,-13,222,-36,219,-61,215,-84,209,-107,201,-129,190,-149,178,-168,165,-185,149,-201,132,-215,114,-226,95,-235,75,-243,54,-247,32,-250,11,-250,-11,-247,-32,-243,-54,-235,-75,-226,-95,-215,-114,-201,-132,-185,-149,-168,-165,-149,-178,-129,-190,-107,-201,-84,-209,-61,-215,-36,-219,-13,-222]]]
418625	n	51.3446,32.1239,51.7483,32.4862	[[[513446,321736,1319,-487,235,-10,261,11,258,32,253,54,245,75,236,95,224,114,209,132,194,149,175,165,155,178,134,190,112,201,27,65,-1633,2162,-1163,-570,-1241,-2556]]]
125897	n	50.08,36.9739,50.4022,37.4165	[[[500800,369813,150,-31,274,-32,276,-11,276,11,274,32,268,54,261,75,250,95,237,114,223,132,205,149,185,165,165,178,143,190,35,60,-450,271,-349,268,-301,395,-235,541,-145,179,-91,145,-130,361,-88,139,40,361,-317,240,-468,145,-688,126,0,-4352]]]
138025	n	54.0618,35.9439,54.6182,36.3961	[[[540618,361700,13,-222,41,-219,66,-215,92,-209,117,-201,140,-190,163,-178,183,-165,202,-149,219,-132,235,-114,246,-95,257,-75,265,-54,270,-32,273,-11,273,11,270,32,265,54,257,75,246,95,235,114,219,132,202,149,183,165,163,178,140,190,117,201,92,209,66,215,41,219,13,222,-13,222,-41,219,-66,215,-92,209,-117,201,-140,190,-163,178,-183,165,-202,149,-219,132,-235,114,-246,95,-257,75,-265,54,-270,32,-273,11,-273,-11,-270,-32,-265,-54,-257,-75,-246,-95,-235,-114,-219,-132,-202,-149,-183,-165,-163,-178,-140,-190,-117,-201,-92,-209,-66,-215,-41,-219,-13,-222]]]
121861	n	49.4387,30.5339,49.9613,30.9861	[[[494387,307600,12,-222,38,-219,62,-215,86,-209,110,-201,132,-190,153,-178,172,-165,190,-149,206,-132,220,-114,232,-95,241,-75,249,-54,254,-32,256,-11,256,11,254,32,249,54,241,75,232,95,220,114,206,132,190,149,172,165,153,178,132,190,110,201,86,209,62,215,38,219,12,222,-12,222,-38,219,-62,215,-86,209,-110,201,-132,190,-153,178,-172,165,-190,149,-206,132,-220,114,-232,95,-241,75,-249,54,-254,32,-256,11,-256,-11,-254,-32,-249,-54,-241,-75,-232,-95,-220,-114,-206,-132,-190,-149,-172,-165,-153,-178,-132,-190,-110,-201,-86,-209,-62,-215,-38,-219,-12,-222]]]
24851	n	47.6992,33.8439,48.2273,34.285	[[[476992,340646,10,-168,39,-219,65,-215,89,-209,114,-201,137,-190,158,-178,179,-165,197,-149,214,-132,228,-114,240,-95,251,-75,258,-54,263,-32,266,-11,266,11,263,32,258,54,251,75,240,95,228,114,214,132,197,149,179,165,158,178,137,190,114,201,67,155,-736,1683,-414,949,-144,72,-240,95,-205,61,-1666,0,-205,-61,-39,-16,-1631,-2127]]]
134518	n	52.3136,28.6139,52.8264,29.0661	[[[523136,288400,13,-222,37,-219,61,-215,84,-209,108,-201,129,-190,150,-178,169,-165,187,-149,202,-132,215,-114,228,-95,237,-75,244,-54,249,-32,251,-11,251,11,249,32,244,54,237,75,228,95,215,114,202,132,187,149,169,165,150,178,129,190,108,201,84,209,61,215,37,219,13,222,-13,222,-37,219,-61,215,-84,209,-108,201,-129,190,-150,178,-169,165,-187,149,-202,132,-215,114,-228,95,-237,75,-244,54,-249,32,-251,11,-251,-11,-249,-32,-244,-54,-237,-75,-228,-95,-215,-114,-202,-132,-187,-149,-169,-165,-150,-178,-129,-190,-108,-201,-84,-209,-61,-215,-37,-219,-13,-222]]]
143122	n	51.2256,33.9225,51.7511,34.2861	[[[512256,341373,3590,-1643,1097,-502,6,-3,105,119,137,190,113,201,90,209,65,215,39,219,13,222,-13,222,-39,219,-65,215,-90,209,-113,201,-137,190,-159,178,-178,165,-197,149,-214,132,-228,114,-241,95,-250,75,-258,54,-263,32,-266,11,-266,-11,-263,-32,-258,-54,-250,-75,-241,-95,-228,-114,-214,-132,-197,-149,-178,-165,-159,-178,-137,-190,-113,-201,-40,-92]]]
400809	n	51.3013,35.3097,51.5715,35.6136	[[[513013,354248,67,-1047,219,-65,191,-39,2091,2440,134,496,-2396,103,-306,-1888]]]
124838	n	50.5334,35.5184,50.8874,35.8341	[[[505334,357298,13,-220,40,-219,66,-215,91,-209,116,-201,140,-190,161,-178,183,-165,201,-149,218,-132,233,-114,245,-95,92,-27,1148,516,592,1151,-19,86,-395,994,-1292,409,-430,-167,-1403,-875]]]
125877	n	54.0864,27.4539,54.5936,27.9061	[[[540864,276800,12,-222,37,-219,60,-215,84,-209,106,-201,128,-190,149,-178,167,-165,184,-149,200,-132,214,-114,225,-95,234,-75,241,-54,246,-32,249,-11,249,11,246,32,241,54,234,75,225,95,214,114,200,132,184,149,167,165,149,178,128,190,106,201,84,209,60,215,37,219,12,222,-12,222,-37,219,-60,215,-84,209,-106,201,-128,190,-149,178,-167,165,-184,149,-200,132,-214,114,-225,95,-234,75,-241,54,-246,32,-249,11,-249,-11,-246,-32,-241,-54,-234,-75,-225,-95,-214,-114,-200,-132,-184,-149,-167,-165,-149,-178,-128,-190,-106,-201,-84,-209,-60,-215,-37,-219,-12,-222]]]
123205	n	50.8853,35.6851,50.9793,35.7931	[[[508854,356937,19,-86,920,315,-182,751,-33,14,-724,-994]]]
122397	n	53.0795,36.4239,53.4713,36.8683	[[[530795,367889,1990,-3641,215,-9,274,11,272,32,267,54,258,75,249,95,235,114,158,95,-922,3953,-73,15,-2518,-453,-179,-131,-185,-165,-41,-45]]]
128847	n	51.8066,27.6804,52.314,28.0561	[[[518066,278400,173,36,357,23,188,-105,159,-45,694,75,475,-57,414,-153,366,-220,1180,-972,377,-168,51,-10,63,62,149,178,128,190,106,201,84,209,61,215,36,219,13,222,-13,222,-36,219,-61,215,-84,209,-106,201,-128,190,-149,178,-167,165,-185,149,-200,132,-214,114,-225,95,-235,75,-242,54,-246,32,-249,11,-249,-11,-246,-32,-242,-54,-235,-75,-225,-95,-214,-114,-200,-132,-185,-149,-167,-165,-149,-178,-128,-190,-106,-201,-84,-209,-61,-215,-36,-219,-7,-122]]]
144795	n	50.257,35.8641,50.6133,36.1372	[[[502570,359992,6,-33,66,-215,92,-209,117,-201,140,-190,162,-178,183,-165,202,-149,17,-10,2578,1572,-2529,1158,-1034,-1380]]]
1159713	n	62.0771,27.1439,62.5829,27.5961	[[[620771,273700,12,-222,37,-219,60,-215,84,-209,106,-201,127,-190,148,-178,167,-165,184,-149,199,-132,213,-114,224,-95,234,-75,241,-54,245,-32,248,-11,248,11,245,32,241,54,234,75,224,95,213,114,199,132,184,149,167,165,148,178,127,190,106,201,84,209,60,215,37,219,12,222,-12,222,-37,219,-60,215,-84,209,-106,201,-127,190,-148,178,-167,165,-184,149,-199,132,-213,114,-224,95,-234,75,-241,54,-245,32,-248,11,-248,-11,-245,-32,-241,-54,-234,-75,-224,-95,-213,-114,-199,-132,-184,-149,-167,-165,-148,-178,-127,-190,-106,-201,-84,-209,-60,-215,-37,-219,-12,-222]]]
135298	n	57.2285,36.8539,57.7915,37.3061	[[[572285,370800,14,-222,40,-219,67,-215,93,-209,118,-201,142,-190,165,-178,186,-165,204,-149,222,-132,237,-114,250,-95,260,-75,268,-54,273,-32,276,-11,276,11,273,32,268,54,260,75,250,95,237,114,222,132,204,149,186,165,165,178,142,190,118,201,93,209,67,215,40,219,14,222,-14,222,-40,219,-67,215,-93,209,-118,201,-142,190,-165,178,-186,165,-204,149,-222,132,-237,114,-250,95,-260,75,-268,54,-273,32,-276,11,-62,-2,-1675,-518,-3,-1,-97,-29,-153,-112,-186,-165,-165,-178,-142,-190,-118,-201,-93,-209,-67,-215,-40,-219,-14,-222]]]
48918	n	52.9136,28.6039,53.4264,29.0561	[[[529136,288300,13,-222,37,-219,61,-215,85,-209,107,-201,130,-190,149,-178,169,-165,187,-149,202,-132,216,-114,227,-95,237,-75,244,-54,249,-32,251,-11,251,11,249,32,244,54,237,75,227,95,216,114,202,132,187,149,169,165,149,178,130,190,107,201,85,209,61,215,37,219,13,222,-5,72,-138,413,-184,552,-1,1,-40,123,-65,95,-149,178,-169,165,-187,149,-202,132,-216,114,-227,95,-237,75,-244,54,-249,32,-251,11,-251,-11,-249,-32,-244,-54,-237,-75,-227,-95,-216,-114,-202,-132,-187,-149,-169,-165,-149,-178,-130,-190,-107,-201,-85,-209,-61,-215,-37,-219,-13,-222]]]
145449	n	52.3876,30.9339,52.9124,31.3861	[[[523876,311600,12,-222,38,-219,63,-215,86,-209,110,-201,133,-190,153,-178,173,-165,191,-149,207,-132,221,-114,233,-95,242,-75,250,-54,255,-32,257,-11,257,11,255,32,250,54,242,75,233,95,221,114,207,132,191,149,173,165,153,178,133,190,110,201,86,209,63,215,38,219,12,222,-12,222,-38,219,-63,215,-86,209,-110,201,-133,190,-153,178,-173,165,-191,149,-207,132,-221,114,-233,95,-242,75,-250,54,-255,32,-257,11,-257,-11,-255,-32,-250,-54,-242,-75,-233,-95,-221,-114,-207,-132,-191,-149,-173,-165,-153,-178,-133,-190,-110,-201,-86,-209,-63,-215,-38,-219,-12,-222]]]
111421	n	56.2985,30.5839,56.8215,31.0361	[[[562985,308100,13,-222,37,-219,63,-215,86,-209,110,-201,132,-190,153,-178,172,-165,190,-149,206,-132,220,-114,232,-95,242,-75,249,-54,254,-32,256,-11,256,11,254,32,249,54,242,75,232,95,220,114,206,132,190,149,172,165,153,178,132,190,110,201,86,209,63,215,37,219,13,222,-13,222,-37,219,-63,215,-86,209,-110,201,-132,190,-153,178,-172,165,-190,149,-206,132,-220,114,-232,95,-242,75,-249,54,-254,32,-256,11,-256,-11,-254,-32,-249,-54,-242,-75,-232,-95,-220,-114,-206,-132,-190,-149,-172,-165,-153,-178,-132,-190,-110,-201,-86,-209,-63,-215,-37,-219,-13,-222]]]
133037	n	50.0231,33.2239,50.5592,33.6702	[[[500231,334222,29,-163,64,-215,89,-209,113,-201,136,-190,157,-178,178,-165,195,-149,213,-132,226,-114,239,-95,249,-75,256,-54,261,-32,264,-11,264,11,261,32,256,54,249,75,239,95,226,114,213,132,195,149,178,165,157,178,136,190,113,201,89,209,64,215,39,219,13,222,-13,222,-39,219,-64,215,-89,209,-113,201,-136,190,-157,178,-178,165,-195,149,-213,132,-226,114,-239,95,-249,75,-181,38,-26,-20,-1634,-1240,-1609,-1220]]]
1159362	n	60.345,35.0139,60.895,35.4661	[[[603450,352400,14,-222,39,-219,66,-215,91,-209,115,-201,139,-190,160,-178,182,-165,200,-149,216,-132,232,-114,244,-95,254,-75,262,-54,266,-32,270,-11,270,11,266,32,262,54,254,75,244,95,232,114,216,132,200,149,182,165,160,178,139,190,115,201,91,209,66,215,39,219,14,222,-14,222,-39,219,-66,215,-91,209,-115,201,-139,190,-160,178,-182,165,-200,149,-216,132,-232,114,-244,95,-254,75,-262,54,-266,32,-270,11,-270,-11,-266,-32,-262,-54,-254,-75,-244,-95,-232,-114,-216,-132,-200,-149,-182,-165,-160,-178,-139,-190,-115,-201,-91,-209,-66,-215,-39,-219,-14,-222]]]
143073	n	53.7543,32.28,54.2857,32.5361	[[[537543,323100,13,-222,13,-78,5262,0,13,78,13,222,-13,222,-38,219,-63,215,-88,209,-112,201,-134,190,-155,178,-175,165,-193,149,-210,132,-223,114,-236,95,-246,75,-253,54,-258,32,-260,11,-260,-11,-258,-32,-253,-54,-246,-75,-236,-95,-223,-114,-210,-132,-193,-149,-175,-165,-155,-178,-134,-190,-112,-201,-88,-209,-63,-215,-38,-219,-13,-222]]]
32843	p	112931
131962	n	47.32,34.0439,47.8615,34.4961	[[[473201,342450,34,-191,64,-215,90,-209,114,-201,137,-190,159,-178,179,-165,198,-149,214,-132,229,-114,241,-95,251,-75,259,-54,264,-32,266,-11,266,11,264,32,259,54,251,75,36,14,16,21,1622,2116,-10,160,-3,20,-1612,1828,-49,19,-251,75,-259,54,-264,32,-266,11,-266,-11,-264,-32,-259,-54,-251,-75,-241,-95,-229,-114,-214,-132,-198,-149,-179,-165,-159,-178,-137,-190,-114,-201,-89,-206,-99,-909]]]
128905	n	46.7108,34.5739,47.2136,35.0261	[[[467108,346768,18,-24,160,-178,180,-165,199,-149,216,-132,230,-114,242,-95,253,-75,260,-54,266,-32,268,-11,268,11,266,32,260,54,253,75,242,95,230,114,216,132,199,149,180,165,160,178,138,190,115,201,90,209,65,215,40,219,13,222,-13,222,-40,219,-65,215,-90,209,-115,201,-138,190,-160,178,-180,165,-199,149,-216,132,-230,114,-242,95,-253,75,-260,54,-266,32,-268,11,-268,-11,-266,-32,-260,-54,-253,-75,-242,-95,-230,-114,-216,-132,-199,-149,-180,-165,-94,-104,-83,-2559,0,-1,-1,-2]]]
140046	n	51.0253,31.7339,51.5547,32.1851	[[[510253,319600,13,-222,38,-219,63,-215,87,-209,112,-201,133,-190,155,-178,174,-165,193,-149,208,-132,223,-114,235,-95,245,-75,252,-54,257,-32,259,-11,259,11,257,32,252,54,245,75,235,95,223,114,208,132,193,149,174,165,155,178,133,190,112,201,87,209,63,215,38,219,13,222,-13,222,-38,219,-63,215,-87,209,-112,201,-133,190,-155,178,-174,165,-118,90,-1208,447,-743,107,-1,0,-52,8,-9,-1,-257,-32,-252,-54,-245,-75,-235,-95,-223,-114,-208,-132,-193,-149,-174,-165,-155,-178,-133,-190,-112,-201,-87,-209,-63,-215,-38,-219,-13,-222]]]
121925	n	51.2603,29.8839,51.7796,30.3361	[[[512604,301100,12,-222,38,-219,62,-215,86,-209,108,-201,131,-190,152,-178,171,-165,189,-149,205,-132,218,-114,231,-95,239,-75,248,-54,252,-32,254,-11,254,11,252,32,248,54,239,75,231,95,218,114,205,132,189,149,171,165,152,178,131,190,108,201,86,209,62,215,38,219,12,222,-12,222,-38,219,-62,215,-86,209,-108,201,-131,190,-152,178,-171,165,-189,149,-205,132,-218,114,-231,95,-239,75,-248,54,-252,32,-254,11,-254,-11,-252,-32,-248,-54,-239,-75,-231,-95,-218,-114,-205,-132,-189,-149,-171,-165,-152,-178,-131,-190,-108,-201,-86,-209,-62,-215,-38,-219,-12,-222]]]
136987	n	50.2998,30.5639,50.8214,31.0161	[[[502998,308109,2099,-2428,247,-31,256,-11,256,11,254,32,249,54,241,75,232,95,220,114,206,132,191,149,172,165,153,178,132,190,109,201,87,209,62,215,38,219,12,222,-12,222,-38,219,-62,215,-87,209,-109,201,-132,190,-153,178,-172,165,-191,149,-206,132,-220,114,-232,95,-241,75,-249,54,-254,32,-256,11,-256,-11,-254,-32,-249,-54,-241,-75,-232,-95,-220,-114,-206,-132,-191,-149,-172,-165,-153,-178,-132,-190,-109,-201,-87,-209,-62,-215,-38,-219,0,-13]]]
125188	n	50.8281,35.57,51.0145,35.7166	[[[508281,355700,1614,0,161,159,89,492,-293,806,-59,9,-920,-315,-592,-1151]]]
126082	n	48.3973,31.0139,48.9225,31.3236	[[[483973,312400,13,-222,38,-219,62,-215,87,-209,111,-201,132,-190,154,-178,173,-165,191,-149,207,-132,221,-114,233,-95,243,-75,250,-54,255,-32,257,-11,257,11,255,32,250,54,243,75,233,95,221,114,207,132,191,149,173,165,154,178,132,190,111,201,87,209,62,215,38,219,11,188,-4095,703,-969,167,-75,-180,-62,-215,-38,-219,-13,-222]]]
418418	n	51.1143,32.1736,51.4687,32.4752	[[[511143,323940,120,-716,80,-189,111,-201,135,-190,155,-178,175,-165,194,-149,209,-132,224,-114,157,-63,743,-107,1241,2556,-3350,460,-82,-196,-63,-215,-39,-219,-10,-182]]]
142872	n	47.8466,34.5846,48.3259,35.0062	[[[478466,347800,13,-222,39,-219,65,-215,30,-69,3345,-1229,1301,1242,-171,2345,-153,115,-216,132,-230,114,-243,95,-252,75,-261,54,-265,32,-268,11,-268,-11,-265,-32,-261,-54,-252,-75,-243,-95,-230,-114,-216,-132,-198,-149,-181,-165,-159,-178,-138,-190,-115,-201,-91,-209,-65,-215,-39,-219,-13,-222]]]
131691	n	50.63,35.8173,50.766,36.0486	[[[506300,360272,437,-2099,430,167,493,642,-1096,1504,-264,-214]]]
144794	n	50.3604,36.0214,50.7601,36.2961	[[[503604,361372,2529,-1158,167,58,264,214,1023,1668,14,22,-136,123,-202,149,-219,132,-234,114,-247,95,-256,75,-265,54,-270,32,-272,11,-272,-11,-270,-32,-265,-54,-251,-74,-838,-1418]]]
114106	n	49.6542,36.045,49.9897,36.441	[[[496542,362970,2671,-2520,684,1643,-1689,2317,-73,-21,-247,-95,-235,-114,-219,-132,-203,-149,-183,-165,-163,-178,-140,-190,-117,-201,-86,-195]]]
25883	n	46.2165,34.5839,46.7192,35.0361	[[[462165,348100,13,-222,39,-219,66,-215,90,-209,115,-201,138,-190,160,-178,180,-165,199,-149,215,-132,231,-114,242,-95,253,-75,260,-54,266,-32,268,-11,268,11,266,32,260,54,253,75,242,95,231,114,215,132,199,149,180,165,95,105,83,2561,-18,24,-160,178,-180,165,-199,149,-215,132,-231,114,-242,95,-253,75,-260,54,-266,32,-268,11,-268,-11,-266,-32,-260,-54,-253,-75,-242,-95,-231,-114,-215,-132,-199,-149,-180,-165,-160,-178,-138,-190,-115,-201,-90,-209,-66,-215,-39,-219,-13,-222]]]
6672633	p	112931
141653	n	53.7892,36.6739,54.2942,37.1261	[[[537892,369000,12,-196,135,-34,143,-18,125,51,458,114,711,70,566,159,23,380,-487,-330,-719,-138,-966,-44,-1,-14]],[[538134,368086,89,-152,142,-190,164,-178,185,-165,204,-149,222,-132,236,-114,249,-95,260,-75,267,-54,273,-32,275,-11,275,11,273,32,267,54,260,75,249,95,142,69,776,3283,-71,76,-185,165,-204,149,-222,132,-236,114,-249,95,-260,75,-267,54,-273,32,-275,11,-275,-11,-273,-32,-267,-54,-131,-38,49,-185,160,-368,237,-296,-228,-340,-28,-145,190,-61,147,-69,54,-171,-4,-1033,-69,-167,-119,-80,-1251,-275,-171,48,-156,71,-431,31]]]
138742	n	58.8401,36.4239,59.3999,36.8761	[[[588401,366500,13,-222,41,-219,66,-215,93,-209,117,-201,142,-190,163,-178,185,-165,203,-149,221,-132,235,-114,249,-95,258,-75,267,-54,272,-32,274,-11,274,11,272,32,267,54,258,75,249,95,235,114,221,132,203,149,185,165,163,178,142,190,117,201,93,209,66,215,41,219,13,222,-13,222,-41,219,-66,215,-93,209,-117,201,-142,190,-163,178,-185,165,-203,149,-221,132,-235,114,-249,95,-258,75,-267,54,-272,32,-274,11,-274,-11,-272,-32,-267,-54,-258,-75,-249,-95,-235,-114,-221,-132,-203,-149,-185,-165,-163,-178,-142,-190,-117,-201,-93,-209,-66,-215,-41,-219,-13,-222]]]
120972	n	51.6497,35.0839,52.0052,35.4446	[[[516497,350938,4,-2,262,-54,267,-32,270,-11,270,11,267,32,262,54,254,75,244,95,232,114,217,132,200,149,181,165,161,178,139,190,116,201,91,209,65,215,40,219,13,222,-13,222,-40,219,-65,215,-91,209,-116,201,-139,190,-81,90,-2461,-497,-549,-3011]]]
144038	n	54.6217,36.6839,55.1509,37.1361	[[[546217,370155,511,-2153,147,-617,43,-33,222,-132,236,-114,249,-95,260,-75,267,-54,273,-32,275,-11,275,11,273,32,267,54,260,75,249,95,236,114,222,132,204,149,185,165,164,178,142,190,118,201,93,209,67,215,40,219,14,222,-14,222,-40,219,-67,215,-93,209,-118,201,-58,77,-1725,1045,-146,30,-273,32,-275,11,-275,-11,-273,-32,-267,-54,-260,-75,-249,-95,-236,-114,-222,-132,-204,-149,-185,-165,-164,-178,-142,-190,-6,-11]]]
134217	n	50.3346,29.3941,50.7782,29.8061	[[[503346,297372,54,-69,270,-262,146,-191,63,-199,91,-104,591,-206,327,-287,158,-193,68,-172,86,-129,528,-380,283,-373,58,-111,5,299,153,-64,194,-233,132,-207,78,-272,36,-278,171,111,188,149,170,165,151,178,130,190,109,201,85,209,62,215,37,219,12,222,-12,222,-37,219,-62,215,-85,209,-109,201,-130,190,-151,178,-170,165,-188,149,-203,132,-218,114,-229,95,-238,75,-246,54,-251,32,-253,11,-253,-11,-251,-32,-246,-54,-238,-75,-229,-95,-218,-114,-203,-132,-188,-149,-28,-27]]]
6961608	n	57.4458,27.7139,57.9542,28.1661	[[[574458,279400,12,-222,37,-219,60,-215,84,-209,107,-201,128,-190,149,-178,167,-165,185,-149,201,-132,214,-114,225,-95,235,-75,242,-54,247,-32,249,-11,249,11,247,32,242,54,235,75,225,95,214,114,201,132,185,149,167,165,149,178,128,190,107,201,84,209,60,215,37,219,12,222,-12,222,-37,219,-60,215,-84,209,-107,201,-128,190,-149,178,-167,165,-185,149,-201,132,-214,114,-225,95,-235,75,-242,54,-247,32,-249,11,-249,-11,-247,-32,-242,-54,-235,-75,-225,-95,-214,-114,-201,-132,-185,-149,-167,-165,-149,-178,-128,-190,-107,-201,-84,-209,-60,-215,-37,-219,-12,-222]]]
124193	n	53.7545,32.0239,54.2855,32.28	[[[537545,322500,12,-222,39,-219,63,-215,88,-209,111,-201,134,-190,155,-178,175,-165,193,-149,210,-132,223,-114,236,-95,245,-75,253,-54,258,-32,260,-11,260,11,258,32,253,54,245,75,236,95,223,114,210,132,193,149,175,165,155,178,134,190,111,201,88,209,63,215,39,219,12,222,-12,222,-14,78,-5258,0,-14,-78,-12,-222]]]
115781	n	54.8604,29.8939,55.3796,30.3461	[[[548604,301200,12,-222,38,-219,61,-215,86,-209,109,-201,131,-190,152,-178,171,-165,189,-149,205,-132,218,-114,230,-95,240,-75,247,-54,253,-32,254,-11,254,11,253,32,247,54,240,75,230,95,218,114,205,132,189,149,171,165,152,178,131,190,109,201,86,209,61,215,38,219,12,222,-12,222,-38,219,-61,215,-86,209,-109,201,-131,190,-152,178,-171,165,-189,149,-205,132,-218,114,-230,95,-240,75,-247,54,-253,32,-254,11,-254,-11,-253,-32,-247,-54,-240,-75,-230,-95,-218,-114,-205,-132,-189,-149,-171,-165,-152,-178,-131,-190,-109,-201,-86,-209,-61,-215,-38,-219,-12,-222]]]
113508	n	46.831,36.1739,47.389,36.6261	[[[468310,364000,13,-222,40,-219,67,-215,92,-209,117,-201,141,-190,163,-178,184,-165,203,-149,220,-132,235,-114,247,-95,258,-75,266,-54,271,-32,273,-11,273,11,271,32,266,54,258,75,247,95,235,114,220,132,203,149,184,165,163,178,141,190,117,201,92,209,67,215,40,219,13,222,-13,222,-40,219,-67,215,-92,209,-117,201,-141,190,-163,178,-184,165,-203,149,-220,132,-235,114,-247,95,-258,75,-266,54,-271,32,-273,11,-273,-11,-271,-32,-266,-54,-258,-75,-247,-95,-235,-114,-220,-132,-203,-149,-184,-165,-163,-178,-141,-190,-117,-201,-92,-209,-67,-215,-40,-219,-13,-222]]]
137268	n	47.9264,31.3339,48.4536,31.7861	[[[479264,315600,13,-222,38,-219,63,-215,87,-209,111,-201,133,-190,154,-178,173,-165,192,-149,208,-132,222,-114,233,-95,244,-75,251,-54,256,-32,258,-11,258,11,256,32,251,54,244,75,233,95,222,114,208,132,192,149,173,165,154,178,133,190,111,201,87,209,63,215,38,219,13,222,-13,222,-38,219,-63,215,-87,209,-111,201,-133,190,-154,178,-173,165,-192,149,-208,132,-222,114,-233,95,-244,75,-251,54,-256,32,-258,11,-258,-11,-256,-32,-251,-54,-244,-75,-233,-95,-222,-114,-208,-132,-192,-149,-173,-165,-154,-178,-133,-190,-111,-201,-87,-209,-63,-215,-38,-219,-13,-222]]]
128831	n	47.6975,34.2849,48.2221,34.7073	[[[476975,345000,13,-222,2,-9,1623,-1840,44,-18,206,-61,1674,0,206,61,242,95,229,114,215,132,198,149,179,165,160,178,137,190,115,201,3,9,-263,1702,-3341,1227,-202,-79,-229,-114,-215,-132,-198,-149,-179,-165,-160,-178,-137,-190,-115,-201,-90,-209,-65,-215,-39,-219,-13,-222]]]
128008	n	48.2465,37.3939,48.8135,37.8461	[[[482465,376200,13,-222,41,-219,68,-215,94,-209,118,-201,144,-190,165,-178,187,-165,206,-149,224,-132,238,-114,252,-95,262,-75,270,-54,275,-32,278,-11,278,11,275,32,270,54,262,75,252,95,238,114,224,132,206,149,187,165,165,178,144,190,118,201,94,209,68,215,41,219,13,222,-13,222,-41,219,-68,215,-94,209,-118,201,-144,190,-165,178,-187,165,-206,149,-224,132,-238,114,-252,95,-262,75,-270,54,-275,32,-278,11,-278,-11,-275,-32,-270,-54,-262,-75,-252,-95,-238,-114,-224,-132,-206,-149,-187,-165,-165,-178,-144,-190,-118,-201,-94,-209,-68,-215,-41,-219,-13,-222]]]
121795	n	44.8189,36.8554,45.326,37.2661	[[[448189,370438,120,30,97,4,70,-32,113,-99,219,-92,66,-90,-17,-108,-109,-111,-56,-266,57,-177,92,-163,47,-225,-37,-166,160,-142,204,-149,166,-98,2530,203,1349,2985,-85,92,-186,165,-204,149,-222,132,-237,114,-249,95,-260,75,-268,54,-273,32,-276,11,-276,-11,-273,-32,-268,-54,-260,-75,-249,-95,-237,-114,-222,-132,-204,-149,-186,-165,-164,-178,-142,-190,-118,-201,-93,-209,-67,-215,-41,-219,-11,-184]]]
41210	n	48.9217,36.1194,49.4754,36.4362	[[[489217,362100,13,-222,40,-219,66,-215,93,-209,23,-41,5302,1213,-24,134,-66,215,-93,209,-116,201,-141,190,-162,178,-184,165,-202,149,-220,132,-234,114,-247,95,-257,75,-265,54,-270,32,-273,11,-273,-11,-270,-32,-265,-54,-257,-75,-247,-95,-234,-114,-220,-132,-202,-149,-184,-165,-162,-178,-141,-190,-116,-201,-93,-209,-66,-215,-40,-219,-13,-222]]]
112422	n	48.1958,34.3496,48.7127,34.7088	[[[481958,345846,263,-1701,71,-79,168,-154,3117,-416,1497,1561,0,2,40,219,13,222,-13,222,-40,219,-65,215,-51,120,-3699,812,-1301,-1242]]]
140521	n	47.3228,35.6439,47.8771,36.0961	[[[473229,358700,13,-222,40,-219,66,-215,92,-209,116,-201,140,-190,162,-178,182,-165,202,-149,218,-132,234,-114,245,-95,257,-75,263,-54,269,-32,272,-11,272,11,269,32,263,54,257,75,245,95,234,114,218,132,202,149,182,165,162,178,140,190,116,201,92,209,66,215,40,219,13,222,-13,222,-40,219,-66,215,-92,209,-116,201,-140,190,-162,178,-182,165,-202,149,-218,132,-234,114,-245,95,-257,75,-263,54,-269,32,-272,11,-272,-11,-269,-32,-263,-54,-257,-75,-245,-95,-234,-114,-218,-132,-202,-149,-182,-165,-162,-178,-140,-190,-116,-201,-92,-209,-66,-215,-40,-219,-13,-222]]]
