3169070	n	12.0719,41.7311,12.7068,42.2669	[[[120719,422003,1671,-2042,1,0,745,-911,2313,-1739,302,77,1317,965,-3631,4141,-1668,175,-21,-9,-476,-264,-438,-298,-115,-95],[124527,419030,1,4,2,5,10,0,0,-11,-9,0,-4,2]]]
3173435	n	8.9475,45.3045,9.6134,45.7901	[[[89475,454474,605,-476,553,-681,4515,-272,986,653,-1157,359,150,177,91,135,-2729,1186,2706,-1176,173,165,162,190,49,74,-1708,3093,-2213,-992,-844,-239,-126,-512,-1213,-1684]]]
3172394	n	14.101,40.7509,14.6009,40.9835	[[[141010,409145,472,-895,-14,-75,188,-17,166,-149,213,3,92,195,109,107,141,36,107,27,273,23,185,-12,58,-34,87,-52,36,-21,331,-283,35,-29,177,-167,160,-79,118,-107,110,-47,159,-60,213,42,7,-4,1567,1134,9,19,-1128,0,-1103,240,-824,894,-292,-317,-117,-84,-30,-74,-310,-393,-255,-39,-940,218]]]
3165524	n	7.312,44.7739,8.0182,45.3261	[[[73120,450800,15,-222,46,-219,75,-215,25,-49,-6,-2,7,-34,76,-215,105,-209,134,-201,160,-190,164,-158,-18,-8,96,-144,160,-190,186,-178,209,-165,231,-149,251,-132,267,-114,282,-95,293,-75,302,-54,309,-32,311,-11,311,11,309,32,302,54,293,75,282,95,267,114,251,132,231,149,30,23,593,1707,123,205,380,525,10,139,-16,222,-46,219,-75,215,-106,209,-133,201,-161,190,-186,178,-209,165,-232,149,-250,132,-268,114,-282,95,-294,75,-303,54,-309,32,-312,11,-200,-7,-200,7,-312,-11,-309,-32,-303,-54,-294,-75,-282,-95,-268,-114,-250,-132,-224,-144,12,-10,-88,-46,-231,-149,-210,-165,-185,-178,-161,-190,-133,-201,-106,-209,-75,-215,-46,-219,-15,-222]]]
2523920	n	13.0745,37.8949,13.4379,38.2206	[[[130745,381200,14,-222,41,-219,68,-215,95,-209,119,-201,144,-190,167,-178,188,-165,208,-149,225,-132,240,-114,254,-95,263,-75,272,-54,277,-32,23,-1,27,56,1009,2055,-465,-28,-147,281,-34,94,-14,321,-57,69,-378,205,-24,46,-10,69,-17,63,-52,26,-79,-10,-136,-52,-196,-40,-110,-51,-116,-28,-154,45,-87,-224,-231,-85,-278,1,-224,35,-346,113,-99,18,-116,-27,-113,-68,-58,-86,56,-87,-104,-72,-31,-166,-14,-222]]]
3176219	n	8.6532,44.3053,9.2544,44.6361	[[[86532,445020,392,-981,34,28,290,173,124,48,252,33,646,-36,107,-113,77,-37,230,-38,462,-8,91,27,292,-118,483,-125,1009,-133,280,-107,185,-233,-19,-114,184,-103,456,-130,-9,156,39,125,73,107,96,96,114,-61,63,183,46,219,15,222,-15,222,-46,219,-75,215,-104,209,-131,201,-159,190,-184,178,-207,165,-229,149,-247,132,-265,114,-279,95,-290,75,-300,54,-305,32,-308,11,-308,-11,-305,-32,-300,-54,-290,-75,-279,-95,-265,-114,-247,-132,-229,-149,-207,-165,-184,-178,-159,-190,-95,-146]]]
3181928	n	11.036,44.2639,11.6269,44.7161	[[[110360,444322,27,-78,105,-209,132,-201,158,-190,184,-178,208,-165,229,-149,248,-132,265,-114,279,-95,291,-75,300,-54,305,-32,309,-11,309,11,305,32,251,46,2004,3097,-93,141,-113,135,-2420,1051,-243,9,-309,-11,-305,-32,-300,-54,-191,-50,-1935,-2692]]]
3176959	n	10.9785,43.5539,11.265,43.9033	[[[109785,436700,129,-156,182,-178,205,-165,226,-149,245,-132,262,-114,276,-95,287,-75,296,-54,302,-32,305,-11,150,5,0,3489,-2865,-2333]]]
3182351	n	16.7753,40.8939,17.15,41.1605	[[[167753,411605,245,-2393,439,-263,263,-10,292,11,290,32,283,54,276,75,264,95,251,114,235,132,217,149,196,165,175,178,150,190,125,201,46,96,-929,388,-1718,421,-209,164,-62,0,0,-74,-68,0,-208,133,-553,142]]]
2525068	n	14.787,37.2639,15.2057,37.7161	[[[147870,374900,13,-222,41,-219,68,-215,93,-209,119,-201,143,-190,165,-178,187,-165,205,-149,224,-132,238,-114,251,-95,261,-75,270,-54,275,-32,277,-11,277,11,229,27,723,211,-129,20,-693,310,-72,80,-68,139,-46,168,-26,990,21,180,51,170,192,278,479,454,148,366,60,215,122,293,23,206,31,97,35,29,-23,11,-251,95,-261,75,-270,54,-275,32,-277,11,-277,-11,-275,-32,-270,-54,-261,-75,-251,-95,-238,-114,-224,-132,-205,-149,-187,-165,-165,-178,-143,-190,-119,-201,-93,-209,-68,-215,-41,-219,-13,-222]]]
3164527	n	10.6699,45.2139,11.3046,45.6661	[[[106699,454400,16,-222,46,-219,76,-215,106,-209,134,-201,162,-190,187,-178,211,-165,233,-149,252,-132,269,-114,284,-95,296,-75,305,-54,310,-32,314,-11,314,11,310,32,305,54,296,75,284,95,269,114,252,132,233,149,211,165,187,178,162,190,134,201,106,209,76,215,7,34,-27,74,-307,848,-329,911,-9,8,-211,165,-233,149,-252,132,-269,114,-284,95,-296,75,-305,54,-310,32,-314,11,-314,-11,-310,-32,-305,-54,-296,-75,-284,-95,-269,-114,-252,-132,-233,-149,-211,-165,-187,-178,-162,-190,-134,-201,-106,-209,-76,-215,-46,-219,-16,-222]]]
2524170	n	15.2643,37.9975,15.7716,38.3026	[[[152643,381900,13,-222,42,-219,68,-215,94,-209,120,-201,144,-190,167,-178,189,-165,207,-149,226,-132,95,-45,498,372,497,502,267,519,489,634,-160,-4,31,145,67,127,141,134,405,213,102,-8,79,14,59,45,33,85,-356,49,-567,199,-306,25,-158,-50,-400,-298,-391,-146,-119,-86,-222,-120,-786,-217,-293,-39,-176,5,-88,14,-11,-189]],[[156328,382203,52,-344,32,-89,1304,974,-873,-213,-337,-121,-178,-207]]]
3165185	n	13.4695,45.5814,13.8947,45.8221	[[[134695,457069,107,38,276,37,56,64,50,40,365,124,-266,33,-41,196,102,220,169,103,229,-28,547,-170,184,-106,789,-582,129,-122,146,-193,40,-173,-184,-59,378,-137,94,-111,91,-73,125,-27,-212,-31,-299,25,-268,-6,-114,-124,-70,-75,236,15,2,4,-10,4,8,7,115,17,47,-22,95,5,372,-141,4,0,-2,6,26,-12,16,-1,451,33,31,27,-2,17,25,17,2,13,67,32,78,69,1,1,7,68,22,5,-18,-5,-3,-62,182,159,77,130,-11,20,-5,9,-90,4,-149,60,-108,83,-797,940,-692,219,-96,52,-396,215,-167,37,-344,29,-279,106,-71,98,-23,31,-191,-122,-211,-165,-188,-178,-162,-190,-135,-201,-106,-209,-31,-87],[138718,456098,49,11,-25,-13,-24,2],[138709,456096,7,2,2,0,-9,-2]]]
3171728	n	11.5977,45.2087,12.1306,45.6361	[[[115977,453187,102,-153,161,-190,125,-119,3989,-637,54,18,269,114,252,132,233,149,144,112,-3,22,-56,448,-1144,2717,-730,533,-159,17,-314,11,-314,-11,-229,-24,-2380,-3139]]]
3181554	n	9.8902,45.3138,10.5306,45.7661	[[[98902,455286,7,-108,46,-219,77,-215,106,-209,134,-201,162,-190,187,-178,212,-165,233,-149,108,-56,1529,-385,269,-68,128,-4,314,11,312,32,305,54,296,75,284,95,270,114,253,132,233,149,212,165,187,178,162,190,134,201,106,209,77,215,46,219,15,222,-15,222,-46,219,-77,215,-106,209,-134,201,-162,190,-187,178,-212,165,-233,149,-253,132,-270,114,-284,95,-296,75,-305,54,-312,32,-314,11,-314,-11,-312,-32,-305,-54,-296,-75,-284,-95,-270,-114,-253,-132,-227,-146,-169,-308,-768,-1408]]]
3165926	n	16.956,40.3151,17.5452,40.6862	[[[169560,404777,201,149,735,265,749,-38,90,-27,225,-2,102,-32,55,-69,47,-91,54,-79,82,-34,207,51,183,99,184,59,212,-66,-51,-52,-18,-23,423,108,193,-10,-70,-166,-206,-87,-483,71,-198,-59,203,-171,-49,-159,-195,-130,-233,-80,127,-142,271,-109,564,-158,548,-247,170,-33,65,-29,174,-136,73,-40,101,-10,209,16,100,-6,361,-159,17,15,172,178,149,190,124,201,98,209,70,215,42,219,15,222,-15,222,-42,219,-70,215,-98,209,-124,201,-149,190,-172,178,-195,165,-215,149,-232,132,-249,114,-261,95,-273,75,-281,54,-287,32,-289,11,-289,-11,-287,-32,-281,-54,-273,-75,-261,-95,-249,-114,-232,-132,-215,-149,-195,-165,-172,-178,-149,-190,-124,-201,-98,-209,-70,-215,-42,-219,-3,-45]]]
3171457	n	10.0135,44.5739,10.5898,45.0261	[[[100135,448000,15,-222,46,-219,75,-215,105,-209,133,-201,159,-190,185,-178,209,-165,230,-149,250,-132,266,-114,281,-95,292,-75,302,-54,307,-32,310,-11,310,11,124,13,958,1562,1174,1912,32,52,-151,145,-209,165,-230,149,-250,132,-266,114,-281,95,-292,75,-302,54,-307,32,-310,11,-310,-11,-80,-8,-2450,-1250,-84,-127,-105,-209,-75,-215,-46,-219,-15,-222]]]
3169921	n	10.9065,43.6714,11.3638,44.1057	[[[109066,437029,203,-109,262,-114,270,-92,2849,2319,988,966,-47,57,-183,178,-205,165,-226,149,-246,132,-262,114,-277,95,-288,75,-296,54,-303,32,-179,7,-2060,-4028]]]
3173331	n	10.7205,44.4239,11.2346,44.7751	[[[107205,444812,92,-60,249,-132,266,-114,280,-95,292,-75,300,-54,307,-32,309,-11,309,11,307,32,300,54,189,49,1941,2700,-25,71,-105,209,-132,201,-155,185,-4083,-853,-641,-2086]]]
2523630	n	15.4084,37.9251,15.9454,38.3007	[[[154084,380031,48,-62,374,378,-422,-316]],[[156240,380921,87,-179,258,-317,-201,-148,-33,-186,104,-208,203,-214,186,-134,239,-125,266,-100,266,-58,676,30,120,70,207,149,188,165,167,178,144,190,120,201,94,209,68,215,41,219,14,222,-14,222,-41,219,-68,215,-94,209,-120,201,-144,190,-167,178,-188,165,-207,149,-225,132,-57,27,-1,-1,-141,-99,-30,-52,-92,-75,-149,-36,-1304,-974,53,-149,13,-190,-62,-172,-141,-185,-35,-153]]]
3169694	p	3173435
3169522	n	10.3704,44.4739,10.7846,44.9261	[[[103704,445714,154,-148,208,-165,230,-149,249,-132,266,-114,280,-95,292,-75,301,-54,306,-32,310,-11,310,11,306,32,296,53,634,2063,-1389,2358,-157,5,-310,-11,-124,-13,-2162,-3523]]]
3174659	n	10.2853,43.3385,10.6398,43.6428	[[[102853,436428,95,-743,224,-759,91,-157,328,-116,143,-121,636,-646,329,-501,61,21,261,114,244,132,226,149,204,165,181,178,156,190,130,201,103,209,74,215,44,219,15,222,-15,222,-4,18,-6,1,-1,0,-3519,787]]]
2525473	n	8.8301,39.0167,9.185,39.4561	[[[88301,392300,14,-222,41,-219,70,-215,95,-209,122,-201,146,-190,170,-178,191,-165,211,-149,228,-132,244,-114,258,-95,159,-44,43,136,156,210,-11,71,-60,53,-58,61,-74,163,-59,178,-27,199,23,223,79,191,124,138,403,333,9,42,0,81,-48,53,-249,-42,-114,23,-8,-9,-27,51,-83,35,-59,47,47,81,0,75,-132,46,14,33,105,9,143,-26,88,-62,80,-85,82,-44,93,54,405,-370,234,-172,291,-72,37,62,112,139,41,34,0,2395,-84,17,-282,32,-284,11,-284,-11,-282,-32,-276,-54,-267,-75,-258,-95,-244,-114,-228,-132,-211,-149,-191,-165,-170,-178,-146,-190,-122,-201,-95,-209,-70,-215,-41,-219,-14,-222]]]
3169361	n	12.3164,43.8339,12.734,44.1811	[[[123164,439185,20,-19,206,-165,227,-149,247,-132,263,-114,277,-95,289,-75,297,-54,304,-32,306,-11,306,11,304,32,74,14,1056,1376,-237,57,-187,77,-307,177,-295,218,-572,555,-268,79,-365,211,-321,248,-208,270,-207,147,-1209,-2626],[123856,439245,101,239,69,51,17,24,6,-8,61,46,104,75,319,119,289,35,10,-15,23,3,47,19,23,-5,36,35,22,0,8,-5,12,9,18,1,25,35,-10,4,9,4,13,-5,38,14,3,-11,35,4,10,-5,15,-62,-35,-7,-24,-30,23,-81,-23,-12,-41,-5,13,-22,3,-44,18,-18,-29,-46,64,-71,31,-68,1,-27,10,-6,-46,-32,-29,-33,-18,-6,-4,-19,-23,-21,-17,-62,-59,-8,-45,-44,-5,-18,10,-12,-1,-53,23,-8,-26,-16,-9,-26,-25,-25,-22,-61,-120,4,-47,-8,-8,14,-5,-17,-17,-5,-12,4,-27,-13,-8,4,-6,-10,-22,8,-26,-10,-26,3,-13,7,-243,-25,-298,111,-140,213]]]
3173529	n	12.0103,45.3083,12.4027,45.58	[[[120103,455800,1144,-2717,1280,1251,0,28,200,274,365,251,935,913,-3924,0]]]
13607966	p	3165524
3176885	n	15.2503,41.2339,15.8129,41.6483	[[[152503,414600,15,-222,43,-219,71,-215,99,-209,126,-201,151,-190,176,-178,197,-165,218,-149,236,-132,252,-114,266,-95,277,-75,285,-54,291,-32,294,-11,294,11,176,20,2159,2159,-1653,1954,-3943,-1583,-15,-78,-15,-222]]]
13607972	p	3165524
3177090	n	11.3033,44.6139,11.9367,45.0438	[[[113033,448400,15,-222,46,-219,75,-215,105,-209,133,-201,104,-124,2446,-1062,243,-9,310,11,308,32,301,54,293,75,281,95,267,114,249,132,231,149,208,165,185,178,160,190,133,201,105,209,75,215,46,219,15,222,-15,222,-1,4,-4514,1812,-130,-44,-267,-114,-249,-132,-231,-149,-208,-165,-185,-178,-160,-190,-133,-201,-105,-209,-75,-215,-46,-219,-15,-222]]]
13607967	p	3165524
3183539	n	12.2847,41.6313,12.5449,41.905	[[[122847,417634,959,-868,666,-453,977,998,-2313,1739,-289,-1416]]]
13607969	p	3165524
3168673	n	14.7421,40.4786,15.0861,40.8834	[[[147421,406736,101,31,298,-68,277,-169,258,-204,260,-254,273,-341,582,-945,75,34,233,132,216,149,195,165,173,178,149,190,125,201,97,209,71,215,43,219,14,222,-14,222,-43,219,-71,215,-97,209,-125,201,-149,190,-173,178,-195,165,-216,149,-233,132,-249,114,-263,95,-163,45,-12,-18,-1437,-2080]]]
3172629	p	3173435
2523083	n	15.0085,36.8885,15.3324,37.2888	[[[150085,370800,14,-222,40,-219,67,-215,93,-209,118,-201,142,-190,165,-178,186,-165,204,-149,222,-132,74,-35,174,357,163,199,214,85,156,39,150,83,178,73,236,10,0,74,-43,66,23,23,88,42,-68,68,353,158,55,16,53,-54,105,-39,77,31,-30,161,-83,125,-88,38,-205,-20,-81,64,-17,125,59,81,148,-65,52,242,-47,145,-144,72,-241,19,-181,79,-148,167,-26,147,184,22,0,69,-144,62,-167,-97,-218,211,-113,312,157,201,-62,124,125,47,104,0,59,-72,-15,-173,87,101,67,116,93,43,163,-124,-92,239,-153,170,-192,103,-246,38,-409,-120,-184,-88,-222,-132,-204,-149,-186,-165,-165,-178,-142,-190,-118,-201,-93,-209,-67,-215,-40,-219,-14,-222]]]
3182164	n	9.3871,45.4739,9.9907,45.9261	[[[93871,457901,1660,-3005,236,-60,306,-54,312,-32,315,-11,315,11,312,32,306,54,298,75,285,95,270,114,254,132,219,140,948,1736,-7,94,-46,219,-77,215,-106,209,-135,201,-162,190,-188,178,-212,165,-234,149,-254,132,-270,114,-285,95,-298,75,-306,54,-312,32,-315,11,-315,-11,-312,-32,-306,-54,-298,-75,-285,-95,-270,-114,-254,-132,-234,-149,-212,-165,-188,-178,-56,-67,-99,-288]]]
3165243	n	10.7963,45.8439,11.4437,46.2961	[[[107963,460700,16,-222,46,-219,77,-215,107,-209,136,-201,164,-190,189,-178,213,-165,235,-149,256,-132,272,-114,287,-95,299,-75,308,-54,315,-32,317,-11,317,11,315,32,308,54,299,75,287,95,272,114,256,132,235,149,213,165,189,178,164,190,136,201,107,209,77,215,46,219,16,222,-16,222,-46,219,-77,215,-107,209,-136,201,-164,190,-189,178,-213,165,-235,149,-256,132,-159,67,-864,245,-143,26,-315,32,-317,11,-317,-11,-315,-32,-308,-54,-299,-75,-287,-95,-272,-114,-256,-132,-235,-149,-213,-165,-189,-178,-164,-190,-136,-201,-107,-209,-77,-215,-46,-219,-16,-222]]]
3171180	n	12.0824,42.8838,12.6842,43.3361	[[[120824,431100,15,-222,44,-219,73,-215,102,-209,129,-201,155,-190,180,-178,203,-165,223,-149,243,-132,259,-114,273,-95,284,-75,293,-54,298,-32,302,-11,167,6,1889,1988,877,922,8,8,-99,202,-129,201,-155,190,-180,178,-203,165,-223,149,-243,132,-259,114,-273,95,-284,75,-293,54,-298,32,-302,11,-302,-11,-298,-32,-293,-54,-284,-75,-273,-95,-259,-114,-243,-132,-223,-149,-203,-165,-180,-178,-155,-190,-129,-201,-102,-209,-73,-215,-44,-219,-15,-222]]]
3171168	n	13.9441,42.2339,14.4356,42.4977	[[[139441,423377,28,-33,178,-178,200,-165,222,-149,240,-132,256,-114,270,-95,281,-75,290,-54,296,-32,298,-11,298,11,296,32,290,54,281,75,270,95,256,114,240,132,222,149,200,165,3,3,-66,48,-416,513,-312,200,-720,353,-636,419,-311,275,-2454,-1600]]]
3176746	n	11.7515,43.9955,12.2093,44.391	[[[117515,441319,121,-185,158,-190,184,-178,206,-165,228,-149,247,-132,264,-114,278,-95,289,-75,299,-54,252,-27,2052,2786,-2554,1169,-2024,-2591]]]
3164419	n	11.235,45.3239,11.8427,45.7761	[[[112350,455918,669,-1851,2,-1,211,-165,234,-149,252,-132,270,-114,285,-95,296,-75,305,-54,312,-32,314,-11,314,11,228,24,2315,3052,70,92,-99,148,-162,190,-187,178,-211,165,-234,149,-252,132,-270,114,-285,95,-296,75,-305,54,-312,32,-314,11,-314,-11,-312,-32,-305,-54,-296,-75,-285,-95,-270,-114,-252,-132,-234,-149,-211,-165,-187,-178,-162,-190,-135,-201,-106,-209,-76,-215,-5,-23]]]
3165771	n	12.3351,42.3339,12.9449,42.7675	[[[123351,425600,15,-222,44,-219,72,-215,101,-209,128,-201,154,-190,178,-178,201,-165,222,-149,240,-132,257,-114,270,-95,282,-75,290,-54,296,-32,299,-11,299,11,296,32,290,54,282,75,270,95,257,114,240,132,222,149,201,165,178,178,154,190,128,201,101,209,72,215,44,219,15,222,-15,222,-44,219,-72,215,-101,209,-128,201,-154,190,-178,178,-201,165,-222,149,-141,77,-2001,167,-997,83,-232,-81,-257,-114,-240,-132,-222,-149,-201,-165,-178,-178,-154,-190,-128,-201,-101,-209,-72,-215,-44,-219,-15,-222]]]
3170647	n	10.2701,43.5641,10.7052,43.8104	[[[102701,437620,152,-1192,3519,-787,30,25,181,178,157,190,130,201,103,209,74,215,5,25,-3400,1420,-951,-484]]]
3181913	n	11.0138,46.2639,11.6662,46.7161	[[[110138,464900,16,-222,47,-219,78,-215,107,-209,137,-201,165,-190,190,-178,215,-165,238,-149,257,-132,133,-55,914,-260,129,-23,316,-32,320,-11,320,11,316,32,311,54,301,75,290,95,274,114,257,132,238,149,215,165,190,178,165,190,137,201,107,209,78,215,47,219,16,222,-16,222,-47,219,-78,215,-107,209,-137,201,-165,190,-190,178,-215,165,-238,149,-257,132,-274,114,-290,95,-301,75,-311,54,-316,32,-320,11,-320,-11,-316,-32,-311,-54,-301,-75,-290,-95,-274,-114,-257,-132,-238,-149,-215,-165,-190,-178,-165,-190,-137,-201,-107,-209,-78,-215,-47,-219,-16,-222]]]
13607970	p	3165524
3171058	n	9.3756,44.8239,9.9365,45.2761	[[[93756,450185,26,-126,76,-215,105,-209,134,-201,160,-190,186,-178,209,-165,231,-149,251,-132,268,-114,282,-95,293,-75,303,-54,308,-32,312,-11,312,11,308,32,303,54,293,75,282,95,268,114,251,132,231,149,209,165,8,7,-1608,3602,-237,43,-308,32,-312,11,-312,-11,-308,-32,-303,-54,-293,-75,-282,-95,-268,-114,-251,-132,-179,-116,-910,-1869,-38,-78]]]
3172189	n	8.2998,45.2276,8.8247,45.6534	[[[82999,454500,15,-222,46,-219,77,-215,105,-209,135,-201,161,-190,187,-178,211,-165,233,-149,252,-132,270,-114,284,-95,296,-75,304,-54,66,-6,2606,2324,-1243,970,-2194,964,-119,-40,-270,-114,-252,-132,-233,-149,-211,-165,-187,-178,-161,-190,-135,-201,-105,-209,-77,-215,-46,-219,-15,-222]]]
3182884	n	11.5708,43.2339,12.1894,43.6862	[[[115708,434630,674,-1439,26,-25,204,-165,225,-149,244,-132,261,-114,274,-95,286,-75,294,-54,301,-32,303,-11,303,11,301,32,294,54,286,75,274,95,261,114,244,132,225,149,204,165,181,178,156,190,129,201,103,209,74,215,44,219,15,222,-15,222,-44,219,-74,215,-103,209,-129,201,-156,190,-181,178,-204,165,-225,149,-244,132,-261,114,-274,95,-286,75,-294,54,-301,32,-303,11,-303,-11,-301,-32,-294,-54,-286,-75,-274,-95,-261,-114,-244,-132,-225,-149,-204,-165,-181,-178,-156,-190,-129,-201,-103,-209,-74,-215,-44,-219,-13,-192]]]
3165072	n	12.9163,45.8439,13.5614,46.2961	[[[129163,460700,16,-222,46,-219,77,-215,107,-209,136,-201,164,-190,189,-178,213,-165,235,-149,256,-132,272,-114,287,-95,299,-75,308,-54,315,-32,317,-11,317,11,315,32,308,54,299,75,287,95,272,114,256,132,235,149,213,165,189,178,164,190,34,51,-195,-11,-271,218,-5,12,-6,10,-8,9,-9,8,-47,26,-130,107,153,97,52,23,77,72,28,69,-25,64,-80,59,228,212,175,93,388,206,-39,182,-77,215,-107,209,-136,201,-164,190,-189,178,-53,41,-26,4,-140,55,-300,15,-155,37,146,-177,-273,-29,-85,87,-35,138,-132,126,-1,1,-1,1,-61,251,-31,67,-116,38,-299,75,-308,54,-315,32,-317,11,-317,-11,-315,-32,-308,-54,-299,-75,-287,-95,-272,-114,-256,-132,-235,-149,-213,-165,-189,-178,-164,-190,-136,-201,-107,-209,-77,-215,-46,-219,-16,-222]]]
3183072	n	16.0698,41.0039,16.4179,41.2764	[[[160698,410860,190,-159,218,-149,235,-132,251,-114,265,-95,276,-75,284,-54,290,-32,293,-11,293,11,290,32,59,12,493,167,26,46,18,100,-144,1564,-664,793,-2382,-323,-291,-1581]]]
13607968	p	3165524
3178957	n	12.0024,43.9139,12.4373,44.2856	[[[120024,439932,163,-131,228,-149,246,-132,264,-114,277,-95,290,-75,297,-54,304,-32,307,-11,307,11,304,32,165,31,1197,2598,-201,144,-272,272,-212,280,-173,349,-1422,-115,-2052,-2786,-17,-23]]]
3175081	n	9.5429,44.0412,9.9865,44.3261	[[[95429,442047,136,-46,165,-85,69,-127,63,-12,349,-294,99,-37,122,-23,293,-15,101,-43,271,-188,112,-42,509,-341,480,-160,66,-79,59,-132,102,-11,39,51,-131,58,56,83,27,30,59,29,0,62,-94,23,-75,40,-61,61,-49,81,44,21,46,30,47,17,-69,74,183,14,321,-208,112,52,163,-131,335,-195,158,-117,9,-4,320,2429,-191,82,-277,95,-289,75,-298,54,-303,32,-307,11,-307,-11,-303,-32,-298,-54,-289,-75,-277,-95,-263,-114,-247,-132,-227,-149,-206,-165,-183,-178,-158,-190,-13,-19]]]
3182340	n	16.0653,41.2441,16.3504,41.4174	[[[160653,414174,336,-1733,2382,323,133,314,-490,201,-1873,650,-137,107,-153,91,-198,47]]]
3183299	n	8.4019,44.6839,8.9271,45.1361	[[[84019,450803,0,-6,1,-1,161,-3492,157,-84,267,-114,281,-95,293,-75,302,-54,308,-32,311,-11,311,11,308,32,302,54,293,75,281,95,267,114,250,132,230,149,209,165,186,178,160,190,133,201,104,209,76,215,46,219,15,222,-15,222,-46,219,-76,215,-104,209,-133,201,-160,190,-186,178,-209,165,-192,124,-138,44,-1,1,-1422,463,-178,19,-311,11,-311,-11,-308,-32,-302,-54,-293,-75,-281,-95,-267,-114,-250,-132,-69,-45]]]
3167096	n	8.2636,40.5039,8.8564,40.921	[[[82636,407300,15,-222,42,-219,71,-215,98,-209,124,-201,150,-190,173,-178,195,-165,216,-149,234,-132,249,-114,263,-95,274,-75,282,-54,288,-32,290,-11,290,11,288,32,282,54,274,75,263,95,249,114,234,132,216,149,195,165,173,178,150,190,124,201,98,209,71,215,42,219,15,222,-15,222,-42,219,-71,215,-98,209,-124,201,-150,190,-173,178,-195,165,-216,149,-234,132,-63,29,-91,-3,-682,-241,-67,-149,-160,-154,-199,-132,-779,-260,-195,-26,-231,18,-560,126,-1117,119,-4,1,-112,-142,-124,-201,-98,-209,-71,-215,-42,-219,-15,-222]]]
3183089	n	13.1998,43.3838,13.6768,43.7061	[[[131998,436100,15,-222,45,-219,74,-215,102,-209,131,-201,156,-190,181,-178,205,-165,225,-149,245,-132,261,-114,275,-95,287,-75,295,-54,301,-32,304,-11,304,11,301,32,295,54,287,75,275,95,206,90,-598,1117,75,159,-89,133,-177,90,-190,34,-97,74,-114,164,-146,165,-190,75,-32,20,-19,45,-30,45,-58,20,-59,-9,-32,-22,-22,-21,-27,-10,-56,-39,-75,-73,-98,-43,-268,117,-469,119,-99,90,-197,59,-1168,527,-46,29,-415,-480,-14,-40,-45,-219,-15,-222]]]
13607971	p	3165524
6534228	n	12.4651,41.8352,13.0222,42.2161	[[[124651,421110,2417,-2757,2640,287,4,4,153,190,127,201,99,209,72,215,44,219,15,222,-15,222,-44,219,-72,215,-99,209,-127,201,-153,190,-176,178,-199,165,-220,149,-238,132,-255,114,-268,95,-279,75,-288,54,-293,32,-296,11,-296,-11,-293,-32,-288,-54,-279,-75,-268,-95,-255,-114,-238,-132,-220,-149,-199,-165,-176,-178,-37,-46]]]
12023195	n	11.265,43.5539,11.591,43.9979	[[[112650,435544,150,-5,305,11,302,32,296,54,287,75,276,95,262,114,245,132,226,149,205,165,182,178,157,190,131,201,103,209,74,215,45,219,14,222,-14,222,-45,219,-74,215,-103,209,-131,201,-157,190,-182,178,-205,165,-226,149,-245,132,-262,114,-276,95,-287,75,-85,15,-968,-946,0,-3489]]]
3181528	n	17.6441,40.4097,18.1066,40.7625	[[[176441,406300,14,-222,43,-219,70,-215,98,-209,124,-201,150,-190,173,-178,195,-165,215,-149,233,-132,249,-114,263,-95,273,-75,208,-39,2317,1033,-692,440,58,450,-40,62,-234,170,-43,100,-4,90,-41,65,-150,24,-257,-63,-114,1,9,236,-339,125,-780,112,-955,534,-478,149,-66,-69,-150,-190,-124,-201,-98,-209,-70,-215,-43,-219,-14,-222]]]
3165201	n	11.9186,45.58,12.5615,45.8961	[[[119186,456700,16,-222,5,-23,896,-655,3924,0,1386,295,1,0,86,18,52,146,46,219,16,222,-16,222,-46,219,-77,215,-106,209,-135,201,-162,190,-188,178,-211,165,-234,149,-254,132,-270,114,-285,95,-297,75,-306,54,-312,32,-315,11,-315,-11,-312,-32,-306,-54,-297,-75,-285,-95,-270,-114,-254,-132,-234,-149,-211,-165,-188,-178,-162,-190,-135,-201,-106,-209,-77,-215,-46,-219,-16,-222]]]
3165456	p	3172394
3174741	n	12.2373,41.6766,12.3806,41.7634	[[[122374,417377,16,-14,79,-26,297,-43,84,-22,156,-98,266,-60,156,-91,378,-257,-959,868,-473,-257]]]
3178229	n	8.9438,45.667,9.4008,46.0361	[[[89438,457275,1376,-605,844,239,2213,992,137,400,-2,21,-46,219,-77,215,-106,209,-136,201,-162,190,-188,178,-213,165,-234,149,-254,132,-271,114,-286,95,-298,75,-306,54,-313,32,-316,11,-316,-11,-313,-32,-93,-17,-2,-3,21,-24,-6,-6,50,-27,12,-20,31,-15,41,-37,20,-161,40,-72,-56,-8,-4,-33,-44,-18,-49,11,-18,-9,-2,-47,-24,-11,-15,-18,-50,-8,-12,9,-52,1,-5,-3,6,-14,-9,-19,12,-25,-16,-28,-24,10,-13,-9,-9,9,8,33,-8,9,-74,-48,-22,-25,-7,-26,7,-25,22,-26,107,-75,83,-182,91,-94,97,-39,218,-31,94,-42,114,-165,-38,-170,-249,-339,-320,-274,-300,39,-213,66,-73,-1037]]]
3181355	n	8.7004,45.46,8.9065,45.6914	[[[87004,455570,1243,-970,108,0,710,2314,-2061,-1344]]]
3166598	p	3173435
3174530	n	10.3652,43.6691,10.7714,44.0661	[[[103652,438104,3384,-1413,166,110,205,165,182,178,125,151,-1219,3087,-27,12,-276,95,-288,75,-297,54,-302,32,-305,11,-305,-11,-258,-28,-296,-304,-489,-2214]]]
3169984	n	13.8502,40.6942,14.1482,40.9899	[[[138502,407182,30,-38,63,-65,2,-1,223,-83,81,-53,134,58,163,45,150,11,99,-40,140,102,71,35,-34,78,3,58,31,62,-195,101,-632,172,-203,0,44,-98,29,-39,-86,-47,-54,-92,-59,-166]],[[139702,409899,511,-681,232,-476,78,-366,-111,-411,65,-69,276,-33,72,-28,-13,136,-38,133,-12,118,63,91,135,25,155,-43,237,-109,116,-11,14,75,-472,895,-1060,640,-248,114]]]
3169561	n	11.9289,44.2741,12.3515,44.6361	[[[119289,445240,250,-1330,2554,-1169,1422,115,-12,26,-61,201,-21,212,-29,48,-137,135,-44,59,-29,75,-40,260,-305,1004,-37,443,58,708,-23,111,-86,67,-56,98,-80,15,-305,32,-308,11,-308,-11,-305,-32,-300,-54,-290,-75,-279,-95,-265,-114,-247,-132,-229,-149,-207,-165,-184,-178,-97,-116]]]
3176923	n	12.063,41.7376,12.3136,41.9961	[[[120630,419526,845,-491,227,-239,244,-322,116,-201,50,-194,6,-204,34,-194,83,-174,139,-130,473,257,289,1416,-745,911,-286,-11,-292,-32,-287,-54,-278,-75,-267,-95,-254,-114,-97,-54]]]
3174953	n	17.8753,40.1239,18.4409,40.513	[[[178753,403500,14,-222,43,-219,70,-215,91,-195,157,-96,0,-62,-62,0,35,-57,149,-190,172,-178,194,-165,215,-149,232,-132,248,-114,261,-95,273,-75,280,-54,286,-32,289,-11,289,11,286,32,280,54,273,75,261,95,248,114,232,132,215,149,194,165,172,178,149,190,110,178,-36,67,-668,708,-90,66,-177,63,-147,151,-259,332,-330,213,-114,95,-205,270,-68,37,-198,33,-917,399,-134,84,-2186,-975,-70,-214,-43,-219,-14,-222]]]
3164699	n	8.4978,45.7264,8.9511,46.0461	[[[84978,458200,15,-222,46,-219,20,-54,4328,-441,51,11,73,1037,-115,36,-396,-84,37,154,60,119,41,124,-17,173,-56,131,-84,131,-173,215,-98,160,-65,63,-68,37,-573,214,-153,38,-172,8,17,27,38,48,176,281,286,242,19,31,-15,1,-316,-11,-313,-32,-306,-54,-298,-75,-286,-95,-271,-114,-254,-132,-235,-149,-212,-165,-188,-178,-163,-190,-135,-201,-107,-209,-77,-215,-46,-219,-15,-222]]]
3176059	n	13.995,40.8927,14.2545,40.9785	[[[139950,409785,1060,-640,940,-218,255,39,310,393,30,74,-2595,352]]]
2525059	n	16.3671,38.6575,16.882,39.1061	[[[163671,387470,99,-104,190,-165,210,-149,227,-132,243,-114,256,-95,267,-75,274,-54,68,-7,-20,146,6,178,-22,33,-121,67,40,234,122,181,127,153,107,284,112,127,250,188,601,240,88,70,83,83,400,230,1108,393,433,92,-58,182,-96,209,-121,201,-145,190,-169,178,-190,165,-210,149,-227,132,-243,114,-256,95,-267,75,-274,54,-280,32,-283,11,-283,-11,-241,-28,-1805,-3552]]]
13607965	p	3165524
2524245	n	12.2731,37.7055,12.7176,37.9464	[[[122732,379395,55,-103,91,-77,119,-22,145,59,120,-68,159,-52,156,8,111,112,-141,18,-179,61,-155,74,-71,59,-88,-14,-84,-37,-100,-28,-138,10]],[[124270,377970,93,-139,117,-118,83,-115,29,-121,13,-131,45,-148,79,-143,2447,1424,-21,64,-2489,615,-21,-17,-4,-12,9,-69,28,-89,89,-112,20,-47,-10,-87,-53,-183,-22,-8,-71,-276,19,-30,-45,-38,-144,-72,-15,42,-172,-67,-4,-123]]]
3171173	n	12.6258,43.7147,12.9758,43.9773	[[[126258,438361,62,-126,131,-201,157,-190,182,-178,206,-165,226,-149,246,-132,167,-72,2123,1647,-285,181,-86,70,-98,112,-667,196,-392,232,-190,83,-479,50,-23,5,-198,48,-1082,-1411]]]
3176477	p	3172394
3175058	n	12.7014,41.2659,13.1997,41.6509	[[[127014,414468,471,-231,145,-23,786,-30,206,-49,314,-142,302,-195,557,-488,132,-154,193,-291,117,-129,45,-77,131,47,252,114,236,132,218,149,198,165,175,178,151,190,126,201,99,209,72,215,43,219,14,222,-14,222,-43,219,-72,215,-99,209,-126,201,-151,190,-175,178,-198,165,-218,149,-108,61,-36,-11,-2639,-781,-1104,-1249]]]
3178671	p	3173435
2524653	n	13.9624,36.9794,14.4985,37.2961	[[[139624,371058,49,24,90,21,1123,74,377,-54,822,-312,703,-371,829,-646,1368,1797,-103,175,-142,190,-164,178,-186,165,-204,149,-222,132,-237,114,-250,95,-260,75,-268,54,-273,32,-276,11,-251,-10,-1031,-240,-45,-17,-237,-114,-222,-132,-204,-149,-186,-165,-164,-178,-142,-190,-118,-201,-93,-209,-68,-215,-15,-83]]]
3182957	n	12.4472,41.4468,12.8118,41.7388	[[[124472,416313,8,-5,976,-867,738,-850,159,-116,71,107,116,74,246,-76,228,-112,1104,1249,-2367,1671,-302,-77,-977,-998]]]
3182714	n	7.9057,44.6739,8.4182,45.1261	[[[79057,448369,9,-25,105,-209,133,-201,160,-190,185,-178,209,-165,231,-149,250,-132,266,-114,282,-95,293,-75,301,-54,308,-32,311,-11,311,11,308,32,301,54,293,75,282,95,266,114,250,132,70,45,-161,3499,-159,84,-266,114,-282,95,-293,75,-301,54,-308,32,-311,11,-311,-11,-308,-32,-301,-54,-293,-75,-282,-95,-266,-114,-248,-131,-299,-413,-123,-205,-612,-1762]]]
2523650	n	14.6084,36.8542,14.9955,37.1561	[[[146084,368542,3871,1201,-67,213,-92,209,-118,201,-142,190,-164,178,-185,165,-205,149,-221,132,-237,114,-249,95,-259,75,-268,54,-273,32,-275,11,-275,-11,-264,-31,-577,-2977]]]
3179806	p	3172394
3170621	n	10.6485,43.7043,11.1134,44.1561	[[[106485,440408,562,-1423,659,-1668,24,-11,277,-95,288,-75,297,-54,302,-32,179,-7,2053,4014,8,15,-202,108,-262,114,-277,95,-288,75,-297,54,-302,32,-306,11,-306,-11,-302,-32,-297,-54,-288,-75,-277,-95,-262,-114,-246,-132,-227,-149,-205,-165,-183,-178,-122,-148]]]
3179866	n	14.0564,41.0008,14.5674,41.2961	[[[140564,411592,2430,-1584,2680,486,-479,1950,-5,4,-235,132,-251,114,-264,95,-275,75,-284,54,-289,32,-292,11,-292,-11,-289,-32,-284,-54,-275,-75,-264,-95,-251,-114,-235,-132,-216,-149,-197,-165,-174,-178,-150,-190,-109,-174]]]
3177838	n	9.7734,44.9039,10.3383,45.3561	[[[97734,452729,1609,-3605,236,-42,309,-32,312,-11,312,11,77,8,2321,1184,155,79,76,114,105,209,76,215,46,219,15,222,-15,222,-46,219,-76,215,-105,209,-134,201,-160,190,-186,178,-210,165,-232,149,-120,63,-1770,445,-129,5,-312,-11,-309,-32,-303,-54,-294,-75,-283,-95,-268,-114,-250,-132,-232,-149,-210,-165,-5,-5]]]
3180445	n	10.6433,44.6898,11.1964,45.0062	[[[106433,449296,24,-40,1389,-2358,4115,860,3,42,-15,222,-46,219,-75,215,-105,209,-133,201,-159,190,-185,178,-209,165,-230,149,-249,132,-267,114,-280,95,-293,75,-301,54,-307,32,-310,11,-310,-11,-307,-32,-301,-54,-293,-75,-280,-95,-267,-114,-249,-132,-230,-149,-130,-103]]]
3183178	n	16.2532,40.6954,16.8469,41.0261	[[[162532,408300,14,-222,43,-219,71,-215,98,-209,124,-201,150,-190,87,-90,5327,1085,8,39,14,222,-14,222,-43,219,-71,215,-33,70,-309,186,-3863,1049,-352,-120,-166,-93,-216,-149,-195,-165,-174,-178,-150,-190,-124,-201,-98,-209,-71,-215,-43,-219,-14,-222]]]
6534232	n	16.0794,38.7339,16.543,39.1482	[[[160794,390957,36,-204,567,-1015,146,-188,147,-82,206,-33,150,-94,101,-151,54,-199,16,-425,-66,-424,-142,-378,-155,-201,141,-52,267,-75,275,-54,280,-32,283,-11,283,11,241,28,1806,3554,-97,102,-191,165,-210,149,-227,132,-5,2,-3728,-357,-105,-91,-73,-77]]]
3175537	n	11.4234,44.1338,11.954,44.5861	[[[114234,442680,96,-146,158,-190,184,-178,207,-165,228,-149,248,-132,264,-114,279,-95,290,-75,299,-54,305,-32,308,-11,308,11,142,15,1989,2545,-246,1307,-200,131,-248,132,-264,114,-279,95,-290,75,-299,54,-305,32,-308,11,-308,-11,-305,-32,-252,-46,-2001,-3092]]]
10295350	p	3172394
12070064	p	3172394
2522876	n	12.4666,37.8521,12.8252,38.1889	[[[124666,379158,2582,-637,62,4,106,76,188,165,166,178,144,190,120,201,94,209,68,215,41,219,14,222,-14,222,-41,219,-68,215,-3,7,-217,308,-178,328,-126,135,-188,165,-18,13,-20,-2,-13,25,-74,54,-92,-134,41,-252,14,-244,-208,-151,-127,13,-159,38,-136,4,-55,-89,-53,-159,-129,-120,-303,-171,-321,93,-266,-169,-263,-234,-305,-100,113,-102,-13,-141,-63,-165,-61,-266,-234,-378,-5,-4]]]
2523665	n	9.185,39.1244,9.5399,39.4561	[[[91850,392106,124,105,189,69,362,-28,188,-47,140,-67,69,75,74,-68,127,-66,139,-51,105,-20,84,-44,228,-192,98,-44,58,-35,252,-232,203,-75,90,-52,49,-90,75,0,149,75,154,37,156,-20,115,-67,101,166,95,209,70,215,41,219,14,222,-14,222,-41,219,-70,215,-95,209,-122,201,-146,190,-170,178,-191,165,-211,149,-228,132,-244,114,-258,95,-267,75,-276,54,-282,32,-284,11,-284,-11,-282,-32,-84,-17,0,-2395]]]
3179661	n	14.328,40.5706,14.6,40.8681	[[[143280,406054,18,-209,128,-139,132,130,457,185,205,134,494,92,152,79,298,-127,278,-63,271,41,287,193,0,2311,-1567,-1134,173,-105,135,-145,56,-182,-33,-164,-322,-91,-394,-300,-66,-122,-108,-69,-77,-30,-201,-13,-219,-82,-97,-190]]]
3171366	n	8.8829,44.9639,9.4749,45.3317	[[[88829,450787,121,-143,187,-178,210,-165,231,-149,252,-132,268,-114,283,-95,294,-75,303,-54,310,-32,312,-11,312,11,310,32,303,54,294,75,283,95,268,114,252,132,172,111,955,1963,-24,115,-76,215,-105,209,-134,201,-110,130,-3667,221,-1754,-2460,-50,-70]]]
3173775	n	10.0671,43.9472,10.4479,44.1701	[[[100671,440320,49,-25,186,-41,152,-86,307,-381,442,-234,68,-81,2266,846,338,348,-15,75,-75,215,-103,209,-131,201,-158,190,-148,145,-3178,-1381]]]
2524881	n	16.8406,38.8991,17.2064,39.3056	[[[168407,390800,14,-222,42,-219,69,-215,95,-209,122,-201,146,-190,169,-178,36,-32,251,53,222,14,240,-29,150,-77,257,-235,202,102,284,66,244,-37,90,-200,149,206,88,91,73,38,38,41,336,238,-8,55,8,392,42,69,103,69,195,105,-138,16,-341,94,-66,54,-39,83,-235,367,-23,301,182,579,53,318,-36,116,-173,223,-71,114,-32,134,4,134,30,228,-163,-6,-280,-32,-276,-54,-267,-75,-257,-95,-243,-114,-228,-132,-211,-149,-190,-165,-169,-178,-146,-190,-122,-201,-95,-209,-69,-215,-42,-219,-14,-222]]]
3183455	p	3172394
2524907	n	16.0036,39.1117,16.5402,39.5261	[[[160036,394190,304,-738,80,-346,333,-1908,135,-78,6,-3,77,8,1,0,3667,352,104,89,170,178,146,190,122,201,96,209,69,215,42,219,14,222,-14,222,-42,219,-69,215,-96,209,-122,201,-146,190,-170,178,-191,165,-211,149,-229,132,-244,114,-257,95,-269,75,-276,54,-282,32,-284,11,-284,-11,-282,-32,-276,-54,-269,-75,-257,-95,-244,-114,-229,-132,-211,-149,-191,-165,-170,-178,-51,-66]]]
2525448	n	13.777,37.2639,14.343,37.7161	[[[137770,374900,13,-222,41,-219,68,-215,93,-209,119,-201,143,-190,165,-178,187,-165,205,-149,224,-132,238,-114,251,-95,261,-75,270,-54,275,-32,277,-11,250,10,958,223,92,22,34,12,238,114,224,132,205,149,187,165,165,178,143,190,119,201,93,209,68,215,41,219,13,222,-13,222,-41,219,-68,215,-93,209,-119,201,-143,190,-165,178,-187,165,-205,149,-224,132,-238,114,-251,95,-261,75,-270,54,-275,32,-277,11,-277,-11,-275,-32,-270,-54,-261,-75,-251,-95,-238,-114,-224,-132,-205,-149,-187,-165,-165,-178,-143,-190,-119,-201,-93,-209,-68,-215,-41,-219,-13,-222]]]
3164433	n	10.1875,43.762,10.4141,44.0318	[[[101875,439472,226,-270,415,-736,124,-372,61,-474,951,484,489,2214,-2266,-846]]]
3167022	n	8.1662,44.1407,8.6924,44.5361	[[[81662,443100,15,-222,45,-219,75,-215,103,-209,132,-201,158,-190,184,-178,207,-165,145,-94,121,76,288,122,559,130,251,89,137,111,3,106,-20,109,54,120,53,37,152,73,30,24,11,71,30,57,102,112,-52,195,216,204,742,357,245,172,119,33,171,22,613,320,77,9,81,-9,77,0,67,34,71,58,-375,938,-5,3,-265,114,-278,95,-290,75,-299,54,-304,32,-308,11,-308,-11,-304,-32,-299,-54,-290,-75,-278,-95,-265,-114,-247,-132,-228,-149,-207,-165,-184,-178,-158,-190,-132,-201,-103,-209,-75,-215,-45,-219,-15,-222]]]
3177219	n	12.7619,43.6139,13.2487,43.8795	[[[127619,437136,174,-170,205,-165,227,-149,245,-132,262,-114,276,-95,288,-75,297,-54,302,-32,305,-11,305,11,302,32,297,54,288,75,276,95,262,114,167,90,390,451,-2729,1734,-2123,-1647,-16,-12]]]
3175786	n	10.8062,42.5387,11.4159,42.9861	[[[108062,427854,847,-215,527,-209,287,-230,89,-37,88,-60,56,-143,47,-161,54,-120,478,-209,243,-148,31,-195,165,-58,99,-161,87,-188,127,-139,85,8,114,43,99,8,75,-178,62,-75,266,49,283,75,271,95,257,114,241,132,223,149,201,165,179,178,155,190,128,201,101,209,73,215,44,219,15,222,-15,222,-44,219,-73,215,-101,209,-128,201,-155,190,-179,178,-201,165,-223,149,-241,132,-257,114,-271,95,-283,75,-291,54,-297,32,-300,11,-300,-11,-297,-32,-291,-54,-283,-75,-271,-95,-257,-114,-241,-132,-223,-149,-201,-165,-179,-178,-155,-190,-128,-201,-101,-209,-73,-215,-38,-187]]]
3173721	n	16.3139,40.4439,16.9061,40.8045	[[[163139,406700,14,-222,43,-219,71,-215,97,-209,125,-201,149,-190,173,-178,195,-165,216,-149,233,-132,249,-114,263,-95,273,-75,282,-54,288,-32,290,-11,290,11,288,32,282,54,273,75,263,95,249,114,233,132,216,149,195,165,173,178,149,190,125,201,97,209,71,215,43,219,14,222,-14,222,-43,219,-71,215,-97,209,-125,201,-149,190,-86,89,-1055,-215,-4260,-868,-8,-40,-14,-222]]]
3172087	n	9.2028,40.6939,9.724,41.1455	[[[92028,409200,14,-222,43,-219,71,-215,98,-209,125,-201,150,-190,174,-178,195,-165,217,-149,234,-132,250,-114,264,-95,274,-75,283,-54,289,-32,291,-11,291,11,289,32,283,54,274,75,264,95,250,114,234,132,167,115,-13,27,-281,292,-60,129,-10,-111,-109,95,39,91,127,49,153,-31,0,62,-88,128,101,64,329,87,-131,20,-115,31,-96,59,-67,95,-114,-67,-84,-5,-56,58,-19,120,-57,35,-360,139,0,62,98,11,76,42,57,67,49,90,-195,32,-149,-59,-149,-80,-195,-35,-61,20,-179,88,-102,34,-101,-13,-90,-43,-80,2,-78,117,83,11,-13,14,7,49,456,-31,136,37,-47,137,125,134,36,179,51,159,167,68,153,-38,164,-64,152,-13,114,115,-183,91,-286,79,-276,11,-148,-112,-47,0,-29,14,-61,54,-13,-27,3,-25,-8,-17,-51,1,49,156,-34,95,-111,23,-184,-64,75,-142,-203,0,94,154,178,603,17,-47,30,-48,21,-48,105,101,59,93,28,100,13,122,-34,19,-12,-1,-6,7,-16,43,-69,0,-65,-52,-54,20,-64,52,-97,49,75,74,-41,47,-124,4,-18,-20,-58,-31,-137,19,-124,31,-111,-4,-57,-6,-86,-40,58,-28,27,-32,17,-37,33,-46,-96,-56,-64,-85,-112,-200,-61,234,2,100,59,76,-93,72,-199,-38,-274,-75,-264,-95,-250,-114,-234,-132,-217,-149,-195,-165,-174,-178,-150,-190,-125,-201,-98,-209,-71,-215,-43,-219,-14,-222]]]
3183541	n	14.2954,40.87,14.6659,41.0494	[[[142954,409834,824,-894,1103,-240,1128,0,628,463,22,113,-985,1218,-2680,-486,-40,-174]]]
3173287	n	16.4161,41.0307,16.6936,41.2271	[[[164161,410307,2775,1507,-997,256,-387,201,-1373,-1864,-18,-100]]]
3180423	n	9.9545,44.0319,10.3862,44.3061	[[[99545,440483,82,-36,100,10,80,42,34,56,44,43,100,-17,163,-60,205,-43,318,-158,3178,1381,12,5,-104,160,-158,190,-182,178,-206,165,-228,149,-246,132,-263,114,-278,95,-289,75,-297,54,-304,32,-306,11,-306,-11,-304,-32,-297,-54,-229,-60,-319,-2421]]]
3182179	n	14.5204,40.9074,15.0782,41.3555	[[[145204,412408,470,-1914,1034,-1278,1556,-138,44,-4,74,8,284,54,275,75,265,95,250,114,235,132,217,149,197,165,174,178,151,190,125,201,98,209,71,215,43,219,15,222,-15,222,-43,219,-71,215,-98,209,-125,201,-151,190,-174,178,-197,165,-217,149,-235,132,-250,114,-265,95,-275,75,-284,54,-290,32,-96,4,-1433,-199,-169,-61,-250,-114,-235,-132,-217,-149,-197,-165,-174,-178,-117,-148]]]
3164376	n	8.5567,45.0839,9.0633,45.46	[[[85567,452209,117,-175,161,-190,187,-178,210,-165,179,-115,1590,-518,176,-18,313,-11,313,11,66,7,1754,2460,-553,681,-605,476,-1120,126,-108,0,-2680,-2391]]]
3170921	p	3172394
3174921	n	8.8355,45.4474,9.0814,45.7275	[[[88355,454600,1120,-126,1213,1684,126,512,-1376,605,-51,-11,-322,-350,-710,-2314]]]
3174092	n	15.6476,41.4478,16.1641,41.8561	[[[156476,416483,1653,-1954,1705,-51,-223,117,-275,199,-218,235,-155,335,-49,405,87,378,252,253,1022,399,357,216,265,245,175,116,204,49,182,63,182,127,-117,119,-198,165,-219,149,-237,132,-253,114,-266,95,-278,75,-286,54,-291,32,-295,11,-295,-11,-291,-32,-286,-54,-278,-75,-266,-95,-253,-114,-237,-132,-219,-149,-198,-165,-175,-178,-8,-10,-218,-1063]]]
3176854	n	12.4065,42.7424,13.0068,43.1761	[[[124065,428842,100,-207,129,-201,155,-190,179,-178,202,-165,224,-149,139,-76,3018,-252,235,82,259,114,241,132,224,149,202,165,179,178,155,190,129,201,101,209,73,215,44,219,15,222,-15,222,-44,219,-73,215,-101,209,-129,201,-155,190,-179,178,-202,165,-224,149,-241,132,-259,114,-272,95,-283,75,-292,54,-298,32,-301,11,-167,-6,-2768,-2913]]]
3170027	n	15.514,40.4139,16.1061,40.8662	[[[155140,406400,15,-222,42,-219,71,-215,98,-209,124,-201,149,-190,173,-178,195,-165,215,-149,234,-132,249,-114,262,-95,274,-75,282,-54,287,-32,290,-11,290,11,287,32,282,54,274,75,262,95,249,114,234,132,215,149,195,165,173,178,149,190,124,201,98,209,71,215,42,219,15,222,-15,222,-42,219,-71,215,-98,209,-124,201,-149,190,-173,178,-195,165,-215,149,-234,132,-249,114,-262,95,-274,75,-282,54,-287,32,-290,11,-290,-11,-287,-32,-282,-54,-274,-75,-262,-95,-249,-114,-234,-132,-215,-149,-195,-165,-173,-178,-149,-190,-124,-201,-98,-209,-71,-215,-42,-219,-15,-222]]]
3173180	p	3165524
3177700	n	7.2357,44.1639,7.8643,44.6162	[[[72357,443900,15,-222,46,-219,75,-215,103,-209,132,-201,159,-190,184,-178,207,-165,228,-149,248,-132,265,-114,278,-95,291,-75,299,-54,305,-32,308,-11,308,11,153,16,286,135,276,-36,180,46,278,95,265,114,248,132,228,149,207,165,184,178,159,190,132,201,103,209,75,215,46,219,15,222,-15,222,-46,219,-75,215,-103,209,-132,201,-159,190,-184,178,-207,165,-228,149,-248,132,-265,114,-278,95,-291,75,-299,54,-305,32,-308,11,-308,-11,-305,-32,-299,-54,-291,-75,-278,-95,-265,-114,-248,-132,-228,-149,-207,-165,-184,-178,-159,-190,-132,-201,-103,-209,-75,-215,-46,-219,-15,-222]]]
3182007	n	16.4035,41.0407,16.5552,41.2636	[[[164035,411971,144,-1564,1373,1864,-8,4,-158,119,-179,107,-604,125,-23,10,-545,-665]]]
11288641	p	3165524
2524119	n	14.5552,36.6984,15.0407,36.9759	[[[145552,367804,107,-21,163,30,179,-92,588,-183,127,-101,130,-177,597,-69,166,-129,125,38,27,-23,47,-83,661,269,353,44,364,-108,376,-215,23,17,185,165,164,178,141,190,118,201,93,209,67,215,40,219,14,222,-14,222,-40,219,-67,215,-93,209,-118,201,-69,93,-51,-16,-3871,-1201,-532,-738]]]
3165803	n	13.3946,42.4339,13.9961,42.8861	[[[133946,426600,15,-222,44,-219,73,-215,94,-196,2670,-1403,158,-6,299,11,297,32,290,54,283,75,244,86,1548,2466,-156,241,-320,606,-124,124,-202,165,-222,149,-240,132,-257,114,-271,95,-283,75,-290,54,-297,32,-299,11,-299,-11,-297,-32,-290,-54,-283,-75,-271,-95,-257,-114,-240,-132,-222,-149,-202,-165,-178,-178,-154,-190,-128,-201,-101,-209,-73,-215,-44,-219,-15,-222]]]
3179075	n	15.6035,41.0439,16.0989,41.4529	[[[156035,412435,34,-176,72,-215,98,-209,126,-201,151,-190,174,-178,197,-165,217,-149,236,-132,251,-114,266,-95,276,-75,284,-54,290,-32,293,-11,293,11,290,32,284,54,276,75,266,95,251,114,34,19,295,1602,-336,1733,-436,104,-383,200,-1705,51,-2094,-2094]]]
3165322	n	16.3371,41.1971,16.458,41.3078	[[[163371,412764,664,-793,545,665,-1076,442,-133,-314]]]
3166548	n	11.0213,43.0939,11.6386,43.5461	[[[110213,433200,15,-222,44,-219,74,-215,102,-209,130,-201,155,-190,181,-178,203,-165,225,-149,243,-132,260,-114,274,-95,285,-75,294,-54,299,-32,303,-11,303,11,299,32,294,54,285,75,274,95,260,114,243,132,225,149,203,165,181,178,155,190,130,201,102,209,74,215,44,219,14,206,-3,6,-1,1,-660,1407,-36,36,-203,165,-225,149,-243,132,-260,114,-274,95,-285,75,-294,54,-299,32,-303,11,-303,-11,-299,-32,-294,-54,-285,-75,-274,-95,-260,-114,-243,-132,-225,-149,-203,-165,-181,-178,-155,-190,-130,-201,-102,-209,-74,-215,-44,-219,-15,-222]]]
3170116	p	3172394
3177363	p	3172394
3172729	n	13.8426,42.3374,14.1895,42.7063	[[[138426,424617,59,-173,100,-209,128,-201,154,-190,178,-178,201,-165,189,-127,2460,1603,-1141,1011,-65,108,-57,152,-620,736,-51,79,-1535,-2446]]]
2525628	n	13.337,37.8539,13.7636,38.1105	[[[133370,379005,145,-85,240,-114,253,-95,264,-75,271,-54,277,-32,280,-11,280,11,277,32,271,54,264,75,253,95,240,114,225,132,207,149,188,165,167,178,144,190,20,33,-369,42,-216,-4,22,35,5,11,41,28,-141,57,-467,74,-287,142,-353,239,-296,100,-101,71,-65,113,-16,94,20,172,-278,164,-756,-45,-1009,-2055]]]
3179337	n	14.6,40.637,14.8858,40.9216	[[[146000,406370,133,89,124,32,524,-25,123,25,296,177,221,68,1437,2080,-112,64,-250,114,-232,84,-1556,138,-71,-53,-628,-463,-9,-19,0,-2311]]]
3182640	n	13.9207,40.9433,14.2994,41.1616	[[[139207,410215,95,-74,351,-177,49,-65,248,-114,2595,-352,117,84,292,317,40,174,-2467,1608,-79,-36,-235,-132,-216,-149,-196,-165,-174,-178,-150,-190,-125,-201,-98,-209,-47,-141]]]
3164630	n	12.5751,41.5717,13.0807,41.8641	[[[125751,417388,2367,-1671,2639,781,36,180,14,222,-14,222,-43,219,-72,215,-100,209,-126,201,-151,190,-176,178,-198,165,-209,142,-2650,-288,-1317,-965]]]
3170206	p	3172394
3167731	n	15.0793,41.4875,15.6689,41.9152	[[[150793,416900,14,-222,43,-219,72,-215,100,-209,126,-201,151,-190,176,-178,198,-165,219,-149,237,-132,253,-114,88,-31,4006,1608,213,1040,-11,33,-100,209,-126,201,-151,190,-176,178,-198,165,-219,149,-237,132,-253,114,-267,95,-278,75,-104,19,-108,-14,-455,9,-438,74,-63,-2,-292,-32,-286,-54,-278,-75,-267,-95,-253,-114,-237,-132,-219,-149,-198,-165,-176,-178,-151,-190,-126,-201,-100,-209,-72,-215,-43,-219,-14,-222]]]
3166830	p	3172394
3181995	n	16.4135,40.9212,16.7998,41.1814	[[[164135,410261,3863,-1049,-245,2393,-817,209,-2775,-1507,-26,-46]]]
2524205	n	12.4728,37.5627,12.8737,37.853	[[[124729,377055,15,-26,146,-202,172,-172,174,-71,399,-6,143,-58,169,-141,415,-557,232,-171,384,-24,831,115,724,20,82,182,67,215,41,219,14,222,-14,222,-41,219,-67,215,-94,209,-119,201,-143,190,-166,178,-187,165,-206,149,-224,132,-104,50,-61,-5,-1,0,-62,-4,-72,-42,-2447,-1424]]]
3164603	n	12.1247,45.215,12.6366,45.6095	[[[121247,453083,56,-448,219,-115,269,-114,284,-95,165,-41,9,37,-97,61,-41,62,28,51,110,31,-43,176,8,145,-41,106,-199,57,45,-113,-25,-137,-77,-117,-110,-49,-119,42,-90,209,-107,91,54,213,84,27,114,-57,132,-40,213,26,75,71,46,109,113,135,-84,133,45,36,95,2,75,34,28,99,-7,72,18,73,98,97,-105,73,-24,88,39,94,90,93,-63,0,0,34,-1280,-1251]],[[122820,452167,162,-17,-2,4,93,153,-112,-41,-141,-99]],[[123092,454887,4,2,408,160,327,-4,-26,-97,129,-32,182,17,124,49,0,63,-336,95,-63,90,126,163,69,-212,67,0,74,55,172,-112,165,-5,0,62,-95,122,166,180,267,167,214,83,39,-142,78,-91,190,-142,69,8,255,128,120,35,-81,-129,-111,-84,-144,-46,-177,-14,-89,-66,-10,-140,-54,-123,-222,-19,0,74,103,-3,34,3,-4,9,-30,38,-34,29,-6,-13,-19,22,-101,-26,-109,-5,-113,9,137,-137,-68,-49,-49,-3,-41,41,-47,85,-68,0,-4,-92,-37,-47,-67,-13,-97,10,49,-91,-66,-109,-110,-129,-79,-149,134,19,277,123,364,63,81,37,168,100,990,258,249,84,-3,10,-106,209,-134,201,-162,190,-187,178,-211,165,-150,96,-1386,-295,-935,-913]],[[123166,454431,40,-133,166,-24,150,66,99,41,17,116,-166,91,-174,0,-132,-157]],[[123200,453542,15,-62,547,746,286,-3,134,-19,127,-47,-234,150,-183,28,-174,-86,-197,-194,-242,-332,-79,-181]]]
2522713	n	14.3617,36.7804,14.6653,37.1761	[[[143617,369794,82,-63,246,-281,813,-1401,115,-115,679,-130,532,738,569,2938,-28,14,-250,95,-259,75,-268,54,-273,32,-275,11,-190,-7,-1493,-1960]]]
3176391	n	8.4687,45.557,8.9388,45.7701	[[[84687,456600,1,-12,2316,-1018,2061,1344,322,350,-4291,437,-30,-35,-135,-201,-106,-209,-76,-215,-47,-219,-15,-222]]]
11288655	p	3165524
3168843	n	11.472,44.8661,12.108,45.2711	[[[114720,450700,15,-221,4530,-1818,134,45,268,114,250,132,232,149,209,165,186,178,160,190,134,201,105,209,76,215,46,219,15,222,-15,222,-46,219,-76,215,-105,209,-134,201,-160,190,-127,122,-63,10,-1367,218,-2535,405,-51,-17,-268,-114,-250,-132,-232,-149,-209,-165,-186,-178,-160,-190,-134,-201,-105,-209,-76,-215,-46,-219,-15,-222]]]
12022992	p	3165524
3180991	n	14.3699,41.3346,14.9701,41.7861	[[[143699,415600,14,-222,43,-219,72,-215,99,-209,126,-201,151,-190,176,-178,198,-165,218,-149,237,-132,252,-114,266,-95,278,-75,285,-54,292,-32,97,-4,57,8,3,1,1389,193,163,58,252,114,237,132,218,149,198,165,176,178,151,190,126,201,99,209,72,215,43,219,14,222,-14,222,-43,219,-72,215,-99,209,-126,201,-151,190,-176,178,-198,165,-218,149,-237,132,-252,114,-266,95,-278,75,-285,54,-292,32,-294,11,-294,-11,-292,-32,-285,-54,-278,-75,-266,-95,-252,-114,-237,-132,-218,-149,-198,-165,-176,-178,-151,-190,-126,-201,-99,-209,-72,-215,-43,-219,-14,-222]]]
3182997	n	6.9982,45.5139,7.6418,45.9457	[[[69982,457400,16,-222,46,-219,77,-215,106,-209,135,-201,162,-190,189,-178,212,-165,234,-149,253,-132,271,-114,286,-95,297,-75,306,-54,313,-32,315,-11,315,11,313,32,306,54,297,75,286,95,271,114,253,132,234,149,212,165,189,178,162,190,135,201,106,209,77,215,46,219,16,222,-16,222,-46,219,-77,215,-106,209,-135,201,-162,190,-189,178,-212,165,-234,149,-253,132,-271,114,-190,63,-589,-300,-320,-79,-751,56,-132,-31,-281,-122,-617,-176,-302,-40,-326,-4,-307,44,-148,62,-41,-33,-189,-178,-162,-190,-135,-201,-106,-209,-77,-215,-46,-219,-16,-222]]]
3175121	n	13.0961,42.1239,13.7039,42.5761	[[[130961,423500,15,-222,44,-219,72,-215,101,-209,127,-201,153,-190,178,-178,200,-165,221,-149,240,-132,256,-114,269,-95,281,-75,289,-54,295,-32,298,-11,298,11,295,32,289,54,281,75,269,95,256,114,240,132,221,149,200,165,178,178,153,190,127,201,101,209,72,215,44,219,15,222,-15,222,-44,219,-72,215,-99,206,-2651,1393,-158,6,-298,-11,-295,-32,-289,-54,-281,-75,-269,-95,-256,-114,-240,-132,-221,-149,-200,-165,-178,-178,-153,-190,-127,-201,-101,-209,-72,-215,-44,-219,-15,-222]]]
