250441	r	35.4576,31.2549,37.2539,32.1939	[[[354576,314523,1059,-41,-3,2,-1,12,-8,5,5,6,-9,9,21,10,-4,9,11,3,1,17,22,14,2,7,17,4,5,-2,-2,-2,119,-58,19,-18,1,-35,9,-12,140,-47,136,-32,81,-1,238,33,38,-2,75,-39,90,-75,42,-24,32,-14,56,-7,39,19,146,124,46,22,136,13,51,16,69,51,37,12,162,-40,95,1,62,12,105,36,40,-8,70,-45,64,-1,108,37,46,-9,101,-58,59,-15,38,1,121,-82,69,-25,53,-3,59,-23,211,-192,60,-41,51,-22,168,-10,85,62,13,15,44,-10,31,36,74,-24,33,-1,22,11,40,55,16,2,16,-8,52,-58,61,-22,77,-6,61,-12,235,-162,43,-13,33,20,24,4,16,-12,13,-30,-2,-36,22,-55,10,-77,17,-35,41,-139,24,-26,0,-25,30,-17,90,3,28,-5,12,-8,32,-57,29,-4,26,-34,21,-11,29,9,29,30,11,-31,38,-52,3,-59,63,-21,51,-42,41,-51,46,-40,155,-96,127,-102,120,-62,157,-111,61,-85,-9,-4,-10,-45,4,-25,11220,62,-140,173,-477,387,-1530,1518,-330,317,-2199,1955,-118,75,-57,48,-40,13,-59,0,-42,-11,-53,-26,-63,-17,-168,-33,-801,-213,-114,-17,-96,-2,-81,12,-83,46,-82,67,-103,111,-177,97,-142,107,-236,252,-158,144,-112,114,-87,117,-203,243,-146,112,-445,449,-73,83,-85,79,58,51,51,21,258,157,305,173,388,164,-137,147,-230,184,-111,107,-259,217,-121,56,-326,172,-272,127,-108,75,-80,11,-271,-74,-190,-90,-420,-297,-227,-29,-136,-26,-1011,-191,-65,95,-234,411,-31,12,-37,-51,-55,-37,-164,-59,-143,-34,-44,-18,-43,-32,-47,-59,-2,-2,-2,-2,-2,-1,0,1,-33,-22,-6,-2,-46,-12,-82,7,-18,2,-100,25,16,23,-11,16,-22,10,-22,31,-16,-4,-35,10,35,63,51,28,-25,46,-30,26,-73,32,-35,5,-30,33,-57,15,-46,29,3,79,-18,32,-47,14,-51,-11,-40,2,-23,15,-1,14,-15,1,-23,17,36,45,9,23,1,43,-17,0,-1,23,-50,42,-21,-15,-35,-1,-6,-9,-34,2,-78,44,-20,0,24,41,6,10,7,11,-2,4,-26,61,-27,18,-24,3,-28,27,-47,-1,-37,-14,-109,14,-31,-19,-32,0,-28,8,-26,149,-25,54,-134,102,-1,9,34,21,-14,33,-2,29,-1103,565,-2085,103,-9,-35,-44,-160,42,-119,0,-74,-82,-36,-45,-45,0,-54,53,-64,-168,-244,-6,-116,105,-124,-168,-117,-55,-173,19,-461,108,-235,22,-106,6,-137,17,-83,59,-110,-8,-80,-45,-46,-69,-17,-62,-29,-28,-82,95,-311,85,-80,192,-149,157,-99,-321,-44,36,-117,-108,-125,0,-74,211,-540,-318,-302,-251,-497,-224,-443,-159,-725,-55,-742,4,-16,1,-9,-5,-3,-6,3,4,-3,-9,-393]]]
250090	r	35.769,31.5006,37.7975,32.4036	[[[357690,321836,1103,-565,2,-29,14,-33,-34,-21,1,-9,134,-102,25,-54,26,-149,28,-8,32,0,31,19,109,-14,37,14,47,1,28,-27,24,-3,27,-18,28,-65,-37,-62,20,0,78,-44,34,-2,6,9,35,1,21,15,50,-42,1,-23,17,0,-1,-43,-9,-23,-36,-45,23,-17,15,-1,1,-14,23,-15,40,-2,51,11,47,-14,18,-32,-3,-79,46,-29,57,-15,30,-33,35,-5,73,-32,30,-26,25,-46,-51,-28,-35,-63,35,-10,16,4,22,-31,22,-10,11,-16,-16,-23,100,-25,100,-9,52,14,33,22,0,-1,2,1,2,2,2,2,47,59,43,32,44,18,143,34,164,59,55,37,37,51,31,-12,234,-411,65,-95,1011,191,136,26,227,29,420,297,190,90,271,74,80,-11,108,-75,272,-127,326,-172,121,-56,259,-217,111,-107,31,-24,199,-160,137,-147,-388,-164,-305,-173,-258,-157,-51,-21,-58,-51,85,-79,73,-83,445,-449,146,-112,203,-243,87,-117,112,-114,158,-144,236,-252,142,-107,177,-97,103,-111,82,-67,83,-46,81,-12,96,2,114,17,801,213,168,33,63,17,53,26,42,11,59,0,40,-13,57,-48,118,-75,2199,-1955,783,198,77,15,18,9,865,230,2013,488,71,31,144,40,2122,549,245,69,387,86,324,91,864,219,-4671,1437,-7898,2321,-781,229,-78,52,-67,76,-44,28,-28,57,-18,167,-23,68,-115,64,-145,16,-122,-14,-80,-22,-115,25,-82,-6,-342,-53,-151,-122,-192,2,-194,-36,-102,26,-241,129,-352,228,-125,71,-106,90,-33,-33,-11,-82,-29,-44,8,-47,-17,-29,-26,0,-46,14,-117,10,-30,-20,-56,-37,-46,-19,-60,1,-37,-25,-27,-63,-52,-43,-62,6,-62,26,-41,30,-70,32,-155,57,-89,61,-47,68,-11,120,-16,16,-61,4,-30,-6,-21,-10,-64,-64,-58,30,-97,29,-106,16,-59,-2,-24,7,-10,23,7,30,-27,15,-1,33,-124,17,-15,37,-5,205,-119,72,-181,42,-50,42,-35,18,-74,119,-24,54,20,73,-66,69,-55,97,-42,17,-47,-7,-22,50,-26,0,-45,-11,-58,46,30,84,43,26,8,18,32,21,27,34,66,-26,57,-6,5,16,-41,32,-26,35,16,18,30,75,35,-6,31,18,4,34,55,79,3,31,21,14,43,3,76,20,34,-6,29,9,105,91,18,49,3,39,10,11,26,85,-28,49,-21,3,0,15,-81,9,-48,-8,-45,1,-66,26,-148,39,-49,32,-28,82,-16,82,-83,-26,-81,-61,-42,-17,-68,-55,-77,-45,-17,-41,8,-34,-30,-15,-92,25,-60,-12,-9,23,10,-27,-29,-36,-55,0,-40,-13,-79,-64,-27,-7,-113,-67,-76,-28,-11,-49,-20,-13,-25,1,-756,-1639]]]
248946	r	35.5451,32.1836,36.0889,32.7564	[[[355451,324096,32,-79,-20,-11,25,-20,-2,-13,14,-21,-4,-21,42,-13,17,-37,32,-22,11,6,12,-18,12,-33,-4,-10,-26,5,-4,-16,16,-16,26,10,0,-23,8,-16,-6,-35,7,-20,-6,-14,-39,0,0,69,-74,0,0,-69,9,-17,1,-1,13,-23,-7,-26,3,-22,8,-8,16,-2,7,-12,-23,-20,25,-33,-2,-46,1,1,-33,-35,19,-39,-1,-37,4,-13,7,-4,-1,-34,-19,-11,6,-36,-22,-42,5,-7,29,1,4,-10,33,-21,12,-24,-2,-26,26,-35,-39,-44,6,-12,-6,-10,-34,-17,-14,-31,4,-8,56,-20,-2,-129,15,-81,-14,-7,-26,2,-9,-8,14,-43,12,-12,-9,-19,4,-10,39,-15,14,-21,-5,-30,-20,-13,3,-60,28,-17,3,12,11,8,23,6,17,-7,-33,-16,-38,-27,-27,-37,-17,-55,131,0,-120,-437,2085,-103,756,1639,25,-1,20,13,11,49,76,28,113,67,27,7,79,64,40,13,55,0,29,36,-10,27,9,-23,60,12,92,-25,30,15,-8,34,17,41,77,45,68,55,42,17,81,61,83,26,16,-82,28,-82,49,-32,148,-39,66,-26,45,-1,48,8,101,-11,26,5,70,154,-18,18,4,31,24,51,7,40,-24,69,-41,42,-48,35,-30,46,-1,51,14,30,7,43,-25,39,-168,132,-28,38,20,27,93,-39,54,-8,43,11,25,16,21,-1,9,-20,8,-72,23,-26,28,5,7,14,-6,39,27,30,3,47,16,8,54,-31,102,-74,128,-63,43,-18,46,-9,41,10,14,63,27,31,47,105,31,52,19,63,67,103,51,140,102,133,14,33,-36,-9,6,7,-40,1,-29,0,12,30,-18,28,-5,23,5,34,-18,52,29,47,7,62,-38,22,-16,25,-20,49,3,50,-30,87,-60,75,-9,16,1,16,-5,7,-32,6,-57,43,-50,24,-61,51,-127,62,-16,32,-28,31,-7,43,13,21,-19,33,2,20,38,218,12,6,-4,26,-11,7,-7,126,-29,17,-1,28,-17,9,-13,-9,-37,1,-143,33,-217,-9,-135,19,-8,3,-1,17,-8,4,-16,-6,-39,36,-57,86,-74,56,-19,45,4,13,16,10,1,30,14,8,-10,13,-33,27,-48,2,3,21,-6,8,-18,-4,-9,6,18,48,-7,21,15,9,0,7,-25,36,-7,60,-22,29,-28,-9,-11,14,-56,12,-24,-21,-30,18,-10,-13,10,-18,-16,-6,-29,12,-22,32,-11,5,-71,-41,-4,11,15,28,-9,8,-10,-1,-23,-21,-1,-15,-18,-20,-116,-3,-18,10,-99,133,-20,13,-78,5,-88,-29,-45,9,-9,-16,4,-18,37,-24,-11,-15,-14,0,-58,54,-36,16,-25,-11,-12,-25,-29,-12,-29,-3,-13,15,-39,16,-42,42,-50,12,-104,5,-11,11,-3,21,17,18,-17,10,-23,-10,-11,-30,-18,-19,-31,3,-4,38,-13,26,-41,11,-9,15,18,16,58,20,2,14,-20,18,-9,21,-33,22,-69,-42,-8,-26,-27,-22,-24,-2,-8,6,-29,1,-10,7,-37,-10,-1,-1,-46,7,-46,-9,-12,6,-39,-6,-45,-22,-9,-13,-144,-32,-550,-293,-74,-55,-22,-1,-6,-9,9,-5,-239,-180,-103,-45,-42,22,-25,23,-13,-4,-23,-21,-31,-38,-150,15,-10,1,-5,4,4,-4,-184,-111,-151,-170,-83,-62,-63,5,-28,-18,2,-9,13,-5,5,-1,-6,-2,-22,-33,-5,-82,28,-50,-13,-30,29,1,31,-26,45,-72,-64,0,0,-75,21,-32,-10,-3,-3,-8,8,-66,19,-6,23,18,30,-250,5,-13,17,-36,-11,-20,-12,-3,-20,12,-4,-1,-9,-1,-6,-12,3,-3,0,-1,23,-36,39,-42,-4,-14,-7,-8,-14,-6,-5,23,-14,37,-23,-36,-46,-107,-49,54,-13,15,4,-25,19,-115,-8,-6,-5,-10,3,-26,-8,-35,34,-13,11,-33,8,-1,4,-10,-136,0,0,-68,36,4,1,-1,0,-20,-32,-24,13,-15,6,3,32,-16,4,-14,23,-10,-9,-14,5,-8,18,12,-5,51,12,10,21,-76,-33,-28,-34,-5,5,-16,61,-5,16,-32,14,-5,26,19,18,-14,33,-12,20,-21,16,-39,-77,-20,-60,-53,-37,-68,-19,-67,34,-20,-3,-17,13,-11,-17,-5,3,-16,15,-16,22,-1,7,-9,10,12,20,-10,7,8,11,-9,-7,-4,4,-6,12,-6,0,-22,-8,-10,-55,-31,-68,-26,62,-68,-136,-75,21,-17,21,3,9,-4,-1,-1,-6,-34,-9,0,2,-15,-37,0,0,-62,-2,-8,-3,-25,11,-13,33,1,10,4,12,-10,-1,-12,-14,-16,20,-17,-37,-24,-98,-16]]]
7838895	p	250090
248583	p	250441
248460	p	250441
246013	p	250441
250336	p	248946
13286467	p	250441
250799	p	248946
250258	p	250441
250774	r	34.9494,29.19,36.0306,30.7623	[[[349494,293517,1109,-170,1188,-180,1555,-236,1390,-210,1484,-224,1183,-180,569,-86,1153,-174,1039,-157,142,4,-282,47,-328,31,-570,108,-27,1,-16,9,-391,39,-493,61,-417,92,3,57,-31,113,-53,273,-71,192,-34,66,-29,128,-74,157,-33,88,-7,193,-52,370,-46,527,-5,125,39,182,49,313,8,60,-1,67,-58,131,-7,97,-19,428,-22,203,21,315,-8,85,-53,163,-45,177,-105,310,-45,206,-29,98,-45,114,-83,170,-292,425,-365,381,-62,92,-136,112,-65,41,-62,51,-63,94,-59,113,-69,197,-71,164,-93,129,-102,160,-24,13,-149,23,-118,29,-542,33,-141,-6,-115,-15,-143,-9,-117,-1,-87,8,-277,-7,-644,42,85,167,1,103,130,360,14,153,-16,51,-95,199,-1,50,27,68,52,51,158,108,169,154,100,122,100,188,43,55,132,120,30,46,212,363,33,83,23,85,12,88,1,89,-10,88,-21,86,-31,83,-41,79,-51,73,-132,140,-22,36,-12,39,-4,41,6,42,15,38,75,128,39,87,3,227,31,315,17,53,25,49,34,45,40,37,47,30,132,44,103,59,82,68,30,53,16,68,-1,92,-35,86,-86,163,5,69,52,91,80,117,72,99,82,90,53,106,18,119,9,128,1,156,-13,181,16,293,-158,-3,-350,-24,-141,10,-116,31,-76,66,-55,60,-74,93,-80,119,-79,92,-63,42,-108,47,-148,142,-72,91,-154,247,-194,267,-25,64,-10,9,-124,-3,-13,-271,-82,-120,76,-42,-2,-64,-33,-26,-86,7,-51,-89,-29,-115,-57,-55,27,-44,-81,-76,33,-46,-21,-77,-26,-34,-276,-255,-115,-122,-33,-111,-73,-141,-76,-119,-1,-335,-88,-145,-19,-351,-69,-111,-48,-164,-195,-301,-1,-227,38,-179,227,-450,36,-96,-268,-309,-105,-85,-87,-247,28,-151,14,-139,-50,-116,59,-269,3,-120,-49,-183,-19,-216,104,-76,-40,-114,99,-92,-31,-58,44,-61,-47,-83,-43,-200,-16,-116,-58,-198,-151,-12,-52,-66,-145,113,-247,-323,-116,-394,-6,-120,-19,-44,-19,-45,-49,-77,-39,-87,-74,-339,-9,-608,-42,-203,-465,-1092,-57,-192,19,20,66,222,87,-3,5,58,4,70,43,-9,14,49,22,-4,-14,-50,7,-1,-117,-420,-11,2,-19,-67,-132,-93,7,58,-9,-11,-42,-440,-69,-183,57,1,-37,-216,103,-17,-37,-68,-51,22,-27,-32,-31,-99,-63,-117,-141,62,-3,-11,-15,-93,0,-1,39,4,40,-27,20,-1,16,15,-12,17,11,25,-5,0,19,5,24,-8,-10,-19,16,-13,-17,-23,-1,-21,20,-25,11,6,0,36,7,-1,1,16,23,14,-4,-265,-1,-61,-6,-13,16,-8,2,-24,0,19,12,-7,-1,-12,2,11,9,0,53,-29,4,-7,-5,-5,10,2,38,-11,20,-21,-5,-7,11,1,29,-18,8,-133,-4,-8,-7,3,-21,-56,-185,-349,-71,-262,-2,-30,-13,-12,11,-17,-34,-463,-1,-1,1,-1,0,-5,-12,-5,11,3,-1,-11,1,0,-2,-24,-3,0,-4,23,0,-34,6,-7,-10,-133,-8,-9,-10,0,0,-8,8,2,8,-14,-5,-65,-28,-11,0,-6,16,0,1,-10,-16,-2,23,-35,-3,-35,-130,-81],[349895,296263,83,-24,-14,-41,-67,17,-2,48]]]
11428685	n	38.4655,33.0839,38.8546,33.3635	[[[384655,332000,111,-156,157,-178,177,-165,195,-149,212,-132,226,-114,239,-95,248,-75,256,-54,261,-32,263,-11,263,11,261,32,256,54,248,75,239,95,226,114,53,33,-336,1037,-438,1345,-89,-63,-25,-6,-55,1,-22,-8,-299,-182,-272,-132,-89,-56,-105,-43,-97,-63,-814,-418,-149,-87,-1101,-578]]]
13308287	p	250441
248370	p	250441
250582	r	35.9251,31.7031,39.2999,33.3734	[[[359252,322908,58,-46,45,11,26,0,22,-50,47,7,42,-17,55,-97,66,-69,-20,-73,24,-54,74,-119,35,-18,50,-42,181,-42,119,-72,5,-205,15,-37,124,-17,1,-33,27,-15,-7,-30,10,-23,24,-7,59,2,106,-16,97,-29,58,-30,64,64,21,10,30,6,61,-4,16,-16,11,-120,47,-68,89,-61,155,-57,70,-32,41,-30,62,-26,62,-6,52,43,27,63,37,25,60,-1,46,19,86,57,117,-10,46,-14,26,0,17,29,-8,47,29,44,11,82,33,33,106,-90,125,-71,352,-228,241,-129,102,-26,194,36,192,-2,151,122,342,53,82,6,115,-25,80,22,122,14,145,-16,115,-64,23,-68,18,-167,28,-57,44,-28,67,-76,78,-52,781,-229,7898,-2321,4671,-1437,738,185,677,161,206,59,117,15,127,-6,6,2,209,65,190,76,153,47,196,41,239,68,2472,612,205,55,1277,308,790,197,125,38,968,239,2790,665,187,56,155,27,261,65,748,584,187,156,117,79,677,529,216,189,991,763,-406,1239,-2165,-515,-582,1754,1003,239,-809,2432,8,12,-1249,3722,-869,2545,-62,-32,-96,-67,438,-1345,336,-1037,-53,-33,-226,-114,-239,-95,-248,-75,-256,-54,-261,-32,-263,-11,-263,11,-261,32,-256,54,-248,75,-239,95,-226,114,-212,132,-195,149,-177,165,-157,178,-111,156,-379,-199,-133,-56,-173,-50,-212,-27,-87,-21,-38,-16,-130,-215,-515,-297,-352,-187,-267,-119,-101,-54,-164,-103,-255,-133,-922,-506,-402,-205,-99,-63,-142,-70,-854,-460,-429,-242,-121,-39,-92,-58,-268,-141,-48,-6,-35,-38,-113,-60,-133,-83,-219,-117,-14,-13,-24,-44,-79,-250,-72,-113,-54,-105,-86,-107,-7,-18,-110,-42,-34,-29,-31,-55,-57,-41,-78,-2,-55,-15,-30,2,-65,-27,-101,3,-41,-30,-50,-16,-85,-48,-30,-10,-51,3,-49,-13,-82,-7,-109,-23,-54,8,-64,0,-101,-25,-130,-18,-79,-4,-211,-44,-159,-21,-110,2,-16,-13,-30,-51,3,-24,-5,-2,-22,-5,-100,5,-147,-30,-17,2,-131,-39,-111,-163,-51,-42,-79,-37,-62,-17,-48,-21,-40,-67,-662,-358,-1477,-800,-24,7,-37,29,-21,9,-36,3,-82,-36,-113,-26,-125,-46,-34,-7,-45,0,-91,-23,-170,-180,-57,-97,-44,-34,-110,-55,-77,-58,-122,-148,28,35,-181,-98,-2,-1,-1531,-845,-311,-180,221,51,-341,-188,-88,2,-24,-8,-68,-58,-40,-51,-210,-114,-26,-24,-229,-125,-292,-287,-538,89,-32,-6,-220,-2,-80,13,-115,-1,-60,-28,-109,-26,-23,-26,-136,30,-35,19,-30,39,-87,34,-29,89,-10,7,-19,-3,-45,7,-177,38,-56,1,-57,37,-554,57,-45,5,-2,0,-322,33,-148,28,-272,21,-44,-1,-63,7,-30,8,-47,6,-64,32,-33,32,-55,13,-12,-3,-32,22,-50,18,-100,4,-155,17,-105,-14,-26,3,-10,10,-33,9,-17,-4,-20,8,-13,-6,-20,7,-4,11,-100,13,-63,0,-76,19,-21,19,-22,41,-63,15,-66,35,-47,53,-74,39,-89,85,-60,46,-35,43,-53,39,-34,38,-38,23,-22,38,-58,23,-27,35,-42,32,-102,102,-36,22,-2,14,-51,38,-20,25,-41,0,-27,8,-52,58,-23,4,-31,16,-15,23,-18,4,-15,15,-68,32,-41,31,-276,156,-31,20,1,17,-23,15,-28,8,-9,-26,-32,0,-34,-19,-52,-15,-20,1,-15,9,-174,147,1,13,16,12,6,49,-17,1,8,95,-32,5,0,19,-15,4,-1,-20,-31,5,-50,-37,-25,-3,-22,-9,-98,46,-52,-14,-107,-82,-25,26,-14,34,-12,6,-24,-8,-65,12,-160,-2,-92,11,-110,-36,-73,-17,-71,-7,-35,-21,-45,-11,-14,-33,-102,-133,-51,-140,-67,-103,-19,-63,-31,-52,-47,-105,-27,-31,-14,-63,-35,-9,-6,-1,-46,9,-43,18,-128,63,-102,74,-54,31,-16,-8,-3,-47,-27,-30,6,-39,-7,-14,-28,-5,-23,26,-8,72,-9,20,-21,1,-25,-16,-43,-11,-54,8,-93,39,-20,-27,28,-38,168,-132,25,-39,-7,-43,-14,-30,1,-51,30,-46,48,-35,41,-42,24,-69,-7,-40,-24,-51,-4,-31,18,-18,-56,-132,-14,-22,-26,-5,-20,2,0,-15,21,-3,28,-49,-26,-85,-10,-11,-3,-39,-18,-49,-105,-91,-29,-9,-34,6,-76,-20,-43,-3,-21,-14,-3,-31,-55,-79,-4,-34,-31,-18,-35,6,-30,-75,-16,-18,26,-35,41,-32,-5,-16,-57,6,-66,26,-27,-34,-32,-21,-8,-18,-43,-26,-30,-84]]]
10861986	p	250090
248382	r	35.111,29.1834,37.9972,31.2611	[[[351110,300663,145,-113,52,66,151,12,58,198,16,116,43,200,47,83,-44,61,31,58,-99,92,40,114,-104,76,19,216,49,183,-3,120,-59,269,50,116,-14,139,-28,151,87,247,105,85,268,309,-36,96,-227,450,-38,179,1,227,34,53,-196,-29,-58,-135,0,-240,50,-103,143,-203,28,-142,-21,-139,-55,-107,-67,-103,-60,-125,-94,-521,-72,-172,-4,-286,205,-612,0,-315,-163,-337,-180,-234]],[[353151,299769,644,-42,277,7,87,-8,117,1,143,9,115,15,141,6,542,-33,118,-29,149,-23,24,-13,102,-160,93,-129,71,-164,69,-197,59,-113,63,-94,62,-51,65,-41,136,-112,62,-92,365,-381,292,-425,83,-170,45,-114,29,-98,45,-206,105,-310,45,-177,53,-163,8,-85,-21,-315,22,-203,19,-428,7,-97,58,-131,1,-67,-8,-60,-49,-313,-39,-182,5,-125,46,-527,52,-370,7,-193,33,-88,74,-157,29,-128,34,-66,71,-192,53,-273,31,-113,-3,-57,417,-92,493,-61,391,-39,16,-9,27,-1,570,-108,328,-31,704,-117,100,56,154,136,208,109,328,185,243,207,365,335,371,265,382,255,101,57,123,81,210,211,26,10,78,60,58,25,234,150,159,52,102,-14,123,43,140,77,75,66,63,7,122,97,108,221,140,118,62,87,120,123,154,131,123,89,73,70,200,319,12,143,19,31,165,182,491,500,85,51,14,22,55,160,78,187,46,136,-7,46,10,24,236,334,132,216,93,57,459,339,238,315,33,87,16,86,110,142,30,65,61,94,33,8,38,28,49,-6,19,12,56,4,490,106,785,141,1094,198,83,-1,36,12,11,13,16,3,13,-4,227,46,24,6,233,42,166,21,6,10,24,4,13,-8,317,60,239,51,364,66,1339,242,46,8,1391,244,94,23,153,417,1156,2342,292,559,3315,1681,-356,370,-287,386,-293,301,-2699,2717,-28,16,-198,207,-147,129,-25,33,-73,67,-30,45,-93,93,-279,240,-27,44,-256,276,-44,38,-116,122,-332,323,-96,86,-330,356,-137,126,-63,71,-43,38,-108,126,-459,424,-116,119,-36,22,-51,69,-421,427,-55,78,-102,93,-132,162,-11220,-62,23,-137,-35,-329,1,-213,17,-33,92,-100,404,-372,77,-78,260,-208,23,-39,4,-20,-5,-48,-22,-84,-272,-434,-160,-287,-75,-171,-132,-207,-259,-494,-130,-284,-119,-238,-66,-185,-34,-74,-116,-249,5,-2,-93,-180,-100,-219,-439,-826,-64,-159,-46,-144,-69,-158,-66,-120,-683,28,-346,30,-185,-3,-358,10,-62,-115,-39,-95,-39,-53,-323,-12,-74,23,-127,6,-408,-1,-342,-14,-69,-37,-20,-48,11,-54,1,-41,-44,-29,-137,30,-206,-92,-98,-8,-71,24,-68,105,-84,34,-599,-1,-205,67,-116,23,-248,13,-15,-270,13,-181,-1,-156,-9,-128,-18,-119,-53,-106,-82,-90,-72,-99,-80,-117,-52,-91,-5,-69,86,-163,35,-86,1,-92,-16,-68,-30,-53,-82,-68,-103,-59,-132,-44,-47,-30,-40,-37,-34,-45,-25,-49,-17,-53,-31,-315,-3,-227,-39,-87,-75,-128,-15,-38,-6,-42,4,-41,12,-39,22,-36,132,-140,51,-73,41,-79,31,-83,21,-86,10,-88,-1,-89,-12,-88,-23,-85,-33,-83,-212,-363,-30,-46,-132,-120,-43,-55,-100,-188,-100,-122,-169,-154,-158,-108,-52,-51,-27,-68,1,-50,95,-199,16,-51,-14,-153,-130,-360,-1,-103,-85,-167]]]
248875	p	250090
250198	n	35.3406,30.6145,35.8616,31.0023	[[[353406,308124,29,-165,62,-215,86,-209,110,-201,132,-190,153,-178,172,-165,191,-149,206,-132,220,-114,232,-95,242,-75,249,-54,254,-32,119,-5,284,0,109,5,254,32,249,54,242,75,232,95,220,114,206,132,191,149,172,165,153,178,132,190,110,201,86,209,62,215,38,219,13,222,-13,222,-38,219,-62,215,-20,48,-17,23,-53,25,-16,19,26,78,-6,16,-32,58,-64,11,-98,-6,-137,3,-343,150,-84,84,-28,11,-125,21,-189,50,-99,39,-133,73,-42,11,-73,5,-95,-22,-56,-4,-72,66,-85,25,-69,14,-93,0,-104,-9,-54,8,-82,39,-45,12,-41,-17,-105,-18,-68,4,-139,42,-145,64,-21,-12,-417,26,-521,1,-17,-109,-15,-346,-13,-63,-4,-68,11,-21,37,-27,-1,-40,-38,-29,-76,-16,-19,-33,7,-63,-13,-39,-52,-65,-84,-67,-67,-38,-98,-10,2,-23,34,-66,2,-28,-64,-92,-26,-93,21,-138,-5,-24,-54,-114,-69,-85,-42,-94,-17,-62,-15,-189,-7,-23,-35,-33,-48,-4,-75,35,-88,81,-173,5,-251,111]],[[353462,308936,81,147,169,185,104,5,125,-7,38,48,41,18,145,177,16,173,0,341,-31,-24,-172,-165,-126,-146,1,-55,-112,-182,-102,-84,-56,-102,-86,-209,-35,-120]]]
6946409	r	35.3299,30.7892,36.2185,31.458	[[[353299,308415,33,-118,42,-107,37,-35,-7,-29,253,-113,173,-5,88,-81,75,-35,48,4,35,33,7,23,15,189,17,62,42,94,69,85,54,114,5,24,-21,138,26,93,64,92,-2,28,-34,66,-2,23,98,10,67,38,84,67,52,65,13,39,-7,63,19,33,76,16,38,29,1,40,-37,27,-11,21,4,68,13,63,15,346,17,109,521,-1,417,-26,21,12,145,-64,139,-42,68,-4,105,18,41,17,45,-12,82,-39,54,-8,104,9,93,0,69,-14,85,-25,72,-66,56,4,95,22,73,-5,42,-11,133,-73,99,-39,189,-50,125,-21,28,-11,84,-84,343,-150,137,-3,98,6,74,-12,24,-29,9,-31,-31,-91,16,-19,53,-25,49,-64,35,-23,45,-16,61,9,18,-14,-5,-94,11,-55,39,-6,19,11,17,19,12,46,35,17,38,-11,21,-19,25,-44,22,-64,52,-7,92,42,25,25,-6,17,52,12,39,-1,164,-55,57,-33,71,-25,38,8,36,29,40,-4,35,10,17,12,63,-30,33,0,31,11,85,74,1079,-390,34,74,66,185,119,238,130,284,259,494,132,207,75,171,160,287,272,434,22,84,5,48,-4,20,-23,39,-260,208,-77,78,-404,372,-92,100,-17,33,-1,213,35,329,-23,137,-4,25,10,45,9,4,-61,85,-157,111,-120,62,-127,102,-155,96,-46,40,-41,51,-51,42,-63,21,-3,59,-38,52,-11,31,-29,-30,-29,-9,-21,11,-26,34,-29,4,-32,57,-12,8,-28,5,-90,-3,-30,17,0,25,-24,26,-41,139,-17,35,-10,77,-22,55,2,36,-13,30,-16,12,-24,-4,-33,-20,-43,13,-235,162,-61,12,-77,6,-61,22,-52,58,-16,8,-16,-2,-40,-55,-22,-11,-33,1,-74,24,-31,-36,-44,10,-13,-15,-85,-62,-168,10,-51,22,-60,41,-211,192,-59,23,-53,3,-69,25,-121,82,-38,-1,-59,15,-101,58,-46,9,-108,-37,-64,1,-70,45,-40,8,-105,-36,-62,-12,-95,-1,-162,40,-37,-12,-69,-51,-51,-16,-136,-13,-46,-22,-146,-124,-39,-19,-56,7,-32,14,-42,24,-90,75,-75,39,-38,2,-238,-33,-81,1,-136,32,-140,47,-9,12,-1,35,-19,18,-119,58,2,2,-5,2,-17,-4,-2,-7,-22,-14,-1,-17,-11,-3,4,-9,-21,-10,9,-9,-5,-6,8,-5,1,-12,3,-2,-1059,41,-5,-188,-2,-100,-40,-227,-178,-402,-186,-288,74,-72,-13,-176,-160,-255,-31,-76,-7,-24,-71,-138,55,-274,95,-257,106,-201,149,-250,70,-273,-47,-285,-80,-135,175,-63,-26,-62,-27,-50,-153,-225,-14,-54,-78,-407,-1,-359,-16,-173,-145,-177,-41,-18,-38,-48,-125,7,-104,-5,-169,-185,-109,-198,-103,-213,-16,-63,-16,-194]]]
