184745	r	36.4454,-1.7061,37.4077,-0.7661	[[[364454,-13500,10,-222,33,-219,53,-215,75,-209,33,-71,2,1,4,-87,33,-219,53,-215,75,-209,94,-201,113,-190,131,-178,149,-165,163,-149,177,-132,189,-114,199,-95,208,-75,214,-54,200,-29,1268,271,1609,-782,61,-3,220,11,218,32,214,54,208,75,199,95,29,18,-123,165,-34,36,-34,56,-198,263,1,1,-353,469,-143,223,-153,71,-40,70,40,157,-6,124,110,121,-32,102,59,128,-301,173,10,47,-78,18,-102,-39,-72,-1,-378,-276,-72,88,39,212,-328,-82,0,688,6,-9,43,-19,37,-7,59,-51,55,8,4,-15,-2,-11,7,-5,1,-5,4,0,4,-2,12,3,49,4,15,-5,6,6,30,2,23,-12,2,2,16,-6,9,-7,50,-16,22,-21,-1,-2,-44,-8,-79,-430,592,148,1494,-1493,143,79,400,1934,688,876,1,24,-10,222,-33,219,-53,215,-52,144,238,-24,73,-21,1004,1192,55,-55,18,-8,33,-32,22,-40,4,3,157,182,-6,12,13,5,10,39,-24,28,-60,-17,-45,11,-3,13,-22,32,-9,4,-16,30,-7,2,-31,42,-38,-12,-3,-11,-6,-3,-56,52,-33,-14,-40,51,4,8,-8,14,-24,15,-4,5,-8,28,-13,-2,-18,24,-29,-21,0,-5,-7,-6,-52,68,-34,31,-36,40,-35,28,-3,7,-5,-2,-56,43,-11,22,-27,6,-10,37,-29,16,-18,25,-4,18,-59,68,-13,13,-29,4,-2,18,-37,57,-1,0,-1,1,-118,-25,-33,-25,-13,-6,-22,-18,-8,-7,-40,-3,-99,71,0,3,-6,1,-37,-40,-7,-16,-10,-5,-3,-22,-8,-11,-16,8,-27,-3,-50,-31,-18,-53,-15,12,-20,4,-24,-14,-32,2,-124,-81,-22,14,-22,24,-31,6,-46,28,-3,7,-10,0,-21,12,-20,-24,6,-4,8,5,-20,-81,-17,1,-35,-13,-18,-13,-69,-25,-14,-11,7,-16,-16,10,0,8,-16,2,-17,-35,-1,0,-83,38,-16,-2,-15,8,-59,-16,-45,26,-30,-19,-29,-6,-16,-22,-9,-7,-2,1,-71,114,-18,16,-36,-16,2,21,-17,17,-9,2,-13,22,-67,20,-29,-27,-60,36,-38,-13,-43,26,-39,13,-24,0,-49,45,-8,2,-47,39,27,32,-9,6,-14,-3,-20,4,-26,55,-18,-1,-12,-32,18,-53,17,-18,13,-24,-6,-9,-16,-3,-2,-10,6,-10,-12,-19,-13,-24,-49,9,-23,-4,-18,-15,-16,-1,-14,4,-14,-7,-25,7,-16,17,-21,-6,-41,12,-55,33,-10,39,-28,57,-9,12,-13,5,-14,28,1,2,-7,8,-24,19,-43,7,-15,29,-39,26,-55,56,-67,43,-27,28,-18,0,-31,20,-13,26,-30,23,-3,15,-16,4,-47,53,-157,41,-95,176,-32,-2,-10,32,-72,36,-8,34,-111,55,-39,48,-41,-8,-52,63,-26,-10,-44,70,-44,68,7,33,-44,4,-6,25,-17,-19,-82,15,-46,83,-3,63,-76,-16,-1,38,-27,22,-39,-7,-36,37,-28,-22,-38,15,-47,75,-95,4,-67,57,-26,-14,-41,44,-44,-2,-67,92,-161,59,15,26,-42,-8,-140,118,-44,-7,8,17,-42,39,-30,-9,-24,47,-81,43,-204,-7,-44,40,-47,108,-66,28,2,21,-36,22,-58,0,-47,56,25,118,-34,131,32,-17,122,28,-120,130,-4,11,-942,-942,-836,-439,-12,-41,106,-131,-1,-54,172,-37,31,50,60,-53,-67,-133,46,-30,63,-123,26,-59,-2,-125,42,-83,46,6,12,-80,-3,-17,2,-24,-91,-412,28,-252,-196,-357,-28,-24,-26,14,-212,-257,-82,-283,-119,-431,-123,-442,-210,-275,80,-27,622,-121,472,-100,201,-31,205,-41,-2030,-203,-9,-60,-10,-222],[366569,-13016,17,0,23,-6,-40,6],[366609,-13022,21,-16,-3,-18,1,-8,-19,42],[366832,-13374,17,7,5,-4,-22,-3],[366854,-13371,11,-24,0,-8,-11,32],[366882,-13450,14,-18,2,-28,-16,46],[366952,-13540,23,14,57,3,-80,-17],[367111,-13592,27,-13,34,-40,-61,53],[367297,-13754,4,2,3,-8,-7,6],[367309,-13764,12,-4,11,-16,-23,20],[367333,-13784,28,-4,16,-14,19,2,27,-23,-90,39],[367503,-13852,9,9,17,-6,18,5,1,-5,-45,-3],[367641,-13860,10,2,10,-14,-20,12],[367693,-13890,12,5,10,-2,-19,-5,-3,2],[367771,-13873,4,3,21,3,1,0,-26,-6],[367810,-13864,10,-3,2,-11,-12,14],[367836,-13893,29,9,12,11,26,-11,-67,-9],[367903,-13884,29,29,11,1,-40,-30],[367943,-13854,16,-2,4,-26,-20,28],[367963,-13882,49,10,18,-16,-67,6],[368059,-13866,7,-5,-3,-22,-4,27],[368063,-13893,17,11,15,1,-32,-12],[368122,-13856,34,34,-29,-47,-5,13],[368156,-13822,45,8,2,-1,-47,-7],[368209,-13820,2,-1,-1,-1,-1,2],[368219,-13837,4,-2,-1,-5,-3,7],[368231,-13859,23,0,40,-21,-63,21],[368378,-13875,2,3,4,-2,-6,-1],[368418,-13872,1,2,23,2,2,-2,-26,-2],[368446,-13872,7,-5,-1,-4,-6,9]],[[373155,-9433,18,-61,111,5,-98,81,-31,-25]],[[373301,-9503,12,-52,120,-86,14,17,-146,121]],[[373335,-9788,54,-89,238,-24,440,-244,5,-7,5,6,-512,423,-98,-68,-132,3]]]
195272	r	34.344,-0.0545,35.1561,0.9004	[[[343440,4225,195,-200,154,6,74,-75,192,-99,158,-141,-2,-33,-36,-22,-210,-75,-112,-88,-9,-179,-7,-129,-6,-8,-2,-19,-92,-102,68,-34,146,-163,12,-58,-80,-69,128,-157,-26,-101,8,-130,-26,-37,-118,-48,62,-119,12,-113,-12,-119,-58,-141,184,80,82,113,178,141,76,-110,-98,-158,28,-69,114,-130,-68,-97,-62,-38,16,-45,86,-22,136,72,174,41,74,-18,48,-40,28,-104,-14,-26,-108,-71,-148,-11,12,-73,178,-49,22,-36,-40,-20,0,-77,204,-5,14,64,64,41,-38,71,14,33,74,-88,52,97,130,-8,68,94,82,38,40,3,94,-119,-36,-83,-60,-43,72,-20,58,-50,-26,-83,18,-76,-24,-37,42,-141,-16,-177,22,-72,-56,-23,-54,-260,-60,-52,8,-56,-76,-38,10,-41,52,-42,-82,-118,-84,-56,-50,-18,12,-26,114,-190,65,-89,1410,313,-3,21,11,26,2,38,43,24,30,8,42,-66,21,-18,181,40,2,3,16,37,26,27,82,20,38,-18,18,-28,670,148,34,33,28,24,60,20,20,25,100,88,36,6,40,-6,-99,-141,1193,265,4,15,8,56,-357,1129,97,423,22,13,92,-2,32,95,154,-11,132,330,210,-7,-8,65,-348,768,88,386,30,81,2,56,219,961,-355,770,-837,-49,-49,43,442,513,-67,68,87,-22,84,-82,120,-45,250,167,220,30,130,151,140,40,62,76,264,-246,48,35,94,162,-1,70,125,-40,36,-41,88,13,42,-26,160,-3,98,58,78,101,136,-33,12,56,62,53,86,14,90,57,126,-3,8,23,-42,72,48,32,-4,675,-106,-3,6,870,-134,30,-54,-21,-10,-32,-92,270,-34,298,-94,-67,-34,7,-144,80,-60,123,-70,30,-88,-16,-100,44,-94,-1,-132,-69,-50,14,-62,-55,-64,-285,114,-102,20,-110,-28,-97,84,-100,96,-28,92,-158,72,-25,19,-21,1,-1,24,-28,14,-16,29,-119,-17,-169,-35,-39,-83,24,-94,-29,-58,-55,10,-69,-73,39,-43,-31,-6,-39,-36,-13,-32,6,-22,58,-64,32,-62,-69,-58,-25,-23,8,-12,4,-27,10,-48,67,-110,32,-158,-30,-56,-37,-9,30,-71,-6,-83,-111,-29,15,-91,-31,-58,-131,67,-154,-16,-69,-66,-38,-122,-137,-100,3,-64,36,-102,-63,-156,-9,-33,17,-51,-56,-10,-49,-120,-56,-73,-111,7,-38,-10,-16,-34,-50,15,-100,-27,-97,-67,-72,-91,-27,-56,-69,-84,-52,-24,-70,95,-97,-135,-44,-102,-75,-66,-21,-90,-92,-50,-9,-19,-34,13,-45,-51,-42,-9,-44,-114,-116,-26,13,-65,-43,-35,-117,-102,-111,-44,-17,-42,17,-68,-55,-88,22,-125,-214,-121,-21,20,-105,-41,-22,-60,-99,-77,-3,-32,-56,-58,1,-68,-45,-114,19,-26,31,0,52,-36,11,-102,-77,-18,-108,-98,69,-96,-58,-32,6,-22,-58,26,-73,-38,-94,-78,87,-10,231,-36,21,-126,13,-142,110,-134,-88,-1,-84,-57,-66,-136,45,-82,72,-138,22,-8,85,-106,164,-100,-27,-136,-128,-118,-6,-104,-42,-18,-7,-160,111,-136,13,-142,-75,-36,-66,-200,-41,-40,-163,-213,-169]]]
186301	r	38.899,-4.5003,39.8309,-3.7294	[[[388990,-41700,1,-45,4109,-342,0,-17,-31,-123,-88,-38,-39,-44,15,-28,-74,-33,-63,-93,-101,23,-33,-33,-128,75,-197,16,-170,-183,-234,-175,-97,-142,-170,-125,-14,-44,38,-74,-44,-55,2,-50,-77,-32,-23,-133,69,-37,22,-47,64,20,10,-18,-4,-203,35,-58,53,-8,8,-96,95,-38,-3,41,37,21,20,-37,46,-5,35,72,42,-37,66,50,56,-52,14,36,85,-19,25,-34,19,11,66,-124,76,72,38,-27,169,50,112,-25,44,-46,49,12,53,-88,35,15,68,-51,63,24,47,-21,31,36,6,92,33,-1,26,54,-18,24,318,-61,32,-68,114,-190,131,-178,149,-165,163,-149,178,-132,189,-114,200,-95,40,-14,71,214,31,44,142,129,32,56,-10,125,16,54,80,113,85,87,86,7,90,-130,110,283,327,1227,81,205,-13,-3,57,14,22,-23,168,582,140,192,143,279,79,135,34,105,110,187,4,25,24,33,62,121,1,21,-10,35,9,44,-47,8,13,41,12,6,15,26,18,16,34,10,32,19,-6,55,39,36,42,-13,41,2,49,25,42,32,44,69,33,34,81,143,51,76,23,22,15,7,9,-4,26,31,-1,21,-18,-4,-22,18,-14,52,18,57,33,57,61,89,88,103,27,22,13,28,50,63,77,59,16,65,-61,-4,-60,-14,-107,31,-6,23,-47,25,-48,-39,-89,4,-76,19,-60,40,-60,30,-40,61,-8,33,14,74,-1,56,-39,5,-62,-32,-123,16,-41,16,138,-26,-29,81,62,76,221,122,-2,-339,202,-151,287,46,230,222,41,119,70,139,359,989,-1795,579,-74,-36,-190,-114,-177,-132,-164,-149,-148,-165,-132,-178,-113,-190,-95,-201,-22,-63,1103,-903,36,25,-62,-43,-4,-37,20,-25,7,-26,-85,7,-140,-55,-70,64,-116,-14,-14,29,-62,43,-34,-12,-134,-133,-10,-46,-104,-36,-26,-17,2,-44,42,-34,-56,-81,-140,70,-90,-83,-52,50,75,191,-25,110,-60,4,-80,52,-36,55,26,105,-32,53,-42,17,-22,119,-206,146,-26,146,-128,75,-170,207,-168,62,-166,205,-94,54,-48,56,-32,12,-96,-28,10,-48,-48,7,-81,-60,-146,108,76,89,70,26,79,-15,-2,39,149,37,144,6,-36,154,-155,64,-3,51,-90,-86,-1,0,-1,-1,-23,-22,-164,-175,-151,-186,-139,-195,-126,-203,-113,-212,-35,-78,-2219,1664,-1376,-1804,-231,-521,-164,-58,-85,-279,-99,-429,-72,-435,-43,-439,-14,-441],[395606,-40398,36,69,91,11,42,-4,10,-9,26,-38,-16,-113,-1,-167,-87,-118,-33,-44,-40,98,-2,4,-19,99,-7,212],[395841,-41195,38,-1,-30,1,-8,0],[395879,-41196,46,34,-21,-15,-25,-19]]]
184622	r	35.4144,-0.713,36.3645,0.2336	[[[354145,-3034,1292,-2113,164,-281,-21,-14,242,-329,57,-128,121,-685,111,-145,184,-113,132,-166,36,-6,68,149,116,83,48,149,48,47,32,-2,44,88,40,103,4,160,70,207,104,113,86,156,-6,218,116,52,166,177,344,-63,44,227,172,417,12,125,18,33,42,8,104,-22,32,-72,-8,-91,118,19,32,50,62,0,24,-55,-66,-210,158,-67,20,-32,396,-214,156,-205,70,-29,196,-18,54,-55,60,14,36,-30,8,-56,342,-652,-10,-41,-154,-170,-146,-160,-350,304,-400,-13,24,-136,108,-9,40,22,374,-474,6,-73,26,-31,110,-57,54,24,466,360,164,97,162,-136,223,144,-50,-26,-29,79,-117,124,17,158,-32,130,41,27,39,-33,36,32,-54,6,-38,56,-18,-35,-39,17,-40,-18,14,114,55,100,37,-24,60,35,18,-16,117,27,108,-54,128,-8,-67,410,-25,23,-58,566,145,49,19,-41,90,-12,231,136,67,69,32,93,43,47,-19,97,331,6,-15,847,-115,420,161,39,-17,56,356,-231,287,78,40,-176,44,-36,10,38,16,26,48,2,82,-27,28,8,42,36,106,-6,16,-61,991,1816,-27,13,-15,-9,-23,1,-20,10,-59,-10,-56,2,6,-61,-15,-49,-57,-54,-16,-27,-34,-4,-5,25,-10,2,-11,26,-8,22,26,11,2,14,-38,-7,-15,16,-11,-9,-5,-14,-36,6,0,23,-15,-17,-2,16,-9,-1,-11,12,-8,-8,-19,8,-8,-6,-8,12,-5,-13,-35,-30,-14,-34,11,-20,-27,-15,-15,17,-35,-25,38,-38,4,-24,40,-55,9,-30,3,-62,-19,-48,-2,-21,-143,-117,-26,79,-22,-7,-216,93,-33,48,-76,-5,-7,6,-4,50,-14,47,7,30,-4,29,7,29,-26,73,-4,57,9,25,9,4,32,-6,15,13,1,13,-31,45,-33,0,-8,11,-25,11,-19,19,23,22,-22,23,-10,23,11,38,-19,40,0,37,-37,32,-51,12,-12,21,-96,55,-7,14,-3,51,-31,14,-13,21,-103,11,468,967,84,393,36,7,-66,139,-60,226,46,61,106,263,174,227,-116,357,-216,348,-202,274,-336,246,-218,-64,14,-30,164,-89,12,-138,-44,-41,-466,-131,-200,-1263,-220,20,74,-556,-200,-175,-378,152,-130,163,-153,52,-486,972,-3293,-1358,30,-399,-132,-74,-134,-164,-106,-57,14,-45,-28,-32,74,-56,18,-60,-108,-78,-12,-81,-76,-39,-48,6,-7,-52,19,-58,2,-3,0,-6,10,-30,-2,-75,100,-138,124,69,80,-11,112,22,50,-19,34,-30,24,-86,134,11,26,-17,-34,-205,90,-38,-108,-58,-24,-108,-50,-6,-14,-69,22,-50,-22,-38,22,-130,-58,-260,-8,-14,-10,-42,-46,-54,-140,-50,-2,-116,-114,-62,-18,39,-68,11,-68,-38,-26,88,-84,69,-18,-83,-66,-66,-40,-164,-118,48,30,212,-134,94,-298,141,-46,-110,-188,11,-350,-86,-210,-118,-358,-130],[356541,-784,9,18,1,-16,-10,-2],[362015,-1365,64,-348,42,-173,14,-155,-120,676]]]
181032	p	184745
198629	n	35.0454,0.2968,35.4824,0.7461	[[[350454,5200,11,-222,32,-219,54,-215,74,-209,53,-112,2362,-1255,98,14,214,54,207,75,200,95,189,114,177,132,163,149,148,165,131,178,114,190,94,201,49,136,-1848,2957,-9,15,-47,7,-220,11,-220,-11,-218,-32,-214,-54,-207,-75,-200,-95,-82,-50,2,-428,-48,-32,42,-72,-8,-23,-126,3,-90,-57,-86,-14,-62,-53,-12,-56,-136,33,-78,-101,-98,-58,-126,2,-14,-22,-94,-201,-74,-209,-54,-215,-32,-219,-11,-222]]]
191245	r	34.4602,-0.3848,35.0798,0.0351	[[[344602,-2105,2498,-1743,2914,1140,784,1510,-1367,1549,-1225,-272,99,141,-40,6,-36,-6,-100,-88,-20,-25,-60,-20,-28,-24,-34,-33,-670,-148,-18,28,-38,18,-82,-20,-26,-27,-16,-37,-2,-3,-181,-40,-21,18,-42,66,-30,-8,-43,-24,-2,-38,-11,-26,3,-21,-1697,-377,-509,-1496]]]
192126	p	184745
179330	p	184745
184707	r	36.0991,-1.1547,36.7239,-0.4683	[[[360991,-6587,18,-170,40,-52,348,-313,76,6,68,-42,6,-83,52,-102,18,-99,66,-37,44,-60,194,-117,-70,-124,64,-80,-24,-180,-218,-254,-73,-32,-8,-51,102,-311,202,-378,-30,-82,92,-10,108,-180,583,183,712,-1313,1578,-747,436,-332,82,283,212,257,26,-14,28,24,196,357,-28,252,92,453,-12,80,-46,-6,-42,83,2,125,-26,59,-63,123,-46,30,67,133,-60,53,-31,-50,-172,37,1,54,-106,131,12,41,836,439,942,942,-52,136,-48,378,-62,160,24,352,-36,176,22,108,-14,80,-220,277,-48,117,-8,90,-86,59,-16,282,-108,320,2,34,-228,409,-1917,-1004,77,26,47,-465,119,-147,386,50,-167,-29,-10,-59,-56,-63,42,-77,-2,-2,1,-2,-102,-231,-2,-13,7,-179,30,-49,-53,-29,-36,-82,-107,-1,-95,65,-44,-5,-24,65,-30,-11,-32,41,-79,28,-48,1,-28,-56,-188,108,-135,116,-66,2,2,-29,-50,-11,-26,-42,4,-41,-109,-65,10,-90,53,-4,97,-112,-92,-45,-44,-69,-85,-348,-678,-39,-91,-32,-22,-71,-164,36,50,106,-81,17,-42,188,80,299,161,384,-399,172,-196,8,-253,-43,-227,-128,-119,10,-163,-165,-229,-62,-6,3,-8,-2,-114,75,-107,170,-2,15,-8,13]]]
193624	p	184745
193627	n	36.7065,-1.096,37.4961,-0.5673	[[[367065,-6459,36,-176,-24,-352,62,-160,48,-378,52,-136,4,-11,120,-130,-122,-28,-32,17,34,-131,-25,-118,47,-56,58,0,36,-22,-2,-21,66,-28,47,-108,44,-40,204,7,81,-43,24,-47,30,9,42,-39,-8,-17,44,7,140,-118,42,8,-15,-26,161,-59,67,-92,44,2,41,-44,26,14,67,-57,95,-4,47,-75,38,-15,28,22,36,-37,39,7,27,-22,1,-38,76,16,3,-63,46,-83,82,-15,17,19,6,-25,44,-4,-7,-33,44,-68,44,-70,26,10,52,-63,41,8,39,-48,111,-55,8,-34,72,-36,10,-32,32,2,95,-176,157,-41,47,-53,16,-4,3,-15,30,-23,13,-26,31,-20,18,0,27,-28,67,-43,55,-56,39,-26,15,-29,43,-7,24,-19,7,-8,-1,-2,14,-28,13,-5,9,-12,28,-57,10,-39,55,-33,41,-12,21,6,16,-17,25,-7,14,7,14,-4,16,1,18,15,23,4,49,-9,13,24,12,19,-6,10,2,10,16,3,6,9,-13,24,-17,18,-18,53,12,32,18,1,26,-55,20,-4,14,3,9,-6,-27,-32,47,-39,8,-2,49,-45,24,0,39,-13,43,-26,38,13,60,-36,29,27,67,-20,13,-22,9,-2,17,-17,-2,-21,36,16,18,-16,71,-114,2,-1,9,7,16,22,29,6,30,19,45,-26,59,16,15,-8,16,2,83,-38,1,0,17,35,16,-2,0,-8,16,-10,-7,16,14,11,69,25,18,13,35,13,17,-1,20,81,-8,-5,-6,4,20,24,21,-12,10,0,3,-7,46,-28,31,-6,22,-24,22,-14,124,81,32,-2,24,14,20,-4,15,-12,18,53,50,31,27,3,16,-8,8,11,3,22,10,5,7,16,37,40,6,-1,0,-3,99,-71,40,3,8,7,22,18,13,6,33,25,118,25,1,-1,1,0,37,-57,2,-18,29,-4,13,-13,59,-68,4,-18,18,-25,29,-16,10,-37,27,-6,11,-22,56,-43,5,2,3,-7,35,-28,36,-40,34,-31,52,-68,7,6,0,5,29,21,18,-24,13,2,8,-28,4,-5,24,-15,8,-14,-4,-8,40,-51,33,14,56,-52,6,3,3,11,38,12,31,-42,7,-2,16,-30,9,-4,22,-32,3,-13,105,6,46,-41,249,363,323,242,-146,210,-440,244,-238,24,-54,89,132,-3,198,138,-106,163,-126,-151,-120,86,-16,66,-124,-5,-18,61,31,25,69,54,-58,77,-8,67,-247,154,-5,26,-422,633,76,3,47,460,41,60,-50,94,-4,89,-63,107,50,66,33,-37,68,1,-75,70,28,42,-83,89,1,81,-67,9,3,51,23,-27,29,16,-85,103,8,39,-14,-17,-36,13,-2,106,-68,189,0,92,-36,7,-78,-58,-116,-152,-76,106,-58,143,-206,-25,-2,66,-44,78,-56,39,16,52,-34,71,-128,-15,-22,-33,-117,25,-144,-75,-67,0,-176,78,-10,74,-28,30,-130,39,-86,77,-104,47,-71,6,-95,141,-148,50,-98,6,-98,58,-192,7,-20,65,-80,22,-204,-109,-82,-13,-66,-53,-274,-111,-44,3,-58,-52,-256,-3,-202,50,-58,-17,-154,124,-78,1,-172,107,-82,17,-30,22,-2,89,-106,19,-72,-16,-150,38,-282,-39,-164,39,-76,-36,-166,-160,30,-216,-24,-67,4,-82,-30,-37,14,-80,-22,-108]],[[372618,-6159,157,-1415,124,4,254,63,36,-93,52,-48,260,-96,68,17,44,82,128,0,132,86,194,58,150,3,233,167,183,-21,10,34,100,52,192,-71,26,19,-28,66,-140,102,-12,33,24,161,-54,112,32,148,-47,142,-1154,824,-964,-429]],[[372806,-7856,123,-1101,19,-7,214,-54,218,-32,220,-11,220,11,218,32,214,54,207,75,200,95,54,33,-30,16,-72,2,-16,26,-116,8,-50,74,-74,4,-90,-36,-106,44,-38,27,26,47,-18,39,-72,-9,-80,-47,-88,0,-24,34,-64,-44,-28,63,-142,58,-110,-5,-18,25,-32,-14,-26,19,-60,-36,-114,33,-24,28,16,33,-48,3,-26,30,-50,135,-74,61,6,103,-124,99,-58,92,-23,12,-60,-19]]]
187269	p	186301
185131	r	37.2237,-1.6467,37.7545,-0.9695	[[[372237,-12907,1379,-1460,-14,-14,28,-1,30,-32,-31,-114,66,-38,-13,-60,-34,-2,27,-25,8,-75,28,-7,-23,-70,17,-26,-48,-32,10,-35,32,-4,-15,-44,18,-16,-22,-17,34,1,12,-56,61,-35,4,-48,86,-84,-5,-19,131,-10,152,-75,208,-33,32,28,22,-20,74,19,9,9,490,-520,612,257,-35,-38,198,-4,-12,-65,40,-21,34,53,156,97,24,-75,28,-21,42,-4,22,-38,50,14,44,-25,30,-108,102,-117,88,26,38,-269,52,-91,-2,-47,58,-35,62,-134,64,28,44,85,160,164,-12,77,28,89,-50,144,42,-16,118,32,118,-210,46,-27,42,7,74,48,-6,52,54,31,24,85,-32,40,36,63,174,87,-42,125,-59,0,-77,78,-216,363,-87,35,-41,-16,-70,106,126,84,49,-14,127,53,54,1514,-58,198,-106,161,-4,55,-44,44,-72,160,-38,25,-98,299,-28,37,-88,38,-198,246,-26,72,-48,42,-120,290,-128,188,-62,47,-94,27,-34,-14,-28,80,-50,31,-30,445,1388,64,55,-41,41,1171,-3362,-451,-5,-6,141,-203,-323,-242,-249,-363,-46,41,24,-28,-10,-39,-13,-5,6,-12,-157,-182,-4,-3,-22,40,-33,32,-18,8,-55,55,-1004,-1192,-72,-662]]]
189723	p	184745
8449763	p	184745
195915	p	186301
197745	r	38.6074,-2.0399,41.5594,0.9919	[[[386074,-3896,1755,-2985,34,-98,206,-309,1554,-3258,61,-1020,604,-1077,8953,3303,22,-77,120,-260,12,-128,-40,-257,116,-179,218,-467,282,-520,136,-391,288,-403,120,-374,58,-115,2,-217,-68,-268,-4,-188,112,-232,234,-1073,34,-299,176,-323,88,-412,110,-191,218,-229,54,-112,54,-221,24,-285,-14,-459,106,-202,14,-83,-128,-342,52,-601,36,-102,162,-210,52,-125,-10,-368,26,-268,-30,-312,108,-219,-12,-157,100,-182,62,-208,52,31,1856,871,1138,484,3758,1827,6659,565,-5,635,-5655,7650,13,12949,-146,-106,-182,-64,-156,-107,-228,-102,-368,-346,-280,-153,-878,-230,-180,-94,-154,-173,-188,-50,-62,-64,-78,-212,-92,-159,-108,-72,-28,-135,-362,-257,-336,8,-50,-57,-96,-6,-104,-103,-96,22,-42,-21,-98,7,-232,108,-50,0,-116,-72,-54,-81,-38,-32,-27,-65,-63,-95,-60,41,-19,-2,-11,5,-10,-6,-20,-2,-137,-92,-21,-4,-244,-12,-270,44,-202,-64,-90,17,-142,89,-84,27,-172,20,-59,-7,-155,9,-39,11,-315,197,-402,176,-238,139,-214,182,-334,380,-216,201,-294,145,-720,516,-150,39,-296,17,-316,102,-340,182,-436,357,-178,3,-122,-39,-258,189,-84,5,-28,22,-86,-13,-172,49,-106,-5,-62,43,-58,14,-138,65,-142,154,-272,128,-102,182,-58,33,-198,262,-90,72,-160,255,-45,51,-141,209,-96,268,-90,83,-88,39,-40,77,-96,75,-136,180,-28,86,-106,94,-222,342,-52,180,-44,72,-214,727,-352,805,-42,252,-142,216,-112,60,-60,75,-78,-53,-588,-205,-404,-174,-416,-262,-766,-807,-124,-266,-242,-282,-200,-376,-50,-225,20,-38,-13,-26,-287,-174,-64,-146,-100,-27,-168,30,-118,-17,-32,-25,-12,-60,-68,2,-74,-44,-116,19,-134,66,-70,1,-58,-80,-84,-45,-26,-58,-94,-41,-30,-72,12,-91,-12,-28,-100,-50,-4,-108,-20,-28,-242,9,-104,-36,-342,63,-58,-38,-102,-183,-136,-63,-214,-44,-146,-4,-52,51,-140,-20,-180,-118,-68,-12,-72,-47,-256,-367,-74,-31,-88,-149,-178,-131,-94,34,-32,74,-34,12,-140,-50,-108,53,-40,-29,10,-93,-132,-1,-46,-55,-114,39,-344,-27,84,-75,38,0,64,-50,40,-235,110,-293,660,-2597,-8,-132,-216,-222,-48,-301,18,-197,-30,-121,2,-183,32,-288,78,-254,-22,-103,54,-73,-6,-83,58,-87,12,-132,30,-61,-12,-85,56,-4,72,-58,-40,-66,4,-38,52,-43,-80,-43,-90,10,-344,98,-178,121,-41,49,-858,-3416]]]
191220	n	34.7854,0.8261,35.2346,1.2089	[[[347854,10200,7,-155,1263,-1592,145,75,78,6,84,154,242,36,-10,50,220,69,-24,-58,132,31,206,44,-56,-252,64,285,62,55,50,-14,132,69,94,1,100,-44,88,16,70,-30,60,-123,144,-80,34,-7,94,67,34,-298,84,-244,97,59,177,132,163,149,148,165,132,178,113,190,94,201,74,209,54,215,32,219,11,222,-11,222,-14,96,-3455,1570,-14,-8,-177,-132,-163,-149,-148,-165,-132,-178,-113,-190,-94,-201,-74,-209,-54,-215,-32,-219,-11,-222]]]
189386	p	184745
8299780	p	184745
7931934	p	184745
192710	p	184745
9166066	p	184745
187968	r	39.6902,-3.3525,40.3288,-2.5551	[[[396902,-31406,35,-56,13,-107,62,-86,50,-45,92,-179,14,-41,-16,-75,0,-100,-9,-63,49,-38,73,4,58,65,18,10,46,12,18,-1,31,-15,32,-17,52,-50,79,-97,75,-57,34,-33,16,-44,3,-40,105,76,240,205,62,-73,140,-77,-31,-26,-17,4,-25,-38,-3,-13,4,-49,50,-83,0,-12,-33,-71,5,-34,23,-56,-4,-101,-30,-52,-21,-22,-23,-10,-20,-27,-9,-26,0,-42,940,-539,34,62,71,50,217,-4,67,73,3,36,9,9,149,101,-87,173,13,77,68,-24,73,-210,21,-45,39,16,77,0,75,20,-13,62,95,14,-16,116,40,25,10,73,-284,270,-7,34,5,46,23,15,33,42,250,-1,78,10,106,-5,52,-22,75,-20,48,-23,1,-173,45,-2,11,23,91,-1,6,-139,269,16,55,58,139,-1,58,-6,45,4,38,-17,23,-63,-4,-23,-12,-8,5,-10,40,14,18,58,26,35,3,9,-17,17,-6,24,26,49,22,15,27,38,-8,2,-1,9,23,66,-2,14,-34,50,1,164,-1,4,-16,-158,-3,34,11,127,17,90,-11,-4,-7,7,-3,41,-13,40,-27,49,-81,-13,-49,14,-45,52,-91,32,-144,76,-57,37,-49,0,-25,-56,-11,5,-14,10,-4,25,-13,7,0,23,-31,9,-20,39,-17,12,15,27,74,64,-1,49,-10,24,26,70,-48,-34,-9,10,9,24,-29,12,-61,-16,-52,16,-26,-14,-18,-21,-26,-10,-22,8,-99,115,-61,-11,-38,3,-5,-12,9,-32,-3,-16,-21,-20,-99,6,-12,11,-30,98,-25,42,-36,38,-20,1,-18,-17,-45,-20,-27,-1,-5,-8,4,-20,61,-70,14,-73,-29,-24,-22,9,-41,-1,-1,36,-23,2,-32,-47,-77,-70,-2,-24,31,-29,18,-8,0,-7,-26,-29,-23,-10,-21,6,-19,-8,-41,-54,-88,-68,-19,2,-27,44,-16,7,-119,-6,-20,-5,-36,-22,-42,-50,-44,0,-8,38,-21,18,-13,38,12,33,-11,31,-36,23,-62,14,-5,22,28,33,-9,49,-31,5,-33,-3,-10,-20,-3,-85,-31,-20,-32,6,-13,42,10,25,0,17,-47,51,-79,14,-92,-4,-68,14,-2,38,17,46,-7,39,-68,59,-24,37,-17,8,-34,2,-86,-32,-24,1,-5,24,22,45,7,38,-1,18,-14,28,-29,8,-127,-5,-31,-6,-13,21,0,26,27,40,6,36,21,24,23,0,-8,13,-29,19,-13,19,-29,12,-58,1,-23,-6,-97,-79,-38,-23,-32,-10,-97,23,-34,-3,-54,-26,-39,-32,-54,-9,-19,-25,-19,-45,-14,-8,-34,-2,-27,17,-41,17,-13,-1,-90,41,-27,1,-42,14,-36,-16,-22,-23,-27,-5,-21,11,-22,-4,-34,-16,-33,-34,-10,1,-13,14,-6,-14,-55,-60,-25,4,-15,-8,-34,-2,-25,-13,-8,12,-32,-15,-18,-19,-26,9,-27,-8]],[[400664,-25575,1135,-1608,70,-112,3,-44,53,-27,7,-29,116,146,185,419,88,140,118,123,498,403,294,183,57,18,-137,113,-239,73,-421,99,-428,71,-430,42,-433,14,-433,-14,-103,-10]],[[401583,-30892,20,-190,23,268,-43,-78]],[[401651,-29361,4,-128,143,-214,40,200,-187,142]],[[401713,-28796,125,420,10,87,39,153,-12,65,-9,13,4,-20,-13,-120,-50,-199,-86,-188,-8,-211]],[[401732,-30495,100,133,-35,-15,-59,-98,-6,-20]],[[401974,-30201,175,166,-104,-52,-66,-83,-5,-31]],[[401991,-29872,50,-52,86,-4,106,51,5,35,53,45,36,7,-6,84,-208,-154,-122,-12]]]
187896	r	39.7852,2.1736,41.9068,4.285	[[[397852,36986,13,-3611,8,-37,1933,-775,535,-214,2,-37,100,-54,1262,-1376,1002,-1190,2228,-1040,14,-121,28,-31,-28,-99,8,-45,34,-27,-18,-70,18,-71,-20,-17,66,-93,-88,-78,8,-36,72,-39,-12,-77,24,-30,72,-15,22,-41,78,-25,-28,-61,10,-306,-68,-43,-56,-94,-70,-38,8,-28,192,-229,72,-224,2,-78,88,-132,142,-418,-8,-88,48,-87,60,-44,-18,-105,206,-278,6,-206,176,-171,4,-33,-58,-67,122,-105,-4,-108,182,-268,232,-196,110,-17,60,-55,22,-33,20,-185,-4,-153,94,-74,14,-77,142,-75,200,-194,67,-188,207,-163,182,22,184,-22,266,-224,222,6,96,-42,244,-254,54,-95,46,-174,170,-193,360,-283,304,-121,402,27,-23,6520,1575,1572,1654,1557,2628,3834,2838,3860,-12,83,124,130,369,508,-86,-33,-32,24,-95,-45,-13,-12,8,11,-193,-109,-1,6,-17,-2,-2,-15,-66,-38,-39,7,-18,-14,0,-25,-92,-52,-8,14,-86,5,2,-49,-45,9,-15,14,-8,-9,-83,16,22,60,-135,5,-49,-27,-49,18,-5,76,-23,24,40,17,-7,17,-31,-9,-24,110,-43,-56,-53,29,-41,-55,-55,-16,-145,35,-44,23,-11,44,-25,8,-265,39,112,-17,-126,41,-16,29,-14,-19,-194,63,-424,-242,-99,-22,-198,128,-79,-75,-176,73,-159,11,-302,-75,-54,50,-55,4,-212,-109,-13,-28,-165,-40,-5,0,0,4,-11,-5,-248,-14,-302,-84,-43,-8,-82,11,-9,-41,-67,-18,-62,-4,-16,8,-80,-4,-224,139,-127,-110,-133,25,-59,67,-48,-7,-62,-94,-136,-75,-153,-9,-97,54,-317,19,-23,56,-49,24,-187,-31,-169,42,-52,-29,-30,-61,-126,36,-113,-56,-4,-90,-15,-7,-69,8,-251,36,-64,87,-303,153,30,48,-23,28,-78,7,-29,76,-46,46,-126,-18,-69,99,-66,181,-192,93,-153,251,-130,111,-37,60,-55,56,-91,5,-30,57,-132,127,-85,134,-80,51,-112,28,-171,215,-172,88,-181,33,-256,104,-57,161,-153,220,-18,62,26,80,-16,59,-92,81,-174,58,-117,196,-134,21,-169,68,-292,178,-39,108,-70,-23,-71,34,-28,0,-1,0,-41,0,-2,-28,-545,-358,-71,7,-456,-220,-16,-7,-331,-127,-1056,-405,-575,-221,51,-42,-418,-173,-147,-78,-152,-149,-120,15,-1417,-562,-219,-66,-202,4,-198,-164,-426,-212,-74,-61,-161,-59,-2365,-1196,-844,-1761],[407052,28100,10,222,33,219,53,215,75,209,94,201,113,190,132,178,148,165,164,149,177,132,189,114,200,95,207,75,214,54,219,32,220,11,220,-11,219,-32,214,-54,207,-75,200,-95,189,-114,177,-132,164,-149,95,-105,-24,-23,-821,-813,-342,-339,-144,-278,5,-535,12,-1289,5,-444,-156,-23,-220,-11,-220,11,-219,32,-214,54,-207,75,-200,95,-189,114,-177,132,-164,149,-148,165,-132,178,-113,190,-94,201,-75,209,-53,215,-33,219,-10,222],[418781,39673,5,7,-1,-6,-4,-1]]]
192785	p	195272
191299	r	34.5919,-0.974,35.0523,-0.4122	[[[345919,-6526,74,-4,90,24,195,-69,82,-60,1,-9,-7,-47,15,-44,-39,-41,68,-96,25,-188,-133,-289,6,-168,-31,-61,-35,-418,-6,-235,37,-69,-36,-127,-108,2,-1,-3,-1,0,-3,-12,-31,-80,4,-35,-2,-11,4,-7,0,-5,4,-1,39,-66,17,-14,39,-78,-31,-163,25,-42,-1,-119,64,-183,-14,-179,105,-241,103,-29,84,26,134,-73,161,7,352,94,37,-32,65,56,66,18,1,0,9,3,58,-13,199,64,2537,641,-295,494,-6,7,-28,31,4,10,4,9,-64,92,3,10,-16,10,-6,4,2,3,4,4,-11,8,-13,9,-1,15,-1,3,-11,19,-27,42,-16,24,-21,38,-125,222,-18,25,-8,4,-14,8,2,12,-37,63,-20,10,-23,3,-19,17,-7,20,-13,2,-7,14,-13,-7,-10,7,-1,0,-40,0,-14,21,-33,23,-38,7,-7,7,-8,10,-13,-3,-26,-5,-70,35,-23,18,-7,14,-11,23,-36,27,-7,-1,-42,23,-2,2,-3,0,-70,24,-39,26,-15,10,-54,21,-16,7,-5,3,-23,14,-12,2,-12,1,-33,19,-65,61,-54,34,-12,0,-8,-1,-8,12,-7,10,-23,12,-20,9,-4,8,-8,15,-18,3,-24,18,-26,42,-15,12,-17,13,0,9,-18,9,-4,-2,-7,-2,-50,14,-3,7,-3,13,-23,-4,-13,22,2,9,2,13,-8,33,-22,28,-44,15,-22,17,-10,8,-43,18,-81,-22,-11,4,-15,-6,-14,8,-13,0,-8,20,-3,2,-10,6,1,11,0,24,-43,58,-21,13,-22,-36,-66,38,50,22,58,3,22,61,12,11,32,-1,4,2,25,11,25,-10,3,-2,2,2,7,9,19,-7,13,10,59,-10,-17,36,7,4,-4,5,12,36,-9,55,-1,2,1,5,11,61,-7,7,12,4,2,19,21,54,0,18,5,6,14,-3,14,26,2,10,3,18,25,34,32,15,11,5,56,69,24,52,8,3,-2,15,-2,8,9,8,4,3,0,7,1,7,4,5,9,9,5,22,19,29,16,7,6,3,-1,2,23,23,41,-6,18,-17,20,-9,28,17,14,-2,32,-35,12,-9,15,-19,85,-36,60,9,54,-32,6,-1,57,-36,6,11,32,15,-4,16,6,15,3,40,-33,24,-21,35,-65,69,16,45,-64,93,-2,1,-15,24,28,73,-4,12,4,19,29,42,7,18,0,2,-15,18,-4,0,-7,12,-2,53,-2,2,-2,70,-38,45,-12,50,-19,159,5,38,-4,9,0,39,14,29,-30,19,-8,-1,-14,8,-8,11,-23,-5,-3,-3,-3,2,-59,-12,-44,-69,-316,-71,-202,-87,-61,-4,-24,-15,-833,1180,-1164,-2404]],[[350129,-8826,17,-51,-6,-25,383,-93,-258,365,-4,-29,2,-34,-17,-69,-12,3,-21,35,-36,-21,-30,-39,-18,-42]]]
183595	p	184745
11002530	p	186301
178443	r	38.8887,0.181,40.9947,3.6986	[[[388887,25412,34,-78,6,-188,108,-401,102,-263,16,-111,128,-268,30,-315,34,-74,-26,-275,44,-317,-100,-327,120,-667,-18,-574,72,-144,114,-363,68,-72,234,-293,0,-199,64,-63,12,-59,-24,-127,46,-191,96,-38,90,-113,176,-142,156,-277,114,-91,22,-133,280,-234,76,-20,66,-80,164,-83,108,-119,98,-182,42,-23,-10,-162,56,-58,36,-89,88,-91,116,-246,82,-310,94,-128,138,-276,118,-81,300,-88,156,-119,106,11,122,-93,8,-36,152,-81,78,-5,34,-103,38,22,34,-21,36,-80,98,-20,56,-80,50,6,40,-122,56,-29,254,-378,82,-58,22,-80,70,-9,28,-86,66,-52,88,11,276,-229,82,-15,-778,-265,-617,-234,-311,-117,1846,-4798,60,-75,112,-60,142,-216,42,-252,352,-805,214,-727,24,-39,20,-33,52,-180,156,-239,48,-74,18,-29,106,-94,28,-86,136,-180,96,-75,40,-77,88,-39,90,-83,96,-268,141,-209,45,-51,160,-255,90,-72,198,-262,58,-33,102,-182,272,-128,142,-154,138,-65,58,-14,62,-43,106,5,172,-49,86,13,28,-22,84,-5,258,-189,122,39,178,-3,436,-357,340,-182,316,-102,296,-17,150,-39,720,-516,294,-145,216,-201,334,-380,214,-182,238,-139,402,-176,315,-197,39,-11,155,-9,59,7,172,-20,84,-27,142,-89,90,-17,202,64,270,-44,244,12,21,4,137,92,20,2,10,6,11,-5,19,2,60,-41,63,95,27,65,38,32,54,81,116,72,50,0,232,-108,98,-7,42,21,96,-22,104,103,96,6,50,57,336,-8,362,257,28,135,108,72,92,159,78,212,62,64,188,50,154,173,180,94,878,230,280,153,368,346,228,102,156,107,182,64,146,106,-32,17150,-402,-27,-304,121,-360,283,-170,193,-46,174,-54,95,-244,254,-96,42,-222,-6,-266,224,-184,22,-182,-22,-207,163,-67,188,-200,194,-142,75,-14,77,-94,74,4,153,-20,185,-22,33,-60,55,-110,17,-232,196,-182,268,4,108,-122,105,58,67,-4,33,-176,171,-6,206,-206,278,18,105,-60,44,-48,87,8,88,-142,418,-88,132,-2,78,-72,224,-192,229,-8,28,70,38,56,94,68,43,-10,306,28,61,-78,25,-22,41,-72,15,-24,30,12,77,-72,39,-8,36,88,78,-66,93,20,17,-18,71,18,70,-34,27,-8,45,28,99,-28,31,-14,121,-2228,1040,-1002,1190,-1262,1376,-100,54,-2,37,-535,214,-1933,775,-8,37,-13,3611,-113,-325,-64,-86,-88,16,-1528,-1563,-179,-109,-274,-695,-67,-250,-218,22,-172,74,-170,553,-24,17,-32,5,-74,-66,-126,11,-172,-52,-118,30,-24,-31,-46,6,-70,-34,2,59,-34,57,-72,-41,-74,47,-98,-19,-346,39,-362,-14,48,144,-30,207,-86,5,-38,-33,36,-18,16,-42,-20,-75,-62,-136,-138,-165,-40,-133,16,-141,126,-218,136,-1024,-4,-122,110,-108,24,-110,54,-1319,2,-667,-208,-158,-348,-174,-326,-337,-108,-177,-298,-86,-152,-102,-74,-108,-452,-33,-98,-143,-122,-40,-20,-36,-74,-190,-52,-282,-448,-9,28,-793,-76,-656,-114,-169,-26,-179,-114,-114,-334,-818,-248,-412,-908,-254]]]
189280	n	35.3751,2.8939,35.8249,3.3461	[[[353751,31200,11,-222,32,-219,54,-215,74,-209,94,-201,114,-190,131,-178,149,-165,163,-149,177,-132,190,-114,199,-95,208,-75,214,-54,219,-32,220,-11,220,11,219,32,214,54,208,75,199,95,190,114,177,132,163,149,149,165,131,178,114,190,94,201,74,209,54,215,32,219,11,222,-11,222,-32,219,-54,215,-74,209,-94,201,-114,190,-131,178,-149,165,-163,149,-177,132,-190,114,-199,95,-208,75,-214,54,-219,32,-220,11,-220,-11,-219,-32,-214,-54,-208,-75,-199,-95,-190,-114,-177,-132,-163,-149,-149,-165,-131,-178,-114,-190,-94,-201,-74,-209,-54,-215,-32,-219,-11,-222]]]
200787	p	184745
186827	r	37.0908,-0.3845,38.6482,0.6686	[[[370908,203,108,-116,118,-225,195,-173,4,-43,34,-34,1718,-1133,695,-92,0,-1,621,-430,4358,-1477,110,66,76,-88,0,-41,772,-261,30,45,-14,97,-42,27,-4,33,94,67,-52,91,2,41,74,147,58,33,-4,63,-54,58,46,142,78,107,40,194,64,30,208,-25,84,-58,166,-30,418,11,122,-47,30,33,88,-5,220,204,60,144,162,36,54,55,-6,73,24,58,170,298,34,361,69,19,44,56,72,5,23,26,7,151,45,24,16,106,63,84,151,122,116,56,72,2,168,-79,62,83,94,13,22,60,126,115,28,79,72,86,166,-147,34,-7,81,61,78,-6,205,-160,106,-32,33,-52,15,-3,1,-1,1,1,10,-2,24,26,24,18,6,14,14,16,14,61,166,-13,113,55,-95,63,22,114,-64,88,-14,153,-50,46,10,66,-72,36,0,36,-66,45,-72,22,-38,80,-66,19,-12,42,-128,105,-22,91,36,72,-120,55,-10,33,50,128,-110,31,24,29,-12,28,-138,59,-24,49,26,69,-14,36,38,22,-6,40,-76,40,-18,72,-96,33,-38,97,-4,172,-80,227,-298,221,-46,105,-164,133,-70,20,-90,88,-92,13,-76,50,-126,36,-74,72,30,885,-198,86,-814,2334,-320,1070,-2362,-1079,-2372,-816,-26,-24,-48,-185,6,-492,26,-72,140,-14,60,-490,-108,-141,-124,-108,-264,-5,-80,-146,20,-167,-28,-191,-106,-157,-702,213,-356,144,-292,-29,-10,-102,-194,-137,-66,16,-14,-69,-118,-99,4,-36,40,-21,-16,-88,-62,-41,-24,-172,-70,-124,2,-114,-104,-32,32,-78,-78,-44,-100,22,-90,-23,-230,-190,-86,-100,-16,-221,-184,-177,-102,-150,-44,101,-28,13,-90,-35,-38,-233,-22,-27,-260,-106,-27,-54,-138,-55,-320,-61,-80,-69,-196,-66,-194,3,-184,-155]],[[384212,-732,1555,-2643,20,44,229,613,189,627,147,638,106,646,24,245,-85,-9,-273,247,-116,-44,-115,83,-340,89,-63,-28,-62,-114,-19,-134,-102,4,13,-114,-65,-53,-58,-22,-88,33,-40,-35,-52,-8,-92,59,-62,-160,-226,-112,-85,-7,-161,144,-47,-48,-58,7,-74,52]]]
182701	r	36.6047,-0.6469,37.3085,0.0064	[[[366047,-3715,44,-55,216,-94,18,-34,-86,-116,198,-245,-88,-334,12,-90,228,-409,-2,-34,108,-320,16,-282,86,-59,8,-90,48,-117,220,-277,30,37,-4,82,24,67,-30,216,166,160,76,36,164,-39,282,39,150,-38,72,16,106,-19,2,-89,30,-22,82,-17,172,-107,78,-1,154,-124,58,17,190,-47,12,-3,256,3,58,52,44,-3,274,111,66,53,82,13,204,109,80,-22,20,-65,192,-7,98,-58,98,-6,148,-50,95,-141,71,-6,104,-47,86,-77,130,-39,28,-30,10,-74,176,-78,67,0,144,75,117,-25,22,33,128,15,60,43,-8,89,65,112,-13,99,-73,31,-30,56,-73,3,-85,99,-25,89,-49,43,0,55,36,15,14,75,-41,276,37,36,47,-8,25,34,51,-21,28,64,34,4,26,34,-77,195,8,35,132,89,-6,391,75,27,32,-29,32,5,97,42,6,80,47,68,1028,2719,-1485,975,-233,158,-34,34,-4,43,-129,112,-71,-169,-268,240,-76,124,9,29,-56,39,-41,-93,-70,25,-98,-91,-2,-50,-264,-345,-284,-160,-190,-64,74,-623,108,-116,108,-39,118,-262,-67,-304,-1465,408,-68,120,17,81,-123,76,-170,25,-10,307,-376,-35,-240,-69,-34,54,-138,-115,-242,-57,-52,14,-7,-29,-47,-11,-66,-70,-54,-22,-452,-141,306,-221,-74,-22,10,-84,-682,-1247,-64,-254,12,-88,58,-125,-122,-116,0,-36]]]
196231	r	36.8652,-0.0887,39.4629,2.0975	[[[368652,5710,31,-22,2144,-254,2419,-3627,91,-21,78,44,-32,78,104,32,-2,114,70,124,24,172,62,41,16,88,-40,21,-4,36,118,99,14,69,66,-16,194,137,10,102,292,29,356,-144,702,-213,106,157,28,191,-20,167,80,146,264,5,124,108,108,141,-60,490,-140,14,-26,72,-6,492,48,185,26,24,2372,816,2362,1079,320,-1070,814,-2334,198,-86,-30,-885,74,-72,126,-36,76,-50,92,-13,90,-88,70,-20,164,-133,46,-105,298,-221,80,-227,4,-172,38,-97,96,-33,18,-72,76,-40,6,-40,-38,-22,14,-36,-26,-69,24,-49,138,-59,12,-28,-24,-29,110,-31,-50,-128,10,-33,120,-55,-36,-72,22,-91,128,-105,12,-42,66,-19,38,-80,72,-22,66,-45,0,-36,72,-36,-10,-66,50,-46,14,-153,64,-88,-22,-114,95,-63,-3,-2,81,-57,58,-7,47,48,161,-144,85,7,226,112,62,160,92,-59,52,8,40,35,88,-33,58,22,65,53,-13,114,102,-4,19,134,62,114,63,28,340,-89,115,-83,116,44,273,-247,85,9,1,0,74,72,214,-84,58,1,30,110,40,23,74,-89,178,-121,344,-98,90,-10,80,43,-52,43,-4,38,40,66,-72,58,-56,4,12,85,-30,61,-12,132,-58,87,6,83,-54,73,22,103,-78,254,-32,288,-2,183,30,121,-18,197,38,265,10,36,216,222,8,132,-660,2597,-110,293,-40,235,-64,50,-38,0,-84,75,344,27,114,-39,46,55,132,1,-10,93,40,29,108,-53,140,50,34,-12,32,-74,94,-34,178,131,88,149,74,31,256,367,72,47,68,12,180,118,140,20,52,-51,146,4,214,44,136,63,102,183,58,38,342,-63,104,36,242,-9,20,28,4,108,100,50,12,28,-12,91,30,72,94,41,26,58,84,45,58,80,70,-1,134,-66,116,-19,74,44,68,-2,12,60,32,25,118,17,168,-30,100,27,64,146,287,174,13,26,-20,38,50,225,200,376,242,282,124,266,766,807,416,262,404,174,588,205,78,53,-1846,4798,928,351,778,265,-82,15,-276,229,-88,-11,-66,52,-28,86,-70,9,-22,80,-82,58,-254,378,-56,29,-40,122,-50,-6,-56,80,-98,20,-36,80,-34,21,-38,-22,-34,103,-78,5,-152,81,-8,36,-122,93,-106,-11,-156,119,-300,88,-118,81,-138,276,-94,128,-82,310,-116,246,-88,91,-36,89,-56,58,10,162,-42,23,-98,182,-108,119,-164,83,-66,80,-76,20,-280,234,-22,133,-114,91,-156,277,-176,142,-90,113,-96,38,-46,191,24,127,-12,59,-64,63,0,199,-234,293,-1258,-738,-468,-313,-4040,-2330,-438,-1835,-3946,-3149,20,451,-2666,552,-5211,-6114,-95,33,-10,47,-158,1,-76,66,-30,96,-64,55,-82,-7,-32,52,-60,12,-284,-89,-20,-113,-78,2,-42,47,-490,-196,-128,-14,-154,-58,-66,22,-72,-47,-158,14,-162,88,-27,-52,-7,-128,-46,-94,0,-486,-48,-153,-78,1,-16,-97,-36,-61,-4,-136,-110,-19,-31,-81,-37,8,-21,-134,-52,28,-38,-79,-41,5,-32,-68,-45,-12,-16,-57,23,-42,-5,-85,-32,-58]]]
178792	p	186301
191318	p	184745
192067	r	39.0875,-3.9949,40.2417,-2.3117	[[[390875,-35722,586,2,-170,-284,-82,-214,168,-251,170,-62,79,-169,205,-256,155,-275,474,-149,348,-81,566,139,136,-101,-195,-456,-38,-295,93,-141,179,-121,57,34,-98,159,9,210,-49,72,193,517,-6,185,20,79,123,67,31,-53,-18,-22,40,-54,-45,2,50,-33,-52,29,66,-126,-36,20,19,-62,34,19,36,-41,-95,-345,71,-69,-276,-108,2,-178,112,28,-47,60,175,2,-11,27,191,131,85,196,9,-161,155,-64,36,-154,-144,-6,-149,-37,2,-39,-79,15,-70,-26,-76,-89,146,-108,81,60,48,-7,-10,48,96,28,32,-12,48,-56,94,-54,166,-205,168,-62,170,-207,128,-75,26,-146,206,-146,22,-119,42,-17,32,-53,-26,-105,36,-55,80,-52,60,-4,25,-110,-75,-191,52,-50,90,83,140,-70,56,81,-42,34,-2,44,26,17,104,36,10,46,134,133,34,12,62,-43,14,-29,116,14,70,-64,140,55,85,-7,-7,26,-20,25,4,37,25,18,-1102,903,22,63,95,201,113,190,132,178,148,165,164,149,177,132,190,114,74,36,1795,-579,-359,-989,340,679,28,180,114,312,18,117,166,434,8,81,80,140,-18,177,-6,4,11,181,-25,148,-46,109,40,1,58,60,302,623,192,528,44,205,431,878,8,46,-36,19,12,106,31,32,63,-14,173,130,123,135,46,23,24,-7,-3,-23,33,64,35,3,3,-22,63,44,-18,-2,0,27,42,35,252,116,204,167,135,55,245,160,94,98,42,97,-25,-33,-18,-58,-40,-14,-5,10,12,8,4,23,-23,63,-38,17,-45,-4,-58,6,-139,1,-55,-58,-269,-16,-6,139,-91,1,-11,-23,-45,2,-1,173,-48,23,-75,20,-52,22,-106,5,-78,-10,-250,1,-33,-42,-23,-15,-5,-46,7,-34,284,-270,-10,-73,-40,-25,16,-116,-95,-14,13,-62,-75,-20,-77,0,-39,-16,-21,45,-73,210,-68,24,-13,-77,87,-173,-149,-101,-9,-9,-3,-36,-67,-73,-217,4,-71,-50,-34,-62,-940,539,0,42,9,26,20,27,23,10,21,22,30,52,4,101,-23,56,-5,34,33,71,0,12,-50,83,-4,49,3,13,25,38,17,-4,31,26,-140,77,-62,73,-240,-205,-105,-76,-3,40,-16,44,-34,33,-75,57,-79,97,-52,50,-32,17,-31,15,-18,1,-46,-12,-18,-10,-58,-65,-73,-4,-49,38,9,63,0,100,16,75,-14,41,-92,179,-50,45,-62,86,-13,107,-35,56,27,8,26,-9,18,19,32,15,8,-12,25,13,34,2,15,8,25,-4,55,60,6,14,13,-14,10,-1,33,34,34,16,22,4,21,-11,27,5,22,23,36,16,42,-14,27,-1,90,-41,13,1,41,-17,27,-17,34,2,14,8,19,45,19,25,54,9,39,32,54,26,34,3,97,-23,32,10,38,23,97,79,23,6,58,-1,29,-12,13,-19,29,-19,8,-13,-23,0,-21,-24,-6,-36,-27,-40,0,-26,13,-21,31,6,127,5,29,-8,14,-28,1,-18,-7,-38,-22,-45,5,-24,24,-1,86,32,34,-2,17,-8,24,-37,68,-59,7,-39,-17,-46,2,-38,68,-14,92,4,79,-14,47,-51,0,-17,-10,-25,13,-42,32,-6,31,20,3,85,10,20,33,3,31,-5,9,-49,-28,-33,5,-22,62,-14,36,-23,11,-31,-12,-33,13,-38,21,-18,8,-38,44,0,42,50,36,22,20,5,119,6,16,-7,27,-44,19,-2,88,68,41,54,19,8,21,-6,23,10,26,29,0,7,-18,8,-31,29,2,24,77,70,32,47,23,-2,1,-36,41,1,22,-9,29,24,-14,73,-61,70,-4,20,5,8,27,1,45,20,18,17,20,-1,36,-38,25,-42,30,-98,12,-11,99,-6,21,20,3,16,-9,32,5,12,38,-3,61,11,99,-115,22,-8,26,10,18,21,26,14,52,-16,61,16,29,-12,-9,-24,9,-10,48,34,-26,-70,10,-24,1,-49,-74,-64,-15,-27,17,-12,20,-39,31,-9,0,-23,13,-7,4,-25,14,-10,11,-5,25,56,49,0,57,-37,144,-76,91,-32,45,-52,49,-14,81,13,-1,4,2,95,57,118,122,150,-17,62,229,334,-27,260,-1,-2,-20,190,48,88,120,93,-1,71,-34,77,18,70,-2,-2,6,20,59,98,35,15,121,51,26,141,66,83,104,52,2,1,80,-9,99,111,45,-36,42,91,-5,71,-25,27,-96,-18,-53,-45,-5,-35,-106,-51,-86,4,-60,62,-80,3,-246,370,-8,232,96,388,-30,68,0,5,8,211,86,188,50,199,13,120,-21,98,33,65,10,147,45,153,-16,26,-25,-12,-15,40,58,137,-7,29,-7,29,-53,27,-3,44,-70,112,-2870,4066,-3868,-4390,-2013,-2264,-35,23,-14,-79,-708,-796,-92,-70,-1324,-5029]],[[396838,-39172,29,-81,26,-6,62,32,39,-5,1,-56,-14,-74,24,-56,9,-14,161,-100,14,-4,13,-3,112,-10,48,39,47,-25,6,-23,107,-31,60,14,61,4,71,82,55,89,69,204,-230,-222,-287,-46,-202,151,2,339,-221,-122,-62,-76]]]
184433	n	36.8454,-0.2058,37.2688,0.2361	[[[368454,100,11,-222,32,-219,54,-215,74,-209,94,-201,114,-190,131,-178,148,-165,163,-149,177,-132,189,-114,139,-66,350,-98,67,304,-118,262,-108,39,-108,116,-74,623,190,64,284,160,264,345,2,50,98,91,70,-25,41,93,56,-39,-9,-29,76,-124,268,-240,71,169,129,-112,-195,173,-118,225,-108,116,184,155,194,-3,196,66,80,69,320,61,138,55,27,54,260,106,22,27,38,233,90,35,28,-13,44,-101,102,150,57,55,-7,14,-114,190,-131,178,-148,165,-163,149,-177,132,-189,114,-200,95,-207,75,-214,54,-218,32,-220,11,-220,-11,-218,-32,-214,-54,-207,-75,-200,-95,-189,-114,-177,-132,-163,-149,-148,-165,-131,-178,-114,-190,-94,-201,-74,-209,-54,-215,-32,-219,-11,-222]],[[371367,-388,233,-158,955,-627,0,1,-1188,784]]]
199989	r	33.9075,-0.0328,34.4349,0.776	[[[339075,1284,321,144,-290,-387,-8,-52,422,-1317,559,42,84,-14,122,84,142,195,242,897,74,149,-14,141,182,75,110,99,34,-8,-18,-94,86,105,26,133,-34,141,10,116,-62,102,2,36,102,290,10,247,152,83,118,105,2,39,146,247,12,90,136,-33,86,-94,48,-111,168,-99,12,193,300,69,48,47,64,134,54,32,136,-51,102,24,134,-26,458,28,310,-69,74,45,92,102,24,335,112,88,246,97,2,33,-158,141,-192,99,-74,75,-154,-6,-195,200,213,169,40,163,200,41,36,66,-34,34,-40,165,14,67,26,33,150,23,46,44,-184,340,-80,48,-136,187,80,157,-52,91,-12,155,5,33,48,9,33,77,52,277,354,188,-54,69,-48,133,62,80,-16,108,-90,254,144,-10,68,36,50,-1,34,80,-8,86,-68,105,-150,69,-64,-60,-80,-3,-156,179,-135,-18,-90,61,-51,-24,2,-22,-88,9,-110,-64,-159,-9,-44,-34,5,-34,-41,-70,-34,-221,20,-29,-19,-95,26,-38,-7,-73,43,-71,-9,-37,-55,0,-64,-47,-23,10,-10,-32,-25,-1,-62,279,-131,-349,-241,-258,-323,-164,-407,-147,-295,-203,-115,-205,1,-2,-107,-244,-4,-193,-110,-161,43,-15,22,-20,4,-24,-52,-60,13,-173,-2,-4,-10,-14,1,-26,15,-61,-50,-28,-58,-51,-4,-3,-42,-68,-51,-32,0,-6,-15,-3,-3,-12,-17,-12,-26,-31,-5,-9,-7,-4,-29,-34,16,-26,-2,-24,12,-44,-1,-1,7,-25,0,-25,-4,-7,-16,-26,0,-94,10,-25,49,-50,35,-35,10,-20,8,-63,14,-50,16,-41,18,-44,26,-132,-7,-115,-17,-27,-18,-13,0,-12,2,-3,6,-6,-22,-22,-4,-4,1,-1,5,-10,-6,-12,-10,-2,2,-7,-7,-7,-4,4,-1,2,-1,-5,-2,-14,-8,-5,-4,-2,0,-4,0,-2,7,-2,-12,-5,9,-4,-6,-6,5,-4,-17,0,13,-20,-2,-7,-3,-10,6,2,7,2,1,-12,-3,-3,-32,-28,-15,-3,2,9,2,5,-11,-1,6,-22,-17,1,0,-6,-6,0,0,7,0,3,-6,-2,-6,-7,1,0,7,-1,0,-8,-9,-2,-3,5,-1,1,0,-3,-1,-7,-9,-7,3,-5,8,5,2,-5,-30,-15,-9,-4,1,-6,0,-2,-5,-4,-6,-4,-8,3,-3,-13,-7,-1,-1,-16,-9,-2,-2,2,-5,5,-15,-5,5,-8,8,-1,-5,-7,-7,3,-1,1,-9,-6,11,-7,6,-4,3,-11,-9,-1,-1,0,2,-10,-23,1,-2,-6,0,-1,-22,-7,-8,-11,-3,12,-8,-1,-5,-7,1,-1,7,-9,-9,-1,1,-11,-18,-20,-18,-3,-12,5,-9,4,-36,1,-1,-1,-6,-8,-4,7,-10,2,-5,-10,-3,10,0,-17,-11,0,-2,-1,-1,0,-2,-5,-6,4,-4,0,-2,-4,-1,4,-25,-2,3,-9,12,-5,-4,-5,6,-8,-5,-4,0,-1,14,-35,-6,-20,10,3,1,-17,9,0,1,1,1,-7,-5,-7,-6,2,-7,2,0,-5,-1,-5,-26,-16,-15,-1,-5,-14,-20,2,0,-7,-14,4,2,-13,11,-9,-7,-8,-1,1,-7,6,2,-9,-10,-6,-7,4,2,-11,-8,-9,6,-5,0,-15,-1,-10,5,-3,6,-4,-3,-6,-1,-2,6,-16,-21,-24,2,-8,-24,0,-5,-5,-12,-12,-10,8,-1,1,-8,-3,-10,-19,1,-1,8,-9,-15,-6,21,-12,-11,-8,-27,-2,18,-25,-4,-6,-4,-4,11,-11,-11,-3,0,9,-5,1,-13,-18,5,-4,10,4,3,-14,0,-1,1,0,11,-1,10,-15,-11,0,4,-7,1,0,-1,-1,-7,-2,0,-4,0,-7,-7,0,-4,-1,1,-2,2,-5,-4,2,-2,2,-1,-5,-1,-3,-1,1,-9,6,-6,-5,6,-10,1,-1,-3,0,-6,-2,3,-2,8,-7,-13,1,-2,-1,-12,-8,-4,2,3,7,-8,-2,4,-16,-12,0,-4,7,-10,-11,-5,-7,-5,5,-4,4,-6,-5,-15,-15,-4,11,-5,12,-9,-14,-5,-7,-3,6,-3,5,-12,-4,1,-3,2,-9,-19,6,14,-20,-4,-2,-4,-3,8,-5,-10,-11,0,-5,1,-7,-6,-1,-2,0,1,-2,4,-5,-12,-8,-8,-5,2,-4,3,-10,-10,-2,9,-13,-5,-7,6,-3,-3,-10,0,-1,1,0,10,-5,-7,-10,-37,-20,-1,-5,0,-3,-4,1,-12,3,2,-8,-14,-8,-1,-4,-3,-16,-22,0,7,-15,-20,-21,-1,-30,-35,-43,-1,-1,-12,-28,-327,-428,-125,107,-18,-24,-85,-114,-443,-589]]]
186731	r	33.8987,-1.6124,35.0926,-0.6506	[[[338987,-8057,55,-1969,762,0,41,5,155,-5,20,-261,134,-88,161,-13,26,-39,68,-35,52,3,72,51,742,-415,387,-216,1759,-982,2148,-1198,1620,-905,527,-294,2146,-1198,911,-508,83,89,70,85,-3611,2056,-200,807,-122,379,-108,542,-16,38,-70,-14,-64,28,-22,116,-102,94,-70,28,0,91,-68,72,-15,10,-47,46,-32,8,-126,88,74,177,-24,130,-80,116,-19,160,-55,84,-2,61,38,58,-174,190,-82,197,-24,213,453,414,90,71,-11,-3,-4,1,-99,28,-1,2,-104,239,14,179,-64,183,1,119,-25,42,31,163,-39,78,-17,14,-39,66,-4,1,0,5,-4,7,2,11,-4,35,31,80,3,12,1,0,1,3,108,-2,36,127,-37,69,6,235,35,418,31,61,-6,168,133,289,-25,188,-68,96,39,41,-15,44,7,47,-1,9,-82,60,-195,69,-90,-24,-108,5,-46,-17,-32,-69,-224,-71,16,-63,-64,-35,-14,-58,-88,-82,-84,-136,-8,-224,34,-38,-50,-115,-60,-47,-72,-109,-330,-303,-11,-54,-2439,-46,-2,2,-70,136,-194,149,-36,85,-78,92,-16,66,-38,11,-280,-203,-176,-48,-51,-65,-9,-11,-44,-20,-230,-10,-102,-40,-204,-25,-34,-28,-31,-121,-1831,-35]]]
200067	r	34.2893,0.4213,35.0678,1.1449	[[[342893,7157,62,-279,25,1,10,32,23,-10,64,47,55,0,9,37,-43,71,7,73,-26,38,19,95,-20,29,34,221,41,70,-5,34,44,34,159,9,110,64,88,-9,-2,22,51,24,90,-61,13,2,122,16,156,-179,80,3,64,60,135,-62,15,-7,68,-105,5,-53,3,-33,-34,-80,-50,1,-68,-36,-144,10,90,-254,16,-108,-62,-80,48,-133,54,-69,-354,-188,-24,-128,-28,-149,-18,-42,-7,-17,-8,-18,-48,-9,-5,-33,12,-155,52,-91,-80,-157,136,-187,80,-48,184,-340,-46,-44,-150,-23,-26,-33,-14,-67,40,-165,34,-34,142,75,113,-10,23,-3,130,-90,30,-21,18,7,104,42,118,6,136,128,100,27,106,-164,8,-85,138,-22,82,-72,136,-45,57,66,1,84,134,88,142,-110,126,-13,36,-21,10,-231,78,-87,38,94,-26,73,22,58,32,-6,96,58,98,-69,18,108,102,77,36,-11,0,-52,26,-31,114,-19,68,45,58,-1,32,56,77,3,60,99,41,22,-20,105,121,21,125,214,88,-22,68,55,42,-17,44,17,102,111,35,117,65,43,26,-13,114,116,9,44,51,42,-13,45,19,34,50,9,90,92,66,21,102,75,135,44,-95,97,24,70,84,52,56,69,91,27,67,72,27,97,-15,100,34,50,3,54,73,111,120,56,10,49,51,56,33,-17,156,9,102,63,64,-36,100,-3,122,137,66,38,16,69,-67,154,58,131,91,31,29,-15,83,111,71,6,9,-30,56,37,158,30,110,-32,68,-74,19,-7,81,17,62,69,64,-32,22,-58,32,-6,36,13,6,39,43,31,73,-39,-10,69,58,55,94,29,83,-24,35,39,17,169,-43,135,-24,28,-92,47,-92,158,-96,28,-84,100,28,97,-20,110,-114,102,56,252,-206,-44,-132,-31,24,58,-220,-69,10,-50,-242,-36,-84,-154,-78,-6,-145,-76,-413,-215,-611,-168,-17,-49,0,-21,-23,-13,-17,-26,-15,-1,-2,-13,-9,-2,2,-51,15,-27,-7,-27,15,-40,1,-31,10,-14,-5,-6,8,-19,21,-11,18,-24,37,-18,15,-18,1,-8,7,0,2,-9,28,-19,13,-22,-3,-23,-41,1,-98,-16,-103,17,-38,1,-18,-8,-13,-23,-20,-2,-14,7,-8,-11,-88,-60,-13,-41,-13,1,-1,8,-9,-1,-1,8,-26,-13,-5,-12,-33,-30,-100,-140,-23,30,-6,-4,-51,-63,-24,-58,-20,-17,-44,-4,-75,9,-18,23,-27,16,-16,19,-44,24,-65,92,-39,13,-41,22,-14,21,-21,16,-27,4,-24,-6,-22,-19,-43,-22,-22,5,-2,-12,-14,-8,-8,-18,-12,-2,9,-19,-21,-44,-76,-47,-3,-12,-19,-7,-6,-12,-3,14,-11,1,-2,-26,-7,10,-8,-6,-2,11,-7,-7,-25,12,0,9,-11,9,3,7,-30,4,-15,-4,-30,27,-2,25,17,-1,2,22,11,8,-1,13,-15,3,6,11,-5,17,17,24,-7,35,16,4,7,16,-5,11,-12,-1,-1,9,7,3,-10,46,-12,-6,-4,14,-9,-5,-6,5,5,4,-2,12,10,-7,4,16,-10,39,-20,12,-4,14,-12,12,10,24,-6,13,6,4,-2,24,7,28,-8,19,-17,12,0,10,22,73,-7,1,-8,11,1,9,-19,17,6,19,-6,9,0,14,-20,11,-15,-2,-26,17,-10,-1,-20,23,10,16,-6,1,5,6,-2,15,14,25,-6,25,3,8,-19,15,-16,26,13,57,7,7,-3,23,10,8,15,35,12,-34,73,-57,53,-29,11,3,-3,34,5,13,38,-6,29,22,5,-17,10,-12,34,-26,16,-4,18,-80,12,-19,20,-13,57,28,79,58,90,46,44,34,46,50,61,41,45,45,41,18,47,32,55,6,32,19,55,20,55,-2,31,28,6,23,-5,16,6,6,101,29,48,8,11,-17,13,11,27,5,2,14,9,4,18,27,-3,34,12,0,22,-22,14,-24,55,-35,14,-1,35,4,19,10,31,58,32,-73,-44,104,8,70,-88,251,134,152,-26,69,-110,100,-86,14,-110,-25,-280,163,-606,830,-272,337,102,269,-114,19,-180,82,-168,123,-296,359,-80,56,-37,-463,-485,84,-3,-29,-60,-51,-65,-175,-112,-110,-114,-387,4,-134,-39,-205,22,-178,-65,-220,-31,-223,-148,-276,-127,-108,0,-98,-57,-138,3,-126,-57,-71,-135,-27,-64,-37,-2,-46,-35,-37,-32,4,-6,-54,19,-19,-12,-9,-170,118,-99,-276,-171,-156,-642,-321,-83,-88,-21,-126,-40,-230,-30,-80]]]
184379	r	34.5905,-2.1055,36.3481,-0.4567	[[[345905,-10175,24,-213,82,-197,174,-190,-38,-58,2,-61,55,-84,19,-160,80,-116,24,-130,-74,-177,126,-88,32,-8,47,-46,15,-10,68,-72,0,-91,70,-28,102,-94,22,-116,64,-28,70,14,16,-38,108,-542,122,-379,200,-807,4093,-2330,211,-119,-3,-252,394,-220,454,-253,1692,-945,2146,-1199,2097,-1171,133,158,1477,-830,6,213,258,-3,-4,413,-38,19,-8,86,26,78,30,2,6,75,82,105,-30,36,64,254,-22,47,34,125,-34,107,50,111,-62,106,6,88,-30,-3,-12,39,84,33,20,44,-112,52,-46,122,28,20,38,-17,30,33,8,77,64,-10,64,100,-20,44,2,237,-70,72,12,36,-36,72,-20,25,-78,-28,-28,149,-32,22,-68,-5,-18,30,102,81,-20,33,46,75,0,50,-68,38,102,95,6,49,36,13,-24,68,36,126,28,11,36,87,60,10,-16,120,-40,79,42,61,92,-27,18,49,66,55,-22,72,-52,47,-22,75,28,31,-4,41,-40,47,-60,157,48,39,-22,69,82,147,-2,36,-46,27,94,20,18,25,-16,42,50,43,44,119,64,1,12,99,58,97,-12,124,-108,191,-142,410,-108,93,1984,2088,1000,1087,-98,1066,-22,215,-712,1313,-583,-183,-108,180,-92,10,30,82,-202,378,-102,311,8,51,73,32,218,254,24,180,-64,80,70,124,-194,117,-44,60,-66,37,-18,99,-52,102,-6,83,-68,42,-34,-15,-42,9,-348,313,-40,52,-18,170,2,-3,-18,189,-453,-240,-223,-144,-162,136,-164,-97,-466,-360,-54,-24,-110,57,-26,31,-6,73,-374,474,-40,-22,-108,9,-24,136,400,13,350,-304,146,160,154,170,10,41,-342,652,-8,56,-36,30,-60,-14,-54,55,-196,18,-70,29,-156,205,-396,214,-20,32,-158,67,66,210,-24,55,-62,0,-32,-50,-118,-19,8,91,-32,72,-104,22,-42,-8,-18,-33,-12,-125,-172,-417,-44,-227,-344,63,-166,-177,-116,-52,6,-218,-86,-156,-104,-113,-70,-207,-4,-160,-40,-103,-44,-88,-32,2,-48,-47,-48,-149,-116,-83,-68,-149,-36,6,-132,166,-184,113,-111,145,-121,685,-1894,-557,282,-755,532,-421,293,-113,53,-8,-1578,-1311,-549,-982,-17,3,-54,-52,-124,-46,-120,-98,-82,12,-54,-73,-46,-2,-23,-25,-39,-42,-74,17,-1552,1283,-310,74,-383,93,-2537,-641,-199,-64,-58,13,-9,-3,-72,-23,-60,-51,-37,32,-352,-94,-13,-1,-30,-8,-20,6,-98,-4,-127,69,-23,-1,-23,-8,-34,-10,-90,-71,-453,-414]]]
198476	r	37.2679,-0.9182,37.9717,-0.1521	[[[372679,-7791,0,-83,44,-7,143,44,23,-12,58,-92,124,-99,-6,-103,74,-61,50,-135,26,-30,48,-3,-16,-33,24,-28,114,-33,60,36,26,-19,32,14,18,-25,110,5,142,-58,28,-63,64,44,24,-34,88,0,80,47,72,9,18,-39,-26,-47,38,-27,106,-44,90,36,74,-4,50,-74,116,-8,16,-26,72,-2,64,-34,-16,-101,56,-76,36,3,138,-94,62,30,140,-35,-4,-92,56,-38,132,31,-12,159,46,78,70,52,74,8,90,76,36,-50,106,36,116,-14,51,81,-40,33,5,26,93,39,41,-18,45,83,47,-16,97,44,66,-5,31,134,72,-17,30,-55,66,36,84,-49,92,8,64,101,16,78,84,64,2,197,1351,-965,22,15,-1,3,46,58,-14,105,48,133,38,20,-4,72,78,86,-8,30,72,42,-28,58,62,32,-2,119,-32,22,16,77,252,6,72,54,62,9,-44,77,6,53,52,99,70,25,-10,112,108,93,72,113,62,181,-34,178,-22,29,-22,-26,-76,17,-17,37,40,196,-72,54,-23,271,40,86,255,195,-213,242,12,33,-194,149,50,225,-58,248,312,692,148,173,58,109,16,100,48,26,106,0,136,146,10,111,34,19,2,133,16,25,-772,261,0,41,-76,88,-110,-66,-4358,1477,-114,-513,-1202,1036,944,-2198,-447,-2011,1154,-824,47,-142,-32,-148,54,-112,-24,-161,12,-33,140,-102,28,-66,-26,-19,-192,71,-100,-52,-10,-34,-183,21,-233,-167,-150,-3,-194,-58,-132,-86,-128,0,-44,-82,-68,-17,-260,96,-52,48,-36,93,-254,-63,-136,-5,-84,-216]]]
188492	r	37.0299,-1.9405,37.499,-1.2907	[[[370299,-16256,198,-263,34,-56,34,-36,492,-660,74,-91,46,-28,118,-53,34,-6,96,68,48,-12,22,-36,-2,-47,-12,-49,2,-43,12,-44,22,-19,16,-2,60,-33,-63,-99,1,-24,20,-13,30,10,1,2,18,0,15,-21,-94,-165,12,-39,-20,-36,-86,-88,36,-69,-16,-98,40,-22,-60,-72,132,-71,72,-128,10,-135,-30,-42,0,-69,-8,-13,337,-501,61,16,240,-3,156,-54,5,-5,2588,3583,-490,520,-9,-9,-74,-19,-22,20,-32,-28,-208,33,-152,75,-131,10,5,19,-86,84,-4,48,-61,35,-12,56,-34,-1,22,17,-18,16,15,44,-32,4,-10,35,48,32,-17,26,23,70,-28,7,-8,75,-27,25,34,2,13,60,-66,38,31,114,-30,32,-28,1,14,14,-1379,1460,-780,-993,-400,-1934,-758,-422]]]
197226	p	184745
12718630	p	184745
198547	n	40.7052,2.5839,41.0985,3.0361	[[[407052,28100,10,-222,33,-219,53,-215,75,-209,94,-201,113,-190,132,-178,148,-165,164,-149,177,-132,189,-114,200,-95,207,-75,214,-54,219,-32,220,-11,220,11,156,23,-5,444,-12,1289,-5,535,144,278,342,339,821,813,24,23,-95,105,-164,149,-177,132,-189,114,-200,95,-207,75,-214,54,-219,32,-220,11,-220,-11,-219,-32,-214,-54,-207,-75,-200,-95,-189,-114,-177,-132,-164,-149,-148,-165,-132,-178,-113,-190,-94,-201,-75,-209,-53,-215,-33,-219,-10,-222]]]
197334	r	36.0238,-0.7683,36.6361,-0.3145	[[[360238,-6124,40,18,39,-17,18,35,38,-56,54,-6,-36,-32,-39,33,-41,-27,32,-130,-17,-158,117,-124,29,-79,503,266,26,-214,107,-170,114,-75,243,61,163,165,119,-10,227,128,253,43,196,-8,399,-172,-161,-384,-80,-299,42,-188,81,-17,-50,-106,164,-36,22,71,91,32,678,39,85,348,44,69,92,45,-97,112,-53,4,-10,90,109,65,-4,41,26,42,50,11,-2,29,66,-2,135,-116,188,-108,28,56,48,-1,79,-28,32,-41,30,11,24,-65,44,5,95,-65,107,1,36,82,53,29,-30,49,-8,186,105,237,-41,81,56,63,10,59,-219,-21,-119,143,-47,469,-77,-26,1917,1004,-12,90,-2073,541,-4,-11,18,-10,-3,-4,8,-14,-14,-31,-12,-2,-24,-20,-15,-1,-4,-38,-10,-14,-38,-3,1,-14,-13,-11,-26,2,1,-11,14,-9,-26,-18,-3,-19,-22,-22,-1,-22,9,-11,-10,-10,-1,-20,-34,-4,-5,-28,-17,-12,-13,-23,-34,-2,-22,-23,-15,-32,6,-19,-7,-21,9,-14,-28,-43,-18,-1,-10,-22,-22,21,-5,-15,-8,-4,-7,29,20,42,6,72,-4,35,-32,156,-38,19,-16,41,-4,44,2,14,4,40,-8,35,-18,33,-112,80,-32,64,-24,89,-118,-35,-16,4,-48,-11,-90,-39,-188,33,-36,170,-182,-45,-172,-191,-128,495,-106,6,-42,-36,-28,-8,-130,25,-26,-64,-44,36,-40,176,-287,-78,-356,231,17,-56,-161,-39,115,-420,15,-847,-331,-6,19,-97,-43,-47,-32,-93,-67,-69,-231,-136,-90,12,-19,41,-145,-49,58,-566,25,-23,67,-410,-128,8,-108,54,-117,-27,-18,16,-60,-35,-37,24,-55,-100,-14,-114]]]
197335	p	184622
187113	p	195272
191919	r	34.3979,0.5423,34.9801,1.1202	[[[343979,8434,170,-118,12,9,-19,19,6,54,32,-4,35,37,2,46,64,37,135,27,57,71,-3,126,57,138,0,98,127,108,148,276,31,223,65,220,-22,178,39,205,-3,96,-39,-37,-147,-158,-93,-114,-3,-190,-58,-205,-260,-641,-288,-374,-45,-127]],[[346157,11042,6,-8,168,-123,180,-82,114,-19,-102,-269,272,-337,606,-830,280,-163,110,25,86,-14,110,-100,26,-69,-134,-152,88,-251,-8,-70,44,-104,-32,73,-31,-58,-19,-10,-35,-4,-14,1,-55,35,-14,24,-22,22,-12,0,3,-34,-18,-27,-9,-4,-2,-14,-27,-5,-13,-11,-11,17,-48,-8,-101,-29,-6,-6,5,-16,-6,-23,-31,-28,-55,2,-55,-20,-32,-19,-55,-6,-47,-32,-41,-18,-45,-45,-61,-41,-46,-50,-44,-34,-90,-46,-79,-58,-57,-28,-20,13,-12,19,-18,80,-16,4,-34,26,-10,12,-5,17,-29,-22,-38,6,-5,-13,3,-34,-11,-3,-53,29,-73,57,-12,34,-15,-35,-10,-8,3,-23,-7,-7,-13,-57,16,-26,19,-15,-3,-8,6,-25,-14,-25,2,-15,-5,-6,6,-1,-10,-16,20,-23,10,1,26,-17,15,2,20,-11,0,-14,6,-9,-6,-19,19,-17,-1,-9,8,-11,7,-1,-22,-73,0,-10,17,-12,8,-19,-7,-28,2,-24,-6,-4,6,-13,-10,-24,12,-12,4,-14,20,-12,10,-39,-4,-16,-10,7,2,-12,-5,-4,6,-5,9,5,4,-14,12,6,10,-46,-7,-3,1,-9,12,1,5,-11,-7,-16,-16,-4,7,-35,-17,-24,5,-17,-6,-11,15,-3,1,-13,-11,-8,-2,-22,-17,1,2,-25,30,-27,15,4,30,-4,-3,-7,11,-9,0,-9,25,-12,7,7,2,-11,8,6,7,-10,2,26,11,-1,3,-14,6,12,19,7,3,12,76,47,21,44,-9,19,12,2,8,18,14,8,2,12,22,-5,43,22,22,19,24,6,27,-4,21,-16,14,-21,41,-22,39,-13,65,-92,44,-24,16,-19,27,-16,18,-23,75,-9,44,4,20,17,24,58,51,63,6,4,23,-30,100,140,33,30,5,12,26,13,1,-8,9,1,1,-8,13,-1,13,41,88,60,8,11,14,-7,20,2,13,23,18,8,38,-1,103,-17,98,16,41,-1,3,23,-13,22,-28,19,-2,9,-7,0,-1,8,-15,18,-37,18,-18,24,-21,11,-8,19,5,6,-10,14,-1,31,-15,40,7,27,-15,27,-2,51,9,2,2,13,15,1,17,26,23,13,0,21,17,49,611,168,413,215,-2181,2750,-173,-17,-212,-35,-210,-50,-191,-58],[348059,8412,60,-208,-40,127,-18,37,-2,44]],[[348535,5466,49,-43,837,49,380,774,-130,-151,-220,-30,-250,-167,-120,45,-84,82,-87,22,67,-68,-442,-513]]]
194160	n	34.8853,1.0512,35.3346,1.4661	[[[348854,12400,11,-222,14,-95,3442,-1565,13,-6,14,8,177,132,163,149,148,165,132,178,113,190,94,201,75,209,53,215,32,219,11,222,-11,222,-32,219,-53,215,-75,209,-94,201,-113,190,-132,178,-148,165,-163,149,-177,132,-189,114,-199,95,-208,75,-214,54,-218,32,-220,11,-220,-11,-218,-32,-214,-54,-208,-75,-199,-95,-189,-114,-177,-132,-163,-149,-148,-165,-132,-178,-113,-190,-94,-201,-75,-209,-53,-215,-32,-219,-11,-222]]]
192900	r	35.0015,-0.9064,35.6757,0.0324	[[[350015,-2707,273,-491,-63,-60,-142,-84,-28,-240,53,-334,71,-61,40,-87,-16,-71,36,-9,8,0,32,-11,58,-60,58,-98,4,-34,-1,-4,-3,-7,1,-32,17,-14,47,-64,8,-87,-13,-16,-7,4,-18,-12,4,-83,-12,-69,-4,-72,-19,-50,-57,-9,8,-17,-4,-10,7,-16,-15,-57,0,-21,1,-3,3,-6,22,-4,14,6,58,-20,53,10,3,3,8,7,13,-5,49,-50,-11,-7,21,-30,-53,-115,-7,-7,-25,-51,24,-23,12,-30,8,-47,-30,-31,24,-63,-22,-36,10,-75,-2,-35,2,-50,-4,-31,-16,-33,10,-28,4,-50,13,-74,-3,10,2,-10,34,-53,3,-7,67,-112,6,-33,-2,-35,-12,-26,-23,-27,31,8,82,133,112,5,10,-64,38,-21,-24,-134,36,-29,-50,-98,11,-80,-27,-79,96,-68,34,-13,210,39,52,-31,8,-69,134,50,430,31,20,30,164,77,32,73,58,45,1,0,1517,-2715,1578,1311,-53,8,-293,113,-532,421,-282,755,1894,557,-57,128,-242,329,21,14,-164,281,-1292,2113,358,130,210,118,350,86,188,-11,46,110,298,-141,134,-94,-30,-212,118,-48,40,164,66,66,18,83,84,-69,26,-88,68,38,68,-11,18,-39,114,62,2,116,140,50,46,54,10,42,8,14,58,260,-22,130,22,38,-22,50,14,69,50,6,24,108,108,58,-90,38,34,205,-26,17,-134,-11,-24,86,-34,30,-50,19,-112,-22,-80,11,-124,-69,-100,138,2,75,-10,30,0,6,-2,3,-19,58,7,52,48,-6,76,39,12,81,108,78,-18,60,-74,56,28,32,-14,45,106,57,134,164,132,74,-30,399,-886,474,-668,-211,-50,16,-102,2,-154,-36,-58,12,130,72,-56,74,-300,-5,30,-72,-250,-160,-62,-179,-3279,-1035,-783,-1509]]]
178522	r	37.585,-4.295,39.3013,-2.4225	[[[375850,-34135,13,-398,4,-4,164,-21,19,-29,32,-49,-41,-165,-79,-196,29,-137,478,28,214,-19,211,-56,189,-91,140,-128,75,-154,174,-616,100,-205,138,-179,544,-391,854,-615,853,-615,854,-615,853,-614,853,-615,854,-614,787,-567,66,-48,855,-614,852,-613,659,-475,1164,1308,1481,1942,64,23,164,58,231,521,1376,1804,455,769,-152,56,-168,251,82,214,170,284,-586,-2,1324,5029,92,70,708,796,14,79,-280,2427,-236,253,-466,438,-493,407,-519,374,-542,339,-563,302,-581,265,-598,226,-610,186,-622,146,-630,104,-564,56,4452,-6207,-140,2,-74,69,-86,34,-6,82,-74,-27,-100,39,-17,-5,-13,3,-116,-43,-214,-7,-48,-64,-124,-70,-222,12,-152,38,-48,-52,-176,-33,-114,8,-82,44,-324,-196,-152,-31,-52,70,-58,-53,-108,-25,-78,-60,-130,-11,-46,18,-14,69,106,23,2,38,-206,58,-102,1,-52,44,-208,-25,-190,36,-250,102,-426,-66,-46,92,-78,46,-114,122,-252,28,-76,30,-30,24,18,94,-66,-37,-80,0,-108,115,-220,8,-170,70,-52,55,-188,-10,-40,21,-49,75,-48,17,-10,-23,-69,101,-60,5,15,47,-49,63,-18,80,-111,-1,-17,107,-75,160,-56,66,4,57,-108,38,45,98,-14,36,-104,8,21,113,-72,42,0,79,-63,11,-38,47,35,96,-48,126,-3,91,-82,71,38,67,14,94,79,41,7,45,-113,269,-71,100,-27,113,-216,467,-33,139,-45,76,5,73,-155,133,13,74,-55,48,-12,99,-139,402,-86,22,-73,225,73,76,-66,55,-101,24,15,67,-42,54,24,66,-45,58,-5,87,-46,32,5,88,-98,39,-56,112,-54,8,-35,42,-10,55,-3870,-2221,4,-13,52,-30,152,-14,88,-185,-38,-249,42,-155,68,-74,-194,-976,-234,-172,-236,-1916,-142,-20,-26,-77,-14,-916,-92,-61,-98,-21,-110,113,-108,67,-70,5,-245,-82,-871,-172,-212,1352,-219,146,-22,-57,116,-186,176,-1084,22,-131,201,-1223,-182,-13,-100,-86,-35,-139,15,-179,-189,-15,-238,-127,-223,-177,-146,-161,-51,-89,-2,-5]]]
8477754	p	184745
178323	p	193627
7931933	r	36.2653,-0.4609,36.7229,0.1227	[[[362653,-3494,112,-434,172,191,182,45,36,-170,188,-33,90,39,48,11,16,-4,118,35,24,-89,32,-64,112,-80,18,-33,8,-35,-4,-40,-2,-14,4,-44,16,-41,38,-19,32,-156,4,-35,-6,-72,-20,-42,7,-29,8,4,5,15,22,-21,10,22,18,1,28,43,-9,14,7,21,-6,19,15,32,22,23,34,2,13,23,17,12,5,28,34,4,1,20,10,10,-9,11,1,22,22,22,3,19,26,18,-14,9,-1,11,26,-2,13,11,-1,14,38,3,10,14,4,38,15,1,24,20,12,2,14,31,-8,14,3,4,-18,10,4,11,2073,-541,88,334,-198,245,86,116,-18,34,-216,94,-44,55,0,36,122,116,-58,125,-12,88,64,254,682,1247,-10,84,74,22,-306,221,452,141,54,22,66,70,47,11,7,29,-687,1693,-2,2,-210,173,-221,160,-231,145,-240,129,-248,113,-161,61,-1585,-2905,-991,-1816]]]
196742	r	34.0626,-0.7992,34.71,-0.2105	[[[340626,-5300,8,-262,26,-260,42,-259,59,-255,76,-250,91,-245,108,-239,122,-231,137,-222,152,-213,25,-31,51,65,176,48,280,203,38,-11,16,-66,78,-92,36,-85,194,-149,70,-136,2,-2,2439,46,11,54,330,303,72,109,60,47,50,115,-34,38,8,224,84,136,88,82,14,58,64,35,-16,63,224,71,32,69,46,17,34,-1,1164,2404,17,274,-2498,1743,-63,-18,300,-896,-614,-356,-1086,-898,-194,-40,-130,42,-102,91,-296,751,-294,22,-1020,4,-67,-127,-108,-239,-91,-245,-76,-250,-59,-255,-42,-259,-26,-260,-8,-262]]]
185579	p	193627
196185	n	35.2976,0.4439,35.7303,0.8961	[[[352976,7428,1857,-2971,47,-7,220,-11,88,4,2114,2701,-53,212,-74,209,-94,201,-114,190,-131,178,-148,165,-163,149,-177,132,-189,114,-200,95,-207,75,-214,54,-218,32,-220,11,-220,-11,-218,-32,-214,-54,-207,-75,-200,-95,-189,-114,-177,-132,-163,-149,-148,-165,-131,-178,-114,-190,-94,-201,-49,-137]]]
194038	n	34.9054,-0.0261,35.3246,0.4232	[[[349054,1544,363,-1147,158,-145,177,-132,189,-114,200,-95,207,-75,214,-54,218,-32,220,-11,220,11,218,32,214,54,207,75,200,95,189,114,177,132,163,149,148,165,131,178,114,190,94,201,74,209,54,215,32,219,11,222,-11,222,-32,219,-54,215,-74,209,-53,112,-2362,1255,-98,-14,-214,-54,-207,-75,-200,-95,-189,-114,-177,-132,-18,-17,-2,-46,-30,-81,-88,-386,348,-768,8,-65,-210,7,-132,-330,-154,11,-32,-95,-92,2,-22,-13,-97,-423]]]
187585	r	36.0493,1.2609,39.3459,4.4551	[[[360493,41296,34,-8935,220,-127,378,-56,86,-68,104,-29,78,-16,32,19,-14,50,46,72,56,-53,0,-259,-122,-376,108,-186,28,-224,-24,-177,32,-80,-48,-125,-64,-19,-14,-28,-10,-71,30,-100,-20,-180,-38,-88,-6,-130,-88,-119,-32,-183,16,-25,40,-5,10,-44,56,41,-18,-111,82,14,378,-27,114,16,104,-63,186,-50,156,-3,102,-64,68,25,36,81,46,-263,78,-246,134,-180,102,-44,64,0,470,-247,140,-21,202,-219,158,-396,226,-370,24,-258,70,-160,44,-66,126,-71,12,-50,-84,-114,-38,-130,18,-100,-14,-148,34,-184,154,-221,182,-30,30,-86,184,-245,204,-150,118,-354,52,-52,4,-216,-32,-120,18,-149,-46,-141,-4,-118,74,-144,82,-261,204,-94,56,29,18,38,194,42,56,49,92,-72,62,-99,106,30,24,42,2,91,26,27,68,-24,38,-67,40,11,18,-97,48,189,34,-15,24,37,46,11,198,296,112,96,120,-41,-8,110,56,150,-28,323,148,-43,70,17,-345,-1042,2078,-2179,59,-306,122,-307,-20,-216,58,-35,14,-58,26,-368,-42,-402,70,-5,130,72,100,16,290,-182,212,-91,138,-152,638,-20,192,-80,64,-16,2013,-2112,19,-71,24,-33,94,-39,979,-1027,617,-953,244,-489,590,-1042,50,-59,56,-13,48,-86,38,-14,32,-50,-2,-81,58,14,40,114,64,63,2,42,28,6,74,-138,48,-9,104,31,10,43,70,17,180,139,328,-344,2666,-552,-20,-451,3946,3149,438,1835,4040,2330,468,313,1252,735,-62,75,-114,363,-72,144,18,574,-120,667,100,327,-44,317,24,257,2,18,-34,74,-27,279,-3,36,-128,268,-16,111,-102,263,-108,401,-6,188,-34,78,908,254,248,412,334,818,114,114,26,179,114,169,76,656,-28,793,448,9,52,282,74,190,20,36,122,40,98,143,452,33,74,108,152,102,298,86,108,177,326,337,348,174,208,158,-2,667,-54,1319,-24,110,-110,108,4,122,-136,1024,-126,218,-16,141,40,133,138,165,62,136,20,75,-16,42,-36,18,-96,-116,-18,109,-62,4,-64,-37,-349,-201,-65,28,-208,-5,-96,52,-290,-30,-44,12,-32,123,-106,-22,-50,15,-204,104,-16,91,-184,9,-140,44,-138,80,-164,172,-88,-2,-6,-86,-128,-43,-184,-39,-112,38,-36,-37,-106,-3,-1,-52,-87,-18,-2,2,-30,-7,-18,-1,-46,87,-38,-38,-176,44,-54,60,-50,-19,-30,33,-92,-66,3,-31,-383,-74,-191,-3,-527,186,-1348,400,-10,89,-198,288,-62,136,-56,7,-84,-36,40,-124,-32,-41,-135,178,4,-67,-13,-140,2,-66,-348,95,-44,-20,-30,22,-26,78,-34,-3,-64,-61,-98,1,-3,16,-19,33,-141,-55,-13,-2,-60,49,-26,-17,-38,47,-60,12,-90,276,-80,56,-36,68,-174,-19,-54,-33,66,-74,0,-4,-88,73,-53,23,-96,-39,-21,-83,8,-89,-12,-58,-502,-219,-2554,179,-19,-4,-125,14,-313,-25,-221,-55,-96,107,-534,428,-124,66,-56,98,-42,0,-56,52,-10,38,-44,20,-80,96,-30,100,-30,-6,-46,136,-48,0,-38,44,-96,-3,-710,405,-2702,1791,-4,31,-158,113,-774,514,-542,407,-748,512,-180,86,-2718,1764,-44,-22,-36,19,-150,116,-238,371,-116,49,-130,-2,-102,147,2,30,-68,44,-6,55,-38,-13,-122,110,-8,-38,-98,-100,-110,80,-62,-16,-174,171,-110,30,-162,-6,4,57,-496,210,-302,74,-356,179,-1636,-85,-194,13,-162,114,-194,3,-786,-100,-2828,64,-176,69,-130,-63,-1832,-21,-16,-3171]]]
383388	r	33.8905,-0.4313,34.5599,0.311	[[[338905,901,311,-1031,309,-1027,10,-387,-184,-1587,-58,-503,814,234,996,-3,1020,-4,294,-22,296,-751,102,-91,130,-42,194,40,1086,898,614,356,-300,896,63,18,509,1496,-15,330,161,57,84,56,82,118,-52,42,-10,41,76,38,-8,56,60,52,54,260,56,23,-22,72,16,177,-42,141,24,37,-18,76,26,83,-58,50,-72,20,60,43,36,83,-94,119,-40,-3,-82,-38,-68,-94,-130,8,-52,-97,-74,88,-14,-33,38,-71,-64,-41,-14,-64,-204,5,0,77,40,20,-22,36,-178,49,-12,73,148,11,108,71,14,26,-28,104,-48,40,-74,18,-174,-41,-136,-72,-86,22,-16,45,62,38,68,97,-114,130,-28,69,98,158,-76,110,-178,-141,-82,-113,-184,-80,58,141,12,119,-12,113,-62,119,118,48,26,37,-8,130,26,101,-128,157,80,69,-12,58,-146,163,-68,34,-74,-45,-310,69,-458,-28,-134,26,-102,-24,-136,51,-54,-32,-64,-134,-48,-47,-300,-69,-12,-193,-168,99,-48,111,-86,94,-136,33,-12,-90,-146,-247,-2,-39,-118,-105,-152,-83,-10,-247,-102,-290,-2,-36,62,-102,-10,-116,34,-141,-26,-133,-86,-105,18,94,-34,8,-110,-99,-182,-75,14,-141,-74,-149,-242,-897,-142,-195,-122,-84,-84,14,-559,-42,-422,1317,8,52,290,387,-321,-144,-139,-186,-31,-197]]]
187725	n	36.4754,0.8739,36.9246,1.3261	[[[364754,11000,11,-222,32,-219,54,-215,74,-209,94,-201,113,-190,132,-178,148,-165,163,-149,177,-132,189,-114,199,-95,208,-75,214,-54,218,-32,220,-11,220,11,218,32,214,54,208,75,199,95,189,114,177,132,163,149,148,165,132,178,113,190,94,201,74,209,54,215,32,219,11,222,-11,222,-32,219,-54,215,-74,209,-94,201,-113,190,-132,178,-148,165,-163,149,-177,132,-189,114,-199,95,-208,75,-214,54,-218,32,-220,11,-220,-11,-218,-32,-214,-54,-208,-75,-199,-95,-189,-114,-177,-132,-163,-149,-148,-165,-132,-178,-113,-190,-94,-201,-74,-209,-54,-215,-32,-219,-11,-222]]]
192859	n	37.1462,-0.6159,37.4029,-0.2738	[[[371463,-5286,41,-276,-6,-37,1120,-560,964,429,447,2011,-342,794,-28,14,-207,75,-214,54,-218,32,-220,11,-178,-9,-565,-1492,-47,-68,-6,-80,-97,-42,-32,-5,-32,29,-75,-27,6,-391,-132,-89,-8,-35,77,-195,-26,-34,-34,-4,-28,-64,-51,21,-25,-34,-47,8,-37,-36]]]
191038	r	37.5955,-3.0709,39.0761,-0.0554	[[[375955,-10889,30,-445,50,-31,28,-80,34,14,94,-27,62,-47,128,-188,120,-290,48,-42,26,-72,198,-246,88,-38,28,-37,98,-299,38,-25,72,-160,44,-44,4,-55,106,-161,58,-198,-54,-1514,110,-102,-22,-8,-214,57,-1,0,-49,14,-126,-84,70,-106,41,16,87,-35,216,-363,77,-78,59,0,42,-125,76,-110,112,-71,120,-271,76,-97,4,-50,38,-19,48,-75,22,-55,-8,-64,32,-14,-10,-33,56,-64,106,-66,2,-155,90,-17,14,-44,56,-36,6,-85,-26,-97,94,-28,10,-124,50,-63,48,-233,-30,-122,-28,-28,-72,14,-33,-116,93,-188,304,-318,114,-64,28,-43,-54,-39,-26,-67,14,-38,26,-44,106,-23,14,-35,-18,-37,80,-256,-14,-70,30,-25,96,-3,-4,-52,-66,-105,-14,-147,48,-69,16,-80,-20,-45,106,-309,46,-72,0,-47,78,-61,-26,-56,62,-33,-18,-61,46,-57,-36,-106,52,-33,50,4,50,-123,-10,-77,46,-88,12,-94,-10,-249,-54,-327,97,-119,17,-212,38,-15,500,200,28,-6,32,-102,38,-44,194,-64,22,-42,-20,-68,56,-62,56,-198,102,-86,-56,-47,0,-34,52,-47,26,-218,40,-72,0,-52,76,-9,54,-110,100,-1,24,-83,100,-60,-20,-122,56,-30,14,-99,30,-33,76,-59,105,11,115,-14,34,-61,214,-109,156,-3,34,-71,44,0,22,-66,121,-23,115,-448,99,-22,41,-73,81,-2,20,-81,37,-27,82,18,57,-28,89,9,96,-325,52,-290,35,-42,54,-8,56,-112,98,-39,-5,-88,46,-32,5,-87,45,-58,-24,-66,42,-54,-15,-67,101,-24,66,-55,-73,-76,73,-225,86,-22,139,-402,12,-99,55,-48,-13,-74,155,-133,-5,-73,45,-76,33,-139,216,-467,27,-113,71,-100,113,-269,-7,-45,-79,-41,-14,-94,-38,-67,82,-71,3,-91,48,-126,-35,-96,38,-47,63,-11,0,-79,72,-42,-21,-113,104,-8,14,-36,-45,-98,108,-38,-4,-57,56,-66,75,-160,17,-107,111,1,18,-80,49,-63,-15,-47,60,-5,69,-101,10,23,48,-17,49,-75,40,-21,188,10,52,-55,170,-70,220,-8,108,-115,80,0,66,37,-18,-94,30,-24,76,-30,252,-28,114,-122,78,-46,46,-92,426,66,250,-102,190,-36,208,25,52,-44,102,-1,206,-58,-2,-38,-106,-23,14,-69,46,-18,130,11,78,60,108,25,58,53,52,-70,152,31,324,196,82,-44,114,-8,176,33,48,52,152,-38,222,-12,124,70,48,64,214,7,116,43,13,-3,17,5,100,-39,74,27,6,-82,86,-34,74,-69,140,-2,-4452,6207,-62,87,62,-8,40,-42,262,-16,350,85,84,56,12,38,78,31,52,71,152,119,56,144,76,-7,92,29,64,58,60,18,160,-7,38,34,20,82,62,18,581,1129,1231,333,126,2299,98,191,138,321,-172,671,319,5848,-604,1077,-61,1020,-1554,3258,-206,309,-34,98,-3617,6149,-7,5,-110,-53,-166,13,-14,-61,-14,-16,-6,-14,-24,-18,-24,-26,-10,2,-1,-1,-1,1,-15,3,-33,52,-106,32,-205,160,-78,6,-81,-61,-34,7,-166,147,-72,-86,-28,-79,-126,-115,-22,-60,-94,-13,-62,-83,-168,79,-72,-2,-116,-56,-151,-122,-63,-84,-16,-106,-45,-24,-7,-151,-23,-26,-72,-5,-44,-56,-69,-19,-34,-361,-170,-298,-24,-58,6,-73,-54,-55,-162,-36,-60,-144,-220,-204,-88,5,-30,-33,-122,47,-418,-11,-166,30,-84,58,-208,25,-64,-30,-40,-194,-78,-107,-46,-142,54,-58,4,-63,-58,-33,-74,-147,-2,-41,52,-91,-94,-67,4,-33,42,-27,14,-97,-46,-70,-2,-133,-34,-19,-10,-111,-136,-146,-106,0,-48,-26,-16,-100,-58,-109,-148,-173,-312,-692,58,-248,-50,-225,194,-149,-12,-33,213,-242,-255,-195,-40,-86,23,-271,72,-54,-40,-196,17,-37,76,-17,22,26,22,-29,34,-178,-62,-181,-72,-113,-108,-93,10,-112,-70,-25,-52,-99,-6,-53,44,-77,-62,-9,-72,-54,-252,-6,-16,-77,32,-22,2,-119,-62,-32,28,-58,-72,-42,8,-30,-78,-86,4,-72,-38,-20,-48,-133,14,-105,-46,-58,1,-3,-22,-15,-731,-688,-41,-1171,-55,41,-1388,-64]]]
189741	r	40.0316,-2.5963,41.5594,-1.6621	[[[400316,-23522,2835,-2328,137,-113,195,62,415,298,1011,318,327,34,318,-73,298,-134,307,-67,347,132,612,727,126,53,287,33,282,-15,1815,1395,2086,1911,966,925,2048,2222,460,574,406,947,-6659,-565,-3758,-1827,-1138,-484,-1856,-871,-52,-31,169,-938,-1984,-2185]]]
195298	r	35.8399,-3.1961,37.9379,-1.0468	[[[358399,-20383,50,-28,2146,-1199,2146,-1198,2148,-1198,2146,-1198,2147,-1199,2147,-1198,1572,-878,-14,169,2454,-1374,1386,-925,212,-1352,871,172,245,82,70,-5,108,-67,110,-113,98,21,92,61,14,916,26,77,142,20,236,1916,234,172,194,976,-68,74,-42,155,38,249,-88,185,-152,14,-52,30,-88,261,-171,203,-139,305,-122,202,-2522,2916,98,27,64,102,52,8,48,-60,72,25,30,44,126,-19,40,79,80,39,62,-27,40,9,22,29,-20,39,38,36,26,110,36,28,0,208,-26,152,80,47,222,288,106,49,78,4,-168,87,-30,108,-68,61,-78,3,-248,85,-440,-55,-260,72,-206,152,-112,122,-114,-8,-68,22,-16,103,-114,94,-532,213,-28,-70,-134,55,16,66,-128,64,-696,498,-170,8,-14,80,-44,25,-458,50,-96,47,-36,-16,-192,91,-49,186,-107,171,-84,11,-176,197,-156,54,-240,3,-61,-16,-337,501,8,13,0,69,30,42,-10,135,-72,128,-132,71,60,72,-40,22,16,98,-36,69,86,88,20,36,-12,39,94,165,-15,21,-18,0,-1,-2,-30,-10,-20,13,-1,24,63,99,-60,33,-16,2,-22,19,-12,44,-2,43,12,49,2,47,-22,36,-48,12,-96,-68,-34,6,-118,53,-46,28,-74,91,-369,495,-29,-18,-199,-95,-208,-75,-214,-54,-218,-32,-220,-11,-61,3,-1609,782,-1268,-271,-200,29,-214,54,-208,75,-199,95,-189,114,-177,132,-163,149,-149,165,-131,178,-113,190,-94,201,-75,209,-53,215,-33,219,-4,87,-2,-1,-33,71,-75,209,-53,215,-33,219,-10,222,10,222,9,60,2030,203,-205,41,-201,31,-472,100,-622,121,-80,27,210,275,242,873,-436,332,-1578,747,22,-215,98,-1066,-1000,-1087,-1984,-2088,108,-93,142,-410,108,-191,12,-124,-58,-97,-12,-99,-64,-1,-44,-119,-50,-43,16,-42,-18,-25,-94,-20,46,-27,2,-36,-82,-147,22,-69,-48,-39,60,-157,40,-47,4,-41,-28,-31,22,-75,52,-47,22,-72,-66,-55,-18,-49,-92,27,-42,-61,40,-79,16,-120,-60,-10,-36,-87,-28,-11,-36,-126,24,-68,-36,-13,-6,-49,-102,-95,68,-38,0,-50,-46,-75,20,-33,-102,-81,18,-30,68,5,32,-22,28,-149,78,28,20,-25,36,-72,-12,-36,70,-72,-2,-237,20,-44,-64,-100,-64,10,-8,-77,-30,-33,-38,17,-28,-20,46,-122,112,-52,-20,-44,-84,-33,12,-39,30,3,-6,-88,62,-106,-50,-111,34,-107,-34,-125,22,-47,-64,-254,30,-36,-82,-105,-6,-75,-30,-2,-26,-78,8,-86,38,-19,4,-413,-258,3,-6,-213,-1477,830,-133,-158]],[[368500,-14650,328,82,79,430,44,8,1,2,-22,21,-50,16,-9,7,-16,6,-2,-2,-23,12,-30,-2,-6,-6,-15,5,-49,-4,-12,-3,-4,2,-4,0,-1,5,-7,5,2,11,-4,15,-55,-8,-59,51,-37,7,-43,19,-6,9,0,-688]]]
195821	n	35.5197,0.2639,35.9646,0.7161	[[[355198,4455,53,-211,74,-209,94,-201,114,-190,131,-178,148,-165,163,-149,177,-132,189,-114,200,-95,207,-75,214,-54,218,-32,220,-11,220,11,218,32,214,54,207,75,200,95,189,114,177,132,163,149,148,165,131,178,114,190,94,201,74,209,54,215,32,219,11,222,-11,222,-32,219,-54,215,-74,209,-94,201,-114,190,-131,178,-148,165,-163,149,-177,132,-189,114,-200,95,-207,75,-214,54,-218,32,-220,11,-88,-4,-10,-13,-2104,-2689]]]
182880	r	34.7083,-1.0364,35.3567,-0.2708	[[[347083,-4122,833,-1180,24,15,61,4,202,88,316,70,44,69,59,12,3,-2,3,4,23,4,8,-11,14,-8,7,1,1,0,27,-17,-14,12,17,-14,-14,-29,0,-39,4,-9,-5,-38,19,-159,12,-50,38,-45,2,-70,1,-1,1,-1,2,-53,7,-12,4,0,15,-18,-1,15,2,-24,-1,7,-7,-18,-29,-42,-4,-19,4,-12,-28,-73,15,-24,2,-1,64,-92,0,-1,-16,-45,65,-69,11,-18,10,-17,33,-24,-3,-40,6,13,-12,-28,4,-16,-32,-15,-6,-11,-57,36,-6,1,-54,32,-60,-9,-85,36,-15,19,-34,25,22,-16,-32,35,-14,2,-28,-17,-20,9,-18,17,-41,6,-23,-23,1,-2,-6,-3,-16,-7,-19,-29,-5,-22,-13,-14,-1,-14,-13,-11,2,-8,2,-15,-8,-3,-24,-52,-56,-69,-43,-20,-25,-34,-3,-18,-2,-10,-14,-26,-14,3,-5,-6,0,-18,-21,-54,-2,-19,-12,-4,7,-7,-11,-61,-1,-5,1,-2,9,-55,-12,-36,4,-5,-7,-4,17,-36,-59,10,-13,-10,-19,7,-7,-9,-2,-2,-28,12,-29,-13,-32,1,-12,-11,-22,-61,-58,-3,-50,-22,66,-38,22,36,21,-13,43,-58,0,-24,-1,-11,10,-6,3,-2,8,-20,13,0,14,-8,15,6,11,-4,81,22,43,-18,32,-25,44,-15,22,-28,8,-33,-2,-13,-2,-9,13,-22,23,4,6,-20,50,-14,11,4,18,-9,0,-9,17,-13,15,-12,26,-42,24,-18,18,-3,8,-15,4,-8,20,-9,23,-12,7,-10,8,-12,8,1,12,0,54,-34,65,-61,33,-19,12,-1,12,-2,28,-17,70,-28,15,-10,39,-26,73,-24,44,-25,7,1,36,-27,18,-37,23,-18,70,-35,39,8,15,-17,38,-7,33,-23,14,-21,41,0,10,-7,13,7,7,-14,13,-2,7,-20,19,-17,23,-3,20,-10,37,-63,-2,-12,22,-12,18,-25,125,-222,21,-38,16,-24,27,-42,11,-19,1,-3,1,-15,13,-9,11,-8,-6,-7,22,-14,-3,-10,64,-92,-8,-19,28,-31,6,-7,295,-494,6,25,-17,51,18,42,30,39,36,21,21,-35,12,-3,17,69,-2,34,4,29,1,0,127,-181,130,-184,310,-74,1552,-1283,54,-12,59,37,23,25,17,1,60,43,23,31,17,-2,187,135,285,235,26,25,431,770,-1518,2715,-58,-45,-32,-73,-164,-77,-20,-30,-430,-31,-134,-50,-8,69,-52,31,-210,-39,-34,13,-96,68,27,79,-11,80,50,98,-36,29,24,134,-38,21,-10,64,-112,-5,-82,-133,-31,-8,23,27,12,26,2,35,-6,33,-67,111,-3,8,-34,53,-10,42,-6,82,-10,28,16,33,4,31,-3,50,3,35,-10,75,22,36,-24,63,30,31,-8,47,-12,30,-24,23,25,51,7,7,53,115,-21,30,-4,-2,15,9,-49,50,-13,5,-8,-7,-3,-3,-53,-10,-58,20,-2,-1,-12,-5,-22,4,-3,6,-1,3,0,22,15,56,-7,16,4,10,-8,17,57,9,19,50,4,72,8,48,4,21,-4,83,0,1,18,11,7,-4,13,16,-8,87,-47,64,-17,14,-1,32,3,7,1,4,-4,34,-58,98,-58,60,-32,11,-8,-1,-36,9,0,1,16,71,-40,87,-71,61,-53,334,28,240,142,84,63,60,-274,490,-2914,-1140,-17,-274],[350029,-4283,136,108,18,18,-18,-19,-136,-107]]]
196752	n	39.8053,-1.7061,40.1607,-1.2539	[[[398053,-14800,11,-222,33,-219,53,-215,74,-209,95,-201,113,-190,131,-178,148,-165,164,-149,177,-132,189,-114,199,-95,208,-75,214,-54,218,-32,220,-11,220,11,218,32,214,54,208,75,199,95,189,114,56,42,3,77,-24,285,-54,221,-54,112,-218,229,-110,191,-88,412,-176,323,-34,299,-234,1073,-112,232,4,188,68,268,-2,170,-53,8,-220,11,-220,-11,-218,-32,-214,-54,-208,-75,-199,-95,-189,-114,-177,-132,-164,-149,-148,-165,-131,-178,-113,-190,-95,-201,-74,-209,-53,-215,-33,-219,-11,-222]]]
178077	n	37.4052,-2.0061,37.854,-1.5563	[[[374053,-17800,11,-222,32,-219,54,-215,74,-209,94,-201,114,-190,131,-178,148,-165,164,-149,177,-132,189,-114,199,-95,208,-75,214,-54,218,-32,220,-11,220,11,218,32,214,54,208,75,199,95,189,114,177,132,164,149,148,165,131,178,114,190,94,201,74,209,54,215,29,198,-42,44,-93,188,33,116,72,-14,28,28,8,34,-3,69,-32,219,-17,65,-24,31,-8,98,-5,21,-2,6,-89,27,26,97,-5,67,-4,12,-5,11,-48,31,-14,44,-90,17,-2,155,-106,66,-56,64,10,33,-32,14,8,64,-22,55,-48,75,-38,19,-4,40,-40,46,-164,149,-177,132,-189,114,-4,2,-20,-34,32,-40,-24,-85,-54,-31,6,-52,-74,-48,-42,-7,-46,27,-118,210,-118,-32,-42,16,50,-144,-28,-89,12,-77,-160,-164,-44,-85,-64,-28,-62,134,-58,35,2,47,-52,91,-38,269,-88,-26,-102,117,-30,108,-44,25,-50,-14,-22,38,-42,4,-28,21,-18,55,-50,-8,-112,-69,-34,-53,-40,21,12,65,-2,0,-115,-29,-208,-75,-199,-95,-189,-114,-177,-132,-150,-137,-38,-53,-394,-545,-69,-148,-74,-209,-54,-215,-32,-219,-11,-222]]]
