1871859	r	125.2923,38.775,126.6321,39.4146	[[[1252923,389570,277,-288,1931,-973,154,30,14,-51,29,-46,127,-72,219,-56,96,-72,3,-15,7,-6,89,-18,133,-43,98,-43,41,52,-30,27,-17,8,-7,14,19,33,60,7,13,-13,-2,-50,62,-9,19,14,-33,37,0,26,11,9,29,4,9,-6,46,-3,175,67,126,10,48,92,0,5,13,26,3,0,12,24,80,-12,17,4,52,-16,29,230,113,14,29,25,-96,99,53,12,52,64,42,-3,57,86,77,-36,78,52,79,-12,35,32,77,-5,49,50,72,-80,4324,-1045,4405,50,-117,978,-2180,705,9,28,-35,37,-60,12,-64,72,42,102,-209,127,-105,156,-152,78,-41,72,-82,41,19,46,-20,39,49,19,27,116,87,20,-10,54,-85,2,-74,47,-26,-2,100,146,141,244,121,249,99,256,78,260,56,263,33,266,8,192,-393,78,-3624,717,24,39,2,46,-18,37,-36,46,-25,20,-70,30,-35,6,-134,-6,-173,37,-64,21,-140,132,-7,17,5,15,-10,-7,3,-41,-31,2,-21,-7,-22,-22,-51,-4,-31,27,-17,-9,-49,13,-54,-24,-16,-21,-41,-25,-21,20,-45,24,4,21,-40,19,-5,26,-80,43,-40,6,-35,25,-60,18,-41,26,-53,21,-57,17,-29,-8,-19,9,-15,17,-3,25,-14,2,-12,13,-31,4,-11,43,-50,22,-3,56,-27,5,-103,50,-32,-4,-34,34,-39,3,-29,-5,-67,12,-25,15,-17,1,-37,-20,-64,54,-34,10,-19,-5,-33,-60,3,-24,-18,-8,-10,-18,-34,-17,2,-20,-13,-34,-29,-16,-62,-79,10,-10,63,1,11,-8,29,-23,22,-8,1,-34,53,-36,21,-26,20,-53,53,-16,1,-16,-227,45,-1996,-1466,-889,-172,1177,-1319,28,-208,-66,-95,18,-40,146,-99,-130,73,-46,56,-157,-2,-40,-66,-59,-21,-253,34,-274,-111,-114,-104,-63,-3,-35,-33,-85,1,-16,222,-113,-20,-1,-24,-58,-12,-100,-93,-143,-57,6,-22,-194,-42,-72,57,-77,-13,-145,29,-96,87,-122,-40,-127,19,-127,-131,106,-153,23,-109,-95,-80,-28,-105,-66,-37,-97,-11,-164,75,-30,55,-61,8,-16,-87,-4,-52],[1255996,390282,28,-64,-9,4,-19,60],[1255807,389938,26,21,-22,-39,-4,18],[1255832,389830,27,-79,-10,6,-17,73],[1255933,389743,73,-37,-39,3,-34,34],[1256030,390216,88,10,-61,-20,-27,10],[1256346,389577,12,56,-7,-48,-5,-8]]]
1877449	r	126.8258,39.5319,127.7922,40.5241	[[[1268258,401666,1322,-5906,2041,-157,1,0,3667,-283,79,200,378,430,-43,229,-176,189,-246,90,-95,-10,-64,47,-36,106,-22,237,-47,147,-4,87,25,83,87,156,19,75,64,84,286,141,125,229,109,95,100,-92,914,-792,1153,697,-735,766,-17,21,131,37,350,-37,298,114,-75,186,-29,19,21,2,-266,662,6,2,68,49,6,82,13,6,43,82,-20,66,-8,69,-22,41,-45,44,1,33,-36,23,20,86,23,27,65,43,26,57,2,19,-13,58,-7,4,-7,53,32,44,42,34,16,23,-25,42,7,27,14,9,-20,35,-8,39,39,35,40,51,67,30,6,19,-13,33,-148,52,-28,-6,-21,33,-28,26,-11,28,-67,41,-93,27,-21,40,10,28,-51,91,-5,26,-14,15,-34,16,-2,15,83,76,71,24,15,35,4,46,33,54,98,81,22,40,23,84,83,81,-14,36,-31,19,10,44,-8,45,10,48,-6,34,-9,54,13,35,-53,68,-64,41,-44,14,-80,40,-79,-51,-22,-6,-88,-61,-38,-4,-52,-20,-5,-20,-115,-62,-20,-31,21,-30,-20,-27,1,-31,-55,-35,-1,-27,-16,-7,-24,-35,-52,-17,31,-117,-85,-52,-33,-10,-29,-31,-30,-15,2,-28,-27,-32,-1516,3776,-388,-10,-510,-38,-505,-65,-499,-90,-490,-115,-480,-139,-466,-163,-452,-187,-435,-208,-416,-231,-396,-251,-374,-270,-350,-289,-325,-306,-299,-321,-270,-336,-242,-349,-121,-207]]]
1873757	r	124.7903,38.4548,126.0317,38.9973	[[[1247903,385174,92,-89,225,139,188,-117,203,-68,425,-94,2,3,-34,105,-169,233,-63,77,-115,52,-163,44,-52,93,-120,-22,-378,-191,-41,-165]],[[1251165,386572,19,-120,74,-115,647,-67,105,-52,29,-2,32,37,700,-72,593,-1408,798,-225,793,107,962,637,252,821,4125,1175,14,111,9,201,-9,201,-25,200,-32,151,-2659,643,-592,-117,-26,-31,-53,-12,96,-99,-29,-25,-113,-14,-29,-230,-52,16,-17,-4,-80,12,-12,-24,-3,0,-13,-26,0,-5,-48,-92,-126,-10,-175,-67,-46,3,-9,6,-29,-4,-11,-9,0,-26,33,-37,-19,-14,-62,9,2,50,-13,13,-60,-7,-19,-33,7,-14,17,-8,30,-27,-41,-52,-98,43,-133,43,-89,18,-7,6,-3,15,-96,72,-219,56,-127,72,-29,46,-14,51,-154,-30,-1931,973,-277,288,4,52,16,87,-50,7,-13,-25,-142,-37,-10,-21,-146,17,-73,3,68,-70,-93,95,41,41,-14,109,-64,48,-12,66,-50,-9,-30,25,-35,-16,-235,31,-99,-112,23,-108,-109,-168,-170,-197,-94,-233,-116,-240,-13,-169,-31,-375,-43,-167,-61,-169,81,-264,115,-78,153,-61,46,-120,114,-126,285,11,139,322,-53,242,158,-30,117,-95,51,-117,-46,-94,66,-42,71,-32,-200,-184,-34,-84,63,-111,127,-93,152,-46,160,-1,147,41,0,62,-49,32,-56,54,-20,64,51,61,54,0,39,-48,25,-59,17,-30,266,-34,93,38,58,133,68,0,101,-141,161,-31,301,119,149,75,-64,73,-78,61,-91,49,137,8,75,72,38,82,28,43,91,16,2,-10,-10,-46,259,-373,62,-66,119,-48,237,-1,129,-19,161,-98,57,-56,336,-333,60,-59,106,-40,203,-9,73,-17,34,-8,62,-49,117,-155,93,-75,-198,-46,-276,47,-245,108,-107,138,-28,66,-74,78,-98,66,-100,27,-44,-51,-29,-107,-2,-4,-50,-91,-119,-14,-61,52,-6,37,-23,151,-47,95,-444,211,-117,-33,-49,-73,-17,-72,-25,-33,-122,13,-230,54,-95,8,-281,11,-231,-77,-154,-84,-106,-99,-2,-2,-85,-36,-103,-82,-230,63,-107,72,-77,-6,-222,-110,-17,-9,-153,-17,-169,-35,-100,48,-45,96,-92,30,-16,-132,53,-144,-13,-26,-26,-51,-230,-30,-84,144,-106,162,-142,40,-69,-91]]]
1869012	r	125.7578,39.2503,126.4107,39.5824	[[[1257578,393681,227,-45,-1,16,-53,16,-20,53,-21,26,-53,36,-1,34,-22,8,-29,23,-27,-167]],[[1257632,394019,25,12,10,18,18,8,-3,24,33,60,19,5,34,-10,64,-54,37,20,17,-1,25,-15,67,-12,29,5,39,-3,34,-34,32,4,103,-50,27,-5,3,-56,50,-22,11,-43,31,-4,12,-13,14,-2,3,-25,15,-17,19,-9,29,8,57,-17,53,-21,41,-26,60,-18,35,-25,40,-6,80,-43,5,-26,40,-19,-4,-21,45,-24,21,-20,41,25,16,21,54,24,49,-13,17,9,31,-27,51,4,22,22,21,7,31,-2,-3,41,10,7,-5,-15,7,-17,140,-132,64,-21,173,-37,134,6,35,-6,70,-30,25,-20,36,-46,18,-37,-2,-46,-24,-39,3624,-717,93,136,131,224,111,230,92,235,71,240,52,242,20,159,-3032,1855,-290,-26,2,-64,-13,-24,-33,-16,-99,9,-33,-7,-36,-34,-179,-65,-82,-14,-194,-16,-8,-56,7,-17,17,-20,86,-61,1,-38,12,-22,-55,-59,-33,-6,-19,-14,-33,11,-28,26,5,8,-10,9,-43,13,-23,-12,-63,-10,-24,24,-6,22,-41,-3,-8,11,-44,16,-3,37,9,21,-63,34,-11,37,-18,14,-111,27,-19,21,-1,9,41,36,5,28,-24,13,-18,-2,-38,27,-16,82,-86,7,-12,-46,-30,-58,-6,-58,-92,-52,-42,-4,-65,14,-25,-9,-67,-89,-66,-59,10,-73,49,-61,12,-33,-13,-21,-38,-19,-23,-24,-18,-35,-80,-25,-19,-28,-31,-4,-20,9,-30,2,-19,14,-56,-21,-10,2,-33,-34,-46,-6,-47,19,-25,-12,-36,2,-19,-33,-24,4,-16,-4,-6,8,-27,7,-77,-2,-24,-6,-24,7,-18,-10,-47,6,-3,-61,-16,-27,-4,-27,14,-12,87,11,76,-23,-6,-27,32,-27,-3,-6,30,-54,19,-18,40,-13,226,-114,12,-10,18,-49,-13,-12,-64,-15,-6,-23,-123,1,-20,5,-42,38,-52,5,-34,-5,-25,15,-64,5,-19,9,-52,2,-36,-36,2,-44,-28,-13,-14,-29,-16,-43,11,-25,-23,-61,-84,7,-78,22,-19,17,-82,9,-13,13,-43,-1,-10,-11,-18,-5,-15,26,-17,11,-11,0,-4,-3,-5,-1,-37,-32,-24,-1,-5,-34,-40,-8,-22,-24,-9,-84,7,-4,-38,-243]]]
1877030	p	1877449
1876373	r	126.1186,37.7626,127.1809,38.555	[[[1261186,379950,178,-1899,53,-31,123,-59,-12,36,-30,156,-21,37,15,32,90,75,203,108,215,37,369,-9,226,21,201,59,784,330,207,53,190,22,18,-13,-66,-91,207,-367,286,-77,110,-90,36,-81,117,-80,541,-204,64,-13,207,-89,135,-96,26,-22,93,-69,284,27,126,122,91,46,124,17,99,-9,13,-5,138,-17,38,416,61,82,-1,0,22,29,167,60,-23,88,-79,100,37,86,-15,332,52,119,-10,49,-89,34,-48,116,-54,-4,7,81,87,51,185,16,143,43,115,34,46,30,70,27,13,24,155,98,76,2,136,96,90,-21,107,174,210,22,64,41,51,45,5,83,167,178,113,5,-10,32,56,23,52,273,55,23,-3,45,36,41,-29,22,8,57,90,154,36,22,165,-33,111,155,135,36,146,79,27,64,96,8,85,-22,75,43,45,72,-14,38,-213,115,-26,38,15,100,-43,49,118,230,124,123,58,59,548,356,638,314,670,213,234,20,-262,290,-317,306,-341,289,-364,271,-385,251,-406,231,-423,209,-440,186,-454,164,-467,139,-477,115,-38,7,-2962,-4100,-3287,-1500]]]
1866923	r	126.8453,38.6857,127.9567,39.5603	[[[1268453,391500,13,-304,38,-302,63,-300,89,-296,113,-291,137,-284,160,-277,184,-268,205,-258,227,-247,247,-234,266,-222,284,-208,301,-193,316,-177,330,-160,344,-143,354,-126,364,-107,373,-88,379,-69,384,-50,387,-29,389,-10,389,10,387,29,384,50,379,69,373,88,364,107,354,126,344,143,330,160,316,177,301,193,284,208,266,222,247,234,227,247,205,258,17,25,-131,61,-98,23,-75,58,-48,78,-33,155,-39,64,-56,30,-65,-33,-93,-64,-42,39,-32,128,-339,272,-151,171,-62,144,-66,101,-311,345,-230,317,-103,78,-151,16,-686,-4,-142,33,-97,78,-86,93,-114,75,-248,59,-752,-59,-64,33,267,222,243,136,361,106,237,-5,247,61,120,101,59,128,-114,425,-38,104,-72,98,-144,64,-223,-8,-134,-61,-72,-75,-34,-93,-4,-111,36,-160,-87,-77,-141,-53,-141,11,-340,138,-123,29,-83,8,-192,3,-141,-8,-851,-373,-60,116,-109,184,64,286,83,282,116,265,-13,60,-43,67,-8,55,95,22,69,-9,63,-26,57,-42,52,-59,99,43,314,54,66,74,-59,162,-136,42,-161,-38,-123,-71,-114,47,-242,52,-115,45,0,74,471,136,55,48,71,79,23,27,296,219,129,72,122,-36,89,-106,36,-136,346,-377,-153,-273,-63,-148,12,-132,100,-111,117,-32,110,41,76,102,9,275,-276,1001,-150,667,85,215,-3667,283,-196,-82,-330,-160,-316,-177,-301,-193,-284,-208,-266,-222,-247,-234,-227,-247,-205,-258,-184,-268,-160,-277,-137,-284,-113,-291,-89,-296,-63,-300,-38,-302,-13,-304]]]
2044757	r	128.8086,41.6268,130.3227,42.396	[[[1288086,420067,905,-2148,7874,-1601,43,179,242,256,264,87,9,15,766,-587,481,459,913,589,1449,1807,1600,1301,595,337,-1261,989,-11,39,-87,26,-36,56,-264,18,-42,-317,-43,-34,-60,-4,-135,67,-32,87,-166,49,-68,-12,-9,88,-228,73,-29,80,44,48,-6,57,-123,54,-43,-25,-82,1,-32,53,42,43,-112,148,48,162,-62,21,-7,38,120,92,44,145,-65,5,-22,31,-97,26,-9,53,-78,31,-117,0,-148,-41,-85,-88,-113,0,-67,-80,85,-49,6,-42,-204,-78,37,-106,-99,-132,-27,-118,84,-84,70,-3,-25,-32,-220,-66,-97,31,-49,-41,-190,-43,-38,-28,-114,26,-139,-196,-70,-2,-124,-76,-40,-261,-42,-37,-3863,2490,-1607,67,80,-112,-25,-18,-72,12,-113,38,-24,-8,-29,-4,-3,-60,-34,-18,-113,54,-108,-17,-54,-103,-68,0,-68,72,-58,-9,-63,-39,-12,-10,-28,-39,38,-67,-84,-67,4,-63,56,-36,61,-26,6,-16,30,-8,116,-105,13,-61,-92,-69,-230,-47,-78,48,-169,0,-60,-29,0,-10,63,-39,35,-2,87,-24,46,-23,95,51,107,-27,-102,-94,10,-8,-119,-66,-19,-74,1,-17,103,7,-58,-162,-140,-47,-29,7,-98,-26,-87,-53,-26,-115,43,-51,38,42,124,7,55,-80,-1,-1,26,-1,50,-90,-31,-57,-69,-56,8,-10,148,32,17,-117,-83,-22,-101,39,-50,-40,-81,13,-1,-1,-28,-43,20,-103,-178,-38,-56,1,-82,-54,-2,-6,84,-158,-257,7,-19,-24,-46,-7,-47,-41,15,-18,-18,-55,-105,-36,-38,-75,-90,-4,-43,40,-9,1,-75,-44,-59,6,-54,46,-7,34,-151,67,-9,-12,-2,-34,67,-109,-75,3,-1,-21,-102,-132,-193,-152,7,-20,-139,-81,-40,5,-79,-30,-19,-2,-27,-66,-203,43,-99,-32,-18,9,-85,-18,-90,-133,-53,-143,20,-13,31,14,42,-57,-78,-63,18,-79,-81,-84,21,-76,-82,20,-93,-76,6,-32,-133,-21,-12,-42,-92,-4,-24,35,-123,46,-12,53,-52,30,-64,-6,-41,-54,-51,40,-138,8,-34,49,-171,-55,-76,80,-81,16,-109,-271]]]
1874533	p	1871859
1876401	r	125.0841,39.435,126.1331,40.1279	[[[1250841,396637,3596,-800,12,7,6,-11,1185,-264,31,-74,142,-24,115,-33,107,0,21,9,15,-2,10,26,849,-189,-1,-25,-83,-12,-33,-24,-7,-23,2,-35,38,-66,-28,-26,-1,-37,14,-13,44,-7,-29,-12,-26,-33,-8,-43,-25,-10,-10,-18,69,-103,22,0,17,-9,22,-37,25,-13,29,-27,91,16,28,-22,63,-9,5,-47,13,-7,0,-16,85,-36,32,1,35,-11,14,-44,76,-19,25,1,21,-36,26,-13,87,-18,68,-31,8,-11,21,0,-4,-27,17,-30,22,24,40,8,5,34,24,1,37,32,5,1,4,3,11,0,17,-11,15,-26,18,5,10,11,43,1,13,-13,82,-9,19,-17,78,-22,84,-7,23,61,-11,25,16,43,14,29,28,13,-2,44,36,36,52,-2,19,-9,64,-5,25,-15,34,5,52,-5,42,-38,20,-5,123,-1,6,23,64,15,13,12,-18,49,-12,10,-226,114,-40,13,-19,18,-30,54,3,6,-32,27,6,27,-76,23,-87,-11,-14,12,4,27,16,27,3,61,47,-6,18,10,24,-7,24,6,77,2,27,-7,6,-8,16,4,24,-4,19,33,36,-2,25,12,47,-19,46,6,33,34,10,-2,56,21,19,-14,30,-2,20,-9,31,4,19,28,80,25,18,35,23,24,38,19,13,21,-12,33,-49,61,-10,73,66,59,67,89,25,9,65,-14,42,4,92,52,6,58,30,58,12,46,86,-7,16,-82,38,-27,18,2,24,-13,-5,-28,-41,-36,1,-9,19,-21,111,-27,18,-14,11,-37,63,-34,-9,-21,3,-37,44,-16,8,-11,41,3,6,-22,24,-24,63,10,23,12,43,-13,10,-9,-5,-8,28,-26,33,-11,19,14,33,6,55,59,-12,22,-1,38,-86,61,-17,20,-7,17,8,56,194,16,82,14,179,65,36,34,33,7,99,-9,33,16,13,24,-2,64,290,26,-128,563,30,26,-186,196,-8,12,4,16,21,28,22,8,34,33,-2,16,77,113,33,12,56,55,53,19,10,30,40,41,-5,149,-65,60,-48,6,11,38,-23,6,54,43,15,42,44,28,-1,36,113,116,53,29,30,103,22,12,-43,57,-10,59,-81,-18,-48,25,4,29,-59,45,-85,26,-42,36,-3,24,49,43,-13,39,-58,83,-83,60,-39,6,-41,28,-93,-6,-16,18,-43,6,-41,24,6,40,-17,31,-72,67,-12,7,-621,2724,-23,101,-226,29,-360,27,-361,9,-361,-9,-360,-27,-357,-46,-352,-63,-346,-82,-338,-98,-329,-116,-319,-132,-307,-148,-294,-163,-46,-29,-167,273,-148,-27,-369,-87,-361,-105,-351,-124,-340,-141,-327,-157,-313,-175,-298,-189,-281,-204,-264,-219,-244,-231,-225,-243,-203,-253,-182,-264,-159,-272,-136,-280,-112,-286,-87,-291,-63,-295,-20,-159]]]
1870883	r	125.5917,38.37,126.2052,38.7458	[[[1255917,385292,2109,-1592,2596,0,1390,930,2,12,29,229,9,229,-9,229,-29,229,-47,226,-67,224,-84,219,-103,215,-120,209,-137,203,-154,195,-170,186,-185,178,-54,45,-4724,-1345,-252,-821]]]
2040893	r	124.2113,39.7811,124.824,40.3607	[[[1242113,397995,2,-39,2,-4,44,-5,51,-9,20,-22,28,-2,14,32,30,37,49,1,25,26,38,9,12,27,0,27,-32,4,0,21,3,28,-40,9,-15,41,-25,16,-19,20,-29,1,-37,-13,-24,-10,21,-22,-28,-15,-27,-4,17,-40,-46,-37,-21,-32,-13,-45]],[[1243215,399127,65,-30,68,-41,70,-56,71,-72,137,-211,271,-38,69,-23,26,-58,44,-183,36,-39,26,-17,39,-81,40,-33,49,-3,38,23,36,28,44,15,854,-127,351,-10,92,-28,13,-72,-38,-204,31,-56,59,17,266,93,257,106,248,118,237,131,225,143,213,153,200,164,185,174,170,183,25,31,-1113,858,67,24,248,114,231,132,214,149,194,165,172,178,148,190,123,201,98,209,70,215,42,219,14,222,-14,222,-42,219,-70,215,-98,209,-123,201,-148,190,-172,178,-194,165,-12,8,-13,-30,-3,0,-1,-2,-77,-277,-59,-76,-21,-13,-68,-106,-195,-75,-504,-85,-154,-82,-160,-139,-393,-193,-8,-9,-23,-10,-139,-96,-31,-52,-16,-115,-15,-38,-57,-32,-106,-17,-42,-19,-402,-292,-39,-110,-10,-6,-19,-10,-74,23,-18,6,-99,-1,-68,-12,-57,-28,-65,-54,-53,-89,14,-22,-4,-19,-55,-47,-29,-46,-30,-18,-151,-29,-66,-31,-49,-48,-43,-106,-36,-44,-2,-2,-3,-4,-218,-144,-70,-122,-37,-34,-92,-45,-34,-36,-77,-107,-45,-78,-4,-74,10,-23,20,-22,114,-32,199,-80,19,-87,99,34,136,11,34,27,46,62,32,10,-21,-7,68,-43,61,-9,-28,18,60,-38,22,4,62,37,-52,-31,101,-15,134,-6,-8,6,43,-33,34,-37,40,-25,67,-15,126,-6,56,-24,-163,-35,-317,93,-283,32,-227,-251,-70,-486,-61,-141,-106,-65,-137,-33,-136,-51,-106,-124],[1244867,400198,15,8,23,0,-38,-8]]]
1868144	r	125.987,39.363,126.8009,40.1687	[[[1259870,401113,621,-2724,12,-7,72,-67,17,-31,-6,-40,41,-24,43,-6,16,-18,93,6,41,-28,39,-6,83,-60,58,-83,13,-39,-49,-43,3,-24,42,-36,85,-26,59,-45,-4,-29,48,-25,81,18,10,-59,43,-57,-22,-12,-30,-103,-53,-29,-113,-116,1,-36,-44,-28,-15,-42,-54,-43,23,-6,-11,-38,48,-6,65,-60,5,-149,-40,-41,-10,-30,-53,-19,-56,-55,-33,-12,-77,-113,2,-16,-34,-33,-22,-8,-21,-28,-4,-16,8,-12,186,-196,-30,-26,128,-563,3032,-1855,555,-339,8,2,322,113,312,129,301,145,288,159,273,174,259,188,242,200,224,211,206,223,187,233,167,241,146,250,125,256,102,262,81,267,58,271,34,272,12,274,-12,274,-34,272,-58,271,-81,267,-102,262,-125,256,-146,250,-167,241,-187,233,-206,223,-224,211,-242,200,-259,188,-273,174,-288,159,-301,145,-312,129,-322,113,-331,97,-339,79,-345,62,-349,45,-352,27,-354,9,-354,-9,-352,-27,-349,-45,-345,-62,-339,-79,-331,-97,-322,-113,-312,-129,-26,-13]]]
1877615	r	125.3645,37.71,126.0622,38.37	[[[1253645,377160,113,-54,15,-5,0,1,80,62,184,27,350,7,359,114,164,229,125,247,241,173,-71,-159,84,-77,129,-20,68,8,30,114,80,50,110,-6,122,-52,-24,-31,-3,-11,-7,-10,-42,-23,88,-69,90,-39,98,-18,107,-4,66,39,3,88,-34,146,-59,111,-19,65,43,28,201,5,65,38,40,94,-63,25,-147,118,181,193,-44,222,-93,236,31,230,149,-97,116,-97,119,-66,161,-6,77,18,87,21,138,58,125,76,120,93,-69,75,-77,-52,-77,-22,-187,-1,87,146,118,127,-105,49,-98,8,-102,-22,-105,-35,70,196,-99,55,-347,-40,-193,54,-238,127,-11,6,-183,167,1,12,6,149,180,71,253,-3,112,-20,72,-110,37,-102,102,-25,202,-79,144,-32,136,-83,148,-50,222,-130,102,-69,75,82,77,61,270,72,115,22,-18,-154,7,-113,11,-31,178,332,33,6,8,15,-12,33,62,115,22,39,28,25,26,67,61,33,56,11,81,0,51,28,3,36,33,12,59,39,-25,39,-190,39,-5,5,319,596,26,8,-10,20,57,107,634,260,15,-7,38,-25,19,-4,17,73,70,29,932,2211,-2596,0,-1929,-942,-416,-576,-7,-8,-70,-8,-8,-20,-86,-1,-22,7,-25,-19,-45,-9,-45,-29,-37,-14,-80,-2,-36,-11,-24,-30,26,0,89,-63,27,-8,6,-36,101,-76,-161,-223,9,-19,-175,-874,-347,-240,-455,-1349,140,54,95,-58,88,-105,193,-55,269,-43,-15,-106,-295,-261,76,-105,106,-74,135,-20,168,56,-34,-255,-191,-46,-493,96,-209,-38,-239,-96,-190,-120,-61,-181,92,-29,344,52,154,-72,-545,-199,-119,29,-140,-414]],[[1254133,378606,130,-46,186,-127,14,167,-183,145,-87,38,-60,-177]]]
2043572	r	126.1442,40.5983,127.069,41.3253	[[[1261442,408017,124,-175,169,-207,186,-198,203,-188,219,-177,233,-167,247,-154,261,-141,271,-129,282,-115,292,-100,299,-86,307,-70,311,-55,316,-40,318,-24,320,-8,320,8,318,24,316,40,311,55,307,70,299,86,292,100,282,115,271,129,261,141,247,154,233,167,219,177,203,188,186,198,169,207,151,214,132,222,113,227,93,233,73,237,52,240,31,242,11,243,-11,243,-31,242,-52,240,-73,237,-93,233,-113,227,-132,222,-151,214,-169,207,-186,198,-203,188,-219,177,-233,167,-247,154,-261,141,-271,129,-282,115,-292,100,-299,86,-146,33,-977,-884,4,-6,-8,-61,9,-12,34,-3,26,-12,48,0,15,-5,63,3,29,-11,29,1,40,-27,20,-28,81,-42,-46,-78,-72,-39,-26,-22,-36,5,-41,-7,-42,-32,-29,4,-54,-11,-13,-16,-3,-22,-41,-38,-8,-34,-29,-12,-24,-33,2,-18,-59,-32,-144,-30,-63,-43,-42,-19,-44,13,-32,-2,-82,23,-15,-13,-8,-20,-36,-14,-42,-35,-48,-77,-24,4,-11,14,-30,11,-34,-16,-32,8,-26,20,-3963,-3588]]]
2045220	n	128.4841,40.3838,129.0758,40.8361	[[[1284842,406100,14,-222,43,-219,70,-215,98,-209,124,-201,149,-190,173,-178,195,-165,215,-149,233,-132,249,-114,263,-95,273,-75,282,-54,287,-32,290,-11,290,11,287,32,282,54,273,75,183,66,643,522,353,92,149,153,149,190,124,201,98,209,70,215,43,219,14,222,-14,222,-43,219,-70,215,-98,209,-124,201,-149,190,-173,178,-195,165,-215,149,-233,132,-249,114,-263,95,-273,75,-282,54,-287,32,-290,11,-290,-11,-287,-32,-282,-54,-273,-75,-263,-95,-249,-114,-233,-132,-215,-149,-195,-165,-173,-178,-149,-190,-124,-201,-98,-209,-70,-215,-43,-219,-14,-222]]]
2043837	r	127.6474,40.9977,128.7126,41.8023	[[[1276474,414000,11,-263,34,-262,57,-260,79,-256,101,-252,123,-246,144,-240,164,-232,184,-224,203,-214,221,-203,239,-192,254,-180,269,-167,284,-154,296,-139,307,-124,318,-108,326,-93,333,-76,340,-60,344,-43,347,-26,348,-9,348,9,347,26,344,43,340,60,333,76,326,93,318,108,307,124,296,139,284,154,269,167,254,180,239,192,221,203,203,214,184,224,164,232,144,240,123,246,101,252,79,256,57,260,34,262,11,263,-11,263,-34,262,-57,260,-79,256,-101,252,-123,246,-144,240,-164,232,-184,224,-203,214,-221,203,-239,192,-254,180,-269,167,-284,154,-296,139,-307,124,-318,108,-326,93,-333,76,-340,60,-344,43,-347,26,-348,9,-348,-9,-318,-24,135,-193,3,-3,75,50,-2,-56,73,-8,-61,-40,50,-39,-40,-10,16,-54,52,-21,5,-65,3,-4,106,-209,30,-157,43,-9,-5,-51,117,-10,61,-38,49,14,26,-60,92,-45,-31,-30,93,-108,94,36,42,-87,127,-11,14,34,53,-33,67,7,-21,-52,74,-27,64,5,-28,-66,126,6,-28,-76,47,-37,71,22,-48,-109,71,-20,-15,-30,49,-33,-27,-48,4,-6,64,1,-20,-73,4,-7,69,30,101,7,-27,-36,44,-85,-30,-11,-44,25,-52,-63,38,-25,92,24,-61,-57,23,-36,142,3,1,-26,-62,-45,80,-78,-40,-31,26,-44,-51,-34,60,-44,-81,-19,-83,-56,-28,-70,21,-25,-36,-12,-34,-85,-2,-2,41,-1,48,-69,-86,-49,-60,20,-26,-16,-2,-3,-27,-37,17,-64,-112,-67,-287,-394,0,-4,-7,-27,-20,-7,-43,-58,-20,-77,-8,-9,3,-12,-7,-25,12,-11,46,-4,23,5,23,-3,21,-44,-86,-54,-89,9,-29,-16,-49,-42,-19,-35,-14,-52,-48,-28,-14,-134,-3,-9,-42,-44,-79,18,-19,10,-57,6,-27,-5,-72,-44,-105,-46,-33,-32,-7,-44,-48,-68,-4,-17,-20,-20,-65,-30,-66,-7,-33,-11,-54,14,-39,-12,-48,4,-33,-17,-9,-15,-7,-19,6,-24,-2,-33,-106,-86,-71,56,-5,6,-31,22,-30,11,-13,1,-93,24,60,74,69,21,34,4,25,14,10,23,-10,47,-37,49,-30,11,-14,-6,-3,-14,12,-9,-2,-2,10,-38,-54,9,-3,-2,32,-9,-112,30,-16,-3,-25,-20,-19,-31,40,-85,-64,-22,-52,38,-18,69,7,27,-20,24,-102,26,-24,-2,-2,1,-2,-1,-16,-2,-26,-14,8,-9,-23,-16,-71,-12,-93,26,65,50,-30,66,51,117,-8,3,-50,-20,-99,-23,-1,0,-30,-17,-90,27,9,85,-11,33,2,17,-109,-8,-38,30,42,46,70,22,34,61,-24,39,-118,-14,-88,-223,-106,-64,-21,158,-128,57,-202,4,-26,36,51,79,-98,-11,-37,95,-52,-47,15,-81,-131,-59,-87,-111,-48,12,-46,62,-49,-29,-66,3,-56,64,56,53,-117,15,-52,-105,13,-128,-35,-66,60,-70,-86,-69,-103,59,-80,132,-157,-27,1,-111,-31,-19,-74,32,-66,118,-132,25,-75,-39,-7,-125,-36,-9,-41,17,-17,108,-48,70,-128,-52,-124,61,-156,-7,-193,-76,-143,5,-163,47,-82,-16,-84,-83,-51,23,-41,79,-83,46,-40,-16,-2,-54,122,-111,-19,-34,-89,-18,-21,9,-1,-45]]]
1873014	p	1876373
2040959	r	127.7372,39.8649,128.5698,40.3634	[[[1277372,401215,2,-15,34,-16,14,-15,5,-26,51,-91,-10,-28,21,-40,93,-27,67,-41,11,-28,28,-26,21,-33,28,6,148,-52,13,-33,-6,-19,-67,-30,-40,-51,-39,-35,8,-39,20,-35,-14,-9,-7,-27,25,-42,-16,-23,-42,-34,-32,-44,7,-53,7,-4,13,-58,-2,-19,-26,-57,-65,-43,-23,-27,-20,-86,36,-23,-1,-33,45,-44,22,-41,8,-69,20,-66,-43,-82,-13,-6,-6,-82,-68,-49,-6,-2,266,-662,907,72,94,93,73,417,-3,174,157,227,236,-120,97,29,73,68,164,225,69,48,92,17,100,42,80,56,32,55,13,146,45,47,673,-91,407,-55,246,-33,42,-44,32,-46,83,-20,92,17,181,81,110,33,98,2,219,-20,93,18,-66,268,85,117,271,92,167,-116,30,-44,190,-277,257,-52,100,388,270,299,270,27,196,-32,235,76,137,55,177,149,135,103,304,8,175,79,84,80,71,154,266,104,-34,59,-130,186,-145,180,-160,172,-174,164,-188,154,-200,145,-212,134,-224,123,-233,112,-242,100,-250,87,-257,75,-263,61,-267,48,-271,35,-274,21,-274,6,-274,-6,-274,-21,-271,-35,-267,-48,-263,-61,-254,-74,150,-1025,-275,54,-285,32,-287,11,-287,-11,-285,-32,-279,-54,-271,-75,-260,-95,-247,-114,-206,-118,6,-34,-10,-48,8,-45,-10,-44,31,-19,14,-36,-83,-81,-23,-84,-22,-40,-98,-81,-33,-54,-4,-46,-15,-35,-71,-24,-83,-76]],[[1277847,398835,75,-186,18,8,24,99,-117,79]]]
1869446	p	1873757
1878458	n	125.8036,37.7814,126.1362,38.1489	[[[1258036,379558,16,-42,61,-40,237,-41,61,-72,44,-98,500,-617,161,-140,100,-59,54,-9,64,6,125,-13,100,-30,112,-49,108,-61,83,-65,-25,143,-92,271,-20,101,-79,43,-141,108,-64,125,154,103,103,-35,161,-103,148,-128,66,-113,55,-200,133,-6,297,169,28,-459,42,-225,93,-29,148,11,100,-190,14,6,224,132,155,112,-176,1886,-1496,1539,-70,-29,-17,-73,-19,4,-38,25,-15,7,-634,-260,-57,-107,10,-20,-26,-8,-319,-596,5,-5,190,-39,25,-39,-59,-39,-33,-12,-3,-36,-51,-28,-81,0,-56,-11,-61,-33,-26,-67,-28,-25,-22,-39,-62,-115,12,-33,-8,-15,-33,-6,-178,-332]]]
1870648	n	125.3898,38.1632,125.8026,38.5293	[[[1253898,382201,1386,-569,161,223,-101,76,-6,36,-27,8,-89,63,-26,0,24,30,36,11,80,2,37,14,45,29,45,9,25,19,22,-7,86,1,8,20,70,8,7,8,416,576,1929,942,-2109,1592,-962,-637,-793,-107,-264,-2347]]]
1950953	n	125.3373,39.2355,125.7672,39.5979	[[[1253373,395379,924,375,140,83,-639,142,-117,-123,-146,-190,-122,-201,-40,-86]],[[1253425,394335,92,39,101,25,108,11,110,-7,-236,-271,-30,-145,195,-62,620,-75,207,1,-50,-108,-86,-74,-212,-98,-54,34,-42,15,-102,27,88,-103,48,-34,-71,-175,52,-132,129,-81,157,-16,-130,-99,-94,-134,30,-21,229,-132,245,-114,258,-95,269,-75,277,-54,239,-27,1806,1326,27,167,-11,8,-63,-1,-10,10,62,79,29,16,13,34,-2,20,9,5,38,243,-7,4,9,84,-17,30,4,27,-21,0,-8,11,-68,31,-87,18,-26,13,-21,36,-25,-1,-76,19,-14,44,-35,11,-32,-1,-85,36,0,16,-13,7,-5,47,-63,9,-28,22,-91,-16,-29,27,-25,13,-22,37,-17,9,-22,0,-69,103,10,18,25,10,8,43,26,33,29,12,-44,7,-14,13,1,37,28,26,-38,66,-2,35,7,23,33,24,83,12,1,25,-849,189,-10,-26,-15,2,-21,-9,-107,0,-115,33,-142,24,-31,74,-1185,264,63,-120,-15,-134,-83,-103,-283,-89,-71,-112,-40,-138,-54,-119,-178,-155,-190,-116,-144,-151,-35,-261]]]
1879490	p	1873757
2042893	r	125.7341,40.6883,126.8552,41.621	[[[1257341,408648,171,-182,282,-260,304,-246,324,-230,344,-214,361,-196,377,-178,392,-159,293,-100,1253,1134,3963,3588,26,-20,32,-8,34,16,30,-11,11,-14,24,-4,48,77,42,35,36,14,8,20,15,13,82,-23,32,2,44,-13,42,19,63,43,144,30,59,32,-2,18,24,33,29,12,8,34,41,38,3,22,13,16,54,11,29,-4,42,32,41,7,36,-5,26,22,72,39,46,78,-81,42,-20,28,-40,27,-29,-1,-29,11,-63,-3,-15,5,-48,0,-26,12,-34,3,-9,12,8,61,-4,6,2303,2085,-5,6,-259,274,-282,260,-304,246,-324,230,-344,214,-361,196,-377,178,-376,152,-3,-44,-86,-27,-136,22,-25,-19,-5,-123,108,-136,36,-131,-3,-11,74,-117,-42,-132,-116,-34,-164,-197,-38,-105,-71,-203,50,-75,-137,-111,-323,-456,4,-75,40,-144,138,-316,0,-20,100,-60,29,-56,-6,-25,3,-11,-11,-17,0,-1,0,-2,-15,-23,-1,-1,-16,-26,-23,-9,-29,-27,-81,-28,-28,-1,-9,-3,-23,-3,-59,-1,-129,7,-63,-11,-94,-2,-21,35,26,31,111,11,5,-2,109,13,51,26,32,31,20,34,-33,61,-41,23,-100,-4,-61,-5,-52,-21,-71,-33,-25,-15,-135,-63,-250,-57,-36,-32,-10,-46,4,-58,27,-46,11,-35,-58,-16,-155,27,-71,-40,-28,-66,-31,-112,-24,-22,-25,-59,-193,-112,-70,-46,-44,-44,-11,-20,-5,-55,-57,-135,3,-126,-18,-19,-3,-29,-39,-15,-51,-20,-107,-24,-61,-23,-71,-38,-45,-38,-68,-124,-20,-60,0,-45,-7,-12,-17,-137,-63,-2,-2,-4,-130,-1,-28,-25,28,-59,46,-52,1,-7,-7,-13,14,-28,-108,-114,-63,-38,-124,-32,-133,-18,-69,-20,-68,-32,-52,-48,-23,-75,-37,-51,-59,-28,-65,-1,-101,-24,-38,-24,-108,-34,-11,-17,10,-42,-19,-14,-35,-48,-152,-118,-173,-45,-124,-4,-152,19,-39,-18,-65,-116,-9,-39,29,-32,185,-108,-26,-112,-73,-135,-55,-19,-132,54,-67,-29,-4,-60,67,-146,10,-47,-6,-2,14,-40,-212,-30,-8,-5,-118,-13,-70,-36,-1,-57,133,-77,5,-78,-134,-88,7,-1,-127,-149,-1,-34,-47,-23,-1,-1,-6,-7,-96,-53,-17,-123,-81,-6,-173,60,-149,-37,-23,-9,-110,-143,160,13,75,-6,51,-1,3,-3,5,0,36,-32,16,-13,1,-2,0,-1,30,-78,-91,-57,-147,-40,-35,22,-267,-25,-14,-8,9,-48,-136,-68,-151,-21,-176,32,-115,99,-6,43,17,24,-56,27,-17,-2,-40,-28,-84,15,-22,-3,-125,-48,-152,-81,-6,-12,-36,-10,-216,-116,-97,-10,-2,0,-91,-71,-51,-9,-119,36,-1,59,42,58,-3,5,-203,70,-84,16,-99,-5,-45,-29,-15,-19,4,-114,-27,-23,-76,7,-80,-27,-29,-4]]]
1867429	n	125.0461,38.3816,125.3364,38.6337	[[[1250461,385790,1174,-1974,1729,957,-593,1408,-700,72,-32,-37,-29,2,-105,52,-647,67,3,-5,111,-85,-32,-147,5,-187,-65,-110,-252,132,-231,-95,-215,-155,-121,105]]]
1876124	p	1877615
1876105	p	1871859
1871871	p	1871859
2042709	n	129.1912,41.1913,129.7496,41.4656	[[[1291912,412600,15,-222,43,-219,6,-17,1219,-229,4142,205,158,506,-3829,2032,-174,-62,-252,-114,-235,-132,-217,-149,-197,-165,-175,-178,-151,-190,-125,-201,-99,-209,-71,-215,-43,-219,-15,-222]]]
2055401	n	129.3195,40.99,129.7337,41.2118	[[[1293195,411913,3394,-2013,638,0,32,27,-51,310,-10,325,22,156,63,134,-164,374,77,443,141,449,-4142,-205]]]
2043835	p	2043837
1867377	p	1873757
1875060	n	124.8696,38.2239,125.1635,38.5925	[[[1248696,382821,5,-167,22,-78,26,-23,99,-47,255,-95,265,-75,62,-12,246,29,254,-83,-31,-18,20,-2,281,-11,281,11,192,22,267,124,695,1420,-1174,1974,-31,27,-54,96,-84,-18,-115,-60,-200,90,-138,-6,-30,-77,148,-102,14,-79,-22,-84,-19,-118,38,-100,179,-109,63,-101,-46,-169,-144,-244,-168,-222,-125,-110,22,147,-27,70,-56,13,-76,-25,-117,-104,-122,-299,-71,-115,-441,-538,-42,-101,-101,-631]]]
2039589	n	130.0353,42.357,130.6123,42.732	[[[1300353,425200,15,-222,44,-219,72,-215,101,-209,63,-99,546,-74,4316,-592,45,31,200,165,179,178,153,190,36,56,-64,16,-145,89,-153,0,-120,99,-52,160,32,99,38,19,-71,155,-41,49,-48,28,-38,49,-16,110,-18,42,-119,200,-26,86,-68,40,20,188,-2,12,-152,212,71,161,-137,104,-172,-8,-164,-96,-6,-7,-16,-122,102,-81,53,-94,10,-91,-54,-72,-143,-77,-133,-13,-176,33,-198,226,61,113,116,118,-17,57,-72,49,-78,3,-77,-5,-108,-66,-92,-13,-55,19,-178,268,-182,129,-258,118,-118,102,-87,148,-31,102,-208,158,-155,20,-81,44,-24,120,-127,129,-112,-30,-270,-95,-257,-114,-240,-132,-222,-149,-200,-165,-179,-178,-153,-190,-128,-201,-101,-209,-72,-215,-44,-219,-15,-222]]]
2042255	n	129.3616,41.2624,129.8062,41.6598	[[[1293616,414683,3879,-2059,96,305,113,222,157,97,8,53,78,222,19,32,33,131,53,42,10,32,-96,102,-55,16,-155,-23,-63,7,-111,64,-140,144,-81,143,-215,-17,-129,91,-200,144,-223,215,-67,295,50,151,30,167,-119,235,206,266,138,417,33,141,-1378,280,-34,-9,-265,-95,-253,-114,-236,-132,-218,-149,-197,-165,-175,-178,-151,-190,-126,-201,-99,-209,-72,-215,-43,-219,-2,-39]]]
1871537	n	125.094,38.2201,125.4162,38.4773	[[[1250940,382396,2958,-195,264,2347,-798,225,-1729,-957,-695,-1420]]]
1870277	p	1877615
1871932	n	125.969,37.995,126.4742,38.3461	[[[1259690,381489,1496,-1539,3287,1500,269,373,-10,33,-95,209,-119,201,-144,190,-167,178,-188,165,-208,149,-225,132,-240,114,-254,95,-263,75,-272,54,-277,32,-280,11,-280,-11,-277,-32,-272,-54,-263,-75,-254,-95,-240,-114,-71,-42,-653,-1549]]]
2038854	p	2040959
2044050	p	2040959
2043962	n	129.2309,40.6736,129.7636,40.99	[[[1292309,407453,73,-119,150,-190,55,-56,114,-8,78,-100,87,-144,96,-73,70,-26,80,138,166,306,120,163,119,109,375,155,378,205,495,126,297,-18,119,34,139,118,191,28,28,188,179,108,262,-12,118,24,164,-26,177,33,190,-28,217,30,138,38,77,-99,105,-11,86,132,121,237,-30,196,187,188,-38,71,64,220,80,47,-13,21,-115,59,-183,172,-42,98,-11,67,-55,46,-628,0,-1742,-314,-2538,-2133]]]
2042645	n	129.9766,42.1534,130.575,42.4229	[[[1299766,422607,111,42,-6,42,-85,49,67,80,113,0,85,88,148,41,117,0,78,-31,9,-53,97,-26,22,-31,65,-5,-44,-145,-120,-92,7,-38,62,-21,-48,-162,112,-148,-42,-43,32,-53,82,-1,43,25,123,-54,6,-57,-44,-48,29,-80,228,-73,9,-88,68,12,166,-49,32,-87,135,-67,60,4,43,34,42,317,264,-18,36,-56,87,-26,11,-39,62,-48,-5,34,126,10,141,79,224,228,428,317,132,-7,82,-174,-74,-213,-12,-144,118,15,118,68,45,225,164,21,73,132,110,27,-91,117,73,120,102,22,151,-138,76,-16,51,71,-1,112,-66,24,-82,9,-49,66,1,70,-21,135,98,88,119,71,11,86,5,89,117,-2,126,-63,83,-90,164,27,129,103,-37,127,150,50,295,-40,89,-82,214,-92,289,-31,55,-33,-45,136,-101,209,-64,101,-4840,663,-45,-30,-200,-165,-177,-178,-153,-190,-127,-201,-101,-209,-72,-215,-44,-219,-14,-215]]]
2042500	n	129.7735,42.7239,130.1613,43.0082	[[[1297736,427332,265,-50,298,-32,301,-11,301,11,298,32,292,54,283,75,272,95,259,114,241,132,224,149,202,165,179,178,155,190,129,201,101,209,73,215,4,16,-112,-2,-119,-59,-161,91,-167,18,-54,81,1,7,-13,4,15,9,8,46,98,17,7,4,89,115,-27,19,-29,120,82,64,86,39,19,79,-121,91,-272,-49,-470,-150,-391,-13,-125,13,-144,48,-82,60,-147,37,-43,23,-38,98,19,46,-106,105,-72,46,-224,-5,-81,-19,-132,-64,-40,-12,-62,-31,-1,-2,37,-64,60,-57,74,-39,166,4,19,-54,-81,-69,-158,43,-9,1,-281,-24,-94,-59,-20,-14,-3,-8,-16,-143,194,-277,-14,-23,-68,-11,-104,62,-68,-14,-53,-162,46,-86,-16,-119,-61,-92,21,-78,-259,-186,22,-97,-124,-235,71,-86,-27,-57,29,-100,-163,-140,-104,-83,2,-119,-84,-154,-2,-77]]]
2042718	n	129.1472,40.9585,129.6589,41.2137	[[[1291472,411405,3375,-1819,1742,314,-3394,2013,-1195,224,-3,-3,-174,-178,-150,-190,-125,-201,-76,-160]]]
1868578	n	125.0147,37.9539,125.5293,38.2397	[[[1250147,380900,13,-222,8,-39,106,51,483,71,488,190,161,27,153,-23,345,-97,181,-23,398,3,166,-59,88,-155,-205,-85,-69,-338,-211,13,-56,64,-23,94,-41,85,-115,37,-441,-69,-414,-6,-95,-73,30,-193,56,-129,32,-29,48,-11,210,-149,110,-35,112,13,110,66,73,-73,2923,693,347,240,175,874,-9,19,-1386,569,-2958,195,-157,-73,-156,-167,-144,-190,-119,-201,-95,-209,-68,-215,-41,-219,-13,-222]],[[1250551,379745,76,-101,98,-105,37,9,377,89,-243,121,-139,47,-137,-19,-69,-41]]]
1873172	n	125.0752,37.7139,125.4771,38.0499	[[[1250752,379400,14,-222,41,-219,48,-153,39,-25,110,-30,578,-75,184,0,165,42,154,94,111,155,89,185,116,144,199,31,-29,-181,435,-194,78,-171,-135,-183,-432,-220,-122,-150,615,0,44,-26,27,-47,10,-44,-7,-20,183,39,193,96,313,207,-93,33,-76,45,-64,59,-46,74,224,47,279,-36,136,-49,60,177,-165,73,-192,62,109,49,118,19,198,0,24,72,-10,26,-31,38,72,28,455,1349,-2923,-693,1,-1,-95,-106,-116,-61,-139,-30,-161,-8,-178,27,-21,10,-377,-89,-10,-148]],[[1251414,377995,14,-54,2,-3,88,-77,45,6,154,105,134,110,52,8,26,21,-15,44,-29,36,-47,-3,-176,-51,-197,-115,-51,-27]],[[1252500,377315,10,-4,263,-75,77,-15,107,55,171,138,249,273,-89,-20,-295,-105,-66,-8,-40,-18,-13,-29,-26,-12,-53,-1,-24,-89,-25,-67,-103,34,-141,-55,-2,-2]],[[1253425,377146,175,-7,39,1,6,20,140,414,-147,35,-152,-229,-61,-234]],[[1253773,377819,86,-26,61,181,-21,-13,-126,-142]]]
2043484	n	129.0326,40.7466,129.4847,41.1393	[[[1290326,409600,14,-222,43,-219,71,-215,98,-209,125,-201,150,-190,174,-178,196,-165,216,-149,235,-132,250,-114,264,-95,163,-44,2522,2119,-3353,1807,-81,-45,-216,-149,-196,-165,-174,-178,-150,-190,-125,-201,-98,-209,-71,-215,-43,-219,-14,-222]]]
1879487	p	1870648
1879613	p	1876401
2039623	p	2040893
