1835848	n	126.8206,37.4006,127.0788,37.6707	[[[1268206,374049,97,-43,1945,421,25,361,515,412,-369,1278,-855,229,-909,-985,774,-614,-1223,-1059]]]
1838524	n	128.8016,34.9927,129.3395,35.3478	[[[1288016,350491,53,-79,34,-83,-12,-70,27,-52,75,-65,49,-173,35,-42,41,11,66,74,44,207,5,253,-69,126,-100,24,-97,-8,-146,-109,-5,-14]],[[1288464,350837,110,1,248,-23,71,240,86,158,67,-8,-10,-191,10,-203,138,8,305,441,91,109,48,-35,-15,-144,-76,-258,-33,-203,80,-225,67,-68,98,51,102,56,43,-16,34,-67,76,0,-24,203,-10,94,120,-106,48,-98,81,47,38,195,119,183,262,230,82,-82,110,-74,181,-129,224,85,51,133,-13,117,-80,98,10,140,119,12,75,27,34,13,103,-5,141,19,114,-4,154,-3,68,111,96,164,178,175,159,277,113,188,-3,56,-57,136,68,82,59,96,17,184,51,144,235,-8,278,225,189,93,-1955,-298,-838,-980,-317,0,-1820,-1363]]]
1843564	n	126.3555,37.2357,126.7945,37.5441	[[[1263555,374662,27,-52,109,-83,22,-54,-63,-50,107,-22,75,-26,62,38,40,42,61,-6,25,-48,-17,-36,11,-20,33,9,37,31,79,-39,42,-122,39,-8,92,8,98,-18,436,262,70,98,126,90,233,81,107,40,77,-11,175,34,34,36,84,50,55,18,-25,52,-42,68,-53,39,-39,49,-39,32,-82,33,-60,9,-56,3,-57,18,-58,26,-56,18,-116,92,-141,-41,-70,-224,-203,-85,-221,4,-324,-28,-453,-253,-83,35,-60,-15,-38,-74]],[[1264334,372510,23,-126,56,-27,377,117,0,3,42,66,107,30,44,41,-39,121,-103,55,-229,16,-177,-75,-82,-91,-19,-130]],[[1265408,372829,72,-66,22,-30,261,145,-28,7,-141,-99,-164,64,-22,-21]],[[1265950,374723,33,-144,-23,-182,164,-70,179,-77,83,-112,-132,-159,-103,-182,252,-153,245,248,524,-54,28,-67,-131,-106,-101,-117,977,544,-1011,1313,-906,36,-39,-190,22,-183,54,-100,205,18,37,87,135,-29,-22,-83,-86,-35,-286,-69,-98,-134]]]
1835329	n	128.4066,35.7679,128.7335,36.1263	[[[1284066,359505,2188,-1826,1081,2106,-670,1478,-2599,-1758]]]
1835235	n	127.1632,36.0648,127.5429,36.4959	[[[1271632,362587,340,-1327,225,-156,1490,-456,1742,4072,-1071,239,-1491,-403,-1235,-1969]]]
1841811	n	126.6137,34.9525,127.2052,35.38	[[[1266137,351270,902,-1464,1101,-281,907,1346,3005,1366,-1280,1563,-1065,0,-26,-14,-1675,-886,-869,-244,-1000,-1386]]]
1835553	n	126.9053,37.195,127.1985,37.371	[[[1269053,372650,453,-699,2479,690,-397,538,-945,531,-1511,-735,-79,-325]]]
1833747	n	129.032,35.393,129.4965,35.7451	[[[1290320,356345,3223,-2414,10,15,93,123,-41,192,-13,185,-14,72,79,65,115,9,103,31,44,134,-9,142,-39,124,-82,84,-137,26,83,195,140,-29,129,-173,59,-229,66,-176,151,66,164,181,102,165,68,388,21,258,38,218,-67,96,-92,89,-83,179,85,157,195,314,254,619,-4645,-1106]]]
1842485	n	126.6605,37.5704,126.9564,37.9506	[[[1266605,379138,58,-718,60,-116,103,56,99,11,75,-74,-105,-160,-27,-117,1135,-2210,522,-106,130,18,909,985,-709,1265,-1745,1534,-147,-44,-185,-16,-120,-70,-53,-238]]]
1846326	n	128.5712,35.0561,128.78,35.3755	[[[1285712,350905,91,-26,69,-46,96,-83,33,-64,5,-67,11,-20,401,-37,15,3,88,48,-71,16,-123,44,-79,9,47,133,-25,93,-166,184,-86,120,-41,93,-71,265,-50,84,-144,-749]],[[1285938,352078,83,61,58,-27,100,-263,-39,-75,83,-200,-44,-141,201,65,137,-90,124,-147,158,-101,6,154,73,92,85,29,42,-36,0,-438,153,98,120,-12,109,-167,233,-86,100,39,80,245,0,2408,-1539,269,-323,-1677]]]
1897000	n	127.0248,37.3179,127.2176,37.5201	[[[1270248,374427,23,-62,372,-655,945,-531,588,1527,-1086,494,-302,0,-515,-412,-25,-361]]]
1845604	n	127.3448,36.472,127.7699,36.7853	[[[1273448,367323,910,-2364,1071,-239,1639,250,159,174,141,190,118,201,92,209,67,215,40,219,14,222,-14,222,-40,219,-67,215,-92,209,-118,201,-141,190,-163,178,-21,19,-3595,-530]]]
1838716	n	126.6934,37.4092,126.8525,37.5811	[[[1266934,375405,1011,-1313,30,4,550,1608,-522,106,-1069,-405]]]
1845759	n	127.0475,36.6576,127.3199,36.9161	[[[1270475,368843,698,-2267,2026,837,-373,1404,-882,344,-1469,-318]]]
1843847	n	126.5393,36.9979,126.9506,37.265	[[[1265393,371981,232,23,510,324,53,92,-24,86,-25,46,-52,42,-168,56,-361,0,50,-137,-4,-120,-130,-118,45,-58,-14,-68,-109,-118,-3,-50]],[[1266585,372543,80,-125,67,-134,70,-107,89,-44,267,30,32,-34,-121,-132,-101,-46,-139,-37,-122,-58,-54,-101,32,-137,92,-23,292,54,-148,-166,-61,-90,-4,-92,65,-51,108,-3,115,33,92,59,357,308,193,110,237,97,0,-122,51,-79,95,-45,129,-21,208,143,139,61,62,-36,-15,-185,-57,-67,-270,-59,-253,-3,-170,-52,-159,-61,-138,-151,-116,-170,19,-171,-36,-135,43,-100,-3,-113,461,-111,193,40,191,32,94,-76,96,40,46,175,18,161,54,159,87,92,113,-41,-74,-263,98,-191,60,48,517,1398,-453,699,-940,0,-90,-107,-49,-214,-49,-94,-105,-33,-95,37,-49,84,-12,109,12,111,-154,-60,-131,34,-133,65,-158,35,-195,-40,-110,-5,-74,45,-63,-48,-29,-16,-44,-10]],[[1268244,370026,24,-47,70,55,-94,-8]]]
1845457	n	126.9477,35.5978,127.427,36.0642	[[[1269477,357693,2485,-1687,41,-28,37,4,264,54,256,75,246,95,233,114,218,132,201,149,183,165,162,178,140,190,116,201,91,209,66,215,40,219,14,222,-6,100,6,100,-13,222,-40,219,-66,215,-92,209,-116,201,-140,190,-162,178,-182,165,-202,149,-218,132,-233,114,-246,95,-256,75,-264,54,-199,24,-12,-16,-1791,-2326,-561,-607]]]
1846918	n	126.5502,37.265,126.9132,37.4096	[[[1265502,372733,52,-72,4,-11,361,0,-23,8,-117,53,-42,79,30,87,-4,1,-261,-145]],[[1266875,373440,23,-115,435,-263,313,-79,190,-30,120,-6,120,31,149,-22,64,-76,139,4,93,-22,78,-41,61,-60,47,-82,-221,-26,-156,76,-138,15,-79,-94,940,0,79,325,-279,470,-550,561,-97,43,-231,47,-30,-4,-977,-544,-93,-108]]]
1846898	n	126.8303,37.3444,127.0271,37.4427	[[[1268303,374006,550,-561,1418,920,-23,62,-1945,-421]]]
1842943	n	128.78,35.0505,129.0284,35.3731	[[[1287800,351078,11,33,67,-98,38,-183,548,7,1820,1363,-1729,1531,-755,-245,0,-2408]],[[1288021,350505,146,109,-17,-1,-106,-50,-23,-58]]]
1839071	n	129.1223,35.826,129.5873,36.2562	[[[1291223,361318,250,-1188,3419,-1869,117,45,192,94,20,46,107,684,28,260,360,581,157,198,-53,199,-70,179,-37,171,-165,107,-122,-166,-636,-563,-257,-163,-202,28,-160,158,-152,138,-210,158,9,137,166,111,99,26,104,41,81,88,37,156,-54,56,-80,46,-74,260,-58,340,-54,51,-66,36,-61,92,-35,164,19,536,-142,6,-272,-11,-270,-32,-264,-54,-257,-75,-246,-95,-234,-114,-219,-132,-202,-149,-183,-165,-162,-178,-140,-190,-28,-48]]]
1846266	n	126.483,33.3827,126.7893,33.563	[[[1264830,335194,843,-1367,1889,189,13,18,113,201,89,209,65,215,38,219,13,222,-13,222,-38,219,-27,89,-360,-24,-808,-109,-159,37,-664,-241,-975,-85,-19,-14]]]
1833788	n	126.8855,37.6477,127.2106,37.7972	[[[1268855,377972,709,-1265,855,-229,794,332,893,928,-3251,234]]]
1841246	p	1841811
1842225	n	128.2155,35.8971,128.618,36.3264	[[[1282155,359081,181,-70,137,-40,38,13,1555,521,2103,1423,11,172,-14,222,-40,219,-66,215,-92,209,-116,201,-141,190,-162,178,-183,165,-203,149,-219,132,-234,114,-246,95,-257,75,-2,0,-1806,-703,-244,-3480]]]
11523293	n	127.0857,36.4555,127.4358,36.7413	[[[1270857,366263,2010,-1707,1491,403,-910,2364,-249,90,-2026,-837,-316,-313]]]
1838343	n	126.8268,36.8843,127.1944,37.077	[[[1268268,369979,111,-220,355,-279,393,-184,331,-37,233,61,72,70,-31,310,90,102,598,134,-26,-116,-66,-35,-89,-11,-139,-61,-51,1,-54,-5,-53,-40,17,-21,93,-79,20,-43,-69,-242,-108,-98,-150,-57,-94,-57,824,-229,1469,318,-276,1609,-2679,-217,-60,-48,2,-4,136,-170,43,-190,-86,54,-98,27,-107,5,-112,-12,94,-58,42,-16,0,-62,-505,-45,-70,-55]]]
1832828	n	128.8555,35.22,129.3618,35.616	[[[1288555,353731,1729,-1531,317,0,838,980,1955,298,5,3,205,55,14,136,-67,55,-83,96,75,108,-2975,2228,-167,-65,-232,-114,-164,-100,-178,-607,-1272,-1542]]]
1948005	n	126.7975,37.4049,126.9429,37.5722	[[[1267975,374096,231,-47,1223,1059,-774,614,-130,-18,-550,-1608]]]
1833105	n	127.7456,37.1622,128.2225,37.5374	[[[1277456,374838,787,-3169,2729,-47,220,130,206,149,186,165,165,178,142,190,119,201,93,209,68,215,40,219,14,222,-14,222,-40,219,-68,215,-93,209,-119,201,-142,190,-165,178,-186,165,-206,149,-213,126,-3423,-326,-100,-210]]]
1846052	n	127.8152,34.9639,128.3338,35.4161	[[[1278152,351900,13,-222,40,-219,24,-78,1034,-1047,397,-403,52,-53,85,45,271,-5,125,69,-183,354,240,17,159,134,128,179,156,154,-12,-123,-44,-96,-51,-73,-29,-55,-17,-120,16,-699,75,-9,269,-11,269,11,267,32,262,54,254,75,123,48,100,65,1,1,871,565,138,154,139,190,14,25,-577,2684,-4,20,-114,85,-216,132,-232,114,-243,95,-254,75,-262,54,-267,32,-269,11,-269,-11,-267,-32,-262,-54,-254,-75,-243,-95,-232,-114,-216,-132,-200,-149,-181,-165,-161,-178,-139,-190,-115,-201,-91,-209,-65,-215,-40,-219,-13,-222]]]
1843491	n	126.7873,35.7693,127.1829,36.1198	[[[1267873,357938,37,-24,-14,-117,-4,-13,1585,-91,561,607,1791,2326,-23,30,-162,178,-183,165,-201,149,-83,50,-2518,-198,-107,-419,155,39,-18,-145,-193,-112,-326,-1268,46,-14,107,-75,52,-73,-44,-33,-138,-19,-48,-51,-22,-73,-61,-90,-2,-1,-187,-728]]]
1842030	n	126.8853,37.2975,127.0643,37.4365	[[[1268853,373445,279,-470,1511,735,-372,655,-1418,-920]]]
1845136	n	127.55,37.709,128.0135,38.1061	[[[1275500,380551,1211,-3461,3424,1873,-3,59,-41,219,-68,215,-94,209,-120,201,-143,190,-167,178,-187,165,-207,149,-224,132,-240,114,-252,95,-263,75,-271,54,-276,32,-279,11,-279,-11,-276,-32,-271,-54,-263,-75,-252,-95,-240,-114,-219,-129]]]
1835648	n	127.2168,34.7426,127.5875,35.1727	[[[1272168,349366,5,-88,40,-219,65,-215,91,-209,115,-201,138,-190,160,-178,181,-165,199,-149,216,-132,230,-114,206,-80,170,98,-31,43,-100,35,-188,-62,-86,57,37,136,215,100,424,111,0,63,-212,52,-258,92,-132,89,163,40,432,-9,199,21,341,99,51,4,34,20,66,76,171,356,34,22,22,42,47,-13,46,-44,22,-56,-10,-51,-44,-98,-9,-59,26,-97,103,-177,528,306,-1429,3092,-6,13,-75,-9,-260,-54,-254,-75,-243,-95,-230,-114,-216,-132,-199,-149,-181,-165,-132,-147,-482,-1421]]]
1884138	n	127.3875,34.5378,127.9331,34.863	[[[1273875,347461,5,-83,39,-219,65,-215,90,-209,115,-201,138,-190,160,-178,180,-165,199,-149,53,-32,25,18,92,75,-28,209,-56,110,-430,137,75,14,176,-1,103,-13,-214,253,-313,165,-289,213,-139,398,28,27,53,11,22,35,-40,53,-109,-63]],[[1275347,348316,49,-85,-30,-39,-17,-60,5,-51,49,-43,59,-8,56,-1,41,-22,159,-282,80,-94,47,-169,-95,-197,-130,-208,-61,-211,49,-224,115,-148,178,-81,239,-24,164,-142,103,-47,46,83,-73,447,-59,140,-78,132,49,11,14,18,15,3,59,-32,183,331,223,-39,278,-115,351,97,83,115,115,500,100,282,32,140,4,70,-559,81,-190,-21,-310,-240,-125,-64,-105,42,-112,119,-159,84,-177,200,-38,55,-68,10,-31,-7,-528,-306]],[[1277100,345378,33,4,261,54,140,42,-53,33,-184,-20,-168,-67,-29,-46]],[[1277359,346252,41,-115,354,-297,112,-50,113,7,100,85,72,138,30,142,-9,146,-84,250,-72,147,-91,119,-104,22,121,92,51,110,-27,94,-107,40,-125,-12,-109,-42,-17,-81,151,-132,-76,-254,-33,-60,-187,-117,-44,-48,-60,-184]],[[1278324,348280,255,-683,22,-127,3,-87,14,-74,62,-90,91,-50,150,-42,142,4,61,88,33,208,89,169,85,48,-11,178,-39,219,-32,106,-925,133]]]
1841066	n	126.2528,34.5839,126.5475,34.9385	[[[1262528,348452,107,15,131,53,296,39,41,-18,279,-126,26,-40,-31,-58,-64,-59,108,-33,196,149,-21,212,-189,55,-142,1,-64,17,-14,47,-6,59,19,46,152,83,87,9,13,59,-127,105,-178,74,-173,34,-109,-46,33,-99,78,-88,-5,-73,-44,-62,-126,-32,-10,-42,-32,-28,-36,-37,-177,-54,-18,-162]],[[1262694,346713,17,-288,207,-125,268,-109,42,-102,-73,-48,-100,1,-40,47,-39,-56,-41,-13,-16,-28,187,-56,260,-54,266,-32,268,-11,268,11,266,32,14,3,-129,74,-496,68,-124,62,-207,478,-32,110,-18,102,30,100,95,103,-305,376,-66,119,-59,33,-78,19,-75,6,-81,-33,-15,-78,8,-93,-10,-75,-105,-223,-87,-320]],[[1263152,349379,125,-68,175,-47,72,4,-361,117,-11,-6]],[[1263640,347492,31,-95,231,-63,252,56,204,-109,295,16,249,-41,182,-71,307,-324,54,1096,-1,0,-119,-128,-20,-176,44,-193,-46,15,-27,18,-24,20,-39,22,-154,-25,-458,278,-380,-140,-298,38,-140,-47,-143,-147]],[[1263701,348013,34,-106,105,-44,216,59,137,-2,17,103,85,33,266,-49,131,34,88,64,92,33,135,-57,-41,-53,-54,-104,-40,-53,62,-40,0,-23,199,15,104,116,112,341,120,197,2,2,4,78,-4,24,-24,63,-1391,452,70,-109,125,-80,-130,-94,-34,-73,27,-150,-4,-77,-17,-68,-42,-73,-74,-92,-204,-167,-72,-100]],[[1263768,346795,31,-250,62,-187,104,8,64,141,132,20,-35,-229,127,-105,97,-125,206,-37,59,-24,112,13,-40,-85,7,1,253,75,242,95,169,83,2,46,-3,-3,-106,57,-139,83,-109,86,-179,59,-130,70,-61,67,-104,56,-24,60,4,39,-2,40,26,130,-54,80,-419,75,-274,-22,58,-175,-76,-142]],[[1265191,346504,173,-188,9,183,-57,27,-125,-22]]]
1841598	n	128.6254,35.6535,128.9828,35.9785	[[[1286254,357679,126,-979,297,-165,2662,52,19,14,183,165,162,178,125,170,-43,656,-2450,2015,-1081,-2106]]]
1842025	n	126.5214,35.7539,126.8659,36.174	[[[1265214,359705,43,-301,440,56,299,-83,92,-66,30,-237,5,-172,478,-30,484,-26,247,10,735,241,31,20,72,-22,326,1268,-5,-3,-468,-151,-368,-226,-210,-87,-172,40,-161,-78,-499,-24,-493,-50,-906,-79]],[[1265472,361442,46,-24,5,-110,63,0,133,62,175,-62,229,-318,125,-34,137,-46,65,-63,-139,-91,90,-122,169,-179,83,-109,52,-126,16,-91,52,-70,152,-60,209,75,223,30,187,73,169,132,202,113,206,51,431,108,107,419,-1650,739,-1537,-297]],[[1266278,357641,16,-5,265,-54,269,-32,272,-11,49,2,569,204,-5,7,-159,33,-223,139,-351,35,-358,-29,-61,-43,-113,-58,-154,-74,-16,-114]],[[1267007,358398,93,-38,176,-107,217,-120,192,-77,92,-55,96,-63,187,728,-89,-37,-122,-9,-558,30,-91,-17,-83,-56,-83,-92,-27,-87]]]
1897007	n	127.109,37.4706,127.3564,37.5702	[[[1271090,375200,1086,-494,1291,323,97,352,-185,109,-1627,212,-662,-502]]]
1841603	n	128.9785,35.6441,129.4863,36.013	[[[1289785,357770,43,-656,0,-5,131,-143,182,-165,202,-149,218,-132,161,-79,2567,611,1265,302,105,181,92,209,66,215,40,219,6,98,-3390,1854,-1688,-2360]]]
1839652	n	126.8989,37.0553,127.2752,37.2641	[[[1268989,370553,2679,217,1084,1006,-364,674,-403,191,-2479,-690,-517,-1398]]]
11101805	n	128.586,34.7053,128.7485,34.8878	[[[1285860,347053,198,11,724,184,157,114,-83,76,-165,57,-119,75,57,130,173,166,31,75,31,140,114,-68,188,-81,175,-50,76,25,-27,155,-129,226,-55,135,135,-47,88,70,45,125,11,119,-9,168,-33,20,-97,-55,-202,-59,10,23,-653,-484,-487,-949,26,-43,142,-55,-315,-188,-7,-15]]]
1845033	n	127.6515,36.7539,128.2111,37.1669	[[[1276515,370089,669,-1774,128,-114,205,-149,221,-132,237,-114,249,-95,260,-75,268,-54,272,-32,276,-11,276,11,272,32,268,54,163,47,19,9,4,2,710,319,3,1,18,8,50,30,205,149,185,165,164,178,142,190,118,201,93,209,67,215,41,219,13,222,-13,222,-41,219,-67,215,-93,209,-118,201,-142,190,-164,178,-185,165,-205,149,-124,74,-2716,47,-1479,-900,-61,-104,-93,-209,-67,-215,-28,-152]]]
1843137	n	128.586,37.5264,129.0515,37.9646	[[[1285860,377500,13,-222,41,-219,68,-215,94,-209,119,-201,143,-190,166,-178,188,-165,206,-149,224,-132,239,-114,252,-95,263,-75,270,-54,155,-18,2214,1643,-392,365,-110,72,-775,679,-647,745,-778,878,-200,-57,-252,-95,-239,-114,-224,-132,-206,-149,-188,-165,-166,-178,-143,-190,-119,-201,-94,-209,-68,-215,-41,-219,-13,-222]]]
1842936	n	126.4265,37.5405,126.8003,37.842	[[[1264265,376200,10,-172,352,15,39,19,41,34,54,15,76,-37,105,-90,60,-22,76,7,100,69,113,211,129,61,-32,44,-56,107,-55,54,32,84,-32,360,-21,74,-93,135,-23,67,11,61,53,135,11,81,-51,160,-112,89,-144,-127,-165,-178,-144,-190,-118,-201,-94,-209,-68,-215,-41,-219,-13,-222]],[[1265310,377547,144,-822,108,-315,41,-202,2,-134,114,-89,104,-140,88,-116,78,-148,49,-88,-10,-52,906,-36,1069,405,-1135,2210,-19,-84,11,-114,9,-86,94,-156,42,-150,-49,-213,-168,-354,576,-330,188,-154,-242,12,-389,129,-306,204,4,235,54,129,15,189,-20,185,-49,118,-134,70,-130,-20,-146,-54,-176,-31,-551,157,-133,-20,-39,-135]],[[1266663,378420,12,-142,48,26,-60,116]]]
1843702	n	127.2388,37.0773,127.5207,37.3943	[[[1272388,372450,364,-674,2455,-1003,-681,3096,-478,74,-1660,-1493]]]
1841988	n	127.0419,37.52,127.1831,37.681	[[[1270419,376478,369,-1278,302,0,662,502,79,407,-618,701,-794,-332]]]
1832847	n	126.7848,37.7738,127.285,38.0561	[[[1267848,378858,1007,-886,3251,-234,274,140,470,424,0,1377,-52,55,-187,165,-207,149,-224,132,-240,114,-252,95,-263,75,-270,54,-276,32,-279,11,-279,-11,-276,-32,-270,-54,-263,-75,-252,-95,-240,-114,-224,-132,-207,-149,-187,-165,-166,-178,-144,-190,-119,-201,-94,-209,-31,-98]]]
6621166	n	126.2915,33.2138,126.8192,33.4018	[[[1262915,332500,13,-222,24,-140,86,128,296,116,951,11,421,-106,506,79,443,-37,414,77,338,241,1011,155,383,253,263,-19,95,42,33,3,-22,75,-89,209,-113,201,-135,190,-157,178,-90,84,-1913,-191,-2630,-640,-13,-31,-64,-215,-38,-219,-13,-222]]]
1842966	p	1838524
1884178	n	127.6213,34.8143,127.9681,35.1609	[[[1276213,349177,48,-80,150,-106,210,77,379,248,92,88,40,63,73,185,-22,52,-17,120,26,77,115,-75,59,-97,24,-76,54,-51,135,-19,405,3,66,-15,104,-23,149,-101,61,47,79,8,96,-20,106,-35,267,20,209,154,108,254,29,323,112,-72,64,-98,105,-240,142,74,-21,69,-1492,1511,-120,47,-253,75,-220,45,-1362,-2432]],[[1277190,348444,559,-81,7,128,-188,-83,-170,9,-184,29,-24,-2]],[[1278267,348514,36,-178,21,-56,953,-137,1,1,99,136,-92,26,-86,48,-56,92,-46,174,-41,70,225,193,88,125,13,132,-77,125,-133,97,-151,38,-132,-52,-160,-103,-59,-63,-47,-221,-60,-34,-78,-12,-77,-46,-114,-179,-27,-176]]]
1846986	n	128.4948,36.3439,128.9996,36.7464	[[[1284948,364363,90,-97,185,-165,203,-149,220,-132,236,-114,248,-95,258,-75,266,-54,272,-32,274,-11,274,11,272,32,266,54,258,75,248,95,236,114,220,132,203,149,185,165,163,178,141,190,117,201,93,209,67,215,40,219,13,222,-13,222,-40,219,-67,215,-93,209,-117,201,-141,190,-163,178,-185,165,-203,149,-25,16,-2683,-627,-1318,-2474]]]
1842944	n	127.842,35.8939,128.2399,36.2839	[[[1278420,361200,13,-222,40,-219,67,-215,91,-209,117,-201,140,-190,163,-178,183,-165,202,-149,219,-132,234,-114,247,-95,257,-75,265,-54,269,-32,273,-11,273,11,269,32,265,54,148,43,0,2,244,3480,-3110,278,-55,-40,-183,-165,-163,-178,-140,-190,-117,-201,-91,-209,-67,-215,-40,-219,-13,-222]]]
11695689	n	126.6506,35.38,127.1962,35.7784	[[[1266506,356490,2156,-1812,1045,-878,118,0,177,36,255,75,245,95,232,114,218,132,188,140,786,1262,23,124,13,222,0,6,-2485,1687,-1585,91,-31,-100,-41,-82,-102,143,-513,-184,-140,-127,-162,-178,-139,-190,-116,-201,-91,-209,-51,-166]]]
1837362	p	1835848
1832743	n	127.5573,37.0739,127.8243,37.4838	[[[1275573,373937,409,-3182,41,-5,277,-11,277,11,193,23,1473,896,-787,3169,-1883,-901]]]
1897118	n	127.238,37.5381,127.5221,37.8302	[[[1272380,377878,256,-1665,743,-723,185,-109,1657,1211,-2371,1710,-470,-424]]]
1837706	n	127.8809,36.2561,128.4391,36.5363	[[[1278809,364100,14,-222,40,-219,67,-215,92,-209,117,-201,141,-190,4,-4,3115,-279,1789,697,82,186,67,215,40,219,14,222,-14,222,-7,38,-423,330,-4661,673,-6,-7,-141,-190,-117,-201,-92,-209,-67,-215,-40,-219,-14,-222]]]
1892823	n	128.8277,37.3138,129.2724,37.6907	[[[1288277,375246,4,-68,41,-219,68,-215,93,-209,119,-201,143,-190,166,-178,186,-165,206,-149,223,-132,239,-114,251,-95,262,-75,269,-54,275,-32,278,-11,278,11,275,32,269,54,262,75,251,95,239,114,50,30,-2,9,-94,150,-274,274,-454,711,-131,108,-157,74,-130,175,-292,755,-103,168,-354,156,-62,209,-2,245,-27,205,-127,118,-2238,-1661]]]
1839726	n	126.725,36.5864,127.1173,36.9362	[[[1267250,368209,1970,-2345,1637,399,316,313,-698,2267,-824,229,-226,-138,-435,-141,-184,-24,-204,-73,103,-168,343,-305,-212,21,-203,47,83,-251,-51,-142,-98,-134,-59,-224,-83,30,-57,39,-39,58,-31,84,165,40,28,89,-84,312,-89,119,-20,82,10,79,47,136,10,61,-22,286,-41,147,-72,82,-102,-15,-188,-194,-120,-63,157,432,-1,18,-143,-128,-164,-178,-142,-190,-117,-201,-93,-209,-67,-215,0,-32]]]
1912209	n	127.1752,37.549,127.3379,37.6213	[[[1271752,375702,1627,-212,-743,723,-805,-104,-79,-407]]]
1835447	n	126.3433,36.1376,126.8081,36.5045	[[[1263433,364381,105,-40,238,121,-40,-89,-77,-57,-48,-53,27,-149,144,-19,444,20,95,-36,-57,157,-135,167,-75,185,-27,96,10,49,11,63,-142,64,-68,11,0,56,-156,-171,-141,-190,-108,-185]],[[1263843,364933,205,0,-80,112,-123,-111,-2,-1]],[[1264828,364858,57,-189,92,-185,99,-97,158,24,216,259,141,65,583,0,-194,-84,-412,-93,-193,-226,-206,-50,-181,-81,150,-224,-131,0,0,-68,81,-57,118,-116,68,-38,330,-2,158,-33,64,-133,-93,-104,-445,-87,-150,-112,153,-66,424,-105,111,-109,-146,-79,-121,-205,-210,-467,62,-70,75,-66,57,-26,80,38,66,-12,112,-66,84,-78,148,-198,-420,98,-299,-77,-340,-139,-26,-193,105,-31,43,134,196,25,180,-93,1537,297,1072,2696,-3198,582,-49,-47,-6,-112]]]
1840982	n	126.2176,34.8644,126.7039,35.1455	[[[1262176,350553,117,-16,68,-18,-19,-48,-1,-88,39,-59,49,-51,117,-22,26,-31,39,26,39,96,-18,77,-51,56,-30,89,-59,69,-104,6,-93,34,-49,42,-69,-159,-1,-3]],[[1262552,351191,26,-123,257,-280,-93,-106,141,-152,142,4,69,128,-79,225,191,-54,176,-132,285,-323,74,-210,-279,-227,30,-215,-250,44,-112,4,-115,-48,49,-90,62,-75,75,-62,88,-52,-42,-14,-84,-48,361,-117,109,6,140,105,-3,94,-49,114,-15,98,98,41,76,22,53,50,67,48,114,17,250,-49,-59,-88,-189,-106,-139,-105,-19,-165,59,-195,39,-59,1391,-452,-42,105,13,83,109,125,149,57,138,-34,37,-67,1188,893,-902,1464,-2093,141,98,-214,65,-55,80,-37,188,-38,49,-64,5,-178,-26,-159,-252,-468,-107,90,-72,102,-16,110,58,113,-76,36,-168,5,-97,28,-120,58,-36,33,-10,57,-40,131,-31,17,-46,-14,-40,0,-20,60,12,57,45,94,27,185,-12,87,-112,8,-40,-114,-71,-115,-127,-66,-80,158,-181,76,-164,-18,-46,-42,-129,-143]]]
1897122	n	127.1213,37.6109,127.2636,37.7878	[[[1271213,376810,618,-701,805,104,-256,1665,-274,-140,-893,-928]]]
1841775	n	127.4446,34.8622,127.7565,35.2061	[[[1274446,351714,1429,-3092,31,7,28,50,-77,113,-93,177,-11,167,54,201,109,127,156,-51,141,-236,1352,2415,-142,88,-231,114,-243,95,-253,75,-261,54,-266,32,-269,11,-269,-11,-266,-32,-261,-54,-253,-75,-243,-95,-162,-80]]]
1844174	n	126.4577,36.4435,126.922,36.8209	[[[1264577,365956,4,-42,61,-73,50,-172,9,-91,-44,-84,46,-92,48,-8,78,-42,87,-65,192,55,31,-54,-97,-121,-159,-150,3198,-582,588,278,551,1151,-1970,2345,-2286,-1813,35,-28,118,-20,82,-86,-60,-108,-16,-122,-208,6,-200,-75,-138,-7]]]
1832384	n	128.3567,36.6837,128.9106,37.0461	[[[1283567,368700,2699,-1863,2683,627,36,80,66,215,41,219,13,222,-13,222,-41,219,-66,215,-93,209,-118,201,-141,190,-164,178,-185,165,-204,149,-221,132,-237,114,-248,95,-260,75,-267,54,-272,32,-275,11,-275,-11,-272,-32,-267,-54,-260,-75,-248,-95,-237,-114,-221,-132,-204,-149,-185,-165,-164,-178,-141,-190,-118,-201,-93,-209,-48,-156]]]
1833466	p	1845457
1832830	n	127.3467,37.3869,127.7556,37.6592	[[[1273467,375029,581,-1086,478,-74,1047,68,1883,901,100,210,-1154,1498,-1181,46,-1657,-1211,-97,-352]]]
1912205	p	1832828
1882056	n	128.4877,34.8303,128.7344,35.0599	[[[1284877,350481,98,-424,21,35,-20,115,-61,129,-28,147,-10,-2]],[[1285605,349078,896,-775,653,484,148,317,39,119,3,132,-44,96,-61,94,-47,118,-4,59,65,371,-4,96,-43,83,-177,57,-154,-100,-56,-183,120,-183,-701,-327,-132,13,11,-160,47,-170,106,-150,185,-100,0,-62,-185,11,-135,54,-131,70,-164,57,-103,2,-132,-23]],[[1286017,350599,19,-33,107,-20,202,0,73,16,-401,37]]]
1841810	n	127.1588,37.245,127.4048,37.5029	[[[1271588,373179,397,-538,403,-191,1660,1493,-581,1086,-1291,-323,-588,-1527]]]
1840379	n	127.1145,35.1839,127.6655,35.6361	[[[1271145,354100,13,-222,39,-219,66,-215,91,-209,116,-201,139,-190,161,-178,182,-165,200,-149,217,-132,232,-114,245,-95,254,-75,262,-54,268,-32,270,-11,270,11,268,32,262,54,254,75,245,95,232,114,217,132,200,149,182,165,161,178,139,190,116,201,91,209,66,215,39,219,13,222,-13,222,-39,219,-66,215,-91,209,-116,201,-139,190,-161,178,-182,165,-200,149,-217,132,-232,114,-245,95,-254,75,-262,54,-268,32,-270,11,-270,-11,-268,-32,-262,-54,-254,-75,-245,-95,-232,-114,-217,-132,-196,-146,-773,-1242,-25,-138,-13,-222]]]
1836553	n	128.3053,37.9839,128.7359,38.3052	[[[1283053,381920,3,-42,41,-219,68,-215,94,-209,120,-201,145,-190,167,-178,188,-165,208,-149,225,-132,241,-114,253,-95,264,-75,272,-54,278,-32,280,-11,280,11,278,32,272,54,264,75,253,95,112,53,-434,490,-138,294,-359,350,-112,157,-688,1440,-105,162,-2470,-1132]]]
1925936	n	128.2761,35.0481,128.6261,35.3985	[[[1282761,353543,582,-2707,112,-84,136,-82,666,-98,28,6,342,142,186,30,-116,134,-6,70,90,37,331,51,152,-7,448,-130,144,749,-77,133,2,107,125,160,32,24,323,1677,-370,230,-2887,-129,-91,-100,-138,-190,-14,-23]],[[1284728,350503,149,-22,10,2,-6,29,-153,-9]]]
1840886	n	127.9203,36.469,128.3947,36.8161	[[[1279203,365900,13,-222,41,-219,30,-96,4660,-673,-1420,3425,-2,5,-251,30,-274,11,-274,-11,-272,-32,-266,-54,-176,-51,-710,-319,-76,-46,-204,-149,-184,-165,-164,-178,-141,-190,-117,-201,-93,-209,-66,-215,-41,-219,-13,-222]]]
1844191	n	127.6402,37.5048,128.1738,37.8945	[[[1276402,376546,1154,-1498,3436,328,102,90,166,178,143,190,119,201,94,209,67,215,41,219,14,222,-14,222,-41,219,-67,215,-94,209,-119,201,-143,190,-166,178,-187,165,-207,149,-223,132,-239,114,-135,51,-3392,-1855,-309,-544]]]
6903078	n	128.224,35.3855,128.6677,35.67	[[[1282240,355400,13,-222,40,-219,66,-215,91,-209,116,-201,139,-190,162,-178,121,-111,16,1,2887,129,786,2550,-297,165,-3635,0,-40,-44,-139,-190,-116,-201,-91,-209,-66,-215,-40,-219,-13,-222]]]
1835895	n	126.1696,36.5645,126.725,37.0056	[[[1261696,367800,14,-222,10,-57,153,-36,153,-61,108,-157,2,-151,-105,-57,-177,1,56,-125,94,-161,93,15,196,58,264,269,185,83,75,-273,-87,-194,293,-388,-137,-244,34,-58,23,-67,9,-60,53,-25,35,41,108,85,129,60,153,24,-168,184,-15,82,110,75,-66,165,-182,234,-94,154,228,3,73,117,24,160,90,130,161,23,108,-104,-35,-253,115,-44,-59,-195,-48,-540,192,-102,193,-7,185,-116,91,91,106,224,-44,262,74,195,-13,169,-70,87,-6,71,32,70,158,55,142,124,84,57,31,-88,46,-61,134,-123,-234,-30,-76,-123,48,-167,240,-36,95,-139,-140,-91,-102,-117,126,-100,2286,1813,0,32,-67,215,-93,209,-117,201,-142,190,-164,178,-184,165,-1,1,10,-66,-27,-83,-44,-74,-110,-61,37,164,-12,94,-100,152,-15,56,-163,98,-236,114,-94,36,-7,-55,-93,-44,-125,0,-102,38,-85,60,-160,159,-12,10,-97,20,-94,11,-19,-59,44,-28,613,-518,76,-102,88,-204,71,-76,0,-62,-142,5,-76,66,-51,100,-71,108,-173,154,-122,66,-53,-55,-43,-235,-183,-478,-40,-249,-33,-47,-73,34,-74,91,-33,129,0,447,29,62,90,86,18,26,-11,69,-46,63,-12,70,-41,84,-98,2,-113,-50,-88,-70,-63,162,58,113,96,87,51,82,-75,132,-78,22,-151,-6,-272,-32,-44,-9,0,-5,44,-75,-39,-31,-83,14,-96,58,-5,3,-44,-9,-259,-75,-53,-20,166,10,154,-38,71,-92,-66,-155,-144,84,-48,-33,32,-93,96,-94,130,-42,262,-4,87,-23,78,-166,-37,-225,-141,-184,-241,-45,0,-62,193,-65,80,-10,0,-62,-201,-41,-104,-33,-42,-34,-46,-108,-98,51,-161,165,-107,-100,73,-223,207,-359,-288,158,-126,-3,-169,-124,-71,-26,-53,53,-33,91,-10,86,38,26,180,95,54,47,-8,40,-62,147,-4,92,61,87,98,83,61,92,-125,264,-43,219,-8,216,30,138,-232,-58,-47,-246,25,-303,-18,-225,-65,-90,-66,-37,-249,-3,-137,23,-24,68,63,244,-230,-66,-82,-110,-95,-162,202,-134,-165,-213,18,-125,157,-57,256,-14,-76,-119,-117,-25,-285,69,107,-154,105,-119,-86,15,-75,21,-66,4,-53,-40,-69,82,-54,82,-22,43,-13,-220]],[[1263150,365820,28,-14,249,-95,229,-66,-13,25,-9,68,76,50,43,73,-18,61,-133,172,-190,-53,-177,-132,-85,-89]]]
1842859	n	126.458,35.2656,126.969,35.6519	[[[1264580,354759,2557,-2103,869,244,1675,886,9,28,-3219,2705,-9,-1,-262,-54,-255,-75,-244,-95,-232,-114,-217,-132,-201,-149,-63,-57,144,-73,1418,189,152,-71,93,-170,130,-373,-135,36,-183,185,-178,163,-199,-42,-141,-165,-147,-96,-317,-14,-372,-62,-326,-96,-229,-268,-118,-226]]]
1842616	n	126.8669,36.2587,127.2867,36.6263	[[[1268669,364713,2963,-2126,1235,1969,-2010,1707,-1637,-399,-551,-1151]]]
1842754	n	128.51,34.7354,128.6501,34.9078	[[[1285100,348294,74,-67,114,-146,159,107,359,131,102,104,137,-69,-54,-176,-5,-156,-70,-110,-249,-41,-63,-53,-6,-115,45,-116,92,-52,310,130,-50,-146,-9,-119,28,-46,487,949,-896,775,-242,-41,-130,-45,-133,-71,0,-627]]]
1845020	n	128.1613,34.7631,128.51,35.0674	[[[1281614,348927,245,9,211,-29,-4,148,20,153,55,121,100,50,227,-19,111,-58,212,-234,232,12,164,261,164,132,227,-374,-231,-73,-102,-53,20,-82,143,-164,130,-42,621,-58,-50,-67,-82,-12,-193,-2,-5,-153,300,-17,224,56,252,270,140,205,-136,130,-30,-98,-70,-80,-88,-24,-91,72,74,409,13,209,-3,74,-10,53,-67,85,-90,43,-47,47,68,98,129,-44,195,-7,196,27,127,58,60,98,-98,424,-149,22,-16,-1,-998,-434,0,68,107,90,19,138,52,126,365,82,-700,102,-51,-10,-253,-75,-135,-53,-942,-611,-151,-169,-138,-190,-115,-201,-91,-209,-65,-215,-2,-14]],[[1282058,348156,64,-78,110,-63,58,-24,95,-22,30,31,-8,71,51,22,107,0,40,53,-56,78,-150,138,-126,24,-134,-84,-69,-92,-12,-54]],[[1283320,348257,22,-66,68,-3,114,30,180,-51,97,-63,-18,-76,-96,-63,46,-30,129,-16,28,-65,-20,-66,84,-3,39,-78,72,-76,166,2,102,105,40,60,-82,56,-82,13,-3,25,40,20,100,-33,44,60,-37,48,53,80,-26,129,-98,78,-174,-9,-154,-32,-96,-32,-68,28,-118,74,-154,51,-117,-24,-81,-73]],[[1284885,348690,30,-191,117,-144,68,-61,0,627,-19,-11,-132,-106,-64,-114]]]
1846912	n	127.1668,36.8817,127.5364,37.1776	[[[1271668,370770,276,-1609,882,-344,2538,1868,-157,88,-2455,1003,-1084,-1006]]]
1925943	n	128.223,35.67,128.638,35.9505	[[[1282231,358000,13,-222,40,-219,66,-215,92,-209,116,-201,140,-190,40,-44,3642,0,-126,979,-2188,1826,-1555,-521,-69,-119,-92,-209,-66,-215,-40,-219,-13,-222]]]
6573901	p	1842030
1896953	n	127.4526,37.0668,127.5982,37.3937	[[[1274526,373869,681,-3096,157,-88,164,-17,123,14,268,54,63,18,-409,3183,-1047,-68]]]
1840179	n	128.1844,38.1933,128.5523,38.5954	[[[1281844,383659,5,-81,41,-219,69,-215,94,-209,120,-201,145,-190,167,-178,189,-165,209,-149,200,-118,2440,1118,-778,1209,-238,480,-93,317,-466,723,-112,173,-232,-65,-254,-95,-242,-114,-225,-132,-98,-70,69,-280,-43,-354,-130,-309,-194,-277,-231,-260,-412,-339]]]
1846095	n	127.2826,36.7323,127.7182,37.0685	[[[1272826,368817,373,-1404,249,-90,3598,531,40,90,67,215,29,160,-664,1761,-133,119,-204,149,-222,132,-236,114,-193,74,-1,0,-1,0,-164,17,-2538,-1868]]]
1843841	n	126.814,34.8339,127.2635,35.216	[[[1268140,349525,1630,-1181,130,-5,269,11,266,32,261,54,254,75,243,95,231,114,217,132,199,149,181,165,127,141,487,1437,-5,78,-39,219,-66,215,-90,209,-115,201,-139,190,-160,178,-138,126,-2836,-1289,-907,-1346]]]
1838508	n	126.7009,36.1,127.1768,36.4713	[[[1267009,361739,1650,-739,2518,198,76,68,163,178,141,190,116,201,93,209,2,9,-136,534,-2963,2126,-588,-278,-1072,-2696]]]
1839873	n	127.3943,36.0739,127.8487,36.4969	[[[1273943,361246,209,-126,234,-114,248,-95,257,-75,265,-54,271,-32,273,-11,273,11,271,32,265,54,257,75,248,95,234,114,220,132,202,149,184,165,163,178,141,190,116,201,93,209,66,215,40,219,14,222,-14,222,-40,219,-66,215,-93,209,-116,201,-141,190,-163,178,-184,165,-202,149,-220,132,-184,89,-1635,-249,-1486,-3474]]]
1832617	n	128.6876,35.777,129.1473,36.1961	[[[1286876,360798,459,-1013,2450,-2015,1688,2360,-250,1188,-2,11,-161,119,-218,132,-234,114,-246,95,-256,75,-265,54,-269,32,-272,11,-272,-11,-269,-32,-265,-54,-256,-75,-246,-95,-234,-114,-218,-132,-202,-149,-183,-165,-162,-178,-117,-158]]]
1843082	n	127.285,37.6546,127.6711,38.0561	[[[1272850,378302,2371,-1710,1181,-46,309,544,-1206,3445,-126,15,-279,11,-279,-11,-276,-32,-270,-54,-263,-75,-252,-95,-240,-114,-224,-132,-207,-149,-187,-165,-52,-55,0,-1377]]]
1833332	n	126.2302,33.3168,126.5673,33.5194	[[[1262302,333875,23,-41,136,-190,157,-178,178,-165,173,-132,2704,658,-843,1367,-236,-170,-1020,-244,-468,-135,-127,-228,-272,-58,-297,-431,-108,-53]]]
1832798	n	128.2527,36.4339,128.6266,36.87	[[[1282527,368115,1420,-3425,440,-343,213,-8,274,11,71,8,1321,2479,-2700,1863,-37,-11,-249,-95,-235,-114,-221,-132,-204,-149,-93,-84]]]
6395804	n	125.8909,34.6043,126.2546,35.0561	[[[1258909,347498,17,-132,52,-106,86,-67,117,-11,119,44,87,88,54,118,20,135,56,26,125,-22,137,0,86,94,50,-24,114,-26,47,-18,-4,213,-28,62,-37,29,-48,7,-66,-8,-327,-103,-179,-32,-136,43,-122,-39,-110,-58,-80,-88,-30,-125]],[[1259160,346876,91,-166,44,13,157,-55,144,-70,1,-31,103,-8,69,5,70,42,151,168,42,74,22,78,-13,77,-31,41,-120,89,-85,129,-38,21,-61,-26,-182,-206,-295,-97,-69,-78]],[[1259865,348627,123,2,326,61,85,-26,65,-46,83,-26,144,35,116,83,77,120,31,139,-24,144,-79,113,-111,63,-98,-20,-43,-133,-37,-61,-83,-1,-96,22,-64,3,-137,-103,-180,-236,-98,-70,0,-63]],[[1260187,346172,119,-36,106,-22,-126,228,-84,-88,-15,-82]],[[1260601,346208,51,-136,180,-22,163,-7,-1,12,-123,57,-73,62,-122,81,-75,-47]],[[1260641,348426,70,-104,83,-95,150,-140,-4,-40,22,-59,90,-6,107,49,33,95,-3,112,63,59,98,-4,71,36,24,95,-48,155,134,71,-11,62,-48,57,-49,22,-64,-5,-131,2,-95,-76,19,-118,-26,-60,-93,-2,-95,44,-120,-10,-147,-61,-30,-79]],[[1260696,347697,41,-83,197,-171,92,-138,17,-85,70,-43,75,5,35,14,54,40,107,-1,93,-112,117,-95,127,10,58,96,-4,107,-34,87,-10,66,7,51,-35,54,-67,51,-98,19,-119,7,-88,36,-59,53,-94,35,-126,16,-106,-9,-74,-32,-79,1,-97,21]],[[1260827,350550,225,-50,54,12,22,48,-28,1,-268,-11,-5,0]],[[1260925,347876,123,-60,168,-51,130,-92,117,-54,119,26,60,53,-21,135,34,64,32,26,-24,42,-73,81,-96,35,-75,-51,-146,-52,-249,-34,-99,-68]],[[1261278,350482,43,-11,45,7,28,-13,-72,-46,14,-22,49,2,38,-16,15,-44,48,-4,54,22,41,-23,89,-81,54,-17,50,23,43,32,2,98,-10,51,-25,45,-2,2,-148,31,-266,32,-26,1,-46,-24,-18,-45]],[[1262204,349224,50,-90,122,-3,88,31,38,27,32,103,-2,43,-59,20,-171,0,-78,-35,-20,-96]],[[1262307,348546,61,-66,119,-33,41,5,18,162,-26,-7,-159,-9,-54,-52]]]
1841149	n	128.5891,35.3486,128.9997,35.6586	[[[1285891,353985,370,-230,1539,-269,755,245,1272,1542,170,581,-64,112,-140,190,-161,178,-182,165,-118,87,-2655,-51,-786,-2550]]]
1832501	n	126.3089,35.127,126.7137,35.4759	[[[1263089,352333,285,3,133,17,128,42,-19,-138,51,-80,106,-61,-22,-92,-47,-54,-47,-41,-22,-49,76,-145,328,-313,5,-11,2093,-141,1000,1386,-2557,2103,-153,-290,-172,-292,-73,-237,49,-106,330,-306,24,-74,-89,-4,-177,44,-147,155,-58,50,-220,-274,-87,-154,-34,-156,17,-69,32,-63,16,-66,-34,-75,-65,-58,-65,-41,-58,-53,-49,-90,78,-13,37,-20,31,-22,60,-19,-182,-36,-207,-10,-183,-34,-112,-113]],[[1263390,351455,112,-8,-1,9,-71,114,-40,-115]]]
11762608	n	126.5359,34.5739,126.9735,34.9806	[[[1265359,346195,122,-75,230,-114,242,-95,253,-75,260,-54,266,-32,268,-11,268,11,266,32,189,40,55,43,109,26,29,-19,131,39,242,95,230,114,216,132,199,149,180,165,160,178,138,190,115,201,90,209,65,215,40,219,13,222,-13,222,-33,180,-1549,1123,-1101,281,-1188,-893,43,-81,-3,-103,-44,-61,-53,-49,-36,-66,0,-104,26,-69,13,-66,-39,-96,519,38,227,-34,149,-141,-104,4,-83,-14,-155,-64,71,-127,-234,15,-459,112,-244,-50,-54,-1096,20,-21,217,-130,-74,-75,301,-217,171,-89,210,-29,-209,-45,-288,76,-239,107,-127,61,-9,-183,37,-40,-41,-41,-1,-40]]]
