1526384	r	76.2613,42.8947,77.5587,43.6136	[[[762613,432500,13,-311,42,-310,69,-307,97,-303,123,-298,149,-292,176,-283,200,-275,224,-264,247,-253,269,-241,291,-227,73,-50,33,24,186,60,264,-25,519,-163,262,-34,209,37,384,126,445,-8,191,34,384,152,41,37,12,45,23,37,74,13,182,-28,57,4,78,34,212,184,193,102,199,24,443,4,397,115,195,25,195,-63,1135,-140,341,-93,111,-72,286,-297,150,-88,164,-31,168,-2,177,-1,985,-122,250,53,156,107,291,227,269,241,247,253,224,264,200,275,176,283,149,292,123,298,97,303,69,307,42,310,13,311,-13,311,-42,310,-69,307,-97,303,-123,298,-149,292,-176,283,-200,275,-179,211,-9618,1046,-98,-59,-310,-213,-291,-227,-269,-241,-247,-253,-224,-264,-200,-275,-176,-283,-149,-292,-123,-298,-97,-303,-69,-307,-42,-310,-13,-311]]]
1526273	r	70.5779,50.6296,72.3222,51.7305	[[[705779,511800,18,-360,56,-358,93,-356,130,-351,165,-344,201,-337,236,-329,269,-317,301,-306,333,-293,362,-278,390,-263,417,-246,441,-229,464,-210,484,-190,504,-170,519,-148,535,-127,546,-105,556,-82,563,-58,568,-36,570,-11,570,11,568,36,563,58,556,82,546,105,535,127,519,148,504,170,484,190,464,210,441,229,417,246,390,263,362,278,333,293,301,306,269,317,236,329,201,337,165,344,130,351,93,356,56,358,18,360,-18,360,-56,358,-93,356,-130,351,-165,344,-201,337,-236,329,-269,317,-301,306,-333,293,-362,278,-390,263,-417,246,-441,229,-464,210,-484,190,-504,170,-519,148,-535,127,-546,105,-556,82,-563,58,-568,36,-570,11,-570,-11,-568,-36,-563,-58,-556,-82,-546,-105,-535,-127,-519,-148,-504,-170,-484,-190,-464,-210,-441,-229,-417,-246,-390,-263,-362,-278,-333,-293,-301,-306,-269,-317,-236,-329,-201,-337,-165,-344,-130,-351,-93,-356,-56,-358,-18,-360]]]
1518980	r	68.9593,41.8329,70.2407,42.7871	[[[689593,423100,13,-312,41,-311,69,-308,95,-304,122,-298,147,-293,173,-284,198,-275,221,-265,245,-254,266,-241,286,-228,306,-214,324,-198,341,-182,356,-164,370,-148,382,-128,392,-110,402,-91,408,-71,414,-51,417,-30,419,-11,419,11,417,30,414,51,408,71,402,91,392,110,382,128,370,148,356,164,341,182,324,198,306,214,286,228,266,241,245,254,221,265,198,275,173,284,147,293,122,298,95,304,69,308,41,311,13,312,-13,312,-41,311,-69,308,-95,304,-122,298,-147,293,-173,284,-198,275,-221,265,-245,254,-266,241,-286,228,-306,214,-324,198,-341,182,-356,164,-370,148,-382,128,-392,110,-402,91,-408,71,-414,51,-417,30,-419,11,-419,-11,-417,-30,-414,-51,-408,-71,-402,-91,-392,-110,-382,-128,-370,-148,-356,-164,-341,-182,-324,-198,-306,-214,-286,-228,-266,-241,-245,-254,-221,-265,-198,-275,-173,-284,-147,-293,-122,-298,-95,-304,-69,-308,-41,-311,-13,-312]]]
610611	r	56.2408,49.6565,58.1792,50.9035	[[[562408,502800,21,-408,62,-406,104,-402,144,-398,184,-390,223,-382,262,-372,299,-360,335,-346,369,-332,403,-315,433,-298,463,-279,490,-259,516,-237,538,-216,560,-192,577,-169,594,-143,607,-119,617,-92,626,-67,631,-40,634,-13,634,13,631,40,626,67,617,92,607,119,594,143,577,169,560,192,538,216,516,237,490,259,463,279,433,298,403,315,369,332,335,346,299,360,262,372,223,382,184,390,144,398,104,402,62,406,21,408,-21,408,-62,406,-104,402,-144,398,-184,390,-223,382,-262,372,-299,360,-335,346,-369,332,-403,315,-433,298,-463,279,-490,259,-516,237,-538,216,-560,192,-577,169,-594,143,-208,41,-93,-76,-238,-84,-246,-7,-249,46,-654,236,-184,114,-9,10,-600,38,-634,13,-634,-13,-631,-40,-626,-67,-617,-92,-607,-119,-594,-143,-577,-169,-560,-192,-538,-216,-516,-237,-490,-259,-463,-279,-433,-298,-403,-315,-369,-332,-335,-346,-299,-360,-262,-372,-223,-382,-184,-390,-144,-398,-104,-402,-62,-406,-21,-408]]]
609655	r	72.4211,49.357,73.7817,50.0856	[[[724211,497622,30,-200,73,-286,101,-283,130,-277,157,-271,184,-264,210,-256,236,-246,260,-236,283,-224,305,-211,325,-199,345,-183,363,-169,379,-153,393,-137,406,-120,418,-102,427,-84,434,-66,440,-47,444,-28,446,-10,446,10,444,28,440,47,434,66,427,84,418,102,406,120,393,137,379,153,363,169,345,183,325,199,305,211,283,224,260,236,236,246,210,256,184,264,157,271,130,277,101,283,73,286,43,288,15,290,-15,290,-43,288,-73,286,-101,283,-130,277,-157,271,-184,264,-210,256,-236,246,-260,236,-201,159,-367,-99,-3350,-903,1,3,10,71,-148,15,-39,-24,-56,-18,-67,-5,-169,-137,-793,-225,-63,19,-2,-15,-108,2,-49,-22,-85,-57,-197,-14,-42,-61,-15,11,-83,-56,-45,44,-258,-126,-5525,-1490,-546,-147]]]
1516905	r	70.8589,42.586,71.8811,43.2769	[[[708589,429000,11,-247,33,-245,55,-243,76,-241,97,-236,118,-230,138,-225,157,-218,177,-209,195,-200,212,-191,228,-180,244,-169,259,-156,272,-144,13,-6,396,46,158,119,53,149,-17,395,26,210,85,100,377,93,162,80,124,127,216,292,171,65,222,-52,238,-83,213,-31,178,58,155,113,132,142,106,148,177,118,242,7,483,-121,166,54,105,7,101,-39,395,-248,125,-37,173,24,1099,522,329,79,703,26,347,93,163,25,155,-51,77,-37,3,12,55,243,33,245,11,247,-11,247,-33,245,-55,243,-76,241,-97,236,-118,230,-138,225,-157,218,-177,209,-195,200,-212,191,-228,180,-244,169,-259,156,-272,144,-284,130,-295,116,-304,102,-313,87,-320,72,-326,56,-330,40,-333,24,-334,8,-334,-8,-333,-24,-330,-40,-326,-56,-320,-72,-313,-87,-304,-102,-295,-116,-284,-130,-272,-144,-259,-156,-244,-169,-228,-180,-212,-191,-195,-200,-177,-209,-157,-218,-138,-225,-118,-230,-97,-236,-76,-241,-55,-243,-33,-245,-11,-247]]]
1519922	r	65.0677,44.5343,65.9523,45.1657	[[[650677,448500,9,-206,29,-206,47,-204,66,-201,84,-198,102,-193,119,-188,137,-183,152,-175,169,-168,184,-160,197,-150,212,-142,223,-131,236,-120,245,-109,256,-97,263,-86,271,-72,277,-60,282,-47,286,-34,288,-20,289,-7,289,7,288,20,286,34,282,47,277,60,271,72,263,86,256,97,245,109,236,120,223,131,212,142,197,150,184,160,169,168,152,175,137,183,119,188,102,193,84,198,66,201,47,204,29,206,9,206,-9,206,-29,206,-47,204,-66,201,-84,198,-102,193,-119,188,-137,183,-152,175,-169,168,-184,160,-197,150,-212,142,-223,131,-236,120,-245,109,-256,97,-263,86,-271,72,-277,60,-282,47,-286,34,-288,20,-289,7,-289,-7,-288,-20,-286,-34,-282,-47,-277,-60,-271,-72,-263,-86,-256,-97,-245,-109,-236,-120,-223,-131,-212,-142,-197,-150,-184,-160,-169,-168,-152,-175,-137,-183,-119,-188,-102,-193,-84,-198,-66,-201,-47,-204,-29,-206,-9,-206]]]
608668	r	50.9271,50.9331,51.9329,51.564	[[[509271,512500,11,-207,32,-207,54,-204,74,-202,96,-199,116,-194,136,-189,155,-183,174,-176,191,-168,209,-160,225,-152,240,-142,255,-131,267,-121,280,-109,290,-98,300,-86,308,-73,314,-60,321,-47,325,-34,327,-20,329,-7,329,7,327,20,325,34,321,47,314,60,308,73,300,86,290,98,280,109,267,121,255,131,240,142,225,152,209,160,191,168,174,176,155,183,136,189,116,194,96,199,74,202,54,204,32,207,11,207,-11,207,-32,207,-54,204,-74,202,-96,199,-116,194,-136,189,-155,183,-174,176,-191,168,-209,160,-225,152,-186,109,-227,-116,-510,-193,-459,-29,-230,298,-14,232,-25,145,-105,90,-257,72,-245,-3,-151,-105,-126,-157,-171,-157,-531,-174,-824,-82,-753,45,-312,210,0,3,-92,120,-160,162,-113,148,52,78,975,113,198,65,35,25,-306,-32,-321,-47,-314,-60,-308,-73,-300,-86,-290,-98,-280,-109,-267,-121,-255,-131,-240,-142,-225,-152,-209,-160,-191,-168,-174,-176,-155,-183,-136,-189,-116,-194,-96,-199,-74,-202,-54,-204,-32,-207,-11,-207]]]
1520240	r	76.2073,51.8102,77.7327,52.7498	[[[762073,522800,17,-307,49,-306,81,-303,113,-300,145,-294,176,-288,206,-280,235,-271,264,-261,290,-250,317,-237,341,-225,364,-210,386,-195,406,-179,424,-162,440,-145,454,-127,468,-108,477,-90,486,-69,493,-50,496,-31,499,-10,499,10,496,31,493,50,486,69,477,90,468,108,454,127,440,145,424,162,406,179,386,195,364,210,341,225,317,237,290,250,264,261,235,271,206,280,176,288,145,294,113,300,81,303,49,306,17,307,-17,307,-49,306,-81,303,-113,300,-145,294,-176,288,-206,280,-235,271,-264,261,-290,250,-317,237,-341,225,-364,210,-386,195,-406,179,-424,162,-440,145,-454,127,-468,108,-477,90,-486,69,-493,50,-496,31,-499,10,-499,-10,-496,-31,-493,-50,-486,-69,-477,-90,-468,-108,-454,-127,-440,-145,-424,-162,-406,-179,-386,-195,-364,-210,-341,-225,-317,-237,-290,-250,-264,-261,-235,-271,-206,-280,-176,-288,-145,-294,-113,-300,-81,-303,-49,-306,-17,-307]]]
1520316	r	82.0511,49.6081,83.1689,50.3319	[[[820511,499700,12,-237,36,-235,59,-234,84,-231,106,-226,129,-222,150,-216,173,-209,193,-201,213,-192,232,-183,250,-173,267,-162,283,-150,297,-138,311,-125,322,-112,333,-98,343,-83,349,-69,357,-54,361,-38,363,-23,366,-8,366,8,363,23,361,38,357,54,349,69,343,83,333,98,322,112,311,125,297,138,283,150,267,162,250,173,232,183,213,192,193,201,173,209,150,216,129,222,106,226,84,231,59,234,36,235,12,237,-12,237,-36,235,-59,234,-69,190,-1558,1722,-170,103,-283,150,-297,138,-311,125,-322,112,-333,98,-343,83,-349,69,-357,54,-361,38,-363,23,-366,8,-366,-8,-363,-23,-361,-38,-357,-54,-349,-69,-343,-83,-333,-98,-322,-112,-311,-125,-297,-138,-283,-150,-267,-162,-250,-173,-232,-183,-213,-192,-193,-201,-173,-209,-150,-216,-129,-222,-106,-226,-84,-231,-59,-234,-36,-235,-12,-237]]]
1519422	r	79.6755,50.0515,80.8245,50.7885	[[[796755,504200,12,-241,37,-240,61,-238,86,-235,109,-231,132,-225,156,-220,177,-213,198,-204,219,-196,239,-187,257,-176,274,-165,291,-153,305,-140,320,-127,331,-114,343,-100,351,-85,360,-70,366,-54,371,-40,374,-23,376,-8,376,8,374,23,371,40,366,54,360,70,351,85,343,100,331,114,320,127,305,140,291,153,274,165,257,176,239,187,219,196,198,204,177,213,156,220,132,225,109,231,86,235,61,238,37,240,12,241,-12,241,-37,240,-61,238,-86,235,-109,231,-132,225,-156,220,-177,213,-198,204,-219,196,-239,187,-257,176,-274,165,-291,153,-305,140,-320,127,-331,114,-343,100,-351,85,-360,70,-366,54,-371,40,-374,23,-376,8,-376,-8,-374,-23,-371,-40,-366,-54,-323,-63,170,-176,-310,8,-207,86,-41,-10,-343,-100,-331,-114,-320,-127,-305,-140,-291,-153,-274,-165,-257,-176,-239,-187,-219,-196,-198,-204,-177,-213,-156,-220,-132,-225,-109,-231,-86,-235,-61,-238,-37,-240,-12,-241]]]
610529	r	51.0366,46.8068,52.7234,47.678	[[[510366,471000,14,-296,647,101,392,142,451,222,256,40,410,-179,1282,-193,560,-145,648,-79,246,-83,189,-130,259,-352,203,-175,187,15,101,186,57,219,90,195,195,111,249,-29,138,-153,21,-205,-203,-426,134,-171,385,-211,162,-136,198,-111,212,-66,211,0,436,191,244,74,215,-48,-101,-63,-315,-290,228,-86,330,-58,317,-11,193,58,205,375,178,177,199,-40,36,-108,-80,-90,-109,-76,-57,-67,21,-123,70,-55,103,-44,323,-238,123,-69,55,14,10,-140,34,-74,63,-42,98,-48,247,-83,1263,-59,60,32,-22,112,-54,111,-67,96,-62,64,-86,33,-263,71,-66,32,-22,137,81,82,130,16,332,-165,272,12,950,235,168,100,453,404,38,98,3,253,39,111,95,89,191,21,635,-70,176,-54,345,-266,188,-78,245,-44,797,0,2,4,125,368,90,374,54,376,18,378,-18,378,-54,376,-90,374,-125,368,-160,362,-195,354,-228,345,-260,333,-291,321,-322,308,-350,292,-377,276,-403,259,-427,240,-448,220,-469,200,-487,178,-502,156,-517,134,-528,109,-538,86,-544,62,-549,37,-552,12,-552,-12,-549,-37,-544,-62,-538,-86,-528,-109,-517,-134,-502,-156,-487,-178,-469,-200,-448,-220,-427,-240,-403,-259,-377,-276,-350,-292,-322,-308,-291,-321,-260,-333,-228,-345,-195,-354,-160,-362,-125,-368,-90,-374,-54,-376,-18,-378]]]
1517945	r	67.8261,42.9821,68.69,43.5752	[[[678261,433000,10,-208,28,-207,46,-205,64,-203,83,-199,100,-195,117,-189,134,-183,150,-177,165,-169,180,-161,194,-152,207,-142,220,-132,231,-121,241,-110,250,-98,259,-86,265,-73,272,-61,277,-47,280,-34,282,-20,284,-7,284,7,282,20,280,34,277,47,272,61,265,73,259,86,250,98,241,110,231,121,220,132,207,142,194,152,180,161,165,169,150,177,134,183,117,189,100,195,83,199,64,203,45,200,-3504,1718,-52,-18,-132,67,15,34,-856,419,-75,-113,-43,-147,108,-319,-136,-63,-64,58,-60,-59,-73,30,-46,-64,-48,-32,-37,101,-112,229,15,-1,141,591,-1512,741,-239,-109,-231,-121,-220,-132,-207,-142,-194,-152,-180,-161,-165,-169,-150,-177,-134,-183,-117,-189,-100,-195,-83,-199,-64,-203,-46,-205,-28,-207,-10,-208]]]
1519928	r	63.0591,52.8307,64.2496,53.5896	[[[630591,533821,684,-653,1077,-1028,4014,-3833,246,5,410,24,406,41,402,56,394,72,385,88,376,102,363,117,350,132,335,144,318,158,301,170,282,181,261,192,240,202,217,211,195,219,170,226,145,233,119,237,94,242,67,246,40,247,14,248,-14,248,-40,247,-67,246,-94,242,-119,237,-145,233,-170,226,-195,219,-217,211,-240,202,-261,192,-282,181,-301,170,-318,158,-335,144,-350,132,-363,117,-376,102,-385,88,-394,72,-402,56,-406,41,-410,24,-412,8,-412,-8,-410,-24,-406,-41,-402,-56,-394,-72,-385,-88,-376,-102,-363,-117,-350,-132,-335,-144,-318,-158,-301,-170,-282,-181,-261,-192,-240,-202,-217,-211,-157,-177]]]
1520172	r	68.5555,54.5256,69.7445,55.2144	[[[685555,548700,13,-225,38,-225,63,-222,89,-219,112,-216,137,-211,161,-205,183,-199,206,-191,226,-184,247,-174,266,-164,284,-154,301,-143,316,-132,330,-119,344,-106,354,-93,364,-79,372,-66,379,-51,384,-37,387,-22,389,-7,389,7,387,22,384,37,379,51,372,66,364,79,354,93,344,106,330,119,316,132,301,143,284,154,266,164,247,174,226,184,206,191,183,199,161,205,137,211,112,216,89,219,63,222,38,225,13,225,-13,225,-38,225,-63,222,-89,219,-112,216,-137,211,-161,205,-183,199,-206,191,-226,184,-247,174,-266,164,-284,154,-301,143,-316,132,-330,119,-344,106,-354,93,-364,79,-372,66,-379,51,-384,37,-387,22,-389,7,-389,-7,-387,-22,-384,-37,-379,-51,-372,-66,-364,-79,-354,-93,-344,-106,-330,-119,-316,-132,-301,-143,-284,-154,-266,-164,-247,-174,-226,-184,-206,-191,-183,-199,-161,-205,-137,-211,-112,-216,-89,-219,-63,-222,-38,-225,-13,-225]]]
1518262	r	72.3147,49.7769,73.584,50.4607	[[[723147,500500,13,-269,41,-267,68,-265,94,-262,121,-257,146,-252,172,-245,196,-237,220,-228,242,-218,263,-208,34,-23,5525,1490,258,126,45,-44,83,56,15,-11,42,61,197,14,85,57,49,22,108,-2,2,15,63,-19,793,225,169,137,67,5,56,18,39,24,148,-15,-10,-71,-1,-3,3350,903,0,12,-41,267,-68,265,-94,262,-121,257,-146,252,-172,245,-196,237,-220,228,-242,218,-263,208,-285,196,-303,184,-321,170,-338,157,-353,142,-367,127,-379,111,-389,94,-398,78,-405,61,-410,44,-413,26,-416,9,-416,-9,-413,-26,-410,-44,-405,-61,-398,-78,-389,-94,-379,-111,-367,-127,-353,-142,-338,-157,-321,-170,-303,-184,-285,-196,-263,-208,-242,-218,-220,-228,-196,-237,-172,-245,-146,-252,-121,-257,-94,-262,-68,-265,-41,-267,-13,-269]]]
1522203	r	68.8418,52.95,69.9382,53.61	[[[688418,532800,12,-216,35,-215,59,-213,81,-210,104,-207,127,-202,148,-196,169,-191,189,-183,209,-176,228,-167,245,-157,262,-148,277,-137,292,-126,304,-114,317,-101,326,-90,336,-76,343,-62,350,-49,354,-35,356,-22,359,-7,359,7,356,22,354,35,350,49,343,62,336,76,326,90,317,101,304,114,292,126,277,137,262,148,245,157,228,167,209,176,189,183,169,191,148,196,127,202,104,207,81,210,59,213,35,215,12,216,-12,216,-35,215,-59,213,-81,210,-104,207,-127,202,-148,196,-169,191,-189,183,-209,176,-228,167,-245,157,-262,148,-277,137,-292,126,-304,114,-317,101,-326,90,-336,76,-343,62,-350,49,-354,35,-356,22,-359,7,-359,-7,-356,-22,-354,-35,-350,-49,-343,-62,-336,-76,-326,-90,-317,-101,-304,-114,-292,-126,-277,-137,-262,-148,-245,-157,-228,-167,-209,-176,-189,-183,-169,-191,-148,-196,-127,-202,-104,-207,-81,-210,-59,-213,-35,-215,-12,-216]]]
610612	r	50.9904,43.4111,51.5425,43.9313	[[[509904,438769,7,-98,39,-56,70,-73,66,-86,30,-96,33,-175,82,-175,919,-1402,269,-271,141,-89,74,-21,127,-20,112,18,74,24,17,-8,62,-11,13,21,30,-6,33,-144,79,-168,396,-210,153,-137,24,-88,13,-226,19,-96,46,-92,315,-459,49,-200,-16,-314,168,55,215,84,207,94,198,103,188,113,178,121,167,130,155,137,142,144,128,151,115,157,101,162,86,166,71,170,55,173,40,175,23,177,8,177,-8,177,-23,177,-40,175,-55,173,-71,170,-86,166,-101,162,-115,157,-128,151,-142,144,-155,137,-167,130,-178,121,-188,113,-198,103,-207,94,-215,84,-222,73,-228,62,-234,52,-237,40,-241,29,-242,18,-244,5,-244,-5,-242,-18,-241,-29,-237,-40,-234,-52,-228,-62,-222,-73,-124,-49,-24,-216]]]
1519843	r	62.5375,52.6229,63.6351,53.3171	[[[625375,529700,12,-227,37,-226,61,-224,85,-221,109,-218,132,-212,155,-207,176,-201,198,-192,218,-185,238,-176,256,-165,273,-156,290,-144,304,-132,319,-120,330,-107,341,-94,351,-80,358,-66,365,-51,370,-37,373,-23,374,-7,374,7,373,23,370,37,365,51,358,66,351,80,341,94,330,107,319,120,304,132,290,144,273,156,256,165,238,176,218,185,198,192,176,201,117,156,-5076,4847,-175,3,-374,-7,-373,-23,-370,-37,-365,-51,-358,-66,-351,-80,-341,-94,-330,-107,-319,-120,-304,-132,-290,-144,-273,-156,-256,-165,-238,-176,-218,-185,-198,-192,-176,-201,-155,-207,-132,-212,-109,-218,-85,-221,-61,-224,-37,-226,-12,-227]]]
1524325	r	74.892,51.453,75.748,51.987	[[[748920,517200,9,-175,28,-173,45,-173,64,-170,81,-167,99,-164,115,-159,132,-154,148,-148,163,-142,178,-135,192,-128,204,-119,216,-111,228,-102,238,-92,247,-82,255,-72,262,-62,268,-51,273,-39,276,-29,279,-17,280,-6,280,6,279,17,276,29,273,39,268,51,262,62,255,72,247,82,238,92,228,102,216,111,204,119,192,128,178,135,163,142,148,148,132,154,115,159,99,164,81,167,64,170,45,173,28,173,9,175,-9,175,-28,173,-45,173,-64,170,-81,167,-99,164,-115,159,-132,154,-148,148,-163,142,-178,135,-192,128,-204,119,-216,111,-228,102,-238,92,-247,82,-255,72,-262,62,-268,51,-273,39,-276,29,-279,17,-280,6,-280,-6,-279,-17,-276,-29,-273,-39,-268,-51,-262,-62,-255,-72,-247,-82,-238,-92,-228,-102,-216,-111,-204,-119,-192,-128,-178,-135,-163,-142,-148,-148,-132,-154,-115,-159,-99,-164,-81,-167,-64,-170,-45,-173,-28,-173,-9,-175]]]
1518542	r	77.7958,44.6114,78.9442,45.4287	[[[777958,450200,12,-267,37,-266,61,-264,85,-261,110,-256,132,-250,155,-243,177,-236,199,-227,218,-218,239,-206,257,-196,274,-182,290,-170,306,-156,319,-141,331,-126,343,-110,351,-95,360,-77,366,-61,370,-43,374,-27,376,-8,376,8,374,27,370,43,366,61,360,77,351,95,343,110,331,126,319,141,306,156,290,170,274,182,257,196,239,206,218,218,199,227,177,236,155,243,132,250,110,256,85,261,61,264,37,266,12,267,-12,267,-37,266,-61,264,-85,261,-110,256,-132,250,-155,243,-177,236,-199,227,-218,218,-239,206,-257,196,-274,182,-290,170,-306,156,-319,141,-331,126,-343,110,-351,95,-360,77,-366,61,-370,43,-374,27,-376,8,-376,-8,-374,-27,-370,-43,-366,-61,-360,-77,-351,-95,-343,-110,-331,-126,-319,-141,-306,-156,-290,-170,-274,-182,-257,-196,-239,-206,-218,-218,-199,-227,-177,-236,-155,-243,-132,-250,-110,-256,-85,-261,-61,-264,-37,-266,-12,-267]]]
1516589	r	66.2375,46.4414,69.7038,48.8097	[[[662375,468816,627,-452,952,-604,1008,-559,1061,-514,1108,-466,1151,-416,1188,-365,1221,-311,1249,-256,1270,-200,1288,-144,1298,-86,1304,-29,1304,29,1298,86,1288,144,1270,200,1249,256,1221,311,1188,365,1151,416,1108,466,1061,514,1008,559,952,604,892,644,828,682,760,717,689,750,615,778,538,804,460,826,379,844,296,860,213,871,127,878,43,882,-43,882,-127,878,-213,871,-296,860,-379,844,-460,826,-538,804,-615,778,-689,750,-760,717,-828,682,-892,644,-952,604,-103,57,-2450,-1702,13,21,-104,48,-49,160,-258,58,-83,67,-139,18,-109,-46,-3,-95,-275,-138,-200,28,-23,-42,-126,-17,-81,75,-207,-21,-1543,206,-1654,373,-1074,-258,-1549,216,-1505,-227,-468,2,-314,-78,-58,-128,4,-414,30,-119,305,-591,-518,-256,-425,-595,-21,-70,-293,-128,-72,-138,48,-195,336,-525,247,-514,-1145,-19,-477,-140,-87,-109,-575,-61,-11,-525,74,-132,-217,-153,406,-50,1483,-899,-185,-527,297,16,9,-44,-57,-66,22,-78,-45,-168,-289,12,-143,52,-500,-113,-347,-1,8,-226,94,-490,268,-506,136,-39,-117,-89,-180,-294,-424,-229,-206,-284,-687,-411,71,-134,-267,-67,-5,-69,28,-24,-4379,-3041,-7703,-5348],[676110,479324,134,536,601,-33,116,-204,129,-543,-62,18,-94,-147,64,-18,-46,-74,-182,49,13,50,-216,143,-177,267,-280,-44]]]
607610	r	52.4686,43.0534,53.2514,43.6267	[[[524686,433400,9,-187,25,-187,41,-185,59,-183,74,-179,90,-176,106,-170,121,-166,135,-159,149,-153,163,-145,175,-136,187,-129,197,-119,209,-109,217,-99,226,-88,233,-78,240,-66,245,-54,249,-43,253,-30,255,-19,256,-6,256,6,255,19,253,30,249,43,245,54,240,66,233,78,226,88,217,99,209,109,197,119,187,129,175,136,163,145,149,153,135,159,121,166,106,170,90,176,74,179,59,183,41,185,25,187,9,187,-9,187,-25,187,-41,185,-59,183,-74,179,-90,176,-106,170,-121,166,-135,159,-149,153,-163,145,-175,136,-187,129,-197,119,-209,109,-217,99,-226,88,-233,78,-240,66,-245,54,-249,43,-253,30,-255,19,-256,6,-256,-6,-255,-19,-253,-30,-249,-43,-245,-54,-240,-66,-233,-78,-226,-88,-217,-99,-209,-109,-197,-119,-187,-129,-175,-136,-163,-145,-149,-153,-135,-159,-121,-166,-106,-170,-90,-176,-74,-179,-59,-183,-41,-185,-25,-187,-9,-187]]]
1525798	n	74.6517,46.6139,75.3083,47.0661	[[[746517,468400,16,-222,47,-219,78,-215,109,-209,138,-201,165,-190,192,-178,216,-165,239,-149,259,-132,276,-114,292,-95,303,-75,312,-54,319,-32,322,-11,322,11,319,32,312,54,303,75,292,95,276,114,259,132,239,149,216,165,192,178,165,190,138,201,109,209,78,215,47,219,16,222,-16,222,-47,219,-78,215,-109,209,-138,201,-165,190,-192,178,-216,165,-239,149,-259,132,-276,114,-292,95,-303,75,-312,54,-319,32,-322,11,-322,-11,-319,-32,-312,-54,-303,-75,-292,-95,-276,-114,-259,-132,-239,-149,-216,-165,-192,-178,-165,-190,-138,-201,-109,-209,-78,-215,-47,-219,-16,-222]]]
1519691	n	79.6001,45.1839,80.2399,45.6361	[[[796001,454100,15,-222,46,-219,77,-215,106,-209,134,-201,161,-190,187,-178,211,-165,233,-149,252,-132,269,-114,284,-95,295,-75,305,-54,310,-32,314,-11,314,11,310,32,305,54,295,75,284,95,269,114,252,132,233,149,211,165,187,178,161,190,134,201,106,209,77,215,46,219,15,222,-15,222,-46,219,-77,215,-106,209,-134,201,-161,190,-187,178,-211,165,-233,149,-252,132,-269,114,-284,95,-295,75,-305,54,-310,32,-314,11,-314,-11,-310,-32,-305,-54,-295,-75,-284,-95,-269,-114,-252,-132,-233,-149,-211,-165,-187,-178,-161,-190,-134,-201,-106,-209,-77,-215,-46,-219,-15,-222]]]
1521368	r	62.8595,45.2956,63.7805,45.9443	[[[628595,456200,10,-212,29,-211,50,-210,68,-206,87,-203,107,-199,124,-193,142,-187,159,-180,176,-173,191,-164,206,-155,220,-145,233,-135,245,-123,256,-112,265,-100,275,-88,282,-75,288,-61,294,-48,297,-35,300,-21,301,-7,301,7,300,21,297,35,294,48,288,61,282,75,275,88,265,100,256,112,245,123,233,135,220,145,206,155,191,164,176,173,159,180,142,187,124,193,107,199,87,203,68,206,50,210,29,211,10,212,-10,212,-29,211,-24,101,-26,109,-68,206,-87,203,-107,199,-124,193,-142,187,-159,180,-176,173,-191,164,-206,155,-220,145,-233,135,-245,123,-256,112,-265,100,-275,88,-282,75,-288,61,-294,48,-297,35,-300,21,-301,7,-301,-7,-300,-21,-297,-35,-294,-48,-288,-61,-282,-75,-275,-88,-265,-100,-256,-112,-245,-123,-233,-135,-220,-145,-206,-155,-191,-164,-176,-173,-159,-180,-142,-187,-87,-134,-37,-59,-107,-199,-87,-203,-68,-206,-50,-210,-29,-211,-10,-212]]]
1520692	r	66.6471,47.4164,67.7525,48.5027	[[[666471,479000,20,-394,57,-393,95,-389,133,-384,169,-377,206,-369,241,-359,276,-348,308,-335,341,-321,370,-305,400,-287,426,-270,452,-250,113,-55,4379,3041,-28,24,5,69,267,67,-71,134,687,411,206,284,424,229,180,294,117,89,-136,39,-268,506,-94,490,-8,226,347,1,500,113,143,-52,289,-12,45,168,-22,78,57,66,-9,44,-297,-16,185,527,-1483,899,-406,50,217,153,-74,132,11,525,575,61,87,109,477,140,1145,19,-247,514,-336,525,-48,195,72,138,293,128,21,70,158,222,-296,47,-577,64,-581,39,-584,13,-584,-13,-581,-39,-577,-64,-569,-90,-559,-114,-547,-139,-532,-163,-515,-186,-496,-208,-475,-230,-452,-250,-426,-270,-400,-287,-370,-305,-341,-321,-308,-335,-276,-348,-241,-359,-206,-369,-169,-377,-133,-384,-95,-389,-57,-393,-20,-394]],[[676110,479324,280,44,177,-267,216,-143,-13,-50,182,-49,46,74,-64,18,94,147,62,-18,-129,543,-116,204,-601,33,-134,-536]]]
1522751	r	67.7402,43.0837,69.3098,44.1111	[[[677402,437236,3027,-1484,1512,-741,-141,-591,-15,1,112,-229,37,-101,48,32,46,64,73,-30,60,59,64,-58,136,63,-108,319,43,147,75,113,856,-419,-15,-34,132,-67,52,18,3504,-1718,3558,-1743,268,183,362,282,336,299,309,315,280,328,249,341,219,353,187,362,153,370,121,377,86,381,52,385,17,387,-17,387,-52,385,-86,381,-121,377,-153,370,-187,362,-219,353,-249,341,-280,328,-309,315,-336,299,-362,282,-387,264,-410,246,-430,225,-450,204,-468,183,-482,160,-496,136,-507,112,-516,88,-523,63,-527,38,-530,12,-530,-12,-527,-38,-523,-63,-516,-88,-507,-112,-496,-136,-482,-160,-468,-183,-450,-204,-430,-225,-410,-246,-387,-264,-362,-282,-336,-299,-309,-315,-280,-328,-249,-341,-219,-353,-117,-226]]]
1521370	r	82.5564,49.6155,84.6225,51.0024	[[[825564,507169,4391,-4851,654,-722,4924,-5441,405,8,735,47,729,77,719,108,707,138,691,167,673,196,651,223,627,251,601,276,571,302,539,324,505,346,468,367,430,386,390,403,348,418,305,433,260,444,215,454,123,340,-165,11,-367,-19,-336,54,-311,137,-288,225,-350,175,-355,-138,-365,-190,-374,17,-71,61,-122,168,-77,68,-128,48,-298,56,-118,63,-104,183,-1,211,7,64,220,45,10,42,88,63,-102,49,77,127,-35,100,36,55,-92,123,-184,108,-23,106,60,53,-37,159,-153,221,-102,34,-100,199,-25,136,49,50,237,104,49,179,-22,32,134,114,-55,20,-126,226,-176,35,-163,-21,-205,100,-71,1,30,117,-47,66,-157,39,52,134,-129,189,-65,-10,-64,32,-31,-15,-23,4,-240,213,-131,60,-68,32,-5,22,-74,39,-22,152,-139,36,-130,135,-354,-52,-336,154,-261,315,9,625,-286,203,-392,113,-131,94,-314,349,-178,117,-201,77,-222,37,-456,2,-198,26,-222,96,-579,330,-229,72,-1115,134,-213,80,-150,109,-280,284,-1102,97,-1117,-97,-162,-39,-163,-15,-163,12,-258,62,-101,5,-100,-6,-98,-19,-215,-401,-282,-354,-364,-254,-456,-99,-1318,98,-413,78,-270,-143,-539,-324,-231,-159,-8,-259,-252,-212,-588,-178,-324,-291,-252,-260]]]
609123	n	53.691,46.7239,54.349,47.1761	[[[536910,469500,16,-222,47,-219,79,-215,109,-209,138,-201,166,-190,192,-178,217,-165,239,-149,259,-132,277,-114,292,-95,304,-75,313,-54,320,-32,322,-11,322,11,320,32,313,54,304,75,292,95,277,114,259,132,239,149,217,165,192,178,166,190,138,201,109,209,79,215,47,219,16,222,-16,222,-47,219,-79,215,-109,209,-138,201,-166,190,-192,178,-217,165,-239,149,-259,132,-277,114,-292,95,-304,75,-313,54,-320,32,-322,11,-322,-11,-320,-32,-313,-54,-304,-75,-292,-95,-277,-114,-259,-132,-239,-149,-217,-165,-192,-178,-166,-190,-138,-201,-109,-209,-79,-215,-47,-219,-16,-222]]]
1519948	r	75.3097,43.3766,78.8103,45.0713	[[[753097,438700,38,-831,62,-459,11724,-1274,9618,-1046,12186,-1324,45,73,404,778,332,795,260,810,187,820,112,827,38,831,-7,148,-23183,11865,-1011,-276,-1043,-344,-1010,-391,-973,-439,-931,-485,-885,-527,-836,-568,-783,-607,-727,-643,-667,-675,-605,-706,-540,-733,-472,-758,-404,-778,-332,-795,-260,-810,-187,-820,-112,-827,-38,-831]]]
