276781	n	35.4378,33.5672,35.8664,34.2057	[[[354378,337234,7,-120,-5,-3,1879,-1243,919,-196,159,60,174,78,168,88,161,96,153,105,22,18,-73,303,-1,1,-574,2382,1297,1931,-76,132,-136,190,-158,178,-179,165,-197,149,-213,132,-228,114,-241,95,-250,75,-258,54,-263,32,-173,7,-20,-46,0,-342,32,-141,141,-220,32,-117,-44,-310,-163,-438,2,-245,32,-37,54,-28,46,-48,5,-91,-42,-41,-166,-2,-66,-19,-72,-100,-121,-239,-85,-84,63,-5,14,-15,-3,-41,-52,-82,-91,-190,-4,-9,-64,-67,-145,-43,-94,5,-142,9,-97,-46,-69,0,-61,46,-99,35,-207,-286,26,-95,-2,-73,-17,-415,-40,-198,-115,-236,-280,-569]]]
268743	n	35.4705,33.882,35.5013,33.913	[[[354705,339021,33,-82,62,-96,6,-23,207,286,-15,6,-132,18,-108,-30,-53,-79]]]
266826	r	35.6479,34.1605,36.1653,34.6502	[[[356479,342327,2140,-722,206,16,210,29,207,40,204,52,199,62,54,20,1206,754,76,77,124,144,113,150,100,156,88,161,75,166,62,169,48,172,35,174,20,176,7,177,-7,177,-20,176,-35,174,-48,172,-62,169,-75,166,-88,161,-100,156,-113,150,-124,144,-135,136,-145,129,-89,70,-4,-1,-229,5,-217,52,-174,118,-74,28,-88,20,-127,-4,107,-113,62,-177,28,-211,-8,-470,-56,-141,-103,-88,-161,-97,-535,-421,-664,-144,-44,33,41,-33,-126,-28,-186,41,0,-62,159,-212,-33,-20,8,-38,-7,-29,2,-3,-121,-135,-555,-252,-134,-206,-151,-317,-164,-209,-171,117,-235,-170,-122,-264,-47,-313,-4,-209]]]
268064	r	35.2505,33.3837,35.6259,33.7111	[[[352505,334097,523,-260,209,113,2099,1450,923,468,-1879,1243,-164,-88,-117,-410,-155,-113,62,-69,-375,-853,10,52,-18,-39,7,-15,-5,-13,-8,-46,-5,-7,-13,-34,-2,-58,-6,-18,-100,-261,-261,-230,-520,-334,41,-125,-64,-124,-182,-229]]]
267008	n	35.0996,33.0722,35.4251,33.4097	[[[350996,331013,8,-31,0,-25,15,-12,46,5,-13,-44,0,-16,801,-50,43,15,111,72,65,21,60,-4,141,-30,72,-5,370,103,122,0,51,-20,58,-22,112,-76,99,-102,41,-70,194,98,212,132,195,149,177,165,157,178,118,165,-1223,2228,-523,260,-37,-139,-7,-269,-24,-132,-189,-437,-151,-186,-214,-134,209,-254,-44,-298,-301,-546,-36,64,-33,13,-60,-10,60,-67,-68,-85,-62,-114,-72,-100,-221,-78,-107,-88,-90,-112,-62,-112]]]
280425	p	276781
278913	n	35.3028,33.1539,35.749,33.5868	[[[353028,333837,1223,-2228,13,-24,11,-3,261,-32,264,-11,264,11,77,10,36,169,23,493,78,221,91,136,59,136,67,95,117,11,58,-59,180,-240,128,-78,1,0,2,-1,58,-42,0,2,7,40,0,1,135,117,20,134,110,51,210,21,84,126,380,334,177,40,132,11,129,30,15,51,38,219,13,222,-8,150,1,0,8,150,-13,222,-38,219,-64,215,-89,209,-113,201,-136,190,-157,178,-178,165,-135,103,-308,66,-923,-468,-2099,-1450,-209,-113]]]
274874	p	278913
273140	p	276781
266045	n	35.7367,33.6239,36.1231,34.0761	[[[357367,338803,574,-2382,24,-10,250,-75,257,-54,263,-32,265,-11,265,11,263,32,53,12,-12,5,-221,35,-132,69,38,214,40,34,130,41,48,39,27,96,-29,181,14,84,75,89,183,141,61,113,137,172,331,236,134,213,99,108,161,56,186,41,173,62,207,105,-1649,2278,-54,12,-263,32,-265,11,-265,-11,-65,-8,-1303,-1939]]]
273675	r	36.107,34.0405,36.625,34.5774	[[[361070,342681,2801,-2276,40,42,211,89,114,-8,215,-67,138,6,160,67,37,-9,56,50,83,17,28,41,28,3,27,-8,28,8,28,31,28,58,-9,219,28,73,31,33,27,22,84,34,55,41,28,28,56,89,27,30,28,17,56,20,83,5,56,11,27,20,28,52,28,150,28,20,83,36,28,22,30,72,56,175,28,20,28,0,27,11,28,39,56,-8,102,27,13,9,18,47,-136,114,-111,-11,-97,19,-166,136,-65,144,-47,188,75,130,96,110,21,130,-52,78,-65,13,-73,-5,-72,26,-106,96,-216,252,-50,77,-27,81,9,82,32,52,36,47,27,69,35,164,8,111,-55,87,-159,95,-73,-21,-72,40,-145,148,-170,61,-134,93,-99,130,-64,167,0,1,-138,40,-274,18,-292,-11,-194,-48,-27,-7,-28,-2,-28,2,-27,7,-28,44,-100,155,167,148,274,122,195,127,46,157,-7,79,-298,-25,-309,-42,-305,-60,-49,-12,-1843,-2954]]]
280155	p	268064
277130	r	35.9126,33.8212,36.3871,34.2681	[[[359126,341336,2105,-2908,152,78,66,-32,127,-133,81,-43,209,4,161,81,139,95,152,47,174,-28,514,-210,377,-75,192,26,121,132,-20,205,-172,89,-393,56,-295,191,-63,61,-64,96,-17,36,214,361,137,179,157,161,398,291,293,309,-2801,2276,-165,-103,-1206,-754,-432,-270,-23,-30,-105,-164,-13,-24]]]
