1248991	n	79.8482,6.6941,80.1562,7.0588	[[[798482,68902,13,-75,40,9,313,-185,142,-139,70,-418,1869,-1149,6,-4,113,125,133,178,114,190,95,201,75,209,53,215,33,219,11,222,-11,222,-33,219,-53,215,-10,28,-2,-1,-2,39,-32,219,-54,215,-71,197,-3,-1,-26,104,-75,209,-95,201,-114,190,-23,32,-3,-2,-1955,-961,-300,-50,-197,98,-10,-23,-11,-29,0,-719]]]
1234569	n	79.8495,6.8035,79.9061,6.8836	[[[798495,68827,135,-755,15,-37,415,59,-70,418,-142,139,-313,185,-40,-9]]]
1236854	p	1248991
1242833	n	79.8407,9.5106,80.2,9.8229	[[[798407,96994,242,-479,155,-229,154,-111,1,0,126,15,180,105,71,-17,100,-63,142,-43,132,1,69,70,-34,72,-11,23,-129,73,-155,65,-114,71,-24,63,-15,150,-33,29,-193,-10,-43,10,-35,41,-46,52,-34,79,-9,22,-1,7,-15,109,-4,137,27,136,39,118,-9,84,-2,0,-116,35,-218,-46,-62,-178,-26,-220,-110,-171]],[[799097,97683,66,-115,102,-133,39,-50,66,-111,39,-131,20,-115,41,-96,110,-75,12,71,81,-32,86,-55,23,-14,228,-80,383,-299,481,-264,239,-99,243,-47,-109,122,-197,169,-109,119,-1,0,215,-91,373,-322,192,-99,67,-56,73,-39,76,23,64,128,-64,99,-107,81,-69,71,-24,244,83,-1,-1637,1717,-297,26,-178,-78,-394,-361,-216,-107]],[[800530,95964,149,-184,740,-430,194,-144,102,-100,146,160,123,164,-224,56,-603,346,-305,122,-322,10]]]
1234633	n	79.8645,6.5589,80.0929,6.8094	[[[798645,68035,842,-2149,117,-297,61,22,201,95,190,114,179,132,164,149,149,165,132,178,115,190,94,201,40,110,-1869,1149,-415,-59]]]
1233369	n	79.8062,7.1409,80.006,7.4361	[[[798062,74333,276,-2005,-20,-71,-38,-74,-17,-79,36,-72,7,-14,58,-39,132,-28,47,-33,44,-95,1473,1811,-59,65,-165,149,-178,132,-191,114,-201,95,-209,75,-215,54,-220,32,-222,11,-222,-11,-116,-17]],[[798137,71807,113,-398,116,141,-28,95,-47,87,-54,75,-37,96,3,152,-66,-248]]]
1230089	p	1248991
1238992	p	1248991
1241622	n	80.4061,7.0639,80.8564,7.5161	[[[804061,72585,18,-126,54,-215,75,-209,95,-201,114,-190,133,-178,149,-165,165,-149,178,-132,191,-114,201,-95,209,-75,215,-54,220,-32,222,-11,222,11,220,32,215,54,209,75,201,95,191,114,178,132,165,149,149,165,133,178,114,190,95,201,75,209,54,215,32,219,11,222,-11,222,-32,219,-54,215,-75,209,-95,201,-114,190,-133,178,-149,165,-165,149,-178,132,-191,114,-201,95,-209,75,-215,54,-220,32,-222,11,-222,-11,-126,-19,-1891,-2546]]]
1226260	n	81.0029,8.3539,81.3819,8.7845	[[[810029,85800,11,-222,32,-219,55,-215,75,-209,95,-201,115,-190,132,-178,150,-165,165,-149,179,-132,191,-114,202,-95,210,-75,216,-54,220,-32,223,-11,223,11,220,32,216,54,210,75,202,95,154,92,-11,76,4,73,117,-56,6,-13,100,74,78,71,-91,298,-71,401,-83,136,-110,118,-122,69,0,1,-111,7,-104,-31,-263,-120,102,-234,-155,-98,-460,-9,-220,63,-156,151,-129,181,-143,151,-209,-171,-154,-23,-46,90,129,173,167,70,175,-40,174,-106,109,-85,58,-44,74,154,-39,102,-71,94,-26,134,79,172,110,-18,67,-130,-51,-161,249,40,-32,243,-217,467,0,1,-38,-20,-19,-10,-74,-19,-73,-18,-1,-1,95,109,104,48,73,72,1,181,-93,149,-278,301,29,96,-97,53,-55,12,-33,-37,-25,-96,-141,523,-122,260,-164,73,-109,-51,-191,-114,-179,-132,-165,-149,-150,-165,-132,-178,-115,-190,-95,-201,-75,-209,-55,-215,-32,-219,-11,-222]]]
1242110	n	81.6035,7.1839,81.8807,7.5827	[[[816035,74100,11,-222,33,-219,54,-215,75,-209,95,-201,114,-190,132,-178,150,-165,164,-149,179,-132,190,-114,201,-95,210,-75,215,-54,220,-32,222,-11,222,11,220,32,37,10,28,1379,-250,851,-154,243,-22,212,-31,79,-90,86,-55,23,-18,-31,22,-63,6,-16,0,-68,-62,-84,-43,-118,-24,-138,-8,-140,0,-4,-70,0,2,149,-76,403,-1,1,-62,0,-80,-103,-81,17,-10,38,-9,38,107,78,-73,64,-30,57,-2,7,-17,50,-49,64,-51,88,43,61,72,55,39,69,-12,39,-47,97,-2,4,-8,28,56,247,-1511,-694,-73,-204,-54,-215,-33,-219,-11,-222]],[[817860,75067,7,-49,7,-50,20,-21,43,-45,141,-110,148,122,7,199,0,1,-139,713,-194,-89,3,-21,-42,-629,-1,-21]]]
1246294	n	80.1058,5.9708,80.4154,6.2661	[[[801058,61250,794,-838,187,-150,73,74,2,0,96,-47,48,-23,218,-174,124,-26,175,-36,427,-153,71,-24,0,-1,8,-5,31,-19,64,-90,16,-14,18,-15,52,-1,39,27,37,33,46,16,44,-12,526,1660,-62,134,-114,190,-132,178,-149,165,-164,149,-178,132,-190,114,-201,95,-202,72,-1704,-1411]]]
1229989	n	80.2,9.6004,80.3811,9.8296	[[[802000,96405,46,-26,514,-223,109,-48,1,0,162,-104,130,32,210,75,202,95,77,45,-65,41,-883,951,-280,302,-33,19,-77,45,-1,0,-34,-5,-49,-7,-29,-9,0,-1183]],[[802000,97771,112,-26,366,-194,720,-823,439,-356,109,80,65,59,-1021,1187,-92,137,-92,327,-138,97,-200,37,-268,-13,0,-512]]]
1250161	n	81.4633,7.4954,81.8094,7.908	[[[814634,77100,11,-222,32,-219,54,-215,75,-209,95,-201,115,-190,132,-178,150,-165,164,-149,179,-132,191,-114,201,-95,160,-57,13,6,1511,694,1,6,12,20,-184,466,-56,79,-232,171,-118,41,38,-136,-62,-76,-48,95,-17,69,13,57,51,59,1,0,-109,181,-104,119,-133,123,-133,123,16,108,-25,30,-38,44,-108,54,-118,44,-75,-102,-99,-37,-116,17,-119,54,70,221,105,106,118,10,17,2,1,0,166,-61,129,-110,246,-310,102,-70,1,1,221,66,-24,193,-139,219,-431,448,-25,39,-79,129,-69,209,-68,0,-212,-38,-2,0,-143,163,-63,73,-117,341,29,109,21,77,-168,-100,-179,-132,-164,-149,-150,-165,-132,-178,-115,-190,-95,-201,-75,-209,-54,-215,-32,-219,-11,-222]],[[817251,76989,33,-98,48,-100,39,-81,17,-105,334,-489,42,-89,110,-92,26,-197,194,89,-31,159,-112,177,-243,384,-93,248,-22,58,-90,133,-123,289,-129,124,0,-1,49,-116,-13,-97,-31,-92,-5,-104]]]
1240935	n	79.825,7.0687,80.1163,7.3637	[[[798250,71409,166,-585,2505,-137,70,148,75,209,54,215,33,219,10,222,-10,222,-33,219,-54,215,-75,209,-95,201,-114,190,-132,178,-149,165,-165,149,-178,132,-95,57,-1476,-1814,7,-15,22,-134,0,-2,2,-306,-5,6,-1,0,-25,-7,-29,-40,-15,-95,-61,0,-48,80,-68,240,-116,-141]]]
1251568	n	80.8347,6.0622,81.2388,6.3461	[[[808347,62492,459,-1869,221,85,553,100,505,172,1041,223,217,95,217,131,117,51,87,24,55,63,19,169,39,80,60,16,16,4,2,1,71,-57,1,-8,17,-145,344,122,-27,107,-74,209,-95,201,-114,190,-132,178,-149,165,-164,149,-178,132,-190,114,-201,95,-208,75,-215,54,-220,32,-221,11,-221,-11,-220,-32,-215,-54,-208,-75,-201,-95,-190,-114,-178,-132,-164,-149,-149,-165,-107,-142]]]
1225142	n	80.0181,9.6405,80.2,9.8283	[[[800182,98203,1637,-1717,41,-1,140,-80,0,1183,-4,-1,-84,-25,-108,-4,-44,88,-51,27,-239,61,-83,12,-86,27,-29,73,10,210,-59,133,-149,17,-407,-45,-485,42]],[[801367,98139,20,-152,151,-107,462,-109,0,512,-146,-8,-208,-34,-69,-12,-210,-90]]]
1235846	n	80.3627,5.9237,80.6522,6.1761	[[[803628,59772,34,-9,43,-47,33,-47,48,-22,64,-9,270,-39,151,12,169,98,32,-48,42,-63,54,-109,84,-82,165,-33,579,69,70,-21,101,-30,175,-91,166,-64,70,16,70,16,244,182,137,78,93,35,-1114,2192,-108,5,-221,-11,-220,-32,-214,-54,-209,-75,-200,-95,-76,-45,-532,-1677]]]
1250164	p	1248991
1248749	n	80.4233,7.6339,80.8767,8.0861	[[[804233,78600,11,-222,32,-219,55,-215,74,-209,96,-201,114,-190,133,-178,149,-165,165,-149,178,-132,191,-114,201,-95,210,-75,216,-54,220,-32,222,-11,222,11,220,32,216,54,210,75,201,95,191,114,178,132,165,149,149,165,133,178,114,190,96,201,74,209,55,215,32,219,11,222,-11,222,-32,219,-55,215,-74,209,-96,201,-114,190,-133,178,-149,165,-165,149,-178,132,-191,114,-201,95,-210,75,-216,54,-220,32,-222,11,-222,-11,-220,-32,-216,-54,-210,-75,-201,-95,-191,-114,-178,-132,-165,-149,-149,-165,-133,-178,-114,-190,-96,-201,-74,-209,-55,-215,-32,-219,-11,-222]]]
1239593	p	1248991
1239047	p	1248991
1251081	n	80.183,8.0839,80.637,8.5361	[[[801830,83100,11,-222,33,-219,54,-215,75,-209,95,-201,115,-190,133,-178,149,-165,165,-149,179,-132,191,-114,201,-95,210,-75,216,-54,221,-32,222,-11,222,11,221,32,216,54,210,75,201,95,191,114,179,132,165,149,149,165,133,178,115,190,95,201,75,209,54,215,33,219,11,222,-11,222,-33,219,-54,215,-75,209,-95,201,-115,190,-133,178,-149,165,-165,149,-179,132,-191,114,-201,95,-169,60,-497,101,-1,0,-8,2,-194,9,-222,-11,-221,-32,-216,-54,-210,-75,-201,-95,-191,-114,-179,-132,-165,-149,-149,-165,-133,-178,-115,-190,-95,-201,-75,-209,-54,-215,-33,-219,-11,-222]]]
1225018	n	80.2728,8.5239,80.7272,8.9761	[[[802728,87500,11,-222,32,-219,55,-215,75,-209,95,-201,115,-190,133,-178,149,-165,166,-149,179,-132,191,-114,201,-95,173,-61,503,-102,194,-9,223,11,220,32,217,54,210,75,201,95,191,114,179,132,166,149,149,165,133,178,115,190,95,201,75,209,55,215,32,219,11,222,-11,222,-32,219,-55,215,-75,209,-95,201,-115,190,-133,178,-149,165,-166,149,-179,132,-191,114,-201,95,-210,75,-217,54,-220,32,-223,11,-223,-11,-220,-32,-217,-54,-210,-75,-201,-95,-191,-114,-179,-132,-166,-149,-149,-165,-133,-178,-115,-190,-95,-201,-75,-209,-55,-215,-32,-219,-11,-222]]]
1250066	n	80.5415,5.9564,80.8806,6.2761	[[[805415,61744,1107,-2180,41,15,171,25,0,-1,410,-24,177,205,385,283,385,284,94,37,167,64,271,-53,152,212,31,12,-462,1881,-180,85,-208,75,-215,54,-220,32,-221,11,-221,-11,-220,-32,-215,-54,-208,-75,-201,-95,-190,-114,-178,-132,-164,-149,-149,-165,-132,-178,-7,-12]]]
1244397	n	79.8416,6.9575,80.0955,7.0824	[[[798416,70824,200,-705,0,-2,2,-116,-26,-114,-89,-214,197,-98,300,50,1955,961,-37,101,-2502,137]]]
1251574	n	79.9788,6.125,80.2745,6.4661	[[[799788,64544,33,-134,116,-469,184,-328,84,-467,83,-172,17,-50,0,-1,-2,-83,-3,-83,0,-1,20,-93,461,-970,91,-117,34,-45,25,-44,-3,-85,12,-41,23,-28,7,-9,1,0,67,-53,20,-21,1687,1397,-29,194,-54,215,-75,209,-95,201,-114,190,-132,178,-149,165,-164,149,-178,132,-190,114,-200,95,-209,75,-215,54,-220,32,-221,11,-221,-11,-220,-32,-215,-54,-56,-20]]]
1228730	n	80.1739,6.4639,80.6261,6.9161	[[[801739,66900,11,-222,32,-219,54,-215,75,-209,95,-201,114,-190,132,-178,149,-165,165,-149,178,-132,190,-114,201,-95,209,-75,215,-54,219,-32,222,-11,222,11,219,32,215,54,209,75,201,95,190,114,178,132,165,149,149,165,132,178,114,190,95,201,75,209,54,215,32,219,11,222,-11,222,-32,219,-54,215,-75,209,-95,201,-114,190,-132,178,-149,165,-165,149,-178,132,-190,114,-201,95,-209,75,-215,54,-219,32,-222,11,-222,-11,-219,-32,-215,-54,-209,-75,-201,-95,-190,-114,-178,-132,-165,-149,-149,-165,-132,-178,-114,-190,-95,-201,-75,-209,-54,-215,-32,-219,-11,-222]]]
1250615	n	80.8336,6.7539,81.2863,7.2061	[[[808337,69800,11,-222,33,-219,54,-215,75,-209,95,-201,114,-190,132,-178,149,-165,165,-149,178,-132,190,-114,201,-95,209,-75,216,-54,219,-32,222,-11,222,11,219,32,216,54,209,75,201,95,190,114,178,132,165,149,149,165,132,178,114,190,95,201,75,209,54,215,33,219,11,222,-11,222,-33,219,-54,215,-75,209,-95,201,-114,190,-132,178,-149,165,-165,149,-178,132,-190,114,-201,95,-209,75,-216,54,-219,32,-222,11,-222,-11,-219,-32,-216,-54,-209,-75,-201,-95,-190,-114,-178,-132,-165,-149,-149,-165,-132,-178,-114,-190,-95,-201,-75,-209,-54,-215,-33,-219,-11,-222]]]
1237980	n	80.1435,7.2539,80.594,7.7061	[[[801435,74800,11,-222,32,-219,54,-215,75,-209,95,-201,115,-190,132,-178,149,-165,165,-149,179,-132,190,-114,201,-95,209,-75,216,-54,220,-32,222,-11,222,11,126,19,1892,2547,-18,125,-54,215,-75,209,-95,201,-115,190,-132,178,-149,165,-165,149,-179,132,-190,114,-201,95,-209,75,-216,54,-220,32,-222,11,-222,-11,-220,-32,-216,-54,-209,-75,-201,-95,-190,-114,-179,-132,-165,-149,-149,-165,-132,-178,-115,-190,-95,-201,-75,-209,-54,-215,-32,-219,-11,-222]]]
