2210247	n	13.0942,32.7824,13.2727,32.9186	[[[130942,328740,406,-715,331,-169,932,-32,116,1339,-156,23,-693,-24,-231,-35,-170,-87,-322,-219,-213,-81]]]
88319	n	19.9401,31.8939,20.3352,32.3052	[[[199401,319578,16,-109,41,-109,22,-100,-21,-58,226,-91,245,-75,253,-54,257,-32,260,-11,260,11,257,32,253,54,245,75,235,95,223,114,209,132,193,149,175,165,155,178,134,190,111,201,87,209,64,215,38,219,13,222,-13,222,-38,219,-64,215,-87,209,-111,201,-134,190,-155,178,-175,165,-193,149,-165,104,-1502,-1288,-235,-303,-908,-1634,-126,-152,-45,-97]]]
2214846	n	14.8241,32.1539,15.3073,32.4467	[[[148241,323800,13,-222,38,-219,63,-215,88,-209,112,-201,134,-190,155,-178,176,-165,193,-149,210,-132,223,-114,236,-95,246,-75,253,-54,258,-32,261,-11,261,11,258,32,253,54,246,75,236,95,223,114,210,132,193,149,176,165,117,134,-65,108,-86,201,-91,364,-134,115,-365,183,-372,427,-140,57,-220,32,-452,141,-2037,311,-751,28,-5,-11,-31,-107,-49,-202,-21,-125,-13,-222]]]
2208485	n	14.3087,32.2438,14.8347,32.5582	[[[143087,324273,2,-14,64,-215,88,-209,111,-201,135,-190,155,-178,176,-165,193,-149,210,-132,224,-114,236,-95,246,-75,254,-54,258,-32,261,-11,261,11,258,32,254,54,246,75,236,95,224,114,210,132,193,149,176,165,155,178,135,190,111,201,88,209,18,61,9,41,1,1,5,21,54,225,13,74,-1079,41,-201,55,-438,205,-153,115,-160,74,-1621,233,-201,64,-359,328,-1048,-1309]]]
2219905	n	14.1001,32.4239,14.4135,32.7288	[[[141001,327287,1333,-3037,5,0,261,-11,261,11,230,29,1044,1303,-94,86,-870,636,-546,299,-362,306,-170,63,-59,31,-181,142,-98,32,-754,110]]]
2218970	n	12.65,32.5339,12.8961,32.8151	[[[126500,325444,25,-8,254,-54,259,-32,262,-11,245,10,1317,1204,99,607,-283,991,-434,-108,-946,-57,-216,19,-582,-2529,0,-32]]]
2216885	p	2218970
2216349	n	12.8678,32.716,13.1348,32.874	[[[128678,328151,283,-991,2387,865,-406,715,-197,-76,-2067,-513]]]
2212775	n	14.3194,26.8139,14.6821,27.2538	[[[143194,268371,141,-60,233,-75,240,-54,245,-32,247,-11,247,11,245,32,240,54,233,75,224,95,212,114,199,132,183,149,166,165,147,178,128,190,105,201,84,209,60,215,36,219,12,222,-12,222,-36,219,-60,215,-84,209,-105,201,-128,190,-147,178,-166,165,-183,149,-199,132,-212,114,-224,95,-154,49,-1917,-4167]]]
81302	n	23.6849,31.8639,24.1963,32.1762	[[[236849,320900,13,-222,38,-219,63,-215,88,-209,111,-201,134,-190,155,-178,175,-165,192,-149,209,-132,223,-114,236,-95,245,-75,252,-54,257,-32,260,-11,260,11,257,32,252,54,245,75,236,95,223,114,209,132,192,149,175,165,155,178,134,190,111,201,14,33,-1056,-10,-228,54,-630,417,-261,93,-81,44,46,76,234,197,-1584,552,-1353,271,-87,-206,-63,-215,-38,-219,-13,-222]]]
89113	n	19.9686,30.5239,20.4913,30.9761	[[[199687,307500,12,-222,38,-219,62,-215,87,-209,109,-201,132,-190,153,-178,172,-165,190,-149,206,-132,220,-114,232,-95,241,-75,249,-54,254,-32,256,-11,256,11,254,32,249,54,241,75,232,95,220,114,206,132,190,149,172,165,153,178,132,190,109,201,87,209,62,215,38,219,12,222,-12,222,-38,219,-62,215,-87,209,-109,201,-132,190,-153,178,-172,165,-190,149,-206,132,-220,114,-232,95,-241,75,-249,54,-254,32,-256,11,-256,-11,-254,-32,-249,-54,-241,-75,-232,-95,-11,-6,-58,-138,-634,-1159,-178,-153,-365,-252,-128,-153,-7,-133]]]
2219701	n	12.1553,32.5339,12.475,32.8667	[[[121553,326382,27,-38,156,-178,176,-165,194,-149,210,-132,225,-114,237,-95,247,-75,254,-54,259,-32,262,-11,262,11,259,32,254,54,175,53,0,1198,-594,1580,-673,60,-444,104,-569,236,-60,-77,-857,-2208]]]
89055	n	21.4829,32.5339,22.0171,32.9504	[[[214829,327600,13,-222,39,-219,63,-215,89,-209,112,-201,135,-190,156,-178,176,-165,194,-149,210,-132,225,-114,237,-95,247,-75,254,-54,259,-32,262,-11,262,11,259,32,254,54,247,75,237,95,225,114,210,132,194,149,176,165,156,178,135,190,112,201,89,209,63,215,39,219,13,222,-13,222,-39,219,-63,215,-89,209,-112,201,-135,190,-156,178,-68,64,-721,-66,-414,34,-487,94,-437,149,-274,195,-446,-105,-485,-31,-145,-61,-1021,-783,-33,-59,-89,-209,-63,-215,-39,-219,-13,-222]]]
2219960	n	14.1478,26.8362,14.5106,27.2761	[[[141478,270500,13,-222,36,-219,60,-215,83,-209,106,-201,127,-190,148,-178,166,-165,183,-149,199,-132,212,-114,224,-95,154,-49,1917,4167,-141,60,-233,75,-240,54,-245,32,-247,11,-247,-11,-245,-32,-240,-54,-233,-75,-224,-95,-212,-114,-199,-132,-183,-149,-166,-165,-148,-178,-127,-190,-106,-201,-83,-209,-60,-215,-36,-219,-13,-222]]]
2210554	n	16.3274,30.9839,16.852,31.2317	[[[163274,312100,13,-222,38,-219,62,-215,87,-209,110,-201,133,-190,153,-178,173,-165,191,-149,207,-132,221,-114,233,-95,243,-75,250,-54,255,-32,257,-11,257,11,255,32,250,54,243,75,233,95,221,114,207,132,191,149,173,165,153,178,133,190,110,201,87,209,62,215,38,219,7,125,-1240,235,-3693,33,-300,46,-13,-217]]]
87205	n	22.3729,32.5439,22.8891,32.86	[[[223729,327700,13,-222,38,-219,64,-215,88,-209,113,-201,134,-190,156,-178,176,-165,195,-149,210,-132,225,-114,237,-95,247,-75,254,-54,259,-32,262,-11,262,11,259,32,254,54,247,75,237,95,225,114,210,132,195,149,176,165,156,178,134,190,113,201,23,56,-46,7,-178,44,-542,303,-2336,601,-467,29,-184,35,-170,63,-195,98,-821,529,-20,-35,-88,-209,-64,-215,-38,-219,-13,-222]]]
2219936	n	11.7927,32.6239,12.241,32.9365	[[[117927,328500,13,-222,38,-219,64,-215,88,-209,112,-201,135,-190,157,-178,176,-165,194,-149,211,-132,225,-114,237,-95,247,-75,254,-54,260,-32,262,-11,262,11,260,32,254,54,180,55,854,2199,-4280,775,-88,-209,-64,-215,-38,-219,-13,-222]]]
2213618	n	13.0837,32.4692,13.4461,32.7856	[[[130837,326176,1920,-1484,64,19,237,95,224,114,211,132,194,149,176,165,94,107,210,286,98,176,88,209,64,215,38,219,6,106,-1850,1140,-932,32,-842,-1680]]]
2210394	n	13.2611,32.6689,13.5986,32.9163	[[[132611,327824,1841,-1134,71,21,238,95,225,114,210,132,195,149,176,165,156,178,135,190,113,201,15,37,-271,56,-1980,892,-104,76,-114,46,-790,121,-116,-1339]]]
88903	n	20.5638,32.2639,21.0962,32.7066	[[[205638,324900,12,-222,39,-219,63,-215,88,-209,112,-201,134,-190,156,-178,175,-165,194,-149,210,-132,224,-114,236,-95,246,-75,254,-54,258,-32,261,-11,261,11,258,32,254,54,246,75,236,95,224,114,210,132,194,149,175,165,156,178,134,190,112,201,88,209,63,215,39,219,12,222,-12,222,-39,219,-63,215,-88,209,-112,201,-134,190,-156,178,-175,165,-194,149,-210,132,-224,114,-236,95,-246,75,-9,2,-1098,-636,-2180,-794,-34,-80,-63,-215,-39,-219,-12,-222]]]
2212771	n	12.4156,32.6687,12.5505,32.8267	[[[124156,328267,594,-1580,755,1459,-1349,121]]]
2219994	n	12.6138,32.5476,12.7082,32.8089	[[[126139,328089,361,-2613,582,2529,-943,84]]]
2210560	n	12.475,32.5339,12.65,32.8146	[[[124750,325489,175,-53,254,-54,259,-32,262,-11,262,11,259,32,254,54,25,8,0,32,-361,2613,-634,57,-755,-1459,0,-1198]]]
12687313	n	13.7796,32.3539,14.2335,32.7751	[[[137796,326275,1104,-2343,19,-12,225,-114,236,-95,246,-75,254,-54,259,-32,261,-11,261,11,259,32,254,54,246,75,236,95,225,114,210,132,194,149,50,47,-1,2,-1333,3037,-1089,159,-759,282,-94,23,-140,-71,-210,-132,-194,-149,-175,-165,-156,-178,-134,-190,-112,-201,-88,-209,-54,-181]]]
2219356	n	12.8862,32.6176,13.1679,32.8025	[[[128862,326553,1975,-377,842,1680,-331,169,-2387,-865,-99,-607]]]
2210221	n	13.3639,32.2139,13.8901,32.6661	[[[133639,324400,13,-222,38,-219,64,-215,88,-209,111,-201,134,-190,156,-178,175,-165,194,-149,210,-132,224,-114,236,-95,246,-75,253,-54,258,-32,261,-11,261,11,258,32,253,54,246,75,236,95,224,114,210,132,194,149,175,165,156,178,134,190,111,201,88,209,55,186,-1,2,-1100,2334,-22,14,-224,114,-236,95,-246,75,-253,54,-258,32,-261,11,-261,-11,-258,-32,-253,-54,-246,-75,-236,-95,-224,-114,-210,-132,-194,-149,-175,-165,-131,-150,-42,-58,-76,-103,-41,-57,-111,-201,-88,-209,-64,-215,-38,-219,-13,-222]]]
2220139	n	12.7536,32.35,13.2762,32.6553	[[[127536,325300,13,-222,38,-219,64,-215,88,-209,112,-201,134,-190,156,-178,175,-165,194,-149,83,-52,3214,0,83,52,194,149,175,165,156,178,134,190,112,201,88,209,13,44,-1925,1488,-1975,377,-1323,-1210,-3,-43]]]
2217362	n	12.7547,31.9439,13.2853,32.35	[[[127547,321700,13,-222,38,-219,63,-215,88,-209,111,-201,134,-190,155,-178,175,-165,193,-149,209,-132,223,-114,236,-95,245,-75,252,-54,258,-32,260,-11,260,11,258,32,252,54,245,75,236,95,223,114,209,132,193,149,175,165,155,178,134,190,111,201,88,209,63,215,38,219,13,222,-13,222,-38,219,-63,215,-88,209,-111,201,-134,190,-155,178,-175,165,-193,149,-83,52,-3200,0,-83,-52,-193,-149,-175,-165,-155,-178,-134,-190,-111,-201,-88,-209,-63,-215,-38,-219,-13,-222]]]
2208425	n	11.8128,32.859,12.247,33.0704	[[[118128,329366,4282,-776,60,77,-221,92,-642,358,-383,96,-417,365,-2103,1125,-129,-147,-135,-190,-112,-201,-88,-209,-64,-215,-39,-219,-9,-156]]]
2219235	n	12.5289,26.3639,13.0311,26.8161	[[[125289,265900,12,-222,36,-219,60,-215,83,-209,105,-201,127,-190,147,-178,165,-165,183,-149,198,-132,211,-114,223,-95,232,-75,239,-54,244,-32,246,-11,246,11,244,32,239,54,232,75,223,95,211,114,198,132,183,149,165,165,147,178,127,190,105,201,83,209,60,215,36,219,12,222,-12,222,-36,219,-60,215,-83,209,-105,201,-127,190,-147,178,-165,165,-183,149,-198,132,-211,114,-223,95,-232,75,-239,54,-244,32,-246,11,-246,-11,-244,-32,-239,-54,-232,-75,-223,-95,-211,-114,-198,-132,-183,-149,-165,-165,-147,-178,-127,-190,-105,-201,-83,-209,-60,-215,-36,-219,-12,-222]]]
2214603	n	13.6703,25.6939,14.1697,26.1461	[[[136703,259200,12,-222,36,-219,60,-215,82,-209,105,-201,126,-190,146,-178,164,-165,182,-149,197,-132,210,-114,221,-95,231,-75,238,-54,242,-32,245,-11,245,11,242,32,238,54,231,75,221,95,210,114,197,132,182,149,164,165,146,178,126,190,105,201,82,209,60,215,36,219,12,222,-12,222,-36,219,-60,215,-82,209,-105,201,-126,190,-146,178,-164,165,-182,149,-197,132,-210,114,-221,95,-231,75,-238,54,-242,32,-245,11,-245,-11,-242,-32,-238,-54,-231,-75,-221,-95,-210,-114,-197,-132,-182,-149,-164,-165,-146,-178,-126,-190,-105,-201,-82,-209,-60,-215,-36,-219,-12,-222]]]
2214433	n	10.7156,31.6439,11.2444,32.0961	[[[107156,318700,12,-222,38,-219,63,-215,88,-209,111,-201,133,-190,155,-178,174,-165,192,-149,209,-132,222,-114,235,-95,244,-75,252,-54,257,-32,259,-11,259,11,257,32,252,54,244,75,235,95,222,114,209,132,192,149,174,165,155,178,133,190,111,201,88,209,63,215,38,219,12,222,-12,222,-38,219,-63,215,-88,209,-111,201,-133,190,-155,178,-174,165,-192,149,-209,132,-222,114,-235,95,-244,75,-252,54,-257,32,-259,11,-259,-11,-257,-32,-252,-54,-244,-75,-235,-95,-106,-55,-496,-658,-186,-84,-173,-52,-62,9,-62,-88,-111,-201,-88,-209,-63,-215,-38,-219,-12,-222]]]
2216645	n	15.6929,28.9039,16.2071,29.3561	[[[156929,291300,12,-222,37,-219,62,-215,85,-209,108,-201,129,-190,151,-178,169,-165,187,-149,203,-132,216,-114,228,-95,238,-75,244,-54,250,-32,252,-11,252,11,250,32,244,54,238,75,228,95,216,114,203,132,187,149,169,165,151,178,129,190,108,201,85,209,62,215,37,219,12,222,-12,222,-37,219,-62,215,-85,209,-108,201,-129,190,-151,178,-169,165,-187,149,-203,132,-216,114,-228,95,-238,75,-244,54,-250,32,-252,11,-252,-11,-250,-32,-244,-54,-238,-75,-228,-95,-216,-114,-203,-132,-187,-149,-169,-165,-151,-178,-129,-190,-108,-201,-85,-209,-62,-215,-37,-219,-12,-222]]]
