2553604	n	-7.7237,33.4492,-7.2886,33.6301	[[[-77237,335734,182,-383,923,-185,598,-558,2648,-116,-92,331,-2307,1293,-82,185,-133,-45,-293,-48,-174,-92,-95,-33,-111,11,-93,38,-96,14,-117,-63,-197,44,-168,-128,-166,-171,-185,-86,-42,-8]]]
2538475	n	-6.8863,33.9199,-6.7836,34.0359	[[[-68863,339814,878,-615,149,936,-426,224,-601,-545]]]
2548885	n	-5.3259,33.7937,-4.6889,34.2961	[[[-53259,342013,1403,-4012,417,-64,441,263,2423,1442,1635,621,38,215,13,222,-13,222,-39,219,-65,215,-89,209,-114,201,-137,190,-158,178,-179,165,-197,149,-214,132,-228,114,-240,95,-251,75,-258,54,-263,32,-266,11,-266,-11,-263,-32,-258,-54,-251,-75,-240,-95,-228,-114,-214,-132,-197,-149,-179,-165,-158,-178,-8,-11,-1122,786,-275,-718]]]
2530335	n	-6.0247,35.3872,-5.5614,35.8364	[[[-60247,354995,2582,-1123,1205,1910,0,1,722,1144,124,456,-236,908,-140,-68,-170,92,-237,49,-237,-5,-175,-67,-126,51,-182,-37,-182,-79,-124,-78,-270,-221,-121,-19,-920,111,-346,-47,-192,-166,-90,-151,-69,-232,-59,-470,-31,-99,-131,-153,-31,-92,-17,-85,-208,-540,-215,-397,-44,-142,-18,-244,-54,-190,-8,-17]]]
2542997	n	-8.2638,31.4039,-7.7362,31.8561	[[[-82638,316300,13,-222,38,-219,63,-215,87,-209,111,-201,133,-190,154,-178,174,-165,192,-149,208,-132,222,-114,234,-95,243,-75,251,-54,256,-32,259,-11,259,11,256,32,251,54,243,75,234,95,222,114,208,132,192,149,174,165,154,178,133,190,111,201,87,209,63,215,38,219,13,222,-13,222,-38,219,-63,215,-87,209,-111,201,-133,190,-154,178,-174,165,-192,149,-208,132,-222,114,-234,95,-243,75,-251,54,-256,32,-259,11,-259,-11,-256,-32,-251,-54,-243,-75,-234,-95,-222,-114,-208,-132,-192,-149,-174,-165,-154,-178,-133,-190,-111,-201,-87,-209,-63,-215,-38,-219,-13,-222]]]
2537763	n	-6.8262,33.863,-6.4928,34.1302	[[[-68262,340359,426,-224,-149,-936,92,-156,2354,-413,611,1840,-1988,439,-654,393,-651,-906,-41,-37]]]
2561668	n	-9.768,30.2792,-9.3375,30.6461	[[[-97680,305926,98,-58,184,-269,90,-78,112,-36,112,-10,83,-48,83,-331,256,-503,111,-171,169,-155,155,-93,111,-130,43,-268,-21,-152,-6,-46,-184,-664,-16,-122,743,208,326,0,762,400,1094,0,-133,2408,-196,81,-240,75,-70,15,-10,-18,-29,19,-219,114,-231,95,-241,75,-248,54,-134,17,-2,-7,-116,36,-248,54,-253,32,-255,11,-255,-11,-253,-32,-248,-54,-241,-75,-231,-95,-219,-114,-205,-132,-28,-22]]]
2542715	n	-5.8196,33.6639,-5.2201,34.1346	[[[-58196,339052,162,-841,29,-154,3,-16,3,-6,113,-201,137,-190,158,-178,178,-165,197,-149,213,-132,228,-114,240,-95,250,-75,257,-54,263,-32,265,-11,265,11,263,32,257,54,250,75,240,95,17,9,-1,2,95,19,250,75,240,95,227,114,214,132,196,149,179,165,158,178,137,190,113,201,90,209,64,215,39,219,6,109,-100,285,-399,1140,-108,122,-179,165,-196,149,-214,132,-227,114,-240,95,-250,75,-258,54,-228,28,-1388,-690,-1855,-630,-43,-60,-113,-201,-90,-209,-64,-215,-39,-219,-4,-70]]]
2540483	n	-2.1831,34.4539,-1.7524,34.8936	[[[-21831,346800,13,-222,40,-219,65,-215,90,-209,115,-201,137,-190,160,-178,180,-165,199,-149,215,-132,230,-114,242,-95,252,-75,260,-54,265,-32,268,-11,268,11,265,32,260,54,252,75,242,95,230,114,59,36,-1187,1010,81,170,525,671,244,451,130,83,36,72,-182,154,-925,484,-85,11,-3,35,-38,20,-339,264,-530,272,-138,136,-49,138,-1,9,-160,-47,-242,-95,-170,-84,-1218,-1458,-3,-11,-40,-219,-13,-222]]]
2544571	n	-6.6741,34.0662,-6.3083,34.4814	[[[-66741,342692,2028,-2030,1061,557,111,125,137,190,114,201,90,209,65,215,39,219,13,222,-13,222,-39,219,-65,215,-90,209,-114,201,-137,190,-159,178,-179,165,-197,149,-214,132,-229,114,-241,95,-251,75,-243,50,-55,-74,-169,-393,-101,-170,-1099,-1372,-63,-113]]]
2528910	n	-5.646,35.3539,-5.1996,35.6927	[[[-56460,355783,12,-205,40,-219,66,-215,91,-209,116,-201,139,-190,161,-178,182,-165,201,-149,218,-132,232,-114,245,-95,255,-75,263,-54,268,-32,271,-11,271,11,268,32,263,54,255,75,245,95,232,114,170,103,-1431,2257,-2311,647,-722,-1144]]]
2558545	n	-3.9555,35.0503,-3.665,35.2908	[[[-39555,352527,1445,-2024,6,3,232,114,217,132,200,149,181,165,161,178,138,190,116,201,91,209,65,215,40,219,13,222,-13,222,-24,129,-49,28,-260,29,-266,-85,-209,-186,-84,-273,-93,-179,-227,-93,-344,-24,-190,-14,-277,19,-207,11,-146,58,-146,167,-65,69,-45,60,48,38,122,33,31,44,-99,115,-362,-141]]]
2529013	n	-6.9849,33.8265,-6.7893,33.9814	[[[-69849,339057,753,-792,1203,778,-92,156,-878,615,-411,-372,-575,-385]]]
2537881	n	-9.3382,32.0739,-8.9743,32.5261	[[[-93382,320900,211,-64,253,-54,258,-32,260,-11,260,11,258,32,253,54,246,75,235,95,224,114,210,132,193,149,175,165,155,178,134,190,112,201,87,209,64,215,38,219,13,222,-13,222,-38,219,-64,215,-87,209,-112,201,-134,190,-155,178,-175,165,-193,149,-210,132,-224,114,-235,95,-246,75,-253,54,-258,32,-260,11,-260,-11,-102,-13,38,-108,87,-144,89,-102,79,-160,-19,-198,-75,-199,-271,-448,-63,-153,-23,-217,42,-73,188,-80,42,-49,-52,-1031,-77,-309,-143,-277,-361,-385,-50,-123,-17,-165,-34,-116]]]
2542051	n	-7.4446,33.5447,-7.2055,33.8024	[[[-74446,336941,1522,-1494,869,2261,-206,316,-32,-15,-382,-285,-736,-413,-115,-64,-212,-54,-202,57,69,75,-193,-55,-279,-288,-103,-41]]]
2544248	n	-7.1774,32.6539,-6.7255,33.1061	[[[-71774,328800,13,-222,38,-219,64,-215,88,-209,113,-201,135,-190,156,-178,176,-165,195,-149,210,-132,225,-114,238,-95,247,-75,254,-54,260,-32,262,-11,234,10,1331,539,280,3346,-149,114,-210,132,-225,114,-238,95,-247,75,-254,54,-260,32,-262,11,-262,-11,-260,-32,-254,-54,-247,-75,-238,-95,-225,-114,-210,-132,-195,-149,-176,-165,-156,-178,-135,-190,-113,-201,-88,-209,-64,-215,-38,-219,-13,-222]]]
2550078	n	-8.677,33.0339,-8.2414,33.3874	[[[-86770,330831,178,-111,226,-114,238,-95,248,-75,256,-54,261,-32,263,-11,263,11,261,32,256,54,248,75,238,95,226,114,212,132,195,149,177,165,157,178,136,190,112,201,89,209,64,215,39,219,13,222,-13,222,-39,219,-64,215,-89,209,-112,201,-136,190,-15,18,-320,-220,-586,-607,-362,-247,-367,-158,-181,-36,-243,-11,-87,20,-97,90,-86,20,-81,-38,-827,-824,-91,-128,6,-215,-11,-126,-76,-118,-479,-445]]]
2555745	n	-6.5372,32.1139,-6.0842,32.5032	[[[-65372,323945,394,-2410,2,-15,223,-114,236,-95,245,-75,253,-54,258,-32,261,-11,261,11,258,32,253,54,245,75,236,95,224,114,209,132,194,149,175,165,155,178,134,190,112,201,88,209,63,215,38,219,13,222,-13,222,-38,219,-63,215,-84,200,-3601,776,-731,-1087]]]
10920963	p	2537763
10374934	p	2561668
2541479	n	-3.2046,35.0086,-2.666,35.2151	[[[-32046,351722,4669,-1636,20,15,181,165,160,178,139,190,115,201,91,209,11,37,-7,1,-516,148,-428,203,-476,405,-77,107,-230,205,-264,0,740,-698,437,-292,-729,59,-351,94,-259,154,-144,151,-87,118,-47,131,-31,283,-2863,0,-3,-9,-39,-219,-12,-200]]]
2552615	n	-8.0731,33.2964,-7.7055,33.5734	[[[-80731,334434,42,-99,113,-201,136,-190,158,-178,177,-165,196,-149,212,-132,227,-114,239,-95,249,-75,256,-54,146,-18,195,126,1330,2261,-182,383,-145,-28,-398,-173,-668,-173,-249,-94,-217,-232,-248,-88,-464,-98,-489,-184,-616,-230]]]
2529317	n	-4.2816,33.9839,-3.7384,34.4362	[[[-42816,342100,13,-222,40,-219,64,-215,90,-209,114,-201,137,-190,159,-178,179,-165,197,-149,214,-132,229,-114,241,-95,251,-75,258,-54,264,-32,266,-11,266,11,264,32,258,54,251,75,241,95,229,114,214,132,197,149,179,165,159,178,137,190,114,201,90,209,64,215,40,219,13,222,-13,222,-40,219,-64,215,-90,209,-114,201,-137,190,-159,178,-179,165,-197,149,-214,132,-229,114,-241,95,-251,75,-258,54,-264,32,-266,11,-266,-11,-264,-32,-258,-54,-251,-75,-241,-95,-229,-114,-214,-132,-197,-149,-179,-165,-159,-178,-137,-190,-114,-201,-90,-209,-64,-215,-40,-219,-13,-222]]]
2548880	p	2548885
2537406	n	-7.8878,32.7739,-7.3522,33.1515	[[[-78878,330000,13,-222,39,-219,64,-215,88,-209,112,-201,136,-190,156,-178,177,-165,194,-149,211,-132,226,-114,237,-95,248,-75,255,-54,260,-32,262,-11,262,11,260,32,255,54,248,75,237,95,226,114,211,132,194,149,177,165,156,178,136,190,112,201,88,209,64,215,39,219,13,222,-13,222,-39,219,-64,215,-88,209,-112,201,-85,118,-3346,260,-913,71,-88,-81,-156,-178,-136,-190,-112,-201,-88,-209,-64,-215,-39,-219,-13,-222]]]
2556272	n	-7.8586,33.1184,-7.3227,33.3526	[[[-78586,332700,13,-222,39,-219,64,-215,88,-209,113,-201,84,-118,4273,-332,88,82,157,178,136,190,113,201,88,209,64,215,39,219,-3290,1048,-1868,-436,-179,-116,-9,-52,-13,-222]]]
2558470	n	-6.2778,33.5939,-5.8005,34.0461	[[[-62778,336755,167,-154,196,-149,213,-132,228,-114,240,-95,249,-75,258,-54,262,-32,265,-11,265,11,262,32,258,54,249,75,240,95,228,114,213,132,196,149,179,165,158,178,136,190,113,201,90,209,64,215,39,219,5,79,-191,993,-7,15,-113,201,-136,190,-158,178,-179,165,-196,149,-213,132,-228,114,-240,95,-249,75,-258,54,-262,32,-265,11,-265,-11,-57,-7,-1755,-3686,-1,-2]]]
2545957	p	2561668
2544001	n	-6.1699,34.8147,-5.6278,35.2258	[[[-61698,349610,9,-51,65,-215,91,-209,115,-201,44,-61,3213,-726,1883,2110,-33,184,-65,215,-91,209,-115,201,-138,190,-161,178,-180,165,-200,149,-216,132,-231,114,-243,95,-253,75,-261,54,-266,32,-204,8,-2763,-2648]]]
2543549	n	-6.2573,34.9642,-5.8897,35.4036	[[[-62573,349788,175,-52,262,-54,267,-32,204,-8,2768,2653,-8,46,-65,215,-91,209,-115,201,-139,190,-161,178,-181,165,-200,149,-216,132,-232,114,-243,95,-161,47,-1345,-2790,-519,-1458]]]
2548526	n	-10.3168,28.7639,-9.8033,29.2161	[[[-103167,289900,12,-222,37,-219,61,-215,85,-209,108,-201,129,-190,150,-178,170,-165,186,-149,203,-132,216,-114,227,-95,238,-75,244,-54,249,-32,252,-11,252,11,249,32,244,54,238,75,227,95,216,114,203,132,186,149,170,165,150,178,129,190,108,201,85,209,61,215,37,219,12,222,-12,222,-37,219,-61,215,-85,209,-108,201,-129,190,-150,178,-170,165,-186,149,-203,132,-216,114,-227,95,-238,75,-244,54,-249,32,-252,11,-252,-11,-249,-32,-244,-54,-238,-75,-227,-95,-216,-114,-203,-132,-186,-149,-170,-165,-150,-178,-129,-190,-108,-201,-85,-209,-61,-215,-37,-219,-12,-222]]]
2544333	n	-5.9276,32.7139,-5.3924,33.1661	[[[-59276,329400,13,-222,38,-219,64,-215,89,-209,112,-201,135,-190,156,-178,177,-165,194,-149,211,-132,226,-114,237,-95,247,-75,255,-54,260,-32,262,-11,262,11,260,32,255,54,247,75,237,95,226,114,211,132,194,149,177,165,156,178,135,190,112,201,89,209,64,215,38,219,13,222,-13,222,-38,219,-64,215,-89,209,-112,201,-135,190,-156,178,-177,165,-194,149,-211,132,-226,114,-237,95,-247,75,-255,54,-260,32,-262,11,-262,-11,-260,-32,-255,-54,-247,-75,-237,-95,-226,-114,-211,-132,-194,-149,-177,-165,-156,-178,-135,-190,-112,-201,-89,-209,-64,-215,-38,-219,-13,-222]]]
2555467	n	-2.5939,34.6939,-2.0461,35.1392	[[[-25939,349200,13,-222,40,-219,65,-215,91,-209,114,-201,139,-190,160,-178,180,-165,199,-149,216,-132,231,-114,243,-95,253,-75,261,-54,266,-32,268,-11,268,11,266,32,261,54,253,75,243,95,162,80,1190,1424,1,1,43,51,39,216,13,222,-5,85,-146,12,-337,180,-311,242,-373,221,-305,96,-158,176,-21,22,-94,266,-15,393,-261,79,-266,124,-238,64,-223,28,-642,204,-139,-28,-253,-75,-243,-95,-231,-114,-216,-132,-199,-149,-180,-165,-160,-178,-139,-190,-114,-201,-91,-209,-65,-215,-40,-219,-13,-222]]]
2530048	n	-3.1722,34.1839,-2.6278,34.6361	[[[-31722,344100,5,-82,922,-1614,68,-52,215,-132,229,-114,241,-95,252,-75,259,-54,264,-32,267,-11,267,11,264,32,259,54,252,75,241,95,229,114,215,132,198,149,179,165,159,178,138,190,114,201,90,209,65,215,39,219,13,222,-13,222,-39,219,-65,215,-90,209,-114,201,-138,190,-159,178,-179,165,-198,149,-215,132,-229,114,-241,95,-252,75,-259,54,-264,32,-267,11,-267,-11,-264,-32,-259,-54,-252,-75,-241,-95,-229,-114,-215,-132,-198,-149,-179,-165,-159,-178,-138,-190,-114,-201,-90,-209,-65,-215,-39,-219,-13,-222]]]
2554006	n	-7.8385,33.309,-7.5534,33.5351	[[[-78385,333090,1868,436,983,1082,-598,558,-923,185,-1330,-2261]]]
2548830	n	-6.9563,32.3945,-6.4641,32.7088	[[[-69563,325000,13,-222,38,-219,64,-215,88,-209,28,-52,3960,-138,731,1087,-336,989,-863,672,-1695,395,-1278,-518,-145,-136,-156,-178,-134,-190,-112,-201,-88,-209,-64,-215,-38,-219,-13,-222]]]
10374906	p	2561668
2540689	n	-6.7535,32.6693,-6.3535,33.0861	[[[-67535,327088,1695,-395,2305,3229,-98,112,-177,165,-194,149,-211,132,-225,114,-237,95,-247,75,-254,54,-260,32,-262,11,-262,-11,-260,-32,-254,-54,-247,-75,-237,-95,-225,-114,-69,-43,-281,-3349]]]
2549979	n	-7.675,31.8239,-7.145,32.2761	[[[-76750,320500,13,-222,38,-219,63,-215,88,-209,111,-201,134,-190,155,-178,174,-165,193,-149,209,-132,223,-114,235,-95,245,-75,252,-54,257,-32,260,-11,260,11,257,32,252,54,245,75,235,95,223,114,209,132,193,149,174,165,155,178,134,190,111,201,88,209,63,215,38,219,13,222,-13,222,-38,219,-63,215,-88,209,-111,201,-134,190,-155,178,-174,165,-193,149,-209,132,-223,114,-235,95,-245,75,-252,54,-257,32,-260,11,-260,-11,-257,-32,-252,-54,-245,-75,-235,-95,-223,-114,-209,-132,-193,-149,-174,-165,-155,-178,-134,-190,-111,-201,-88,-209,-63,-215,-38,-219,-13,-222]]]
2532945	n	-6.2019,34.0439,-5.7557,34.4908	[[[-62018,342700,14,-222,39,-219,64,-215,90,-209,114,-201,137,-190,159,-178,179,-165,198,-149,214,-132,229,-114,241,-95,251,-75,259,-54,264,-32,266,-11,266,11,193,24,1284,3959,-19,15,-214,132,-229,114,-241,95,-251,75,-213,44,-1864,-218,-222,-110,-214,-132,-198,-149,-179,-165,-159,-178,-137,-190,-114,-201,-90,-209,-64,-215,-39,-219,-14,-222]]]
7280528	n	-4.6946,31.7039,-4.1654,32.1561	[[[-46946,319300,13,-222,38,-219,63,-215,87,-209,111,-201,134,-190,154,-178,175,-165,192,-149,209,-132,223,-114,234,-95,245,-75,252,-54,257,-32,259,-11,259,11,257,32,252,54,245,75,234,95,223,114,209,132,192,149,175,165,154,178,134,190,111,201,87,209,63,215,38,219,13,222,-13,222,-38,219,-63,215,-87,209,-111,201,-134,190,-154,178,-175,165,-192,149,-209,132,-223,114,-234,95,-245,75,-252,54,-257,32,-259,11,-259,-11,-257,-32,-252,-54,-245,-75,-234,-95,-223,-114,-209,-132,-192,-149,-175,-165,-154,-178,-134,-190,-111,-201,-87,-209,-63,-215,-38,-219,-13,-222]]]
2548489	n	-3.6216,34.0039,-3.0783,34.4561	[[[-36216,342300,13,-222,39,-219,65,-215,89,-209,114,-201,138,-190,158,-178,179,-165,198,-149,214,-132,229,-114,241,-95,251,-75,258,-54,264,-32,266,-11,266,11,264,32,258,54,251,75,241,95,229,114,214,132,198,149,179,165,158,178,138,190,114,201,89,209,65,215,39,219,13,222,-5,93,-913,1598,-75,57,-214,132,-229,114,-241,95,-251,75,-258,54,-264,32,-266,11,-266,-11,-264,-32,-258,-54,-251,-75,-241,-95,-229,-114,-214,-132,-198,-149,-179,-165,-158,-178,-138,-190,-114,-201,-89,-209,-65,-215,-39,-219,-13,-222]]]
2539134	n	-9.3507,30.1639,-8.9896,30.6161	[[[-93507,305800,132,-2400,854,-1729,166,-21,255,-11,255,11,253,32,248,54,240,75,231,95,219,114,206,132,189,149,172,165,152,178,39,56,-1127,3256,-81,33,-240,75,-248,54,-253,32,-255,11,-255,-11,-253,-32,-248,-54,-240,-75,-231,-95,-180,-94]]]
2556018	n	-8.2155,32.0139,-7.6845,32.4661	[[[-82155,322400,13,-222,38,-219,63,-215,88,-209,111,-201,134,-190,156,-178,175,-165,193,-149,209,-132,223,-114,236,-95,245,-75,253,-54,258,-32,260,-11,260,11,258,32,253,54,245,75,236,95,223,114,209,132,193,149,175,165,156,178,134,190,111,201,88,209,63,215,38,219,13,222,-13,222,-38,219,-63,215,-88,209,-111,201,-134,190,-156,178,-175,165,-193,149,-209,132,-223,114,-236,95,-245,75,-253,54,-258,32,-260,11,-260,-11,-258,-32,-253,-54,-245,-75,-236,-95,-223,-114,-209,-132,-193,-149,-175,-165,-156,-178,-134,-190,-111,-201,-88,-209,-63,-215,-38,-219,-13,-222]]]
12718669	p	2542715
2528659	n	-6.5539,33.6739,-6.1021,34.1261	[[[-65539,338630,301,-1009,0,-3,0,-1,46,-51,179,-165,197,-149,213,-132,228,-114,240,-95,250,-75,257,-54,263,-32,265,-11,265,11,58,7,1756,3689,-166,153,-197,149,-213,132,-228,114,-240,95,-250,75,-257,54,-263,32,-265,11,-265,-11,-263,-32,-44,-10,-1041,-546,-215,-192,-611,-1840]]]
10375044	n	-9.5231,30.1634,-9.255,30.34	[[[-95231,303000,2600,-1366,81,95,-825,1671,-1094,0,-762,-400]]]
2529649	n	-9.1004,30.2439,-8.6194,30.6961	[[[-91004,305902,1108,-3202,19,-56,80,-33,241,-75,248,-54,253,-32,255,-11,255,11,253,32,248,54,241,75,231,95,220,114,205,132,189,149,172,165,153,178,131,190,109,201,86,209,63,215,37,219,13,222,-13,222,-37,219,-63,215,-86,209,-109,201,-131,190,-153,178,-172,165,-189,149,-205,132,-220,114,-231,95,-241,75,-248,54,-253,32,-255,11,-255,-11,-253,-32,-248,-54,-241,-75,-231,-95,-220,-114,-205,-132,-189,-149,-172,-165,-153,-178,-37,-54]]]
2537545	n	-5.0998,33.6039,-4.5597,34.0258	[[[-50998,338200,8,-122,38,-219,65,-215,40,-93,2282,-1493,13,-9,252,-10,265,11,262,32,258,54,250,75,239,95,228,114,213,132,197,149,178,165,158,178,136,190,114,201,89,209,65,215,38,219,13,222,-13,222,-38,219,-65,215,-89,209,-114,201,-136,190,-158,178,-178,165,-197,149,-213,132,-155,78,-1622,-616,-2423,-1442]]]
2549263	n	-9.8475,31.2839,-9.5066,31.72	[[[-98475,314024,127,-136,133,-93,106,-127,43,-233,-23,-568,131,-17,258,-11,258,11,256,32,251,54,243,75,234,95,221,114,208,132,192,149,173,165,154,178,133,190,111,201,87,209,63,215,38,219,12,222,-12,222,-38,219,-63,215,-87,209,-111,201,-133,190,-154,178,-173,165,-192,149,-208,132,-221,114,-234,95,-37,11,-23,-46,-141,-802,-49,-95,-134,-164,-60,-115,-141,-126,-56,-178,-63,-74,-186,-142,-114,-143,-234,-602,-232,-345,-313,-344]]]
2548818	n	-5.585,35.7383,-5.3305,35.9265	[[[-55850,358291,236,-908,2309,285,-119,409,-33,249,49,145,1,3,-222,164,-155,179,-113,203,-92,225,-4,0,-62,20,-25,-18,-24,-76,-38,-77,-93,-4,-120,54,-45,37,-81,4,-208,-82,-186,-133,-358,-337,-167,-123,-450,-219]]]
2533191	n	-5.8843,34.0027,-5.4384,34.4461	[[[-58843,340467,20,-15,214,-132,229,-114,241,-95,251,-75,47,-9,1853,629,1406,699,81,189,65,215,39,219,13,222,-13,222,-39,219,-65,215,-90,209,-114,201,-137,190,-159,178,-179,165,-197,149,-214,132,-229,114,-241,95,-251,75,-258,54,-264,32,-266,11,-266,-11,-193,-24,-1284,-3959]]]
2527089	n	-9.9865,29.4739,-9.4715,29.9261	[[[-99865,296730,29,-171,62,-215,85,-209,109,-201,130,-190,151,-178,171,-165,188,-149,204,-132,217,-114,230,-95,238,-75,247,-54,251,-32,253,-11,253,11,251,32,247,54,238,75,230,95,217,114,204,132,188,149,171,165,151,178,130,190,109,201,85,209,62,215,37,219,12,222,-12,222,-37,219,-62,215,-85,209,-109,201,-130,190,-151,178,-171,165,-188,149,-204,132,-217,114,-230,95,-238,75,-247,54,-251,32,-253,11,-253,-11,-99,-13,-550,-848,-1297,-1229,-366,-430]]]
2530241	n	-11.3554,28.2139,-10.8446,28.6661	[[[-113554,284400,12,-222,37,-219,61,-215,84,-209,108,-201,128,-190,150,-178,168,-165,186,-149,201,-132,215,-114,227,-95,236,-75,243,-54,248,-32,250,-11,250,11,248,32,243,54,236,75,227,95,215,114,201,132,186,149,168,165,150,178,128,190,108,201,84,209,61,215,37,219,12,222,-12,222,-37,219,-61,215,-84,209,-108,201,-128,190,-150,178,-168,165,-186,149,-201,132,-215,114,-227,95,-236,75,-243,54,-248,32,-250,11,-250,-11,-248,-32,-46,-11,-81,-133,-78,-77,-415,-229,-78,-143,-469,-509,-594,-364,-88,-155,-63,-200,-124,-132,-8,-43,-12,-222]]]
2540850	n	-7.1518,30.6939,-6.6282,31.1461	[[[-71518,309200,13,-222,37,-219,63,-215,86,-209,110,-201,132,-190,153,-178,173,-165,190,-149,207,-132,220,-114,232,-95,242,-75,249,-54,254,-32,257,-11,257,11,254,32,249,54,242,75,232,95,220,114,207,132,190,149,173,165,153,178,132,190,110,201,86,209,63,215,37,219,13,222,-13,222,-37,219,-63,215,-86,209,-110,201,-132,190,-153,178,-173,165,-190,149,-207,132,-220,114,-232,95,-242,75,-249,54,-254,32,-257,11,-257,-11,-254,-32,-249,-54,-242,-75,-232,-95,-220,-114,-207,-132,-190,-149,-173,-165,-153,-178,-132,-190,-110,-201,-86,-209,-63,-215,-37,-219,-13,-222]]]
12718688	n	-6.2731,34.4692,-5.742,34.8866	[[[-62731,346900,13,-222,39,-219,65,-215,91,-209,114,-201,138,-190,160,-178,180,-165,198,-149,216,-132,229,-114,243,-95,252,-75,215,-44,1875,219,220,109,216,132,198,149,180,165,160,178,138,190,114,201,57,131,-741,1981,-3183,719,-173,-86,-216,-132,-198,-149,-180,-165,-160,-178,-138,-190,-114,-201,-91,-209,-65,-215,-39,-219,-13,-222]]]
2526488	n	-8.7955,32.0239,-8.2645,32.4696	[[[-87955,322500,12,-222,39,-219,63,-215,88,-209,111,-201,134,-190,155,-178,175,-165,193,-149,210,-132,223,-114,236,-95,245,-75,253,-54,258,-32,260,-11,260,11,258,32,253,54,245,75,236,95,223,114,210,132,193,149,175,165,155,178,134,190,111,201,88,209,63,215,39,219,12,222,-12,222,-39,219,-63,215,-88,209,-111,201,-134,190,-155,178,-175,165,-193,149,-99,62,-2205,386,-152,-32,-245,-75,-236,-95,-223,-114,-210,-132,-193,-149,-175,-165,-155,-178,-134,-190,-111,-201,-88,-209,-63,-215,-39,-219,-12,-222]]]
2546917	n	-5.3538,33.3342,-4.8406,33.7562	[[[-53538,336255,3780,-2913,155,78,212,132,196,149,178,165,157,178,136,190,113,201,89,209,64,215,39,219,13,222,-13,222,-39,219,-64,215,-43,102,-2283,1493,-252,10,-264,-11,-262,-32,-256,-54,-249,-75,-239,-95,-227,-114,-212,-132,-196,-149,-178,-165,-157,-178,-136,-190,-62,-111]]]
12718676	p	2553604
2542987	n	-5.3427,35.4035,-5.0958,35.6663	[[[-53427,356280,1424,-2245,5,1,255,75,245,95,233,114,218,132,89,67,-550,642,-354,277,-422,247,-210,161,-106,201,-168,532,-7,63,3,20,-655,-382]]]
2560841	n	-7.5367,33.4823,-7.2924,33.6941	[[[-75367,336301,82,-185,2307,-1293,54,624,-1522,1494,-187,-76,-338,-365,-131,-85,-189,-89,-76,-25]]]
2532412	n	-6.9657,32.0739,-6.4978,32.4082	[[[-69657,323000,13,-222,38,-219,64,-215,87,-209,112,-201,134,-190,155,-178,175,-165,193,-149,210,-132,224,-114,235,-95,246,-75,253,-54,258,-32,260,-11,260,11,258,32,253,54,246,75,235,95,224,114,210,132,193,149,143,134,-394,2410,-3959,137,-12,-16,-112,-201,-87,-209,-64,-215,-38,-219,-13,-222]]]
2562055	n	-7.2261,33.7,-6.9096,33.9058	[[[-72261,338024,206,-316,2583,-708,376,1265,-753,792,-469,-314,-361,-106,-316,-234,-171,-54,-4,0,-356,-48,-403,-124,-332,-153]]]
2540810	n	-5.8161,34.5739,-5.3065,35.0261	[[[-58161,348147,734,-1961,108,-66,230,-114,242,-95,253,-75,260,-54,266,-32,268,-11,268,11,266,32,260,54,253,75,242,95,230,114,216,132,199,149,180,165,160,178,138,190,115,201,90,209,65,215,40,219,13,222,-13,222,-40,219,-65,215,-90,209,-115,201,-138,190,-160,178,-180,165,-199,149,-216,132,-230,114,-242,95,-253,75,-260,54,-266,32,-268,11,-268,-11,-243,-30,-1850,-2073]]]
2555519	n	-7.2978,33.3939,-6.8546,33.7708	[[[-72978,334823,92,-331,77,-94,1,-1,14,-18,96,-59,227,-114,239,-95,249,-75,257,-54,262,-32,264,-11,264,11,262,32,257,54,249,75,239,95,227,114,213,132,196,149,178,165,157,178,136,190,114,201,89,209,64,215,9,51,-926,1190,-2583,708,-869,-2261,-54,-624]]]
2555882	n	-3.2033,35.215,-2.8394,35.4464	[[[-32033,352358,35,-199,3,-9,2866,0,-4,41,10,167,44,152,89,90,-139,169,-163,-49,-2,-1,-95,-44,-69,-17,-47,-2,-37,71,-71,41,-46,37,-3,10,-21,5,6,39,29,11,-4,15,-50,2,4,51,27,89,12,23,-10,89,191,159,-3,5,-17,46,-132,386,100,305,-46,118,54,173,-45,81,-119,52,-93,-31,-49,-83,20,-105,-255,-310,-391,-791,-317,-265,-126,-16,-107,32,-93,41,-83,5,-107,-55,-452,-395,-212,-109,-82,-24]],[[-28832,352385,149,-211,25,-24,264,0,-255,226,-135,87,-48,-78]]]
2542898	n	-5.5738,35.628,-5.2754,35.7669	[[[-55738,356927,2311,-647,655,382,18,132,-14,58,-51,13,-170,-22,-59,9,-79,73,-61,92,-38,121,-48,420,-31,110,-2309,-285,-124,-456]]]
2536074	n	-8.6967,32.4304,-8.1633,32.8761	[[[-86967,326500,13,-222,38,-219,64,-215,88,-209,112,-201,134,-190,156,-178,176,-165,194,-149,96,-60,2217,-388,153,32,247,75,236,95,225,114,210,132,194,149,176,165,156,178,134,190,112,201,88,209,64,215,38,219,13,222,-13,222,-38,219,-64,215,-88,209,-112,201,-134,190,-156,178,-176,165,-194,149,-210,132,-225,114,-236,95,-247,75,-254,54,-259,32,-261,11,-261,-11,-259,-32,-254,-54,-247,-75,-236,-95,-225,-114,-210,-132,-194,-149,-176,-165,-156,-178,-134,-190,-112,-201,-88,-209,-64,-215,-38,-219,-13,-222]]]
2542227	n	-5.0168,32.4639,-4.4832,32.9161	[[[-50168,326900,12,-222,39,-219,63,-215,89,-209,112,-201,134,-190,156,-178,176,-165,194,-149,210,-132,225,-114,237,-95,246,-75,254,-54,259,-32,262,-11,262,11,259,32,254,54,246,75,237,95,225,114,210,132,194,149,176,165,156,178,134,190,112,201,89,209,63,215,39,219,12,222,-12,222,-39,219,-63,215,-89,209,-112,201,-134,190,-156,178,-176,165,-194,149,-210,132,-225,114,-237,95,-246,75,-254,54,-259,32,-262,11,-262,-11,-259,-32,-254,-54,-246,-75,-237,-95,-225,-114,-210,-132,-194,-149,-176,-165,-156,-178,-134,-190,-112,-201,-89,-209,-63,-215,-39,-219,-12,-222]]]
2556464	n	-5.4891,33.2039,-4.9764,33.6257	[[[-54891,334300,13,-222,39,-219,64,-215,89,-209,113,-201,136,-190,157,-178,177,-165,196,-149,212,-132,226,-114,239,-95,249,-75,256,-54,261,-32,264,-11,264,11,261,32,256,54,249,75,239,95,226,114,212,132,196,149,177,165,157,178,136,190,63,112,-3777,2911,-154,-77,-212,-132,-196,-149,-177,-165,-157,-178,-136,-190,-113,-201,-89,-209,-64,-215,-39,-219,-13,-222]]]
2527645	n	-4.2282,35.0139,-3.8109,35.2527	[[[-42281,351908,50,-164,91,-209,115,-201,139,-190,160,-178,182,-165,200,-149,216,-132,232,-114,244,-95,254,-75,262,-54,266,-32,270,-11,270,11,266,32,262,54,254,75,244,95,195,96,-1,1,-1445,2024,-58,-23,-854,-145,-839,-311,-975,-140]]]
10375207	p	2561668
8542188	p	2561668
2560939	n	-6.9472,33.5739,-6.5237,33.9043	[[[-69472,337000,929,-1193,116,-25,262,-32,265,-11,265,11,262,32,258,54,249,75,240,95,227,114,213,132,197,149,178,165,158,178,136,190,114,201,89,209,65,215,11,62,-301,1009,-2354,413,-1203,-778,-376,-1265]]]
2555567	n	-9.6724,30.0339,-9.2647,30.3	[[[-96724,300911,75,-59,204,-132,219,-114,231,-95,240,-75,248,-54,252,-32,255,-11,255,11,252,32,248,54,240,75,231,95,219,114,204,132,190,149,171,165,152,178,131,190,59,108,-2583,1358,-326,0,-743,-208,-153,-1152,-98,-371,-173,-358]]]
2552292	n	-7.6517,33.2477,-7.2711,33.4608	[[[-76517,333526,3294,-1049,59,67,136,190,113,201,89,209,64,215,38,219,13,222,-13,222,-38,219,-47,157,-77,94,-2648,116,-983,-1082]]]
2542013	n	-3.2842,34.7839,-2.7359,35.1713	[[[-32842,350100,13,-222,40,-219,65,-215,91,-209,115,-201,138,-190,160,-178,181,-165,200,-149,216,-132,230,-114,244,-95,253,-75,261,-54,266,-32,269,-11,269,11,266,32,261,54,253,75,244,95,230,114,216,132,200,149,181,165,160,178,138,190,115,201,91,209,65,215,40,219,12,202,-18,6,-4644,1627,-18,-14,-181,-165,-160,-178,-138,-190,-115,-201,-91,-209,-65,-215,-40,-219,-13,-222]]]
2544720	n	-6.4977,32.425,-6.0034,32.7879	[[[-64977,326021,336,-989,3629,-782,3,2,194,149,176,165,156,178,134,190,112,201,88,209,64,215,38,219,13,222,-13,222,-38,219,-64,215,-88,209,-112,201,-134,190,-156,178,-176,165,-194,149,-209,131,-3759,-1858]]]
12718663	n	-6.584,32.6021,-6.1239,32.9936	[[[-65840,326693,863,-672,3738,1848,-3,53,-38,219,-64,215,-88,209,-113,201,-134,190,-156,178,-176,165,-195,149,-210,132,-225,114,-237,95,-247,75,-254,54,-146,18,-2315,-3243]]]
10797349	n	-6.757,34.0469,-6.4713,34.2692	[[[-67570,341302,654,-393,1988,-439,215,192,-2028,2030,-597,-1066,-232,-324]]]
