618426	r	28.1506,46.5524,29.3164,47.3868	[[[281506,468300,10,-198,28,-197,13,-54,225,-265,-1,-188,560,-774,56,-150,17,-16,183,-153,196,-145,210,-135,222,-126,234,-115,244,-105,254,-93,202,-62,4165,253,17,7,234,115,222,126,210,135,196,145,183,153,167,161,152,168,34,44,242,481,932,639,2251,3574,-65,98,-154,199,-174,191,-153,147,-3896,-194,-4530,1827,-186,75,-222,-95,-221,-109,-211,-118,-199,-128,-187,-136,-173,-144,-158,-152,-144,-159,-129,-165,-113,-170,-91,-166,-213,-1138,23,-161,44,-184,62,-182,79,-178,96,-175,113,-170,129,-165,17,-19,-278,8,-135,-149,-135,-175,-119,-180,-101,-185,-84,-190,-65,-193,-47,-195,-28,-197,-10,-198]]]
617239	r	29.5124,46.5769,29.9526,47.135	[[[295124,471297,13,-93,167,33,138,113,-273,-43,-45,-10]],[[295223,470611,252,-1740,-21,-3,36,-229,18,2,0,-1,19,-132,-1,0,6,-64,4,1,190,-1312,2691,-1364,68,25,243,104,232,115,221,125,133,86,5,100,35,95,49,89,41,117,82,622,-15,184,-44,76,-110,145,-39,72,-13,92,2,215,-25,67,-108,42,-97,-31,-92,-42,-89,5,-47,55,-80,181,-47,69,-286,164,-284,25,-294,-19,-317,33,-183,92,-233,262,-163,113,-153,39,-328,18,-162,40,-86,51,-157,125,-91,34,-253,-17,-57,10,-88,110,11,131,8,25,44,132,75,373,109,110,120,93,76,137,-9,152,-72,136,-115,106,-132,62,-188,-12,-117,-113,-87,-129,-87,-49]]]
618605	r	27.502,47.4724,28.2865,47.931	[[[275020,477600,10,-189,27,-189,46,-187,63,-185,81,-181,99,-177,116,-173,132,-167,148,-161,163,-154,177,-147,192,-138,204,-130,217,-120,227,-110,238,-100,247,-90,85,-26,2310,-251,57,3,276,31,273,43,268,55,262,67,255,78,247,90,238,100,227,110,217,120,204,130,192,138,177,147,163,154,7,7,-214,272,-2382,3040,-5120,-1012,-46,-133,-46,-187,-27,-189,-10,-189]]]
618577	r	29.0913,46.7132,29.5726,47.1051	[[[290913,467951,4813,-818,-190,1312,-4,-1,-6,64,1,0,-19,132,0,1,-18,-2,-36,229,21,3,-252,1740,-22,-12,-86,61,-305,391,-10,0,-261,-6,-260,-18,-258,-29,-255,-41,-250,-52,-244,-63,-238,-75,-231,-85,-222,-95,-10,-5,-1658,-2631]]]
617486	r	28.5956,47.5293,29.2386,48.0383	[[[285956,476796,20,-43,100,-181,104,-155,5007,-1124,-13,40,131,263,257,232,259,304,103,377,-9,354,55,312,297,257,119,128,-39,108,-127,80,-346,84,-96,65,-1,110,90,175,122,113,185,134,154,142,32,136,-100,49,-394,80,-140,74,-80,146,-88,343,-78,155,-117,128,-123,78,-140,37,-173,5,-317,-104,-438,-387,-364,-47,-304,84,-143,74,-213,109,-322,237,-205,237,-64,74,-164,104,-68,65,-17,61,-9,73,-125,-39,-252,-91,-242,-101,-231,-113,-221,-122,-186,-118,-251,-694,-98,-271,-737,-2037]]]
618456	r	28.0827,45.6054,28.6348,46.2146	[[[280827,460147,34,-141,244,-502,19,-112,25,-60,59,-69,42,-79,-22,-76,-40,-77,-14,-79,28,-74,89,-127,20,-37,-29,-50,-132,-67,-45,-54,28,-289,156,-304,176,-238,85,-94,87,-1003,-19,-161,62,-129,-143,-50,-329,2,-131,-33,-165,-84,-10,-7,250,-41,280,-32,284,-20,284,-6,284,6,284,20,280,32,277,46,273,58,266,70,259,82,251,94,242,105,231,116,220,127,143,93,32,34,110,83,57,27,60,45,181,154,165,162,-9,24,161,187,33,2,100,132,117,181,101,187,82,191,65,194,46,196,28,199,9,199,-9,199,-28,199,-46,196,-65,194,-73,169,-3829,2082,-14,1,-284,6,-284,-6,-284,-20,-184,-21,45,-52,63,-59,59,-68,32,-88,-115,-232,-58,-247,-169,-338,-27,-54,-70,-141,-80,-36,-26,-50,3,-54,61,-30,3,-53,-124,-351,-18,-99]]]
617180	r	27.5625,47.0043,28.1919,47.4781	[[[275625,474165,178,-105,-79,-308,140,-64,23,-14,112,-67,241,-393,129,-147,78,-27,270,-41,106,-46,76,-44,79,-34,250,-42,105,-77,203,-242,-12,-125,106,-126,181,-158,-22,-18,-20,-41,19,-9,62,35,33,-29,3,-6,-5,-6,-22,-56,6,-69,21,-17,51,-13,18,4,33,-75,-7,-10,-8,-42,10,-2,-9,-12,4,-18,26,-27,42,-4,2,-5,29,-60,-18,-43,-112,-24,119,-112,433,-161,0,-68,-61,-73,44,-30,95,-21,93,-47,306,-232,283,-126,125,-77,3,-145,244,-32,235,-102,217,-69,197,67,90,-165,11,-10,129,-112,74,42,187,120,176,128,163,135,149,143,135,149,121,154,106,160,90,164,75,168,58,171,42,173,25,175,8,175,-8,175,-25,175,-42,173,-58,171,-75,168,-90,164,-106,160,-121,154,-135,149,-149,143,-163,135,-176,128,-187,120,-198,112,-208,102,-218,92,-226,83,-234,73,-240,61,-246,51,-249,40,-253,29,-256,17,-256,6,-256,-6,-256,-17,-253,-29,-249,-40,-246,-51,-240,-61,-234,-73,-226,-83,-218,-92,-177,-87,-20,-77]]]
617367	r	27.9529,48.025,28.6682,48.3261	[[[279529,482791,1378,-2541,5228,0,65,70,118,148,103,153,88,156,72,161,57,163,40,165,4,27,-26,0,-920,257,-320,10,-223,-69,-182,-363,-13,-39,-56,-171,-5,-170,-37,-93,-104,-6,-202,96,-120,83,-284,394,167,125,12,152,-96,135,-157,73,-230,-21,-130,-120,-106,-151,-154,-118,-210,-27,-112,84,-18,139,66,139,157,123,144,64,111,91,66,206,-18,190,-105,80,-171,15,-461,-36,-170,-74,-158,-91,-214,-84,-233,-35,-171,36,-105,114,-36,193,-73,165,-164,-17,-310,-176,-155,-29,-223,7,-146,75,196,392,-55,180,-164,128,-205,66,-527,44,-29,2,-126,-103,-146,-136,-131,-142,-71,-89]]]
617638	r	28.4191,47.1965,29.2209,47.6315	[[[284191,473800,1,-7,4530,-1827,2610,130,48,40,153,146,139,152,123,157,109,163,92,168,76,171,60,174,42,176,26,178,9,179,-9,179,-26,178,-42,176,-52,151,-61,-18,-95,-108,-103,-59,-182,95,-83,106,-156,302,-28,38,-65,89,-1,1,-1,1,-1,1,-117,361,-4553,1022,-207,-64,-231,-84,-223,-95,-213,-104,-203,-113,-192,-123,-179,-130,-166,-138,-153,-146,-139,-152,-123,-157,-109,-163,-92,-168,-76,-171,-60,-174,-42,-176,-26,-178,-9,-179]]]
618405	r	28.147,45.9448,29.0172,46.5832	[[[281470,462734,22,-157,806,-438,3829,-2082,1117,-608,28,2,76,9,54,72,174,80,1615,296,268,116,117,58,13,128,-177,437,-24,246,76,158,344,270,227,268,119,237,-56,218,-257,168,-333,219,-2,0,-171,159,-6,136,70,144,59,180,-9,157,-176,473,-81,367,62,281,204,220,714,333,-727,739,-208,212,-6395,-389,-111,-83,-214,-181,-196,-190,-73,-82,93,-126,40,-25,42,9,35,-10,13,-83,1,-310,-11,-83,-59,-76,-141,-49,72,-136,-47,-57,-18,-6,-73,-22,-66,-46,-58,-305,-47,-43,-120,-28,-25,-73,41,-203,9,-123,-16,-34,-135,-208,-120,-82,-95,-34,-93,-20]]]
617076	r	26.8827,47.8853,27.6686,48.4362	[[[268827,482192,150,-102,63,-75,40,-170,97,35,114,110,90,58,125,-73,50,-115,75,-106,345,-88,0,-87,-114,-75,-196,-8,0,-62,274,-110,187,-43,124,69,86,-26,91,-51,52,-51,0,-8,-6,-49,-105,-92,-26,-55,74,-245,175,-192,240,-144,261,-102,0,-74,-203,-63,10,-42,15,-37,19,-35,24,-28,257,76,131,-127,91,-137,135,52,116,-89,10,-93,-69,-88,-119,-72,210,-114,63,-23,0,-62,-176,-162,109,-91,226,-85,148,-119,83,-13,274,-31,276,-18,277,-6,277,6,276,18,274,31,270,42,265,54,66,17,2258,4082,-15,19,-147,158,-161,151,-176,144,-190,136,-202,128,-215,118,-225,108,-236,99,-244,87,-253,77,-97,25,-323,-183,-167,-56,-137,35,-284,178,-192,33,-362,-124,-541,-454,-54,-46,-379,-131,-328,12,-1070,271,-208,88,-15,3,-45,-22,-157,-87,19,-57,-4,-66,7,-40,33,-56,13,-50,-54,-25,-121,17,-110,-6,-68,27,-72,9,-95,-67,-25,-3,-149,-122,-161,-151,-147,-158,-130,-164,-115,-170,-98,-174,-80,-178,-63,-182,-16,-63]]]
618120	r	28.9339,46.3571,29.8749,46.7951	[[[289339,466035,10,-67,51,-214,45,-134,727,-739,31,14,356,92,190,50,878,344,204,-1,11,0,160,-140,66,-215,8,-846,-20,-118,-63,-96,-90,-93,-69,-96,3,-104,170,-101,222,94,363,279,122,30,68,-15,51,15,68,128,6,91,-48,202,32,121,176,204,141,-33,234,-345,179,-183,126,3,435,463,186,142,199,77,9,3,233,-27,55,-61,18,-65,-20,-69,-53,-70,-56,-79,-20,-78,18,-75,58,-71,152,-44,314,-41,139,-37,142,-88,138,-219,136,-126,156,-66,170,-13,165,43,134,95,74,163,-49,245,64,63,283,2,202,54,109,148,3,281,129,-154,470,-311,162,136,183,177,165,184,148,191,129,197,111,203,91,208,20,58,-332,168,-2691,1364,-4813,818,-932,-639,-642,-1277]]]
617302	p	618426
617993	p	618426
618329	r	28.0269,47.6263,28.6791,48.025	[[[280269,479310,2382,-3040,249,-6,255,6,255,17,252,28,248,39,245,50,239,61,233,71,225,82,217,91,208,100,197,109,187,118,174,126,162,134,149,140,68,74,577,1594,-20,140,-42,170,-58,168,-74,165,-90,162,-106,157,-120,152,-30,32,-5344,0,-638,-940]]]
618370	r	27.4568,47.8385,28.0907,48.3032	[[[274568,479274,25,-38,121,-152,135,-146,149,-140,162,-133,175,-126,187,-118,65,-36,4682,925,638,940,-1415,2608,-135,34,-245,50,-249,39,-253,29,-254,16,-256,6,-256,-6,-254,-16,-253,-29,-249,-39,-245,-50,-239,-60,-82,-25,-1954,-3533]]]
