1070940	n	47.0825,-19.3443,47.9022,-18.5738	[[[470825,-189800,12,-222,34,-219,56,-215,79,-209,100,-201,119,-190,139,-178,157,-165,172,-149,188,-132,199,-114,211,-95,220,-75,226,-54,230,-32,233,-11,233,11,230,32,226,54,220,75,211,95,199,114,188,132,172,149,81,85,650,-1836,1100,-293,68,16,439,149,421,190,400,228,374,264,238,207,372,5762,-1896,-930,-56,213,-78,209,-100,201,-119,190,-139,178,-156,165,-173,149,-187,132,-200,114,-210,95,-219,75,-226,54,-230,32,-233,11,-233,-11,-230,-32,-226,-54,-219,-75,-210,-95,-200,-114,-187,-132,-173,-149,-156,-165,-139,-178,-119,-190,-100,-201,-78,-209,-57,-215,-17,-108,-10,9,-155,-53,-211,-95,-199,-114,-188,-132,-172,-149,-157,-165,-139,-178,-119,-190,-100,-201,-79,-209,-56,-215,-34,-219,-12,-222]]]
1053384	n	49.1637,-18.3734,49.4577,-17.9239	[[[491637,-181500,11,-222,34,-219,56,-215,79,-209,99,-201,119,-190,138,-178,156,-165,172,-149,186,-132,199,-114,210,-95,218,-75,225,-54,117,-16,185,1479,305,554,100,63,101,39,61,57,-23,114,-47,73,-112,128,-46,72,-41,137,-13,172,13,175,438,1361,-116,28,-229,32,-232,11,-232,-11,-229,-32,-225,-54,-218,-75,-210,-95,-199,-114,-186,-132,-172,-149,-156,-165,-138,-178,-119,-190,-99,-201,-79,-209,-56,-215,-34,-219,-11,-222]]]
1069166	n	46.7912,-20.0961,47.2687,-19.6439	[[[467912,-198700,12,-222,34,-219,57,-215,79,-209,100,-201,120,-190,140,-178,157,-165,174,-149,188,-132,201,-114,212,-95,221,-75,227,-54,232,-32,234,-11,234,11,232,32,227,54,221,75,212,95,201,114,188,132,174,149,157,165,140,178,120,190,100,201,79,209,57,215,34,219,11,211,-790,936,-32,16,-7,31,-1041,1233,-51,13,-232,32,-234,11,-234,-11,-232,-32,-227,-54,-221,-75,-212,-95,-201,-114,-188,-132,-174,-149,-157,-165,-140,-178,-120,-190,-100,-201,-79,-209,-57,-215,-34,-219,-12,-222]]]
1062663	n	46.0869,-15.9455,46.5533,-15.5272	[[[460869,-157234,9,-188,34,-219,55,-215,78,-209,97,-201,118,-190,137,-178,153,-165,170,-149,184,-132,196,-114,207,-95,216,-75,222,-54,221,-31,-36,42,-352,699,-127,183,-159,157,-218,173,184,132,70,142,47,160,115,180,-80,88,-40,96,-14,105,-1,117,-49,68,-116,40,-251,32,-497,-2,-239,-45,-228,-89,-106,-63]],[[462990,-158157,182,-106,88,-19,322,19,249,-86,415,-376,197,-85,126,-218,111,80,170,149,153,165,137,178,118,190,97,201,78,209,55,215,34,219,11,222,-11,222,-34,219,-55,215,-78,209,-97,201,-118,190,-137,178,-153,165,-170,149,-184,132,-82,48,-452,-494,-446,-343,-189,-192,-112,-366,-145,-273,-33,-162,49,-75,115,0,137,18,109,-12,109,-154,-44,-195,-265,-402,-120,-103,-119,-65,-18,-67]],[[463320,-159455,109,5,63,9,-32,54,-81,25,-57,-66,-2,-27]],[[463856,-159021,70,-180,5,-144,162,56,207,95,17,10,-5,7,-192,180,-264,-24]]]
1064890	r	46.7798,-21.7407,47.4002,-21.1593	[[[467798,-214500,7,-190,20,-189,33,-188,46,-185,59,-182,71,-178,84,-174,96,-167,107,-162,118,-154,129,-147,139,-139,148,-130,157,-121,165,-111,172,-100,179,-90,185,-78,190,-67,194,-56,198,-43,200,-31,202,-18,203,-7,203,7,202,18,200,31,198,43,194,56,190,67,185,78,179,90,172,100,165,111,157,121,148,130,139,139,129,147,118,154,107,162,96,167,84,174,71,178,59,182,46,185,33,188,20,189,7,190,-7,190,-20,189,-33,188,-46,185,-59,182,-71,178,-84,174,-96,167,-107,162,-118,154,-129,147,-139,139,-148,130,-157,121,-165,111,-172,100,-179,90,-185,78,-190,67,-194,56,-198,43,-200,31,-202,18,-203,7,-203,-7,-202,-18,-200,-31,-198,-43,-194,-56,-190,-67,-185,-78,-179,-90,-172,-100,-165,-111,-157,-121,-148,-130,-139,-139,-129,-147,-118,-154,-107,-162,-96,-167,-84,-174,-71,-178,-59,-182,-46,-185,-33,-188,-20,-189,-7,-190]]]
1055429	n	43.5997,-23.5642,43.9146,-23.1239	[[[435997,-231335,103,-588,43,-897,105,-348,38,-225,24,-55,80,-67,68,-17,63,-9,68,-37,425,-376,192,-242,266,-206,108,-138,32,-98,-4,-83,-62,-168,-46,-68,-154,-135,-17,-186,135,-261,12,-103,160,53,217,95,206,114,193,132,178,149,161,165,143,178,123,190,103,201,81,209,58,215,35,219,12,222,-12,222,-35,219,-58,215,-81,209,-103,201,-123,190,-143,178,-161,165,-178,149,-193,132,-206,114,-217,95,-226,75,-233,54,-237,32,-240,11,-240,-11,-237,-32,-226,-53]]]
1069129	r	48.9624,-12.6522,49.5857,-11.9878	[[[489624,-124002,14,-58,64,-208,78,-203,91,-198,104,-192,117,-185,128,-176,141,-168,151,-159,161,-149,171,-138,180,-126,187,-115,195,-102,202,-90,206,-77,212,-63,215,-49,218,-36,220,-21,221,-7,221,7,220,21,218,36,215,49,212,63,206,77,202,90,195,102,187,115,180,126,171,138,161,149,151,159,141,168,99,136,42,191,-1,-133,105,167,32,58,-271,596,-195,-234,-114,15,-129,157,-244,199,106,96,111,-10,121,-53,139,-33,76,50,-5,113,-58,125,-173,163,-42,76,-62,56,-151,26,-142,-13,-109,-46,-86,-84,-67,-131,-8,220,-74,134,-102,112,-96,154,-31,140,-5,116,-29,116,-289,446,-114,69,-183,-100,-47,-134,142,-281,-57,-173,-78,-52,-97,-17,-200,7,-99,26,6,60,44,68,14,51,-107,152,-81,70,-81,-43,-51,-85,-48,10,1,-7,-8,0,-4,-27,6,-4,-5,-13,-7,-6,-31,4,-9,-18,8,-23,-8,-18,15,-30,-8,-8,-12,-5,-27,39,-11,-1,-28,-24,0,-1,-33,89,-16,80,7,24,18,37,23,19,19,9,10,-5,-1,-24,26,-6,11,4,2,8,-13,8,18,40,-6,22,55,46,35,66,-81,85,-183,61,-206,30,-151,-3,166,300,29,118,-121,61,29,113,53,98,79,79,106,50,25,-134,74,-141,112,-107,136,-33,74,62,69,115,74,86,92,-18,378,-415,59,5,-22,149,-179,370,-40,299,27,259,-26,243,-197,254,-66,119,-2,288,-52,111,-53,5,-221,7,-221,-7,-220,-21,-218,-36,-136,-31,8,-31,34,-61,13,-32,-29,-26,-102,-44,-44,-49,-64,-54,-63,-68,-39,-101,201,-42,148,-169,77,-217,-11,-194,-74,75,-68,-75,-327,450,-151,104,-147,-169,-402,-127,-135,-183,369,18,110,-18,79,-48,43,-61,33,-58,50,-43,112,-31,76,7,67,-16,86,-98,60,-133,-24,-53,-99,-17,-67,-61,-80,-45,-77,-63,-54,-111,-7,-111,29,-81,34,-73,12,-77,-56,-186,-114,-162,-150,-54,-164,135,-141,-144,-128,-245,-130,-137,-147,179,-118,-146,-122,-75,-104,-85,-66,-179,-126,58,-142,-37,-128,-97,-88,-127,-18,-81,18,-141,0,-52,-114,-215,-20,-52]]]
1056899	r	49.8026,-14.6112,50.2136,-13.9122	[[[498026,-142700,8,-234,23,-234,40,-231,54,-229,70,-224,85,-220,99,-214,113,-206,127,-200,140,-190,153,-182,164,-171,176,-160,185,-149,196,-137,204,-124,212,-110,219,-97,225,-83,60,-17,1511,237,-55,832,-126,477,-17,175,24,155,96,309,124,768,-7,287,-168,299,-250,225,-69,117,-23,208,14,352,27,180,93,279,10,356,-28,288,-200,743,-37,703,-38,-1,-240,-23,-237,-38,-234,-53,-230,-68,-225,-83,-219,-97,-212,-110,-204,-124,-196,-137,-185,-149,-176,-160,-164,-171,-153,-182,-140,-190,-127,-200,-113,-206,-99,-214,-85,-220,-70,-224,-54,-229,-40,-231,-23,-234,-8,-234]]]
1064121	p	1070940
1071296	r	49.939,-15.2318,50.4584,-14.5875	[[[499390,-149000,7,-217,22,-216,36,-214,51,-212,65,-207,78,-204,92,-197,106,-192,118,-184,130,-177,141,-168,153,-158,163,-149,172,-137,181,-127,190,-114,197,-103,203,-89,209,-77,213,-63,218,-49,220,-35,222,-22,223,-7,223,7,222,22,220,35,218,49,213,63,209,77,203,89,197,103,79,47,-74,41,-106,104,-83,339,-101,161,-485,576,-183,274,-715,1539,-120,638,-64,176,-78,130,-119,87,-267,132,-92,122,226,125,86,322,-29,364,-272,544,-18,277,-714,-112,-84,-37,-197,-103,-190,-114,-181,-127,-172,-137,-163,-149,-153,-158,-141,-168,-130,-177,-118,-184,-106,-192,-92,-197,-78,-204,-65,-207,-51,-212,-36,-214,-22,-216,-7,-217]]]
1055433	r	46.6672,-25.1703,47.1639,-24.7447	[[[466672,-250300,7,-187,20,-185,33,-185,47,-181,59,-179,72,-175,85,-170,82,-141,145,36,95,64,98,107,103,1,99,-35,81,-5,102,77,141,179,114,67,292,104,108,69,219,187,584,386,8,29,29,10,42,-5,14,-32,0,-23,41,-17,29,-34,-10,-28,-15,-11,3,-37,-10,-30,-23,-11,-46,-9,-5,-5,4,-7,90,1,89,-15,29,-10,22,-23,3,-10,-15,-17,21,8,13,-12,30,-2,38,37,19,45,22,20,5,22,-8,3,-2,-24,-11,-13,-9,-5,-6,11,16,7,-4,6,-9,-4,265,293,8,-3,5,-7,-7,-9,18,1,16,-15,-8,-39,7,-5,19,9,3,15,15,11,2,27,-16,28,21,24,1,28,16,27,-9,10,119,131,282,240,170,98,294,103,73,83,42,195,-5,172,-23,155,9,146,87,141,1,-158,34,-148,68,-132,103,-113,113,250,-86,644,139,308,211,147,-101,66,-174,99,-181,88,-186,77,-192,66,-195,54,-200,43,-202,30,-203,18,-205,6,-205,-6,-203,-18,-202,-30,-200,-43,-195,-54,-192,-66,-186,-77,-181,-88,-174,-99,-166,-108,-158,-119,-150,-127,-140,-137,-129,-144,-120,-152,-108,-158,-96,-165,-85,-170,-72,-175,-59,-179,-47,-181,-33,-185,-20,-185,-7,-187]]]
1070661	r	46.7994,-20.1481,48.1652,-19.315	[[[467994,-193150,3864,-4578,7,-31,32,-16,2767,-3277,5248,-429,52,60,325,430,294,449,263,467,231,482,196,495,162,506,127,515,90,518,-3101,3623,-2941,786,-7616,0]]]
1079048	r	45.313,-25.5756,46.5467,-24.472	[[[453130,-251800,16,-463,50,-461,83,-457,116,-451,147,-444,179,-433,210,-422,240,-409,268,-393,18,-22,465,18,690,137,504,435,224,17,210,78,190,126,1002,863,292,147,86,-111,14,23,26,-1,42,23,42,45,17,5,10,14,88,46,7,15,53,20,49,32,20,0,34,34,31,5,8,18,59,25,45,37,6,14,58,42,67,24,104,61,34,5,12,15,30,7,33,18,68,16,9,15,28,3,25,33,113,44,12,15,31,8,109,56,37,32,18,-1,28,24,41,11,23,18,19,3,35,29,30,5,14,14,52,15,29,18,20,0,168,82,2,7,32,16,18,0,55,22,151,69,100,36,49,30,16,0,92,34,238,106,178,70,26,4,103,43,141,35,14,11,160,49,185,75,26,16,71,21,91,41,419,156,174,60,338,102,-102,120,1371,307,1156,30,445,-55,-1170,6239,-423,175,-476,163,-487,134,-495,105,-502,76,-506,45,-508,16,-508,-16,-506,-45,-502,-76,-495,-105,-487,-134,-476,-163,-463,-192,-448,-218,-432,-245,-413,-269,-393,-294,-371,-317,-348,-338,-322,-358,-297,-377,-268,-393,-240,-409,-210,-422,-179,-433,-147,-444,-116,-451,-83,-457,-50,-461,-16,-463]]]
1082243	r	48.5344,-14.2071,50.0234,-12.6952	[[[485344,-128902,2,-8,16,-5,12,-19,20,-14,43,3,16,-8,44,0,18,-11,23,-43,5,-19,-8,-17,28,9,6,-4,12,11,11,-6,16,-18,4,-28,15,-26,10,2,11,-12,12,-39,-2,-21,8,-12,44,-33,40,-4,24,-19,44,-52,14,-10,15,2,8,-6,13,-53,-9,-14,-10,-8,-1,-13,14,-15,22,-8,15,37,27,13,11,14,9,-2,9,13,20,63,80,20,7,26,-18,14,-29,-11,-23,-18,-12,16,4,10,-7,1,4,5,5,-3,0,23,25,16,4,10,43,18,11,17,-2,14,14,16,19,10,18,0,17,-9,-1,-19,24,-11,-7,4,-2,39,-11,6,-1,30,4,21,24,10,-5,36,-8,13,-23,13,-16,23,-14,8,-9,17,5,107,43,12,-13,9,-20,-12,-7,4,-13,21,0,36,9,24,48,12,-3,12,-15,16,5,51,7,16,20,16,28,38,39,8,14,-18,-2,-12,13,-6,33,11,15,-3,-21,52,1,32,-7,24,3,38,12,41,9,5,6,-6,22,12,8,15,-6,19,-10,3,-13,-7,-19,10,-34,44,-4,19,9,4,-3,12,-65,50,-29,3,-23,-4,-19,-13,-10,-19,0,-18,13,-36,20,-14,5,-12,7,-104,-9,-87,-40,-142,-33,-61,-22,-23,-16,-1,-16,-9,-38,-43,-36,-11,-26,15,-6,-7,-6,3,40,-39,-23,-49,-20,-21,-2,-11,8,-12,-3,-10,-29,-32,-57,-39,2,-10,21,-20,12,-34,-2,-29,-10,-10,-45,-30,-34,0,-19,12,-6,32,-16,29,-48,66,-2,57,-23,18,-16,44,-36,22,-30,7,-8,8,2,15,-57,-7,-11,6,-25,-17,-5,-16,-21,-20,-24,4,-17,-9,-7,9,-21,-20,-18,5,-6,-10]],[[485715,-128412,6,-16,12,-10,22,-5,28,6,31,-10,-11,65,-6,9,-38,14,-40,-13,-4,-40]],[[485769,-136211,3,-26,7,-16,66,-83,14,-3,91,11,27,-12,6,-7,2,-1,40,-49,49,-81,8,-79,19,-30,97,-32,44,0,12,-5,39,-58,52,-37,19,-3,66,17,19,18,11,29,34,6,41,40,76,42,88,21,17,-14,21,-44,62,-33,37,-55,91,2,52,-12,43,-23,75,-20,58,-28,83,-68,7,-13,-30,-141,25,-6,36,32,45,-13,73,30,38,-44,41,-14,12,-39,33,-28,4,-20,-12,-62,19,-29,53,-39,-23,-49,3,-59,-26,-3,-10,-14,39,-47,6,-52,18,-40,56,-38,-3,-18,-25,-32,0,-9,19,-5,75,0,59,-21,68,46,58,6,35,-20,61,-70,66,-30,42,-111,-5,-25,-34,-31,-6,-13,-7,-53,29,-46,62,-17,131,-64,56,-9,23,-36,24,-8,9,-10,31,-48,54,-23,92,-10,66,-33,66,-80,39,-27,104,3,37,12,35,-11,12,-46,1,-42,23,-41,31,-38,52,-33,42,-11,46,2,49,-23,89,-70,4,-28,8,-10,84,-37,16,4,22,26,38,16,69,-25,31,8,50,-14,42,-67,38,-14,37,-31,67,-34,6,-27,-5,-25,11,-13,50,-12,41,-37,6,-34,-19,-46,27,-67,15,-67,-57,-67,-1,-34,11,-24,32,-32,16,-33,-7,-12,-24,-14,-10,-23,-1,-30,-39,-40,-10,-30,0,-36,-21,-23,7,-30,-5,-24,-37,-38,-11,-27,21,-48,2,-41,9,-30,41,-100,11,-98,-18,-27,-42,-39,-14,-48,-73,-84,-7,-27,80,-51,34,-8,23,-16,10,-17,3,-66,59,-56,2,-29,-7,-29,-20,-36,-19,-11,-7,-12,3,-14,36,-35,-9,-98,-10,-18,4,-69,-9,-25,-20,-129,10,-24,17,-16,13,-92,-5,-15,-37,-44,-25,-56,2,-14,24,-29,6,-86,-8,-13,-59,-38,-7,-29,6,-37,-2,-3,0,-2,-9,-17,-14,-6,18,-65,27,-56,8,-47,14,-20,21,21,8,37,14,24,18,8,20,-5,19,-31,10,-32,22,-10,22,4,22,-11,42,-2,32,-22,24,-7,37,-30,52,-3,59,-44,52,-75,31,-22,104,-43,16,2,63,37,51,-9,76,-45,12,-56,19,-27,51,4,23,-20,39,-12,54,-47,24,-7,28,3,14,9,25,21,25,42,31,14,25,4,22,-8,23,0,34,20,115,-36,53,-52,14,-5,62,45,47,20,44,29,67,18,48,49,16,77,-27,73,11,107,-21,65,-3,32,66,90,18,46,46,66,3,39,-17,60,6,10,14,4,74,-14,46,11,71,40,80,66,29,105,79,189,1,36,-14,45,9,87,-3,45,9,11,31,-2,20,8,21,41,28,34,42,92,34,45,1,26,-49,45,-4,81,15,30,66,60,15,47,17,24,30,27,26,8,110,-12,32,3,20,15,355,-408,7423,6984,-97,12,-111,-56,-121,-35,-136,78,-42,148,35,428,-30,174,-272,390,-39,126,-10,160,-48,202,-10,152,88,806,-20,536,-52,98,-231,269,-53,145,-40,204,-104,86,-136,43,-135,73,-115,141,-9497,2328,50,-432,39,-112,65,-138,83,-121,201,-234,57,-128,-22,-268,-107,-435,-44,64,-2,-72,-9,-40,-50,-99,-33,-100,-41,-89,-24,-82,-1,-54,-21,-25,-21,0,-28,-34,-5,-54,-25,-15,-29,-29,-35,-104,-7,-72,-20,-47,-25,-7,-25,-20,-26,-29,-81,-121,-7,-20,8,-26,20,-18,10,-40,-15,-13,-18,-1,-58,11,-20,-14,-77,-109,-10,-34,-41,-41,-17,-116,-32,-27,-17,-34,0,-24,-8,-13,-16,-19,-25,-9,-88,-100,-9,-40,-5,-4,-18,4,-3,-16,-22,-34,-18,-6,3,-17,-27,-65,-29,-40,-21,-7,-32,-88,10,-1,-8,-80,-20,-33,-23,-8,-15,-20,-15,-43,1,-54,-7,-16,-25,-19,-8,-22,-17,-89,-58,-33,-28,-87,-3,-28,35,-36,-34,-116,3,-32,17,-18,4,-16,-5,-56,-17,-28,-27,-21,-13,-28,8,-83,-3,-51,-21,-40,-5,-102,-13,-21,-8,-34,6,-46,63,-76,-10,-72,-20,-62,23,-94,1,-98,12,-100,32,-150,-25,-21,-19,-31,-67,-76,-11,-47,2,-26,-31,-40,-29,-71,0,-60,-20,-10,-11,-44,-47,-74,-16,-42,-60,-76,-5,-21,-2,-24,33,-47,7,-53,20,-57,9,-15,43,-19,69,-61,4,-24,-3,-14,-132,-164,-327,-277,-119,-67,13,-16,-38,-22,-72,-22,-17,-14,-12,1,-8,-4,1,1,-94,-46,-13,-17,-30,-1,-18,-12,-12,-29,-25,-33,-12,-6,-25,5,-54,-4,-60,-34,-49,-10,-103,22,-29,24,-18,6,-30,-10,-5,-7,1,-1,-32,-50,-49,-52,11,-41,0,-27,-33,-3,-59,-51,-71,-95,-5,-28,38,-28,29,-3,12,12,5,32,8,10,25,9,79,3,44,-28,-1,-9,-29,-35,5,-40,22,-28,15,-4,27,8,43,-5,27,-15,1,-9,-15,-12,-25,4,-5,-7,6,-37,30,6,10,-20,-13,-38,13,-28,-15,-28,23,-14,9,1,-2,22,34,36,11,-51,11,-1,7,10,9,-35,23,24,-8,-42,22,-11,20,-1,1,-26,18,19,10,-25,-5,-8,-15,0,9,-23,-10,-13,7,-34,-24,11,-12,-9,0,-11,9,-3,-1,-11,15,-13,-7,-4,-20,6,10,-11,-6,-13,11,-9,8,3,4,24,9,-8,14,4,-1,-28,-12,-36,-8,-4,-5,9,-8,-2,30,-58,-9,-18,1,-16,-11,-11,3,-10,-46,-23,-68,-17,-97,-82,-3,-20,13,-15,44,-11,-6,-80,-17,-14,3,-18,-11,-5,-16,-45,-11,-12,-18,6,-10,-6,-10,-20,3,-5,-10,-5,-4,-17,-14,-13,9,-7,0,-13,-18,-24,-23,-14,-17,0,-12,-10,-26,15,-3,-7,-3,0,-1,-2,0,2,-2,0,-13,36,-9,0,-39,79,-18,11,-16,36,-31,23,-23,1,-3,-8,-20,-9,-24,-3,-13,-9,-1,-9,-22,-9,-10,-14,-7,-3,-4,-5,-6,1,-11,-5,-6,-9,-11,-32,-11,-7,-16,5,6,2,-3,5,-31,0,-7,6,-6,-4,-3,-28,-11,10,-16,-13,-16,-3,-14,8,-30,-21,8,-13,-8,-19,4,-11,-40,-24,-8,-13,1,-13,18,3,11,-12,19,-8,7,-27,8,-1,-40,-32,-31,2,-14,-9,-10,3,-20,26,-9,0,-25,-17,-48,5,-63,25,-12,-15,11,-9,3,-14,-6,-12,-74,-7,3,-49,-4,-11,-1,-90]],[[486009,-129650,9,-49,12,-10,15,-2,22,12,5,39,-16,35,-29,-4,-18,-21]]]
1083724	r	47.7602,-14.5193,49.2811,-13.303	[[[477602,-139463,13,-15,16,-87,16,-17,14,7,25,-5,14,11,17,20,12,30,19,12,3,11,32,14,-9,18,-4,48,-22,16,-20,29,-15,40,-16,5,-30,-8,-37,-37,-15,-58,-11,-3,4,-17,-6,-14]],[[477772,-140016,13,-1,20,-17,13,-30,12,-68,8,-7,6,-40,17,-40,8,-43,-11,-105,11,-41,38,-22,40,-49,7,0,-7,17,7,10,35,5,58,-4,26,-17,22,-5,31,-33,39,-21,19,2,20,-11,25,1,22,-16,15,4,40,-6,20,-10,-17,23,2,20,-26,34,-13,31,-1,32,-22,22,-16,49,-72,137,-4,21,-40,46,-42,21,1,25,-37,35,-7,35,-18,22,2,55,10,19,-76,74,-45,79,-18,66,-17,11,-23,-39,-13,-40,-6,-52,14,-35,2,-54,-44,-70,-19,-2,-9,-18]],[[478047,-135958,5,-13,19,1,7,10,33,11,8,10,21,-10,29,-35,14,-7,7,10,11,-4,1,14,19,10,-6,27,-22,18,-24,33,-5,34,-7,-6,-12,13,-17,-4,-6,-22,-11,-10,13,0,16,-10,-14,-36,-7,-5,-16,7,-18,-5,-38,-31]],[[478584,-137644,7,-21,-6,-46,7,-32,12,-5,6,-26,8,-8,17,-123,35,-68,15,-5,11,-37,-1,-23,47,-98,1,-65,-16,-83,28,-69,4,-22,20,-18,7,-37,16,-20,21,-87,3,-112,7,-37,8,-33,22,-5,12,-12,14,-134,22,-31,8,-78,10,-19,26,-20,14,3,9,-5,37,-38,99,-39,63,-69,118,-8,89,-39,70,-20,41,-32,17,-23,21,-57,43,-75,79,-70,35,-17,74,-20,153,-23,60,-20,46,-25,56,-42,32,-46,0,-2,-673,-342,-73,4,-27,14,-44,-28,-52,-16,-8,-43,21,-37,28,-30,39,-8,29,-18,19,4,54,-13,144,-113,19,-30,13,-7,19,-37,50,-51,-6,-28,-11,-7,15,-14,80,-17,33,-21,16,-23,26,-2,78,-44,52,-19,71,-45,65,3,32,-12,16,1,26,15,1,14,45,31,6,0,31,-10,5,-14,13,8,130,-43,89,-178,28,-230,0,-232,-62,-213,-270,-360,-55,-164,9227,-3153,124,65,553,336,529,371,503,404,476,435,99,104,1177,3034,-355,408,-20,-15,-32,-3,-110,12,-26,-8,-30,-27,-17,-24,-15,-47,-66,-60,-15,-30,4,-81,49,-45,-1,-26,-34,-45,-42,-92,-28,-34,-21,-41,-20,-8,-31,2,-9,-11,3,-45,-9,-87,14,-45,-1,-36,-79,-189,-29,-105,-80,-66,-71,-40,-46,-11,-74,14,-14,-4,-6,-10,17,-60,-3,-39,-46,-66,-18,-46,-66,-90,3,-32,21,-65,-11,-107,27,-73,-16,-77,-48,-49,-67,-18,-44,-29,-47,-20,-62,-45,-14,5,-53,52,-115,36,-34,-20,-23,0,-22,8,-25,-4,-31,-14,-25,-42,-25,-21,-14,-9,-28,-3,-24,7,-54,47,-39,12,-23,20,-51,-4,-19,27,-12,56,-76,45,-51,9,-63,-37,-16,-2,-104,43,-31,22,-52,75,-59,44,-52,3,-37,30,-24,7,-32,22,-42,2,-22,11,-22,-4,-22,10,-10,32,-19,31,-20,5,-18,-8,-14,-24,-8,-37,-21,-21,-14,20,-8,47,-27,56,-18,65,14,6,9,17,0,2,2,3,-6,37,7,29,59,38,8,13,-6,86,-24,29,-2,14,25,56,37,44,5,15,-13,92,-17,16,-10,24,20,129,9,25,-4,69,10,18,9,98,-36,35,-3,14,7,12,19,11,20,36,7,29,-2,29,-59,56,-3,66,-10,17,-23,16,-34,8,-80,51,7,27,73,84,14,48,42,39,18,27,-11,98,-41,100,-9,30,-2,41,-21,48,11,27,37,38,5,24,-7,30,21,23,0,36,10,30,39,40,1,30,10,23,24,14,7,12,-16,33,-32,32,-11,24,1,34,57,67,-15,67,-27,67,19,46,-6,34,-41,37,-50,12,-11,13,5,25,-6,27,-67,34,-37,31,-38,14,-42,67,-50,14,-31,-8,-69,25,-38,-16,-22,-26,-16,-4,-84,37,-8,10,-4,28,-89,70,-49,23,-46,-2,-42,11,-52,33,-31,38,-23,41,-1,42,-12,46,-35,11,-37,-12,-104,-3,-39,27,-66,80,-66,33,-92,10,-54,23,-31,48,-9,10,-24,8,-23,36,-56,9,-131,64,-62,17,-29,46,7,53,6,13,34,31,5,25,-42,111,-66,30,-61,70,-35,20,-58,-6,-68,-46,-59,21,-75,0,-19,5,0,9,25,32,3,18,-56,38,-18,40,-6,52,-39,47,10,14,26,3,-3,59,23,49,-53,39,-19,29,12,62,-4,20,-33,28,-12,39,-41,14,-38,44,-73,-30,-45,13,-36,-32,-25,6,30,141,-7,13,-83,68,-58,28,-75,20,-43,23,-52,12,-91,-2,-37,55,-62,33,-21,44,-17,14,-88,-21,-76,-42,-41,-40,-34,-6,-11,-29,-19,-18,-66,-17,-19,3,-52,37,-39,58,-12,5,-44,0,-97,32,-19,30,-8,79,-49,81,-40,49,-2,1,-6,7,-27,12,-91,-11,-14,3,-66,83,-7,16,-3,26,1,90,4,11,-3,49,74,7,6,12,-3,14,-11,9,12,15,63,-25,48,-5,25,17,9,0,20,-26,10,-3,14,9,31,-2,40,32,-8,1,-7,27,-19,8,-11,12,-18,-3,-1,13,8,13,40,24,-4,11,8,19,-8,13,30,21,14,-8,16,3,16,13,11,-10,3,28,6,4,7,-6,31,0,3,-5,-6,-2,16,-5,11,7,11,32,6,9,11,5,6,-1,4,5,7,3,10,14,22,9,1,9,13,9,24,3,20,9,3,8,23,-1,31,-23,16,-36,18,-11,39,-79,9,0,13,-36,2,0,0,-2,1,2,3,0,3,7,26,-15,12,10,17,0,23,14,18,24,0,13,-9,7,14,13,4,17,10,5,-3,5,10,20,10,6,18,-6,11,12,16,45,11,5,-3,18,17,14,6,80,-44,11,-13,15,3,20,97,82,68,17,46,23,-3,10,11,11,-1,16,9,18,-30,58,8,2,5,-9,8,4,12,36,1,28,-14,-4,-9,8,-4,-24,-8,-3,-11,9,6,13,-10,11,20,-6,7,4,-15,13,1,11,-9,3,0,11,12,9,24,-11,-7,34,10,13,-9,23,15,0,5,8,-10,25,-18,-19,-1,26,-20,1,-22,11,8,42,-23,-24,-9,35,-7,-10,-11,1,-11,51,-34,-36,2,-22,-9,-1,-23,14,15,28,-13,28,13,38,-10,20,-30,-6,-6,37,5,7,25,-4,15,12,-1,9,-27,15,-43,5,-27,-8,-15,4,-22,28,-5,40,29,35,1,9,-44,28,-79,-3,-25,-9,-8,-10,-5,-32,-12,-12,-29,3,-38,28,5,28,71,95,59,51,33,3,0,27,-11,41,49,52,32,50,-8,1,-118,34,-126,20,-124,-30,-120,-53,-100,-15,-93,20,-504,195,-125,-75,-29,1,-16,19,7,10,-7,28,-21,12,-19,22,2,17,-16,23,-2,24,-44,59,-35,-3,-24,6,-9,7,5,13,-5,2,-19,-19,-11,1,-34,31,-27,40,-10,-37,-17,-16,-36,27,-30,-6,16,21,32,-9,17,7,21,36,16,0,11,-11,12,3,-2,26,33,59,-12,-6,-12,5,-8,-6,-10,6,-11,-8,-23,23,-15,-1,-15,21,-20,3,-27,14,-34,2,-4,-18,-9,1,2,20,34,10,4,31,10,6,-1,5,-23,-2,-6,6,1,9,28,26,-13,34,-42,-11,-29,3,-10,14,-41,-10,-13,15,13,-44,8,0,2,-6,-26,-8,-9,-17,-16,5,-22,-27,6,-9,-10,5,-4,9,15,19,-12,35,6,4,11,-20,2,5,-6,43,-10,14,-2,33,-15,3,4,-27,-31,-34,6,-22,22,-15,-6,-51,5,-13,-24,-36,-5,-37,-10,-23,41,-24,9,-46,-12,-30,14,-4,3,-22,11,7,17,-14,2,-14,8,4,5,-5,6,-76,-12,-8,17,1,8,-7,4,-43,14,-3,-22,-35,-8,-5,-18,5,-8,-6,2,-10,7,-14,8,8,7,-3,9,-17,2,-54,29,-29,26,9,24,-23,17,-57,4,-38,35,-21,10,-38,22,-37,1,-30,13,-30,39,4,23,-18,10,-17,7,-53,9,-11,3,-57,53,1,6,25,8,4,11,-13,9,-2,7,-12,-7,-6,-21,4,-3,-13,6,-15,12,-9,18,21,10,-10,3,-6,-3,-16,-36,-6,-4,-35,-12,-14,-19,3,-36,-9,-3,-10,30,-8,32,8,56,-39,13,1,6,-6,5,12,7,-3,-5,-13,-25,-16,1,-47,-7,-9,-20,-3,-3,-8,15,-7,14,-24,-1,-36,-14,-5,13,-7,-3,-25,8,-5,0,-14,12,8,23,-11,11,-34,19,-13,1,-2,-6,-1,-118,62,-231,198,3,-50,-6,-104,3,-49,-121,16,-185,-8,-188,-31,-128,-46,-61,-62,-54,10,-12,-15,-29,-15,-12,-18,-8,-34,-15,-11,-21,-2,-31,13,-33,-17,-47,-10,-30,-21,-6,-11,-4,-40,12,-22,18,-3,34,16,10,12,23,6,25,-9,16,-17,3,-41,-11,-23,-36,-30,-1,-14,18,5,-11,-24,-27,1,-2,-11,-10,-8,9,19,-11,22,-5,-5,-11,-24,17,-13,-4,-2,-17,16,14,36,-12,15,-11,3,-11,-8,-12,-38,-22,-18,-66,42,-17,-9,-4,5,12,10,-22,12,-10,-13,-5,-45,26,-34,49,-23,21,-17,8,-22,-19,-2,14,-23,0,-32,-44,63,4,-1,-14,17,-188,270,-54,27,-10,12,-9,22,-21,12,-11,18,-24,1,-4,10,-9,-29,-44,-52,-12,-28,-65,-39,-38,-9,-17,3,-51,-21,-35,-99,-1,-58,18,-32,4,-21,21,-26,6,-48,6,-5,6,8,18,-2,25,-43,0,-20,10,-27,29,-23,69,-20,32,-29,10,-18,53,-19,3,-26,-30,-21,2,-12,8,-2,22,21,25,1,9,-8,-1,-5,-2,6,-13,3,13,-13,-2,-10,-2,0,-16,15,-9,-4,-13,-19,-21,-9,-36,15,-10,-9,10,-13,-2,-13,-23,6,0,-24,11,-38,-13,-47,-11,-4,-24,7,-20,-11,-16,-19,-10,-1,-32,23,-23,2,-87,-121,6,-31,-11,-17,-24,-77,-19,-28,37,-36,-4,-31,-24,-15,-26,-4,-16,-22,4,-24,13,-17,52,-1,-5,-15,6,-25,-10,-35,21,-32,-26,-46,-60,-57,3,-21,-15,-24,4,-28,24,-25,28,-60,-5,-34,-14,-23,8,-20,0,-51,-27,-37,-21,-77,-7,-105,-23,-79,-5,-42,29,-62,6,-19,-5,-10,10,-6,-4,-12,10,-44,40,-16,8,-11,23,-1,42,-33,-1,-35,-36,-9,-39,-27,-48,-16,48,-99,-23,-15,19,-23,-53,64,-9,7,-12,-1,-2,-10,11,-9,-1,-9,-26,-26,21,-9,7,-13,-4,-2,-1,2,-14,4,-1,-10,-11,-13,-93,-60,-283,-71,-222,54,-297,142,-261,189,-111,201,104,122,23,76,-20,7,13,0,7,10,-11,36,4,16,-15,25,-18,15,-13,-5,-12,-22,-31,-6,3,-13,34,4,19,-42,19,-17,-135,48,-31,54,-8,68,0,68,-26,168,-118,308,-163,-98,-1,13,24,34,24,108,22,29,-4,46,17,21,-5,24,9,28,-7,28,-32,20,-8,1,-11,-19,-37,-3,-7,-4,2,-7,-17,-1,-2,11,-14,12,2,57,23,28,3,46,-22,41,37,32,5,34,27,43,-10,13,-36,20,-58,-6,-90,3,-8,-2,-9,-15,-5,-17,-40,-2,-18,-14,-43,-14,-11,8,-24,3,-10,-10,11,-7,-10,-3,-14,9,-1,14,10,14,28,4,1,16,-37,35,-4,18,1,9,24,17,-2,12,10,18,-24,26,-16,-18,-34,-1,-9,-57,-39,-17,-45,-3,-3,-7,0,-19,-11,-17,-3,-20,10,-35,16,-13,-7,-23,-33,-19,-107,-14,-53,-23,-40,-30,0,-60,5,-26,12,-19,-3,-31,-21,17,-6,14,1,38,-10,56,4,23,97,68,26,40,57,2,-11,45,0,30,-28,26,-2,14,21,25,22,-6,7,33,-5,12,39,33,-22,11,-22,31,-37,-2,-29,-58,5,-33,-24,-8,-27,29,26,46,-3,12,-24,-12,-14,28,-41,-11,-12,7,7,26,-9,9,2,10,10,2,13,-19,5,2,-10,24,3,9,62,-46,19,10,31,4,19,23,19,0,8,13,-11,22,-38,15,-34,1,-35,30,-12,16,4,22,-17,4,-17,20,7,18,21,7,0,11,-38,17,-36,26,-8,38,24,31,-6,47,-35,50,-34,33,-6,21,24,34,2,26,-20,10,-19,-11,-26,6,-23,-22,-49,-16,-12,5,-12,22,-23,-3,-14,10,-43,7,-31,20,-16,1,-75,-12,-36,-15,-31,5,-21,-8,-40,-33,15,-62,13,-11,69,-26,46,11,23,-2,18,-25,24,4,9,-17,-2,-9,16,1,8,-7,-1,-26,-21,3,8,-9,22,2,17,21,24,-16,9,-10,1,-22,-28,-4,-2,-11,22,-10,9,-24,14,-2,35,-27,4,-24,22,-2,9,-34,46,-8,-2,-20,-29,-3,-17,-11,5,-42,-13,-27,-52,46,6,16,-4,9,-31,2,-14,40,-15,-6,-27,2,-10,-18,18,-21,-26,-15,-5,27,-11,5,-8,-6,-15,-17,0,-9,15,-19,-54,12,6,-16,-16,-3,-11,8,-19,-10,10,-24,30,-3,3,-11,23,-17,35,-2,9,-6,0,-9,-4,-8,-23,0,-8,-7,10,-36,-3,-11,-12,2,-13,31,-23,-2,8,21,-3,8,-21,-12,-13,4,-5,-4,2,-13,-17,-22,-6,-1,-3,8,4,8,-16,2,14,23,-11,0,-10,-15,-16,1,13,-20,12,1,25,-31,3,-28,-6,-3,-17,11,-8,16,-24,10,-6,28,-33,11,-18,-39,22,-42,-3,-25,6,-8,15,-14,17,9,8,-4,4,-21,-17,-9,-12,-1,-4,10,-17,8,-14,-4,-12,15,-12,2,-23,-9,-10,8,0,9,20,22,-2,25,-10,30,-50,14,-5,20,16,43,-4,12,-6,-24,-11,-11,-12,-47,7,-21,-23,6,-7,-10,-31,-6,-2,-10,12,-19,-11,-10,-23,2,-5,-9,-14,8,-9,10,-8,30,8,48,12,13,24,6,0,17,29,12,17,30,-1,10,-32,2,-11,19,38,28,23,2,-23,24,-3,21,22,28,21,1,5,12,-10,4,-6,16,21,37,-37,-16,-40,-3,-13,-9,-2,-4,19,-13,2,-30,-12,-26,12,-22,-4,-11,-21,-5,-13,14,-1,13,-15,24,-8,2,-15,-11,-19,7,-15,-21,22,-25,-13,-8,-14,1,-1,-13,-24,-12,-12,6,-7,15,22,18,3,39,-20,-9,-4,7,-18,4,-16,17,-9,39,-31,8,-20,19,-2,20,17,11,6,40,15,21,26,6,4,9,-12,21,25,21,70,-17,9,26,23,-12,51,41,4,23,10,15,40,7,22,-10,12,6,-38,48,-65,31,-17,23,-24,5,-81,59,-52,27,-11,16,4,42,-7,5,-4,20,-18,10,-19,-26,-21,-61,-8,-70,-41,-88,-38,-55,-12,-2,-28,-49,-46,-47,10,-19,30,-6,26,-19,0,-20,-19,-61,-88,-158,-5,-2,-3,6,-21,-8,-39,-25,-15,7,-10,-6,26,-13,49,17,26,-6,13,6,24,-20,43,-16,-20,-12,4,-43,-20,-92,-23,-15,-26,2,-18,9,-24,-17,-63,-16,-9,-13,-42,-8,-26,17,-80,15,-6,20,-33,16,-2,8,-31,-1,-14,6,-3,11,-39,-2,-7,9,-47,-22,-48,-3,-30,-11,-14,-36,14,0,2,-17,-26,-57,-35,-117,4,-122,-13,-152,-44,-166,-13,-146,-13,-64,-5,-113,-14,-28,-1,-67,-7,-38,26,-23,22,-10,17,-32,-26,-44,-41,-51,-26,-130,-28,-67,-17,-24,5,-9,-24,-60,-53,-89,-32,-33,-17,-28],[483896,-135801,20,-7,22,-15,7,0,-3,-10,-28,7,-18,25]],[[479070,-140997,195,-113,152,-239,100,-275,35,-221,394,-135,17,128,40,127,83,93,64,96,-13,130,-62,80,-81,44,-87,33,-80,41,-411,289,-215,59,-131,-137]],[[480112,-135674,28,2,6,16,45,11,10,-15,15,-10,-22,-5,-3,-14,-12,-1,-4,-8,65,-9,5,-4,2,6,-10,9,14,11,-14,12,15,39,-13,-14,-16,-5,-25,19,-18,1,-14,47,-26,-2,-25,-43,3,-20,-6,-23]],[[480277,-135598,12,-20,7,-49,4,1,27,2,26,29,-12,32,-20,10,-6,-2,5,-10,-11,-5,-32,12]],[[480925,-135685,15,-19,2,4,-11,10,30,9,1,-31,12,23,-10,28,-3,40,-11,14,-17,-25,-8,-53]],[[483408,-135988,19,-57,43,-22,11,10,13,-3,1,16,18,29,-8,15,-30,1,-51,18,-16,-7]],[[483864,-135588,27,-18,18,-1,11,28,20,17,15,-3,17,-28,14,24,1,28,40,8,7,13,-28,9,-94,-49,-31,-5,-9,-3,-8,-20]],[[484556,-133090,7,-47,15,-1,19,-21,-11,-61,40,-20,22,3,41,-55,54,-132,2,-41,-9,-21,15,-12,1,-22,18,-9,18,6,22,-19,24,-56,20,-16,29,-64,20,-7,4,-19,4,5,12,-8,10,14,17,6,11,-27,36,1,29,-20,13,-39,32,-18,-2,27,4,12,11,5,7,53,27,13,19,-9,0,10,-40,40,-16,3,-30,29,-38,-1,-19,6,-14,-8,-19,0,-64,30,-45,36,-19,25,-28,58,-5,36,17,19,3,38,16,10,16,0,7,26,32,29,27,0,28,-12,-19,31,-12,49,16,25,18,-5,12,6,-12,1,-31,21,1,19,-34,20,-43,41,-12,18,13,38,-20,-3,-30,9,-41,-9,-30,1,-10,9,-6,-4,-8,18,-142,-60]],[[486723,-134420,4,-4,103,-22,49,10,60,34,54,4,25,-5,12,6,25,33,12,29,1,1,-321,-89,-24,3]],[[487221,-134260,8,4,12,-1,17,14,72,22,38,22,-13,16,-134,-77]]]
1058532	r	47.8551,-20.0215,49.1335,-18.1001	[[[478551,-193936,3101,-3623,2273,-2656,594,93,725,161,712,206,696,249,678,293,657,334,247,146,-1,78,22,233,341,1575,1263,3059,910,3132,366,531,200,438,-3919,5152,-2695,411,36,66,-7,18,-36,33,-18,72,9,21,19,20,7,27,-13,47,11,11,-6,23,10,31,-7,16,10,17,-13,18,-1,13,8,13,14,6,19,-4,28,5,7,3,-2,8,-41,32,7,12,-25,4,-18,17,-123,20,-161,81,-21,17,-86,11,-133,59,-45,13,-59,50,-26,10,-32,0,-37,-17,-34,-26,-95,-29,-69,-10,-15,-14,-41,41,-38,4,-25,-18,-23,41,-3,34,-39,28,-26,3,-55,-17,-16,3,5,32,-19,18,-10,57,-13,14,-21,4,-80,-9,-22,-18,0,-6,7,-36,-14,-32,-9,-53,9,-140,-2,-8,0,-7,-3,-4,-3,-8,-10,-6,-7,-7,-9,-2,-10,-5,-22,-1,-26,34,-24,14,-7,116,-36,119,15,35,-10,86,-34,41,-1,25,15,31,-20,15,4,47,-26,17,-9,18,16,22,-9,21,0,36,27,26,-10,17,26,54,-4,23,-19,43,3,14,30,37,18,43,8,52,27,48,-49,42,-1,61,-16,12,-43,13,3,10,32,15,5,25,-47,38,5,21,-10,27,6,70,15,22,44,14,59,-3,34,19,6,12,-3,47,-45,28,4,48,-10,47,12,112,17,39,-11,56,5,34,-14,39,6,14,20,14,8,32,-24,41,-20,5,-6,9,8,93,-7,27,3,10,4,1,1,1,28,11,5,12,-1,2,-31,14,-9,13,5,33,-18,50,17,37,-14,15,-43,10,-7,8,11,21,-2,17,-14,38,-14,20,-1,15,-12,6,-34,-3,-21,-24,-2,10,8,14,2,9,-19,21,-24,24,-10,7,-82,18,-13,-1,-43,-19,-46,-20,-9,-29,-3,-73,-44,-46,-13,-2,-62,30,-34,2,-99,-44,-98,-32,-192,-20,-16,4,-124,-23,-16,-24,11,-59,-10,-65,-29,-82,-9,-13,-64,7,-68,-11,-82,8,-19,-14,-45,-6,-79,-56,-19,-4,-3,29,-40,-79,-21,-20,-49,-83,-3,-25,23,-63,24,-12,5,-13,5,-59,-8,-27,-17,-16,-33,-15,-20,-17,-16,-59,9,-149,-11,-54,3,-33,-25,-68,4,-38,-54,-157,-96,-227,-82,-165,-31,-46,-31,-7,-63,-59,-47,-13,-167,8,-69,10,-71,22,-46,8,-44,38,-161,51,-57,26,-194,19,-100,-9,-88,-15,1,-47,59,-189,13,-64,0,-27,-30,-92,12,-41,19,-31,9,-39,-483,74,-726,-3261,-471,-7309]]]
1069579	r	44.1291,-19.5683,45.3882,-17.7734	[[[441291,-185353,281,-373,18,-28,55,-111,-3,-38,-19,-49,-16,-13,-26,6,-11,-9,9,-30,116,-180,68,-121,72,-148,168,-315,39,-99,29,-15,22,5,51,-85,-19,-23,5,-74,91,-179,106,-253,155,-410,40,-148,43,-250,15,-32,-17,-26,-7,-215,-16,-44,-43,-52,-53,-34,-25,-2,-23,-24,-12,-349,-17,-67,-23,-25,8,-37,-20,-82,-26,-57,-2,-102,19,-193,21,-110,9,-99,0,-37,-9,-41,5,-29,-5,-13,-68,-583,68,-342,174,-325,93,-115,46,-116,41,-77,-3,-25,12,-53,26,-38,26,-16,19,-19,106,6,556,-689,190,-327,79,-328,72,-116,474,-436,192,-296,149,-319,194,-638,5218,-868,81,29,605,261,587,299,565,335,540,370,431,337,1065,13693,-42,50,-455,462,-485,434,-514,402,-540,370,-565,335,-587,299,-605,261,-33,12,-4457,-3874,4,-4,48,-110,-7,-36,-23,-17,81,-110,38,-23,51,-74,134,-159,41,-102,8,-42,38,-66,-112,-65,-12,-18,-9,-25,1,-24,-22,-71,-49,-58,2,-99,-6,-66,-24,-59,5,-2,1,-17,21,-4,37,9,44,2,15,4,17,23,32,13,16,-7,20,8,40,-4,21,5,36,62,18,14,44,-5,36,-15,20,-16,59,-16,21,-17,32,-11,-4,-16,8,-52,-10,-76,6,-29,97,-137,16,-39,41,-51,1,-2,53,-37,44,-4,16,-16,-20,-30,-12,-36,6,-33,14,-25,-5,-31,-32,-72,-14,-18,-17,-7,-39,12,-40,36,-49,69,-64,37,-28,-14,-5,-52,-15,-36,-59,-30,-46,-6,-24,-10,-52,2,-48,63,-15,42,-42,16,-26,-5,-20,-26,-21,-66,-70,-73,-36,-6,-108,7,-36,-7,-68,25,-24,-7,-12,-31,-12,-101,10,-46,23,-37,-1,-33,-31,-60,-20,-10,-24,-28,-20,-69,3,-31,-11,-16,13,-32,21,-24,5,-19,-15,-7,-35,-2,-13,12,-20,6,-22,-15,-20,3,-30,-4,-13,-35,-11,-5,-77,8,-37,-11,-42,8,-47,-21,-28,-4,-16,9,-10,24,-31,-24,-79,-15,-34,0,5,48,-43,16,-24,23,-13,3,-10,21,-38,5,15,-26,-11,-22,-16,3,-6,11,-9,0,-9,-15,-26,-3,-13,-16,-2,-29,-15,-5,-28,28,-30,-13,-16,-22,-30,-14,-6,-21,-34,-25,40,-113,-1,-77,-76,-202,-76,-234,-51,-98,-11,-37,-21,-173,-151,120,-38,48,-37,-42,-30,0,-18,11,-36,46,-4,27,-19,12,-13,-8,-3,-44,-11,-13,-50,-21,-43,-35,-16,-3,-102,8,-69,-13,-25,14,-28,4,-60,30,-89,-27,-81,-40,-20,-36,-31,-32,-26,-35,-19,-22,-32,-46,-8,-19,2,-21,-23,-32,0,-7,-1,-2,-1,-13,9,-20,-27,-12,1,-21,-17,-7,-17,-51,4,-9,-14,-24,3,-23,-53,-74,-57,-25,-89,-5,-16,-10,-37,-4,-12,7,-24,-4,-24,18,-31,-4,-31,23,-9,55,-5,5,-1,4,-7,3,-2,2,-3,1,-11,5,-18,0,-44,8,-8,-4,-5,-14,-38,12,-15,39,-30,46,-39,17,-7,26,-29,4,-25,43,-53,5,-50,62,-39,14,-32,-14,-16,6,-6,-7,-7,13,-12,-15,-40,-1,-15,15,-57,-3,-20,-25,3,-28,-16,-1,-8,-17,-15,-11,-25,-4,-20,32,-23,17,-6,16,-17,4,-11,11,-37,0,-38,10,-17,45,-18,2,-13,16,-30,10,-19,15,-25,9,-14,-32,-20,13,-10,-1,-10,-26,-36,15,-24,2,-12,6,4,8,-11,8,-14,-12,-9,2,-9,16,7,10,-1,29,-8,11,-14,-21,11,-26,-6,-9,3,-23,-12,-5,-9,4,8,33,-7,6,-17,-8,1,-20,-8,-9,-16,34,-9,2,-9,-5,-8,-19,2,-18,22,3,6,-18,-23,-15,-2,-9,-32,-16,-8,0,-38,29,-4,-9,6,-36,-26,9,-13,-7,-7,-24,-25,-4,-9,-27,-22,-27,-50,20,-4,14,23,18,2,11,-23,16,-37,13,-19,-4,7,-30,76,-70,7,-20,-12,-30,-20,-22,-41,30,-24,48,-18,20,-30,-26]]]
1058381	r	43.7914,-21.3708,45.4645,-19.4815	[[[437914,-212480,224,-113,682,-292,701,-249,717,-206,729,-160,739,-116,745,-69,749,-23,749,23,745,69,739,116,729,160,717,206,701,249,682,292,661,333,636,373,609,412,579,449,546,484,512,516,475,546,437,575,395,601,353,624,309,644,264,662,217,677,171,688,122,698,73,704,24,707,-24,707,-73,704,-122,698,-171,688,-217,677,-264,662,-309,644,-353,624,-395,601,-437,575,-263,302,-2009,335,-5218,868,7,-25,40,-392,-132,-174,-221,-38,-80,-105,-24,-153,-50,-188,-59,-61,-174,-105,-47,-45,-14,-117,23,-95,36,-90,23,-102,11,-342,-32,-167,-81,-142,-77,-106,-191,-343,-39,-135,39,-172,102,-175,133,-155,135,-112,65,-22,143,-7,72,-39,48,-70,88,-278,185,-25,74,-333,-3,-429,-51,-306,-98,-228,-40,31,-20,46,-4,-2,-13,-26,-44,-160,-37,-64,-20,-54,-53,-74,-12,-36,4,-64,-17,-28,-35,-30,-25,-57,-10,-32,-66,-78,-10,13,2,13,13,14,0,13,-13,-1,-37,-75,-50,-67,-6,-14,1,-13,-193,-178,-2,0,-22,4,-32,-13,-16,0,-16,-16,-36,-57,-7,-26,7,0,26,51,39,37,41,4,-381,-351,-215,-315,-680,-1286,-2,-3,-31,-28,1,-20,-28,-12,-21,-48,-11,-51,-21,-42,-36,-41,-42,-66,7,-3,22,43,11,14,15,7,3,-17,22,-30,3,-12,-11,-40,-17,-3,-7,-12,4,-58,-4,-15,-12,-25,-3,-95,-25,-93,-29,-67,-93,-133,12,-39,-9,-29,-26,-17,-30,-8,-4,-9,-50,1,-56,-28,-99,-132,-27,0,-7,-18,-33,-8,-29,-18,-41,-40,-32,-49,-24,-22,-43,-18,-165,-150,-63,-45,-25,-34,-18,-41,-39,-5,-29,-19,-29,8,-39,-18,-18,-18,-54,-84,-52,-50,-81,-37,-26,-25,-36,8,-30,-14,-9,-20,-18,-175,-19,-58,-12,-12,-12,0,-6,-11,-19,-84,7,-98,-38,-147,-19,-53,-107,-187,-18,-58,-8,-128,-20,-67,10,-37,-9,-50,-5,-101,-36,-51,-16,-63,-41,-94,-18,-60,-6,-5,-24,3,-7,-7,-9,-26,-30,-212,-19,-67,-33,-83,-48,-89,-66,-148,-28,-38,-33,-23,-24,-35,-4,-28,10,-31,-4,-12,-33,13,-17,30,-17,-37,-62,-49,-180,-64,-95,-54,-32,-4,-14,-29,-2,-54,-11,-38,11,0,9,51,20,-4,5,-16,-25,-40,-20,-12,-6,-6,-53,-13,-52,14,-68,56,-3,9,13,1,0,6,-29,0,-2,9,-6,-5,-3,-14,8,-5,8,7,-2,-15,-10,-17,-12,-10,-14,-1,-7,-9,6,-27,-8,-30,-31,-36,4,-40,-24,-18,-28,-3,-25,-22,-19,-97,-48,-51,-71,-51,-27,-6,-24,-26,-87,-143,-76,-173,-92,-166,-28,-31,-63,-43,-21,-30,-15,-49,10,-25,-1,-20,-17,-28,-3,-33,-18,-23,-47,-188,-33,-82,-82,-136,-14,-58,-10,-88,-18,-61,-12,-134,-44,-91,-2,-37,-20,-24,-16,-1,13,-58,16,-194,-9,-134,-11,-63,-11,-14,-4,-66,25,22,23,34,39,22,-155,-796,-359,-937,-51,-294,-100,-249,-214,-237]]]
1076105	n	48.0768,-13.5491,48.5004,-13.1954	[[[480768,-135237,12,-19,75,-98,-18,67,-69,50]],[[481887,-132643,152,-55,5,-125,-55,-171,-39,-194,47,-427,66,-211,97,-120,35,-17,24,-23,27,-19,44,-1,0,135,69,0,134,-98,124,-55,363,-57,143,63,61,12,0,-24,18,-49,33,-49,49,-23,102,6,110,21,99,44,67,74,-12,126,-117,106,-139,91,-74,79,57,131,111,185,54,165,-121,70,-9,106,-74,223,-101,205,-87,51,104,172,10,168,-80,125,-174,49,-206,-10,-111,-47,-46,-115,-9,-205,33,-80,62,-79,49,-75,-13,-78,-77,-40,-102,10,-95,43,-67,62,-135,-55,-157,70,-147,42,-102,-132]],[[483333,-135463,7,-27,2,-1,38,9,65,39,12,28,7,9,-131,-57]],[[484804,-133744,38,9,10,-14,29,-3,42,11,13,-34,-28,-26,-1,-9,6,-6,23,2,1,-5,-10,-6,-4,-31,-34,-10,-2,-20,9,-1,4,18,34,-2,27,-14,20,-3,15,-21,8,1,-6,130,-10,64,-27,0,-11,27,-17,-6,-10,-14,-12,8,-4,-5,-4,19,-20,7,-29,64,-4,3,-27,7,-19,-140]]]
1063858	p	1070940
1082639	r	47.5537,-18.4535,48.9935,-16.9997	[[[475537,-178300,18,-543,56,-541,77,-446,4060,-3536,483,-74,-9,39,-19,31,-12,41,30,92,0,27,-13,64,-59,189,-1,47,88,15,100,9,194,-19,57,-26,161,-51,44,-38,46,-8,71,-22,69,-10,167,-8,47,13,63,59,31,7,31,46,82,165,96,227,54,157,-4,38,25,68,-3,33,11,54,-9,149,16,59,20,17,33,15,17,16,8,27,-5,59,-5,13,-24,12,-23,63,3,25,49,83,21,20,40,79,3,-29,19,4,79,56,45,6,19,14,82,-8,68,11,64,-7,9,13,29,82,10,65,-11,59,16,24,124,23,16,-4,192,20,98,32,99,44,34,-2,62,-30,13,2,44,46,3,73,9,29,46,20,43,19,13,1,82,-18,10,-7,24,-24,19,-21,-2,-9,-8,-14,2,-10,21,24,34,3,12,-6,1,-15,14,-20,14,-38,2,-17,-11,-21,7,-8,43,-10,14,-15,-17,-37,18,-50,-5,-33,9,-13,31,-14,1,-2,-5,-12,-28,-11,-1,-1,-4,-1,-3,-10,7,-27,-8,-93,6,-9,20,-5,24,-41,-8,-32,-20,-14,-6,-14,14,-39,-5,-34,11,-56,-17,-39,-12,-112,10,-47,-4,-48,45,-28,3,-47,-6,-12,-34,-19,-59,3,-44,-14,-15,-22,-6,-70,10,-27,-5,-21,47,-38,-5,-25,-32,-15,-3,-10,43,-13,16,-12,1,-61,49,-42,-27,-48,-8,-52,-18,-43,-30,-37,-3,-14,19,-43,4,-23,-26,-54,10,-17,-27,-26,0,-36,9,-21,-16,-22,9,-18,26,-17,-4,-47,20,-15,-15,-31,1,-25,34,-41,10,-86,-15,-35,36,-119,7,-116,24,-14,26,-34,22,1,10,5,9,2,7,7,10,6,3,8,3,4,0,7,2,8,-9,140,9,53,14,32,-7,36,0,6,22,18,80,9,21,-4,13,-14,10,-57,19,-18,-5,-32,16,-3,55,17,26,-3,39,-28,3,-34,23,-41,25,18,38,-4,41,-41,15,14,69,10,95,29,34,26,37,17,32,0,26,-10,59,-50,45,-13,133,-59,86,-11,21,-17,161,-81,123,-20,18,-17,25,-4,-7,-12,41,-32,2,-8,-7,-3,-28,-5,-19,4,-14,-6,-8,-13,1,-13,13,-18,-10,-17,7,-16,-10,-31,6,-23,-11,-11,13,-47,-7,-27,-19,-20,-9,-21,18,-72,36,-33,7,-18,-36,-66,2695,-411,2519,6933,-1671,3304,4,38,-7,28,16,16,32,6,33,29,11,36,-8,24,-25,19,16,16,10,36,26,151,-3,78,-17,38,-70,-3,-58,11,-136,-9,-8,-9,-12,-69,-20,-10,-1843,3645,-315,70,-559,89,-564,53,-567,18,-567,-18,-564,-53,-559,-89,-552,-123,-543,-158,-530,-191,-517,-224,-500,-256,-481,-287,-461,-317,-438,-344,-414,-372,-387,-396,-360,-420,-330,-442,-300,-461,-267,-480,-234,-495,-199,-508,-165,-520,-129,-529,-92,-536,-56,-541,-18,-543]]]
1054463	r	45.2756,-19.7924,46.7829,-17.7426	[[[452756,-194839,123,-126,515,-459,545,-427,573,-391,599,-355,622,-317,643,-278,660,-237,674,-195,687,-152,696,-110,407,-38,6640,5317,1602,8706,87,3726,-223,199,-354,277,-5776,2225,-271,26,-705,22,-705,-22,-702,-66,-696,-110,-687,-152,-674,-195,-660,-237,-643,-278,-622,-317,-599,-355,-566,-387,-64,-814,-1065,-13693,-61,-787]]]
1061605	r	47.694,-22.4334,48.1585,-21.8553	[[[476940,-221500,7,-193,20,-192,34,-190,47,-188,60,-184,73,-181,85,-175,97,-170,110,-164,120,-157,131,-149,142,-141,151,-131,159,-123,168,-112,176,-102,182,-91,189,-79,193,-68,157,-44,95,192,138,660,1272,2760,839,1821,-87,44,-189,79,-193,68,-198,56,-202,44,-204,31,-205,19,-207,7,-207,-7,-205,-19,-204,-31,-202,-44,-198,-56,-193,-68,-189,-79,-182,-91,-176,-102,-168,-112,-159,-123,-151,-131,-142,-141,-131,-149,-120,-157,-110,-164,-97,-170,-85,-175,-73,-181,-60,-184,-47,-188,-34,-190,-20,-192,-7,-193]]]
1064980	n	49.1747,-17.6061,49.4903,-17.1539	[[[491747,-173800,11,-222,34,-219,56,-215,78,-209,99,-201,118,-190,138,-178,155,-165,171,-149,186,-132,198,-114,208,-95,218,-75,224,-54,228,-32,231,-11,231,11,228,32,224,54,120,42,-341,1750,-302,470,-46,150,99,713,511,1163,9,23,-50,17,-224,54,-228,32,-231,11,-231,-11,-228,-32,-224,-54,-218,-75,-208,-95,-198,-114,-186,-132,-171,-149,-155,-165,-138,-178,-118,-190,-99,-201,-78,-209,-56,-215,-34,-219,-11,-222]]]
1079088	r	46.5003,-21.0696,47.9797,-20.1052	[[[465003,-205300,16,-456,47,-454,79,-451,110,-444,140,-437,171,-427,200,-416,228,-402,207,-315,10879,-1594,197,152,354,312,330,334,307,352,282,371,256,388,228,402,200,416,171,427,140,437,110,444,79,451,47,454,16,456,-16,456,-47,454,-79,451,-110,444,-140,437,-171,427,-200,416,-228,402,-256,388,-44,58,-3842,315,-2911,-833,-2,8,20,70,-19,189,-106,18,-208,3,-163,-16,-18,-8,-8,3,2,11,-9,1,-12,-20,-49,0,-14,-27,-44,-20,-14,6,-7,22,-15,14,-22,-12,-56,75,-93,-30,-8,-9,-86,18,-5,-5,-25,6,-10,-4,6,-38,-4,-4,-12,5,-7,17,-24,5,0,-36,-42,-25,-2,-27,-7,-10,-9,7,-1,12,7,42,-19,31,-33,1,-8,-28,-26,-23,-41,18,-9,20,-8,2,-7,-31,-16,4,-9,-21,5,-34,-11,-30,12,-24,-12,-15,-11,-4,-22,6,-64,-61,-11,-21,-28,-10,-4,-13,-23,-19,-10,-34,-13,-15,-43,-11,-18,15,-17,2,-9,-12,-4,-27,-28,8,2,19,-26,14,-20,-2,-26,-15,-11,15,-26,-2,-8,25,21,16,-23,24,32,22,-7,31,-14,9,-23,-23,-23,0,-11,-52,-24,-49,-8,-59,10,-39,21,-44,-5,-57,8,-41,-8,-16,-48,-49,8,-22,40,-44,16,-17,28,-11,11,-24,-4897,-1401,-44,-177,-79,-451,-47,-454,-16,-456]]]
1064275	r	44.6084,-23.7923,47.0568,-21.0436	[[[446084,-221964,5705,-13276,150,-115,818,-546,855,-495,887,-441,917,-387,941,-329,963,-272,126,-28,5442,-70,3980,1156,3700,13459,-14173,12872,-38,-11,-388,-135,-7843,-6047,-143,-214,-474,-826,-415,-854,-355,-876,-292,-896,-228,-913,-135,-756]]]
1068971	r	47.1955,-15.6732,48.8052,-14.1845	[[[471955,-150555,71,-298,155,-497,188,-485,220,-473,251,-458,282,-441,311,-422,338,-401,365,-379,389,-354,413,-330,433,-302,453,-274,471,-245,485,-214,500,-183,510,-150,520,-118,526,-85,531,-51,533,-17,533,17,531,51,526,85,520,118,510,150,500,183,485,214,471,245,453,274,433,302,413,330,389,354,365,379,338,401,311,422,282,441,251,458,220,473,188,485,155,497,121,506,87,512,52,516,18,519,-18,519,-52,516,-87,512,-121,506,-155,497,-188,485,-220,473,-251,458,-282,441,-112,151,-6443,2202,-18,-56,20,-115,58,-124,78,-114,78,-89,0,-86,-101,-88,-129,-79,-78,-62,-10,-92,13,-117,-5,-114,-66,-80,-135,2,-62,125,-15,156,2,90,32,259,145,517,16,127,-394,135,1,-7,-14,-138,-40,-172,-64,-163,-87,-111,-80,-27,-199,27,-133,-34,-326,-18,-465,328,-236,-72,-89,-106,-42,-108,-13,-297,-28,-160,-74,-82,-239,-141,-205,-255,-124,-315,-64,-337,-16,-431,19,-30,113,-85,-18,-30,-41,-32,-5,-60,171,-347,44,-47,39,-57,19,-96,-20,-65,-102,-100,-20,-40,47,-113,207,-361,61,-78,100,51,127,118,283,380,68,-53,62,-145,81,-140,150,-120,138,-31,129,25,129,52,314,180,150,23,188,-98,222,-230,125,-105,134,-44,3,-2,-56,7,-77,-12,-62,5,112,-62,35,-27,37,-40,46,-74,7,-41,-17,-107,2,-35,17,-60,4,-69,-13,-110,-5,-27,1,42,-78,322,-199,210,-265,30,-277,-216,137,-105,82,-203,-11,-222,-145,-159,-22,125,11,232,-52,120,-108,76,-314,85,-131,51,-195,166,-425,579,-44,-213,-142,-100,-148,-81,-70,-153,-38,-139,-90,-147,-225,-254,-57,-36,-171,-81,-77,-58,-37,-76,1,-181,-29,-83,-325,-324,-44,-124,-54,-291,-715,-1329,-56,-167,9,-258,-34,-92,-112,83,-283,-220,-131,-264,-94,-279,-181,-273,-100,-73,-328,-176,-119,-24,-140,77,-33,121,103,1222,101,299,152,235,574,653,111,245,26,28,-32,104,-63,46,-66,22,-42,39,-38,151,44,613,-13,105,-205,229,-64,122,-39,110,-65,39,-140,-100,-1248,-1286,-301,-467,-62,0,155,-227,94,-56,155,9,111,57,59,161,110,90,162,-31,65,-207,-30,-233,-129,-109,-236,-26,-225,-75,-210,-118,-504,-463,-140,-178,-217,-591,-102,-89],[479948,-147433,9,439,8,-11,108,-98,24,-33,26,-48,3,-60,-48,-212,-34,-104,-41,-63,-55,190]]]
1065158	r	47.1013,-23.4771,47.9011,-22.3395	[[[471013,-228200,16,-442,47,-441,77,-436,109,-431,138,-424,168,-414,197,-403,225,-390,251,-376,278,-359,303,-342,326,-323,348,-303,368,-281,388,-257,405,-234,420,-209,434,-182,447,-156,456,-129,182,-39,784,2216,115,687,32,67,2,53,-7,40,102,607,376,980,338,1111,38,641,19,82,4,39,-12,62,7,120,193,606,419,2649,4,7,-776,187,-5,23,-60,78,-13,68,-53,38,-67,25,-58,0,-68,-25,-59,27,-34,-10,-48,-112,-4594,1110,-27,-24,-326,-323,-303,-342,-278,-359,-251,-376,-225,-390,-197,-403,-168,-414,-138,-424,-109,-431,-77,-436,-47,-441,-16,-442]]]
1062842	r	45.5867,-17.9923,48.0467,-15.9775	[[[455867,-169500,27,-783,79,-780,133,-773,185,-763,236,-750,286,-733,336,-714,384,-691,402,-623,3541,-1364,5776,-2225,583,-224,5842,1845,6790,11026,-158,651,-236,750,-286,733,-336,714,-384,691,-429,665,-474,637,-516,606,-557,572,-593,535,-490,387,-666,336,-19177,-7147,-59,-242,-133,-773,-79,-780,-27,-783]]]
1061912	r	43.923,-18.5915,45.3856,-16.6766	[[[439230,-185881,23,-16,48,-18,13,0,13,18,-6,45,-21,23,-21,6,2,-26,-41,-15,-10,-17]],[[439236,-175776,56,-241,160,-216,1,-8,31,-114,23,-67,23,-25,22,-77,-17,-40,13,-33,-18,-36,-3,-30,24,-29,17,-72,13,-12,12,-79,-4,-22,-20,-11,-1,-40,-19,-48,-60,-93,0,-23,137,-208,130,-106,67,-18,47,-31,36,-13,95,14,35,-52,66,-54,73,-28,34,-23,26,-52,28,-155,60,-176,-17,-145,-203,-851,-1,-1,-1,-5,-91,-383,16,-658,156,-770,-2,-6,3,-41,-31,-35,0,-82,11,-67,34,-107,22,-12,8,-50,40,-37,-10,-45,47,-123,42,-208,-6,-20,60,-254,9,-151,-15,-67,24,-14,0,-62,-12,-23,12,-18,0,-78,-11,-24,11,-41,0,-1181,-13,-28,-39,-45,-25,-56,9,-73,-9,-33,1,-25,50,-136,39,-71,66,-245,647,-894,147,-194,30,26,18,-20,24,-48,41,-30,20,22,12,30,-7,20,-76,70,-7,30,19,4,37,-13,23,-16,-2,-11,-23,-18,4,-14,50,-20,22,27,9,27,25,4,7,24,13,7,26,-9,-6,36,4,9,38,-29,8,0,32,16,2,9,23,15,-6,18,-22,-3,-2,18,8,19,9,5,9,-2,16,-34,8,9,-1,20,17,8,7,-6,-8,-33,9,-4,12,5,-3,23,6,9,-11,26,14,21,8,-11,1,-29,-7,-10,9,-16,9,-2,14,12,11,-8,-4,-8,12,-6,24,-2,36,-15,10,26,10,1,20,-13,14,32,25,-9,19,-15,30,-10,13,-16,18,-2,17,-45,38,-10,37,0,11,-11,17,-4,6,-16,23,-17,20,-32,25,4,15,11,8,17,16,1,-3,28,20,25,57,3,15,-15,40,1,12,15,7,-13,6,7,16,-6,32,14,39,-14,50,-62,53,-5,25,-43,29,-4,7,-26,39,-17,30,-46,15,-39,38,-12,5,14,8,4,44,-8,18,0,11,-5,3,-1,2,-2,7,-3,1,-4,5,-5,9,-55,31,-23,31,4,24,-18,24,4,12,-7,37,4,16,10,89,5,57,25,53,74,-3,23,14,24,-4,9,17,51,17,7,-1,21,27,12,-9,20,1,13,1,2,0,7,23,32,-2,21,8,19,32,46,19,22,26,35,31,32,20,36,81,40,89,27,60,-30,28,-4,25,-14,69,13,102,-8,16,3,43,35,50,21,11,13,3,44,13,8,19,-12,4,-27,36,-46,18,-11,30,0,37,42,38,-48,151,-120,21,173,11,37,51,98,76,234,76,202,1,77,-40,113,34,25,6,21,30,14,16,22,30,13,28,-28,15,5,2,29,13,16,26,3,9,15,9,0,6,-11,16,-3,11,22,-15,26,38,-5,10,-21,13,-3,24,-23,43,-16,-5,-48,34,0,79,15,31,24,10,-24,16,-9,28,4,47,21,42,-8,37,11,77,-8,11,5,13,35,30,4,20,-3,22,15,20,-6,13,-12,35,2,15,7,-5,19,-21,24,-13,32,11,16,-3,31,20,69,24,28,20,10,31,60,1,33,-23,37,-10,46,12,101,12,31,24,7,68,-25,36,7,108,-7,36,6,70,73,21,66,20,26,26,5,42,-16,15,-42,48,-63,52,-2,24,10,46,6,59,30,15,36,5,52,28,14,64,-37,49,-69,40,-36,39,-12,17,7,14,18,32,72,5,31,-14,25,-6,33,12,36,20,30,-16,16,-44,4,-53,37,-1,2,-41,51,-16,39,-97,137,-6,29,10,76,-8,52,4,16,-32,11,-21,17,-59,16,-20,16,-36,15,-44,5,-18,-14,-36,-62,-21,-5,-40,4,-20,-8,-16,7,-32,-13,-17,-23,-15,-4,-44,-2,-37,-9,-21,4,-1,17,-5,2,24,59,6,66,-2,99,49,58,22,71,-1,24,9,25,12,18,112,65,-38,66,-8,42,-41,102,-134,159,-51,74,-38,23,-81,110,23,17,7,36,-48,110,-4,4,4457,3874,3800,3304,-88,187,-464,830,-519,798,-572,765,-623,727,-672,686,-717,643,-760,597,-798,548,-835,497,-867,443,-895,388,-919,331,-772,224,-48,-238,-291,-394,-349,-370,-262,-371,-192,-417,-120,-187,-94,-103,-33,8,-18,14,-17,-13,-85,-187,0,-14,-46,-56,-58,-130,-129,-134,-3,-11,6,-5,14,20,9,-1,1,-61,-64,-64,-58,-15,-30,-34,-12,-50,-26,-26,-70,-105,-198,-503,-17,-21,0,-21,-18,-47,-10,-7,-69,-12,-45,-22,-70,-119,-182,-279,-62,-78,-69,-50,-5,-15,-34,-20,0,-8,-8,-2,-9,-16,-2,-16,-65,2,-2,-24,-22,-5,-7,24,-13,2,-9,-28,-56,-36,-53,-90,-23,-59,-18,-15,-67,-123,-78,-70,9,-21,-7,-46,-11,-23,5,-32,-27,-36,-22,-8,-6,-10,-66,-16,-20,13,24,18,-31,5,-10,-5,-20,-87,-1,-72,7,-23,33,-41,10,-76,-3,-35,-17,-17,-17,-52,-22,-20,-2,-20,-23,-23,-24,-191,-70,-128,-8,-29,-24,-29,-4,-43,14,29,7,2,16,-20,-79,-118,-5,-4,-14,-2,-16,-18,-17,-6,-29,9,-4,15,14,16,-33,-20,-171,-276,-65,-93,-38,-37,-72,-91,-106,-170,-60,-58,-13,-6,-9,4,13,-53,-19,-12,-55,-10,-55,-55,-86,-237,-52,-72,-38,-86,-35,-57,2,-51,-8,-23,21,-17,-19,-29,0,-1,-45,-12,-18,-25,-26,-99,0,-4,-231,-361,-26,-2,-27,-52,-14,-60,-98,-273,-18,-128,-18,2,-15,-13,1,25,-21,-23,22,-217,-37,-261,-4,-311],[439290,-175045,6,33,11,25,-13,-91,-2,6,-2,27]],[[439247,-184260,7,-7,14,0,47,90,2,9,-7,6,-31,-11,-30,-52,-2,-35]]]
