785842	n	21.2401,41.8165,21.4903,42.062	[[[212401,420403,217,-2238,2284,1781,-2419,674,-82,-217]]]
788886	n	21.6255,41.9354,22.0228,42.3152	[[[216255,420737,2475,-1379,0,-1,5,-3,147,66,239,132,220,149,200,165,177,178,153,190,127,201,100,209,72,215,44,219,14,222,-14,222,-44,219,-72,215,-100,209,-127,201,-153,190,-177,178,-200,165,-220,149,-188,104,-89,-57,-70,-13,-400,4,-202,-35,-977,-441,-130,-59,-95,-86,-715,-1728]]]
786735	n	21.2508,41.1289,21.8218,41.5756	[[[212508,413500,15,-222,43,-219,71,-215,99,-209,88,-140,3296,-1206,248,47,277,75,265,95,252,114,236,132,217,149,198,165,174,178,151,190,80,126,-784,2514,-2060,682,-167,-6,-291,-32,-284,-54,-277,-75,-265,-95,-252,-114,-236,-132,-217,-149,-198,-165,-174,-178,-151,-190,-126,-201,-99,-209,-71,-215,-43,-219,-15,-222]]]
792578	n	21.1165,40.8608,21.6377,41.251	[[[211166,408809,129,-108,133,-91,402,92,261,-11,367,-59,152,-24,344,1,339,54,156,68,364,274,236,81,245,4,763,-81,38,-4,426,-290,180,151,174,178,151,190,124,201,99,209,71,215,43,219,14,222,-14,222,-43,219,-71,215,-99,209,-91,146,-3278,1199,-245,-46,-195,-53,-6,-19,-345,-1058,-824,-2525]]]
833262	n	21.2483,41.9946,21.5375,42.1965	[[[212483,420620,2419,-674,194,93,279,727,-2008,1199,-417,-475,-13,-88,21,-54,30,-54,2,-11,13,-74,10,-203,-5,-22,-15,-70,-104,-17,-316,47,-90,-324]]]
785082	n	20.7534,41.9796,21.0353,42.1106	[[[207534,420344,1472,-548,1148,160,199,333,-1285,817,-20,-21,-64,-36,-23,-34,-46,-41,-40,-10,-22,6,-16,-9,-16,6,-49,-5,-81,19,-77,6,-8,10,-67,-16,-57,13,-25,-8,-25,0,-15,-11,-28,-52,-30,-28,-18,-35,-51,-4,-34,-16,-48,2,-83,-17,-47,0,-52,-9,-30,16,-17,-3,-37,7,-2,23,-91,-39,-195,-177,-100,-215,-20,-84]]]
863675	n	21.2612,41.7765,21.5508,42.0039	[[[212613,418119,53,-53,199,-165,201,-136,2442,1814,-412,460,-194,-93,-2284,-1781,-5,-46]]]
785058	n	21.4703,41.5073,21.9958,41.9324	[[[214703,417016,3,-38,43,-219,72,-215,99,-209,126,-201,152,-190,176,-178,19,-16,2041,-676,1633,753,891,662,-304,2426,0,2,-45,31,-237,132,-254,114,-267,95,-128,35,-1081,-424,-2939,-1884]]]
790295	n	20.6087,41.6367,21.2103,41.86	[[[206087,418000,15,-222,43,-219,72,-215,15,-31,1218,-946,4175,402,132,165,126,201,100,209,72,215,43,219,5,75,-1607,747,-3342,0,-10,-8,-114,-96,-215,-56,-97,53,-102,107,-319,0,-35,-48,-75,-47,-21,-1,-21,-63,-43,-219,-15,-222]]]
785482	n	21.9654,41.5909,22.3879,41.9666	[[[219654,418915,304,-2426,2552,-580,1369,1804,-104,138,-2629,1809,-8,6,-12,-2,-278,-75,-267,-95,-253,-114,-238,-132,-219,-149,-198,-165,-19,-19]]]
7886881	n	20.4777,41.2991,20.7775,41.6137	[[[204777,413196,37,-205,2961,660,-335,2486,-2620,-1460,15,-22,33,-77,21,-163,20,-55,71,-45,166,-20,76,-38,119,-127,49,-101,12,-22,-2,-136,-71,-167,-95,-136,-130,-124,-144,-66,-143,34,-36,-196,-4,-20]]]
787487	n	20.6618,40.895,20.9545,41.3135	[[[206618,410628,23,-37,193,-653,193,-575,145,-231,134,-86,93,-60,19,-4,286,-32,133,41,333,211,195,37,9,2,206,-23,965,3762,-678,155,-2249,-2507]]]
789541	n	21.7434,41.2039,22.2403,41.5827	[[[217434,415074,791,-2536,211,-118,252,-114,266,-95,277,-75,285,-54,290,-32,294,-11,294,11,290,32,285,54,277,75,266,95,252,114,236,132,218,149,184,153,-3335,2973,-1633,-753]]]
785387	n	20.4814,41.0628,20.8867,41.3651	[[[204814,412991,17,-96,170,-540,126,-254,370,-395,158,-232,51,-226,-7,-177,71,-136,204,-72,79,-28,136,-11,126,5,26,-3,89,-10,109,-63,79,-125,2249,2507,-1092,516,-2961,-660]]]
789403	n	22.1146,41.7851,22.5649,42.0893	[[[221146,419660,2629,-1809,1873,2609,-108,433,-4120,-656,-108,-172,-100,-209,-66,-196]]]
785380	n	22.3538,41.2461,22.9396,41.6463	[[[223538,413734,94,-199,73,-116,3684,-958,20,375,11,34,93,282,110,73,187,124,158,21,292,40,801,-46,107,171,99,209,71,215,43,219,15,222,-15,222,-43,219,-71,215,-99,209,-126,201,-151,190,-175,178,-198,165,-218,149,-236,132,-252,114,-193,69,-17,-9,-3970,-1991,-94,-729]]]
789527	n	20.744,41.298,21.2599,41.6768	[[[207440,416137,335,-2486,1092,-516,678,-155,1370,91,99,35,252,114,237,132,218,149,197,165,176,178,151,190,126,201,99,209,71,215,44,219,14,222,-14,222,-44,219,-71,215,-99,209,-126,201,-151,190,-176,178,-197,165,-102,69,-4169,-401,-10,-230]]]
788654	n	21.3367,42.0737,21.697,42.2478	[[[213367,421965,2008,-1199,880,-29,715,1728,-50,-45,-151,-71,-172,7,-350,72,-497,-8,-109,43,-23,9,-419,-82,-206,-3,-178,91,-95,-87,-44,-40,-104,19,-93,71,-116,28,-164,-68,16,-87,72,-88,11,-68,-80,-6,-27,-2,-348,99,-175,-10,-62,-38,-68,-41,-171,-195]]]
783926	n	21.0154,41.7847,21.2618,42.0403	[[[210154,419956,287,-1279,55,-77,1621,-753,161,73,239,132,95,65,6,48,-217,2238,-2048,-114,-199,-333]]]
786565	n	22.251,41.4463,22.7602,41.7713	[[[222510,415909,1122,-1446,3970,1991,-11,168,-44,219,-71,215,-100,209,-28,44,-3469,404,-1369,-1804]]]
785113	n	20.9069,42.0289,21.2573,42.196	[[[209069,421107,1284,-818,2048,114,82,217,90,324,-116,18,-79,12,-85,64,-39,30,-29,45,-63,99,-163,200,-355,258,-380,219,-134,55,-68,14,-77,2,-241,-115,-333,-244,-2,-1,-117,-86,-253,-94,-288,-73,-584,-149,0,-11,-22,-35,-60,-27,-16,-18]]]
789045	n	22.0268,42.0235,22.5712,42.3703	[[[220268,422000,15,-222,44,-219,72,-215,100,-209,127,-201,153,-190,178,-178,199,-165,221,-149,31,-17,12,2,4120,656,172,183,-401,215,-209,157,-33,41,-122,157,-133,287,-378,211,-986,990,-197,9,-177,50,-160,91,-147,128,-29,73,-7,170,-44,48,-91,-12,-264,-202,-1379,-431,-346,-47,-17,1,-93,-147,-100,-209,-72,-215,-44,-219,-15,-222]]]
790744	n	22.2032,41.1137,22.7389,41.3425	[[[222032,411612,26,2,78,-7,115,-11,379,-91,305,-30,91,-20,26,-39,15,-132,20,-34,64,-6,83,41,189,5,254,34,125,-7,91,-34,211,-104,114,-33,297,-9,160,13,139,28,193,43,159,1,326,-37,221,10,153,46,36,10,171,109,172,166,23,82,-9,90,34,73,152,31,116,-21,11,-11,47,-47,44,-78,78,-79,178,-120,130,-49,109,59,114,202,95,386,22,417,-3708,964,-87,-31,-251,-114,-235,-132,-217,-149,-196,-165,-174,-178,-151,-190,-125,-201,-99,-209,-71,-215,-43,-219,0,-10]]]
787716	n	21.9067,41.2849,22.3632,41.6489	[[[219067,415827,3341,-2978,157,71,237,132,218,149,197,165,175,178,144,180,96,739,-1122,1446,-2552,580,-891,-662]]]
785345	n	21.3067,41.7006,21.7642,41.9579	[[[213067,417765,199,-164,219,-149,238,-132,254,-114,268,-95,279,-75,163,-30,2955,1894,-2134,679,-2441,-1814]]]
784424	n	22.3775,41.7308,22.7517,42.046	[[[223775,417851,104,-138,3483,-405,70,58,85,86,-1869,3008,-1873,-2609]]]
791606	n	20.4442,41.4677,20.745,41.7461	[[[204442,415497,37,-142,-29,-270,70,-149,112,-38,76,-60,108,-155,4,-6,2620,1460,10,230,-1233,957,-146,40,-286,54,-291,32,-294,11,-162,-6,-5,-9,-29,-105,79,-724,51,-213,212,-464,1,-67,0,-20,-54,-104,-85,-65,-134,-61,-145,-46,-487,-80]]]
791559	n	22.5539,41.7438,22.9369,42.1076	[[[225540,420893,108,-433,1873,-3014,179,-7,296,11,293,32,288,54,279,75,268,95,245,110,-186,327,-106,343,-63,118,-47,40,-117,48,-29,24,-13,11,-26,76,4,147,-15,70,-108,229,-74,230,-18,240,-23,107,-79,109,-3,1,-8,133,-2,5,-19,71,-55,50,-112,56,-57,3,-153,-40,-71,-2,-78,46,-34,68,-24,65,-44,41,-103,8,-6,0,-449,-15,-67,20,-44,41,-37,44,-46,29,-298,47,-487,185,-94,36,-466,249,-172,-183]]]
786341	n	20.858,40.8639,21.2335,41.3071	[[[208580,409218,322,-35,497,-112,168,-123,81,-188,2,-92,158,-18,292,-11,292,11,289,32,284,54,194,53,1176,3603,-128,107,-217,149,-235,132,-250,114,-265,95,-275,75,-40,7,-1380,-91,-965,-3762]]]
833357	n	21.5096,41.89,21.873,42.0766	[[[215096,420039,412,-460,2134,-679,1075,422,13,36,-2475,1379,-880,29,-279,-727]]]
792227	n	20.9006,41.8677,21.0441,41.9957	[[[209006,419796,1435,-1119,-287,1279,-1148,-160]]]
792501	n	20.6297,41.86,21.0497,42.0344	[[[206297,418600,319,0,-88,93,-94,43,-64,-32,-73,-104]],[[207154,418600,3342,0,-55,77,-1435,1119,-1472,548,-103,-409,-13,-227,96,-305,30,-94,-33,-207,-6,-34,-105,-188,-167,-214,-79,-66]]]
