2460596	r	-8.3002,12.3439,-7.7298,12.9662	[[[-83002,127400,11,-222,33,-219,55,-215,76,-209,96,-201,117,-190,41,-54,9,2,-26,-170,-11,-222,11,-222,33,-219,55,-215,76,-209,97,-201,116,-190,134,-178,152,-165,167,-149,182,-132,193,-114,204,-95,213,-75,219,-54,223,-32,226,-11,226,11,223,32,219,54,213,75,204,95,193,114,182,132,133,119,-751,1062,20,-5,97,-15,108,50,82,58,-43,377,10,44,-2,69,-8,38,-93,105,227,239,2,50,-6,59,-28,27,47,68,1,38,7,21,-5,55,36,48,-41,28,1639,-172,11,29,55,215,33,219,11,222,-5,99,-607,1432,-62,68,-168,149,-181,132,-194,114,-204,95,-213,75,-219,54,-210,30,-3,-9,-57,41,-194,114,-204,95,-213,75,-219,54,-223,32,-226,11,-226,-11,-223,-32,-219,-54,-213,-75,-204,-95,-194,-114,-182,-132,-167,-149,-152,-165,-134,-178,-117,-190,-96,-201,-76,-209,-55,-215,-33,-219,-11,-222],[-80426,126733,52,-32,-42,21,-10,11],[-80413,125815,14,-37,-10,16,-4,21],[-80406,125908,9,23,25,27,-34,-50],[-80388,125734,1,14,32,-84,-33,70],[-80362,125947,12,-1,12,-10,9,-17,24,-20,26,-42,-83,90],[-80318,126626,2,0,12,9,-14,-11,0,2],[-80279,125857,35,-14,4,-10,38,-18,8,-10,-85,52],[-80244,126612,32,-3,-7,-12,-25,15],[-80212,126609,39,61,-9,-31,-12,-10,-9,-21,-9,1],[-80133,126795,66,14,-16,-8,-50,-6],[-80113,125754,55,-105,10,-36,-65,141],[-79951,125467,9,-27,0,-9,-9,36],[-79930,125382,5,-8,15,-74,-20,82],[-79881,125276,27,-2,5,-20,-32,22],[-79856,126834,10,-6,8,2,-14,-4,-4,8],[-79819,126811,287,223,-40,-37,-247,-186],[-79404,126978,1,1,3,-15,-4,14],[-79375,126925,47,-74,-4,2,-31,37,-12,35],[-79313,126828,38,-6,-15,-6,-23,12],[-79226,126814,19,-3,-11,-2,-8,5],[-79193,126809,15,-2,1,0,-6,-4,-10,6],[-79174,126806,33,-5,-18,-2,-15,7],[-79143,126731,8,2,7,-89,-15,87],[-79099,126612,8,-3,-7,1,-1,2],[-79051,126520,6,55,7,14,-13,-69]]]
2451185	n	-5.899,11.0939,-5.441,11.5461	[[[-58990,113200,11,-222,33,-219,54,-215,76,-209,96,-201,116,-190,134,-178,150,-165,167,-149,181,-132,192,-114,204,-95,211,-75,218,-54,223,-32,224,-11,224,11,223,32,218,54,211,75,204,95,192,114,181,132,167,149,150,165,134,178,116,190,96,201,76,209,54,215,33,219,11,222,-11,222,-33,219,-54,215,-76,209,-96,201,-116,190,-134,178,-150,165,-167,149,-181,132,-192,114,-204,95,-211,75,-218,54,-223,32,-224,11,-224,-11,-223,-32,-218,-54,-211,-75,-204,-95,-192,-114,-181,-132,-167,-149,-150,-165,-134,-178,-116,-190,-96,-201,-76,-209,-54,-215,-33,-219,-11,-222]]]
2454268	r	-6.3701,11.7985,-4.3646,12.9115	[[[-63701,120041,9201,-1704,-25,-42,51,-7,59,-51,-28,-68,41,-34,-18,-55,76,-95,78,92,-21,44,13,48,73,75,41,-23,101,44,28,43,108,16,44,-16,123,-86,57,-20,53,16,72,75,18,-82,127,61,21,31,33,-28,8,68,9,4,168,27,42,19,17,16,10,0,94,-56,37,105,56,-26,54,-41,55,-27,73,10,26,21,39,-11,20,18,39,-58,47,-13,-10,45,35,38,72,-36,34,24,-32,65,46,23,-40,45,43,46,-9,75,46,5,53,49,43,-34,85,54,44,53,-3,46,33,-15,50,33,1,77,45,-2,65,60,137,2,-43,57,19,18,68,-24,3,86,71,72,3,84,69,13,9,36,50,38,88,-28,27,120,45,33,41,-31,24,10,116,110,145,26,26,50,72,-24,47,10,16,56,29,-18,55,42,28,-17,73,100,24,2,80,-2,3,-25,22,24,12,-1,67,-42,50,39,161,-5,183,20,113,-6,105,25,42,24,26,-3,14,24,15,9,78,67,4,-11,72,-13,40,51,40,-20,49,35,57,-16,28,29,-10,18,40,17,126,-12,73,-17,8,-13,77,-17,3,10,53,-13,207,-2,108,39,10,-7,120,15,27,47,163,58,82,-2,6,-3,3,3,119,-2,194,-164,173,55,245,42,5,-15,142,47,57,-41,-7,-55,47,-4,71,43,55,59,-7,26,55,44,-19,99,30,27,-15,29,69,16,20,95,-15,60,72,19,4,47,46,59,203,-24,101,6,100,47,72,-2,75,-35,188,-11,14,541,140,114,33,63,111,62,188,8,110,-3,264,36,-63,142,-49,14,-209,328,-35,119,19,15,50,15,0,26,6,4,217,158,-1,17,32,27,21,9,10,16,35,28,108,12,4,73,34,34,171,139,358,241,20,25,-49,118,-17,121,36,177,118,7,98,-79,79,-109,90,-77,142,28,30,-19,223,79,-111,323,-245,463,-58,135,-21,162,87,212,27,135,58,97,-17,97,44,129,553,472,-87,130,-290,144,0,157,-93,337,-184,144,-171,38,-63,-9,-129,191,-144,120,10,133,43,34,-13,41,56,32,32,96,-54,147,41,79,-13,20,-27,42,-1042,176,-181,-89,-147,-122,-333,154,-225,137,-105,223,-50,197,-94,6,-12,64,-157,82,-91,98,-31,-91,24,-136,-42,-148,-91,-164,-119,-130,11,-47,-66,-83,12,-28,-38,-82,-39,-20,-6,-37,-42,0,-95,-120,31,-148,-37,-47,-149,-17,-52,-58,-109,-40,-139,-199,-30,17,-275,-175,-298,-237,-311,-172,-297,-121,-129,352,-53,329,-494,-5,33,-211,-348,-17,-138,-42,50,-453,-99,-212,-166,-103,-150,-27,-133,117,-55,436,-128,496,-1,63,44,46,35,135,-3,18,-32,-4,17,64,-21,-5,-25,56,28,49,-39,42,45,55,-43,27,0,59,-118,216,-155,113,-10,40,24,22,-41,24,-5,36,-39,1,-21,30,-76,-21,-28,29,-35,-22,-20,51,13,73,-73,72,-30,10,-48,-27,-99,103,-137,43,-67,47,-72,-9,-5,40,-49,42,18,60,-42,29,-36,9,-20,-44,-91,-2,-43,-41,-145,190,-58,23,7,21,-30,21,11,34,-80,101,-96,20,15,62,-5,5,-45,47,3,63,-32,44,-48,12,-21,64,28,52,-27,20,-22,-12,-74,181,6,6,34,30,-38,-19,-186,75,-225,37,-212,-105,70,-228,-10,-50,27,-5,-10,-37,-34,2,-14,-95,108,-240,57,-576,-78,-439,-121,-69,-146,-208,-19,-275,146,-539,-148,39,-311,-39,-26,61,54,62,-92,34,-63,238,-291,39,-323,-15,-94,361,58,162,-41,180,-352,216,-290,511,-460,74,-1238,-349,-1195,-218,-907,59,-259,68,-447,-85,-474,-929,-1480,-670,-514,-556,152,-265,-66,-225,-49,-22,-145,33,-14,-25,88,-278,179,-192,9,-13,-75,-273,-52,-2,-29,-27,-37,-252,41,3,-1079,-3915]]]
2451478	r	-7.4332,12.5494,-4.8475,15.553	[[[-74332,142565,342,-723,80,-25,491,-25,859,-382,670,-70,223,387,-2665,838]],[[-70889,130048,142,-162,128,-80,363,-321,60,-106,-47,-33,-27,-148,-44,-99,-36,-28,-2,-201,526,-118,883,-414,71,-441,199,184,88,13,82,-40,125,120,267,60,233,-519,402,89,510,251,733,23,676,-49,27,-104,358,-209,8,-871,82,20,82,86,74,121,36,123,143,70,169,51,42,-21,73,-97,78,-22,135,-1,61,40,17,-113,49,-2,25,-25,-67,-77,27,-97,-55,-193,73,-138,59,-51,22,-71,84,-88,21,-289,88,22,22,-18,-42,-105,19,-46,45,-23,106,0,71,-38,84,-81,66,-126,128,57,38,58,130,-11,86,78,118,-16,131,-71,47,-138,173,-119,514,556,1480,670,474,929,447,85,259,-68,907,-59,1195,218,1238,349,460,-74,290,-511,352,-216,41,-180,-58,-162,94,-361,323,15,291,-39,63,-238,92,-34,-54,-62,26,-61,311,39,148,-39,-146,539,19,275,146,208,121,69,78,439,-57,576,-108,240,14,95,34,-2,10,37,-27,5,10,50,-70,228,212,105,225,-37,186,-75,38,19,22,71,296,270,24,58,130,-8,92,-78,123,1,198,83,122,98,34,299,-265,598,-62,297,142,86,41,121,141,173,-159,95,3,134,21,95,55,89,8,37,8,86,-1,3,-220,171,-48,63,0,12,-5,7,6,30,3,86,34,117,-23,62,1,3,0,1,38,142,68,111,-48,57,27,52,-21,47,26,29,-14,23,38,21,-2,93,52,42,45,106,90,1,121,60,53,82,287,249,-10,734,-4,107,-489,2,-41,-28,-78,8,-37,42,31,478,-15,971,59,172,-23,96,-77,83,-20,63,1,117,52,56,127,-14,270,-188,126,-56,749,148,542,-72,45,22,77,-31,41,67,-26,79,-64,12,37,102,64,27,20,-16,-7,-52,21,-4,20,35,-6,82,103,34,-3,105,39,24,54,-14,38,-65,77,26,11,-38,37,-3,28,-57,49,-30,198,-55,185,39,105,61,488,-18,-9,592,-200,297,0,84,238,418,6,228,-243,269,31,47,-5,49,-75,68,36,73,-66,214,10,120,228,421,122,491,114,29,50,56,59,2,-40,30,21,40,-52,31,-30,-21,-124,4,-20,480,-75,177,63,241,-2,85,-80,61,-13,89,-66,109,-77,-35,-24,19,-62,-31,-114,-5,-141,-101,-66,0,-70,69,-38,-1,-43,-130,-35,-36,-44,-192,-193,-323,-45,-33,20,-145,-66,-49,22,-90,-151,-257,-43,-20,-8,-78,23,-39,-177,-69,-52,-66,-128,-25,-32,13,-35,69,-221,-58,-31,119,-46,-9,-17,29,-43,-10,-36,32,-39,87,-30,36,-33,1,8,28,-34,7,15,28,-21,23,-59,11,-107,-116,-2,79,-21,21,-14,-29,-50,-3,-11,-39,-45,2,-22,32,51,86,-11,64,-71,-13,-19,71,-41,20,-27,75,16,64,107,32,-30,380,177,535,-153,218,-322,344,-363,202,-60,601,-378,286,-283,341,-110,332,-441,-39,-163,99,-576,42,-104,41,-55,51,-133,31,-800,679,-1520,930,20,270,410,320,80,700,190,250,-80,350,-387,869,687,361,260,870,430,40,1540,410,770,-30,640,510,720,1180,283,612,-473,1528,-299,1199,-59,111,-157,100,-144,34,-1233,43,-128,483,-1433,-530,-8082,0,-275,-1240,-690,-2080,-300,-520,-930,-1180,-170,-540,600,-980,490,-650,340,-1200,210,-590,-22,-738,-181,-293,-277,-339,-504,-425,-976,115,-467,215,-199,-80,-102,-391,-1059,-1590,-335,-195,-237,-94,-31,18,-102,-30,-37,27,-104,-97,-115,-3,13,-25,-71,-4,-26,-86,39,-17,-27,-3,-17,-37,-23,23,-192,-27,23,-45,-53,-92,4,-10,85,-33,18,-28,106,25,15,-59,33,11,38,-77,1,-3,9,-20,-8,-7,10,-233,67,-29,-19,-50,28,-62,-25,-38,20,-55,-37,-72,33,-67,-15,-116,-115,-75,-41,-185,-92,-196,-129,-218,-108,-56,55,-104,-41,-70,-20,-208,-120,-1612,45,-244,95,-426,590,-580,-236,-700,307,-327,528,-141,6,-2,43,-98,2,-36,3,-45,76,-166,70,-85,108,-39,29,-73,-8,-76,68,-26,0,-195,0,-3,-61,-81,-94,-64,-33,4,13,-108,-678,-721,-116,-436,-242,40,-226,98,-113,22,-180,-74,-147,-253,-103,-39,-183,-12,-125,-82,-66,-63,-59,-142,-50,-271,-38,-88,-273,-168,28,-85,-43,-56,27,-41,3,-78,-45,-54,-66,-33,-9,-43,73,-250,10,-360,-279,-161,-125,-112,-74,-287,-41,-62,-15,-235,-145,-555],[-63011,136800,11,222,33,219,55,215,77,209,97,201,116,190,135,178,153,165,168,149,182,132,194,114,205,95,214,75,220,54,224,32,227,11,227,-11,224,-32,220,-54,214,-75,205,-95,194,-114,182,-132,168,-149,153,-165,135,-178,116,-190,97,-201,77,-209,55,-215,33,-219,11,-222,-11,-222,-33,-219,-55,-215,-77,-209,-97,-201,-116,-190,-135,-178,-153,-165,-168,-149,-182,-132,-194,-114,-205,-95,-214,-75,-220,-54,-33,-4,-2720,2032,-9,190],[-62217,142500,11,222,33,219,56,215,76,209,98,201,116,190,136,178,153,165,168,149,183,132,195,114,205,95,214,75,221,54,225,32,227,11,227,-11,225,-32,221,-54,214,-75,205,-95,195,-114,183,-132,168,-149,153,-165,136,-178,116,-190,98,-201,76,-209,56,-215,33,-219,11,-222,-11,-222,-33,-219,-56,-215,-76,-209,-98,-201,-116,-190,-136,-178,-153,-165,-168,-149,-183,-132,-195,-114,-205,-95,-214,-75,-221,-54,-225,-32,-227,-11,-227,11,-225,32,-221,54,-214,75,-205,95,-195,114,-183,132,-168,149,-153,165,-136,178,-116,190,-98,201,-76,209,-56,215,-33,219,-11,222]]]
2455518	r	-12.2641,13.0234,-10.1875,15.6444	[[[-122641,147749,76,-291,199,-173,61,-139,77,-113,152,-67,162,-32,111,-6,-55,-120,-45,-71,-19,-68,24,-109,70,-58,102,-23,76,-60,-9,-167,-56,-88,-195,-184,-74,-104,-21,-102,-9,-122,-23,-90,-35,7,-95,-80,6,-37,-143,-85,-60,-172,22,-209,118,-437,25,-203,-18,-434,129,-24,932,-337,69,-131,-43,-124,-148,-53,82,-137,96,-125,122,-100,394,-140,141,-92,98,-146,369,-841,22,-222,-74,-405,-224,-768,-1,-415,100,-259,163,-157,186,-140,175,-204,61,-189,-2,-203,-59,-405,-128,-358,-6,-5,3,-4,-10,-27,26,10,-42,-17,-37,-80,-27,-28,-30,-3,-4,-31,-48,-48,-118,-60,13,-45,-11,-12,-10,-1,-10,-19,-41,-41,-63,2,-89,-96,9,9,-24,-13,-90,-24,-14,-30,-69,-16,-15,-32,-31,16,-23,-32,-56,-4,-5,-23,-32,15,-46,-77,-69,-10,-7,-28,2,-5,-245,-134,137,-114,135,-198,206,-388,125,-361,221,-339,184,-202,578,-412,63,-69,89,-150,56,-64,105,-51,92,-11,81,-34,69,-116,-22,-177,-143,-536,24,-110,88,-23,265,-128,77,-55,38,-75,62,-193,46,-69,119,-96,55,-6,55,56,420,310,26,194,59,205,101,166,153,80,143,-20,71,-79,58,-98,100,-77,95,-12,195,40,252,9,45,-43,-13,-143,26,-99,111,-12,126,31,72,33,1,-217,72,-194,246,-336,227,-196,42,-96,-15,-110,-128,-180,-37,-108,30,-179,96,-123,119,-107,93,-132,4,-350,50,-162,177,-40,139,-82,118,-88,126,-75,163,-41,105,-41,-11,-70,-55,-77,-21,-57,138,-195,55,-118,954,30,953,92,945,152,932,212,917,271,135,50,7686,10030,-2284,5110,-35,-15,-548,-49,-998,13,-813,98,1814,1252,-2693,6027,-36,-96,-77,-75,-162,-89,-110,-163,-84,-16,-101,0,-108,-37,-162,-154,-72,-163,-97,-369,-112,-168,-270,-249,-86,-161,-153,-569,-90,-169,-328,491,-372,355,-125,237,66,171,-193,158,-108,35,-242,226,-43,31,-95,119,-108,57,-715,608,-176,94,-81,86,-228,118,-48,93,-72,65,-497,220,-47,106,-85,103,-81,52,-254,253,-93,165,-145,184,-75,15,-72,89,-26,103,-104,61,-90,-12,9,176,-20,106,-298,420,-121,106,-79,241,-142,19,-83,53,-15,-29,-162,33,-92,-53,-50,23,-16,-26,-265,36,-79,-3,-152,30,-90,-9,-29,-9,17,-43,26,-31,34,-25,42,-24,23,-50,8,-51,-8,-52,-23,-49,-89,-98,-61,-28,-40,7,-46,-42,-39,-11,-38,5,-8,-18,-151,-44,-166,-92,-357,-368,-292,-148,-3,1,-16,45,-52,13,-64,-49,-16,2,-37,27,19,49,-29,-10,-38,37,-111,-35,-119,34,-116,-3,-248,37,0,-342,-23,-109,-255,-270,-128,-319,-158,-713,-334,-698,-42,-160,-57,-475,-189,-535,-25,-210,9,-94,31,-139,-9,-102,-117,-404,-23,-301,-18,-51,99,-70,65,23,30,27,1,-45,30,-36,117,-27,37,31,-15,21,7,5,26,-21,74,-113,27,-142,-21,-182,0,-2,-74,-156,-52,-178,-51,-361,8,-61,27,-47,70,-92,0,-64,-57,-34,-70,-19,-40,-16,-34,-46,-51,-53,-52,-67,-39,-92,-79,-132,-149,-126,-182,-94,-403,-85,-143,-120,-237,-318,-175,-118,-77,-20,-35,18,-58,-44,-26,-7,-8,0,-29,28,-87,-22,-98,41,-90,7,-21,-21,-53,12,-74,-53,-52,-156,-81,-119,-111,56,-422,366,-152,79,-213,-35,-431,-148,-215,-28,-220,36,-173,79],[-118415,150470,23,20,7,0,6,-13,-36,-7]]]
2453348	r	-5.664,13.2619,-2.3322,15.8199	[[[-56640,145320,1520,-930,800,-679,133,-31,55,-51,104,-41,576,-42,163,-99,441,39,110,-332,283,-341,378,-286,60,-601,363,-202,322,-344,153,-218,-177,-535,30,-380,-107,-32,-16,-64,27,-75,41,-20,19,-71,71,13,11,-64,-51,-86,22,-32,45,-2,11,39,50,3,14,29,21,-21,2,-79,107,116,59,-11,21,-23,-15,-28,34,-7,-8,-28,33,-1,30,-36,39,-87,36,-32,43,10,17,-29,46,9,31,-119,221,58,35,-69,32,-13,128,25,52,66,177,69,-23,39,8,78,43,20,151,257,-22,90,66,49,-20,145,45,33,193,323,44,192,35,36,43,130,38,1,70,-69,66,0,141,101,114,5,62,31,24,-19,77,35,66,-109,13,-89,80,-61,2,-85,-63,-241,75,-177,20,-480,124,-4,30,21,52,-31,-21,-40,40,-30,-59,-2,-50,-56,-114,-29,-122,-491,-228,-421,-10,-120,66,-214,-36,-73,75,-68,5,-49,-31,-47,243,-269,-6,-228,-238,-418,0,-84,200,-297,9,-592,219,-17,435,142,1163,-368,165,2,32,-36,98,132,172,91,153,-13,121,-50,247,57,100,87,118,306,80,65,230,100,-27,-62,-145,-153,-65,-278,-83,-185,151,19,110,32,905,485,7,240,40,46,466,131,319,459,126,361,129,168,172,60,213,284,148,112,-4,65,-82,81,1037,573,-5,70,18,5,19,-58,126,-125,723,204,123,57,317,-1282,110,-322,490,-833,489,-1018,-58,-382,3301,-1900,1877,-1081,6,39,220,84,1641,97,138,89,-354,2494,148,369,53,236,42,556,-66,240,-207,155,199,192,267,-90,446,-331,279,-28,219,46,209,6,251,-146,178,-165,49,-94,28,-147,70,-153,115,41,174,187,116,57,79,22,243,-25,84,-29,71,-45,70,-31,73,12,345,128,353,131,-282,944,-47,536,159,383,177,287,391,1296,-16,16,-16,24,-30,15,-57,-12,264,425,1477,802,169,185,565,619,224,187,813,456,544,130,761,-162,378,-175,116,1150,40,1178,-40,1178,-119,1173,-196,1163,-275,1148,-351,1128,-21,55,-11175,5388,-471,-643,-485,-442,-34,-67,-87,-18,-175,70,-296,-1,-296,30,-95,1,-92,-55,-284,45,-191,-41,-252,149,-90,14,-162,-63,-234,64,-21,48,62,52,59,126,20,185,35,84,112,141,-10,139,-66,77,-212,768,-60,62,-153,50,-158,24,-339,-4,-664,578,-306,777,-95,16,-810,-100,-290,-190,-795,-444,-352,-21,-82,-57,-901,-338,-730,-490,-2380,-750,-1590,80,-187,54,-127,-24,19,74,-19,18,-57,-2,-56,-58,-33,22,-31,-10,-48,-77,-153,-100,46,127,-219,34,-62,-57,-6,58,-77,12,-555,23,-831,-51,-367,-74,-1067,881,-1271,-1209,128,-483,1233,-43,144,-34,157,-100,59,-111,299,-1199,473,-1528,-283,-612,-720,-1180,-640,-510,-770,30,-1540,-410,-430,-40,-260,-870,-687,-361,387,-869,80,-350,-190,-250,-80,-700,-410,-320,-20,-270]]]
2455914	p	2460596
2457163	r	-1.836,14.4944,3.1566,19.0391	[[[-18360,147770,1295,-2826,96,17,2055,1298,1411,891,426,197,1910,457,381,160,353,215,2,2,2067,1779,2,1,534,523,115,82,165,118,-4592,1106,-910,840,-810,590,-1090,530,-1910,560,-335,-13,-1165,-6527]],[[-17070,175150,980,-3900,500,-1581,4382,-329,4361,-364,-23,-1596,-230,-1250,160,-5660,480,-2420,300,-1160,441,-1994,1159,-4056,-2680,0,-110,-96,153,41,2194,12,324,2,93,-44,230,-603,99,-126,280,-5,69,30,6,-10,141,73,146,63,169,101,554,287,525,91,697,-159,1336,-538,2,0,2517,-849,-57,497,4,247,81,105,1280,-315,39,-10,338,-2,56,12,20,-4,126,35,116,24,116,40,686,189,158,8,1553,-539,137,12,158,37,39,3,246,132,167,38,1459,93,266,26,48,2,31,6,176,18,254,55,318,181,3115,2781,2,9,198,46,737,25,965,33,967,32,965,31,965,33,967,32,965,32,968,32,965,32,966,32,965,32,967,32,965,32,968,32,965,33,966,31,966,33,495,16,55,132,1,370,20,184,25,100,72,51,160,37,395,7,15,-3,106,338,481,1993,234,1366,-18156,11448,4510,9106,-5434,-1253,-2716,1209,-3645,1495,-1408,1519,-1952,2694,-2035,3906,-2334,601,-7276,1699,-362,-6694,-2434,1535,-1329,-7450,-4065,-2631]]]
2455558	p	2460596
2451778	r	-5.3086,12.546,-3.6345,13.9437	[[[-53086,128986,74,-181,22,12,27,-20,-28,-52,21,-64,48,-12,32,-44,-3,-63,50,-52,-15,-62,96,-20,80,-101,-11,-34,30,-21,-7,-21,58,-23,145,-190,43,41,91,2,20,44,36,-9,42,-29,-18,-60,49,-42,5,-40,72,9,67,-47,137,-43,99,-103,48,27,30,-10,73,-72,-13,-73,20,-51,35,22,28,-29,76,21,21,-30,39,-1,5,-36,41,-24,-24,-22,10,-40,155,-113,118,-216,0,-59,43,-27,-45,-55,39,-42,-28,-49,25,-56,21,5,-17,-64,32,4,3,-18,-35,-135,-44,-46,1,-63,128,-496,55,-436,133,-117,150,27,166,103,99,212,-50,453,138,42,348,17,-33,211,494,5,53,-329,129,-352,297,121,311,172,298,237,275,175,30,-17,139,199,109,40,52,58,149,17,37,47,-31,148,95,120,42,0,6,37,39,20,38,82,-12,28,66,83,-11,47,119,130,91,164,42,148,-24,136,31,91,91,-98,157,-82,12,-64,94,-6,50,-197,105,-223,225,-137,333,-154,147,122,181,89,1042,-176,27,-42,61,9,71,27,58,-60,10,22,54,-15,38,47,99,-84,127,53,179,6,210,102,152,110,252,-53,83,-49,66,-67,-2,-99,151,-31,91,-68,176,89,68,-38,57,20,31,-39,135,99,13,43,55,-12,66,35,7,47,69,8,-15,60,173,446,-2,178,39,122,5,43,38,51,-116,335,-40,144,7,122,83,395,-27,448,-86,141,-388,157,-30,163,-70,145,24,100,31,22,-52,174,-38,38,-137,-37,-152,34,12,97,-55,27,-61,291,-34,45,-60,-2,-25,68,-170,84,33,137,45,59,41,109,69,73,61,16,104,98,16,56,42,49,601,-29,114,31,70,88,-2,7,38,45,-8,57,-142,191,-146,138,3,9,118,141,165,63,87,125,92,75,200,35,8,-2,96,-4,69,37,40,6,31,50,22,25,245,117,73,161,120,88,96,138,71,212,-25,249,17,50,135,123,82,41,191,49,72,-1,72,61,23,15,25,27,40,35,112,49,101,103,103,36,3,2,60,4,114,-53,59,120,-9,64,36,55,22,19,11,20,155,91,10,-38,32,-62,86,-35,241,-44,54,-27,-6,-108,-69,-40,-94,-14,-78,-30,-203,-187,-86,-49,-124,-118,124,-97,232,-60,196,-5,199,17,163,-31,345,-134,410,-108,185,-76,742,-583,457,-270,419,-319,23,701,-23,700,-3301,1900,58,382,-489,1018,-490,833,-110,322,-317,1282,-123,-57,-723,-204,-126,125,-19,58,-18,-5,5,-70,-1037,-573,82,-81,4,-65,-148,-112,-213,-284,-172,-60,-129,-168,-126,-361,-319,-459,-466,-131,-40,-46,-7,-240,-905,-485,-110,-32,-151,-19,83,185,65,278,145,153,27,62,-230,-100,-80,-65,-118,-306,-100,-87,-247,-57,-121,50,-153,13,-172,-91,-98,-132,-32,36,-165,-2,-1163,368,-435,-142,-219,17,-488,18,-105,-61,-185,-39,-198,55,-49,30,-28,57,-37,3,-11,38,-77,-26,-38,65,-54,14,-39,-24,3,-105,-103,-34,6,-82,-20,-35,-21,4,7,52,-20,16,-64,-27,-37,-102,64,-12,26,-79,-41,-67,-77,31,-45,-22,-542,72,-749,-148,-126,56,-270,188,-127,14,-52,-56,-1,-117,20,-63,77,-83,23,-96,-59,-172,15,-971,-31,-478,37,-42,78,-8,41,28,489,-2,4,-107,10,-734,-287,-249,-53,-82,-121,-60,-90,-1,-45,-106,-52,-42,2,-93,-38,-21,14,-23,-26,-29,21,-47,-27,-52,48,-57,-68,-111,-38,-142,0,-1,-1,-3,23,-62,-34,-117,-3,-86,-6,-30,5,-7,0,-12,48,-63,220,-171,1,-3,-8,-86,-8,-37,-55,-89,-21,-95,-3,-134,159,-95,-141,-173,-41,-121,-142,-86,62,-297,265,-598,-34,-299,-122,-98,-198,-83,-123,-1,-92,78,-130,8,-24,-58,-296,-270,-22,-71,-40,-36],[-39836,134843,63,123,-8,32,4,1,36,-10,38,-27,42,-61,-116,-85,-38,-5,-21,32]]]
2459775	r	-8.6767,10.1401,-6.1906,12.4503	[[[-86767,109988,4,-9,-1,-8,46,-94,-20,-144,15,-97,3,-5,1,-7,9,-13,25,-48,54,-42,193,28,265,127,140,-93,98,130,64,-100,74,-8,75,67,78,22,12,11,1,0,167,153,348,132,78,103,48,17,-29,42,27,63,-21,60,100,90,9,46,29,1,16,88,42,53,-33,77,39,84,102,-24,285,25,191,-75,262,-11,88,5,137,84,126,-1,193,-94,182,-240,130,-115,228,-81,41,-64,65,-217,10,-500,183,-350,19,-104,-491,-387,-27,-118,77,-122,-25,-146,-277,-298,7,-159,294,-20,107,-102,13,-78,-24,-105,-108,-179,24,-47,-1,-86,112,-61,2,-57,-104,-89,0,-134,-209,-24,-28,-30,29,-233,-79,-153,-9,-86,33,-328,253,-13,56,-34,70,91,179,-200,5,-58,-38,-77,12,-79,95,-77,4,-92,31,-69,136,-189,5,-198,42,-45,57,-184,34,-487,60,-2,73,46,12,-26,32,4,58,-41,251,-31,19,55,83,1,73,77,56,-8,-12,30,171,3,1,19,74,25,-14,27,51,49,149,22,71,94,21,-45,92,-7,-1,-41,21,-1,-17,-45,-43,22,-1,-3,-2,0,-14,-56,25,-30,-15,-16,33,-7,-9,-81,23,-8,-32,-27,14,-33,-27,-30,8,-18,-17,-45,-6,-138,13,-21,1,-18,56,-79,158,-273,111,-131,128,-82,88,-17,177,88,3,0,13,8,44,57,176,6,80,40,11,0,61,-28,56,-36,46,-64,19,-39,23,-123,13,-25,6,-28,43,-66,71,-266,103,-107,11,-81,80,-111,-1,-130,-97,-104,0,-14,-11,-13,5,-131,-46,-147,-25,-49,-112,-74,-47,-173,-57,18,-46,-101,188,-69,144,2,8,-4,183,-21,53,15,40,48,83,8,27,40,-6,23,67,32,29,23,25,5,4,19,129,107,95,60,256,36,98,35,87,58,97,80,211,266,35,-2,15,27,-16,22,9,18,42,-1,9,22,-35,11,2,3,60,16,-34,57,8,50,-7,-46,14,43,3,2,20,-1,35,45,-2,2,9,7,39,25,5,0,-2,2,32,19,55,79,4,24,-33,-12,141,52,39,44,-7,60,71,1,-32,67,120,42,-91,62,-38,-6,-37,-44,-26,10,28,46,-40,51,185,55,-21,137,148,88,66,-20,61,12,31,34,32,151,-45,79,-74,-6,-28,35,58,64,33,2,66,70,-7,69,31,24,-14,-7,98,50,151,17,3,1,31,-4,89,28,50,105,20,62,24,1,116,129,59,35,84,14,359,-218,234,-22,101,10,179,-2,12,4,71,-58,46,19,42,66,28,111,207,263,122,7,41,-3,97,-21,96,-58,86,-92,54,-116,8,-115,-8,-105,7,-89,40,-100,168,-278,14,-108,-25,-96,14,-62,130,-5,77,20,2,0,13,4,272,101,227,-14,60,-154,-64,-408,7,-191,-14,-21,-137,-26,-22,-64,71,-11,16,-70,36,13,-7,-62,38,10,39,-26,-14,37,32,26,18,-62,44,-25,82,25,22,-39,62,26,-4,-35,83,-29,116,40,59,71,360,-7,793,-121,983,-272,169,-97,94,-110,-49,-105,-18,-92,75,-61,76,3,51,-24,22,-95,152,-14,87,-77,247,8,234,82,208,153,122,211,-22,255,-96,111,-131,83,-106,90,-22,134,104,345,22,16,33,51,-10,52,30,64,37,29,53,-23,42,18,30,89,33,24,-7,77,107,72,7,49,42,50,-1,33,25,4,37,5,567,-70,192,25,25,12,12,-1,24,9,-3,7,25,11,14,-11,36,34,143,66,10,-4,0,8,303,140,145,14,5,-12,346,-85,317,-186,196,-20,61,-14,124,9,62,-28,64,112,59,4,63,98,45,2,-3,8,60,-3,7,4,47,43,-1,14,-38,35,7,56,-34,75,12,27,54,-26,7,32,-19,36,-77,34,-16,42,138,75,32,40,50,85,62,198,-8,14,-47,10,-38,-6,-70,29,39,87,-17,23,-126,22,-38,-19,-54,32,-58,104,-78,-8,54,186,-111,31,35,49,-25,58,64,38,16,42,-10,38,-46,16,-40,158,56,84,79,-44,93,42,-85,99,-7,68,36,39,-44,120,81,200,-116,101,-32,-4,33,113,66,53,-38,63,9,40,141,77,109,10,8,59,-75,-14,-44,24,51,176,107,68,-15,77,85,-11,114,-15,51,11,0,1,7,0,83,-152,20,-173,54,-34,43,-76,52,-52,242,-12,215,-169,60,-128,359,-136,230,9,235,-54,113,1,175,-117,54,115,242,245,-133,553,-30,469,165,81,20,-2,5,2,12,-4,44,-5,447,-186,115,-3,121,-51,327,252,170,142,108,73,116,89,14,-3,12,9,-10,23,137,57,33,76,57,11,41,95,-21,87,-209,121,-22,131,126,20,226,-56,102,15,46,114,-106,212,-60,12,-40,-35,-87,112,17,24,109,4,51,46,12,46,116,9,38,46,-99,122,-214,32,-8,127,-56,65,-53,-23,-189,-225,-31,6,-26,59,-24,162,85,137,-13,123,141,229,-14,128,-114,148,97,142,-57,41,-82,-1,-30,74,10,32,-36,30,-186,-89,-46,-45,-148,17,80,164,-188,110,-122,-15,-63,56,77,154,8,70,-52,35,-55,-13,-151,-187,-133,116,2,95,56,128,6,132,-74,50,-129,32,-307,-156,-29,80,13,20,127,60,16,36,-6,102,-59,129,-157,82,-112,4,-130,-45,-86,39,-87,214,25,12,81,-48,91,64,149,276,-228,420,-54,32,-111,-12,-163,253,0,148,73,215,-12,86,78,175,-20,103,-134,63,-120,-21,-242,-106,-181,-177,-49,-146,1,-110,-85,-162,-92,-13,-96,108,49,290,45,124,101,150,15,104,82,128,9,55,67,81,-62,192,61,168,-2,76,-110,124,-138,93,-195,96,21,355,92,80,30,140,67,126,-9,98,41,89,-25,49,-159,44,69,1188,57,31,-50,89,12,212,32,59,1,39,-27,5,27,452,38,72,-20,74,-9,9,68,1163,-6078,2193,14,14,331,-6,180,166,100,172,-34,94,-98,64,-59,-1,-189,-110,-30,6,-77,150,67,109,229,50,154,183,221,92,-2,149,-84,163,-102,80,-210,-52,-42,30,-45,102,4,49,224,277,97,269,-10,37,-107,44,-57,-16,-80,16,-119,127,-37,75,-13,80,91,170,-40,36,-37,226,-114,104,-37,80,14,99,173,281,33,165,-26,67,8,92,-24,7,-77,-72,-13,-152,-167,-129,-74,54,-40,-10,-43,-102,-123,-93,-30,-121,-61,-24,-1,-66,44,-78,-54,-26,-22,-98,-163,-55,-305,37,-16,-49,-42,-14,-67,-81,-50,28,-28,-13,54,-129,-138,16,-60,-18,-31,-62,9,-55,-71,-55,-25,-123,-72,-85,-2,-46,45,-44,17,-65,-74,-109,16,-89,-57,1,-59,59,-120,-113,-53,-233,-109,67,-74,-59,-165,-29,-3,-81,-43,11,-89,-48,28,-83,-106,45,-118,2,-115,-52,19,-63,-23,-2,-1,23,-71,50,-73,-105,-143,20,3,-47,79,-50,-82,-86,-33,-18,-127,42,-73,-55,-28,62,-32,-40,-20,-137,-58,12,-78,-32,-32,35,-37,-7,-100,-184,8,-40,-71,47,-28,-6,-52,-114,13,-32,-69,-10,-16,-93,-56,-21,20,-119,-40,-64,-28,-135,-57,-38,-19,-42,9,-39,58,-42,31,-102,-18,-75,82,-181,-13,-48,-347,-402,-58,-27,-145,4,-38,-36,23,-33,-24,-18,-74,18,-50,-18,-123,-104,56,-31,11,-37,-45,-41,-127,-44,-73,-86,-92,-54,-47,0,-176,76,-47,6,-43,-25,-116,25,-70,-11,-81,50,-35,-9,-333,-355,-135,-30,-92,-65,-83,-5,-583,-277,-123,-49,-52,10,-120,-61,-199,-267,-750,-560,-260,-90,-720,-710,-360,-210,-1717,20,-903,-310,-640,20,-701,-225,94,-141,-17,-21,-72,8,-116,-125,-124,-63,-24,-39,3,-106,-94,95,-163,0,-17,-23,9,-71,-57,-18,-29,-89,89,-36,-87,-40,-48,-97,-51,-4,-12,-22,83,-52,-5,-76,57,-97,-14,-18,-65,19,-12,-30,43,-92,-41,-90,-58,-4,-17,-25,58,-65,44,-104,-2,-8,24,5,-13,-35,25,-9,-17,-10,44,-4,43,-42,1,-45,38,-63,5,-101,2,-3,0,-2,52,-64,-27,-66,11,-14,-3,-13,74,-85,30,-174,23,-21,2,0,29,-23,173,-24,55,56,-13,81,21,10,28,-29,-13,-86,108,-44,120,25,121,-140,96,24,146,-19,206,-118,239,-26,59,-40,95,-73,-3,-3,-276,-36,-124,-52,-78,-74,-19,-9,-9,-18,-19,-18,-5,-32,-17,-32,3,-47,-4,-23,6,-12,1,-19,38,-62,58,-30,23,-5,12,-5,35,-6,96,-21,40,0,19,-3,41,5,157,3,23,-106,-67,-184,-67,-134,-8,-9,-155,-54,-44,-6,-85,1,-174,20,-146,40,-144,98,-60,14,-150,-9,-105,-52,-38,-51,-8,-7,-2,-7,-21,-27,-9,-48,-18,-45,4,-21,-6,-31,48,-172,59,-99,-31,-74,-21,-17,-99,-37,-149,11,-10,-6,-10,0,-34,-29,-78,-51,-242,8,-86,-41,-4,-14,-13,-7,-58,-208,10,-122,62,-160,-99,-245,-113,-37,-256,34,-82,-72,-15,-144,60,-168,-6,-17,-266,-250,-33,-117,-2,-135,-40,-83,-254,-180,-153,-174,-3,-10,-4,-5,-1,-12,-7,-21]]]
2449067	r	-5.838,14.777,-0.456,19.9918	[[[-58380,184839,9,-86,101,-928,102,-926,103,-928,101,-927,102,-927,98,-903,100,-901,99,-903,99,-902,99,-902,99,-902,99,-902,99,-902,100,-903,98,-902,99,-902,100,-902,98,-903,47,-424,482,-539,-289,-81,245,-2343,2757,-1668,-1670,-8333,1433,530,1271,1209,1067,-881,367,74,831,51,555,-23,77,-12,6,-58,62,57,219,-34,-46,-127,153,100,48,77,31,10,33,-22,56,58,57,2,19,-18,-19,-74,127,24,187,-54,1590,-80,2380,750,730,490,901,338,82,57,352,21,795,444,290,190,810,100,95,-16,306,-777,664,-578,339,4,158,-24,153,-50,60,-62,212,-768,66,-77,10,-139,-112,-141,-35,-84,-20,-185,-59,-126,-62,-52,21,-48,234,-64,162,63,90,-14,252,-149,191,41,284,-45,92,55,95,-1,296,-30,296,1,175,-70,87,18,34,67,485,442,471,643,11175,-5388,5964,-2875,1165,6527,335,13,1910,-560,1090,-530,810,-590,910,-840,4692,-1130,208,180,2680,0,-1159,4056,-441,1994,-300,1160,-480,2420,-160,5660,230,1250,23,1596,-4361,364,-4382,329,-500,1581,-980,3900,4065,2631,1329,7450,-4569,11412,-1043,813,-22,10,-2047,742,-2093,612,-2130,479,-2157,344,-2177,206,-2186,69,-2186,-69,-2177,-206,-2157,-344,-2130,-479,-2093,-612,-2047,-742,-1992,-870,-1929,-994,-1858,-1114,-1777,-1228,-1691,-1337,-1596,-1441,-1495,-1539,-1388,-1630,-1274,-1714,-490,-760]]]
2455216	r	-11.1912,11.8979,-8.4345,14.3861	[[[-111912,127973,145,-864,256,-1075,326,-1056,397,-1033,464,-1005,434,-796,4,0,43,19,18,71,93,59,151,-36,104,21,19,-35,38,35,30,-12,24,48,35,-1,40,-38,65,-15,36,-57,73,-8,-18,-43,39,-35,-9,-38,51,12,37,-31,36,42,25,-3,0,-68,36,-16,-10,-69,124,-166,-14,-80,50,-11,-10,-38,28,-49,79,-54,82,-121,321,-189,20,-44,98,33,231,-72,-4,-94,31,-36,-11,-60,26,-37,-10,-117,39,-111,-95,-37,24,-64,-15,-87,-67,-33,-13,-63,136,-144,33,-97,59,-42,-18,-132,79,-105,77,-180,4,-62,133,-249,46,-20,86,-92,36,-2,22,-51,71,-45,84,-6,94,-100,73,-15,62,24,49,-42,38,16,22,-33,98,-30,105,3,54,-33,2,2,67,107,30,-25,22,21,110,170,16,33,-5,26,27,19,51,107,38,138,77,100,34,23,22,59,76,31,29,-6,20,15,95,48,7,7,9,1,96,48,85,27,4,73,-132,138,-17,98,106,53,112,-9,51,17,187,87,161,113,-17,309,19,47,71,-29,11,6,35,123,-5,10,-93,53,-8,169,33,21,7,45,204,-10,1,0,22,-1,161,-9,5,-4,222,-17,49,5,39,69,109,102,39,45,164,136,-21,39,-5,101,61,79,140,33,78,-58,58,37,66,-53,58,-29,99,42,-59,162,58,53,52,7,157,-60,58,11,22,70,-116,174,23,91,90,-31,82,-65,28,100,107,-40,82,-153,-2,-40,21,-2,-16,-78,23,-38,138,56,-36,113,18,43,86,-13,84,19,51,-68,42,80,101,28,60,-63,-41,-53,53,-61,109,33,76,54,142,-62,173,25,29,-17,-20,-54,57,-70,91,-45,96,31,183,-134,128,-7,45,75,187,-71,33,25,67,-19,85,25,31,90,74,-78,19,-57,-28,-20,-29,11,-34,-44,-24,-185,39,-6,23,4,3,-1,4,0,6,2,50,8,49,-68,18,37,46,10,58,-121,17,14,-16,132,33,25,16,-45,74,-70,58,-3,32,59,72,-109,140,-76,112,23,9,40,123,-63,10,-69,43,21,38,-94,68,29,-5,-49,47,-24,-9,-50,57,9,34,-42,89,14,53,63,15,-38,94,-27,46,-51,44,33,42,-18,31,23,130,8,22,-14,-2,-72,66,-31,-10,-43,-19,3,5,-38,55,-18,53,-96,29,23,31,-21,-1,-46,44,-38,92,-14,10,-31,51,-28,14,24,69,5,10,23,21,-21,122,17,190,-51,83,89,37,4,149,-96,106,-26,13,-104,105,-60,95,18,270,-85,218,-2,80,-31,23,25,14,-15,158,27,55,33,-85,253,34,34,-3,31,66,8,22,36,42,10,61,130,-4,60,-59,119,16,102,-37,52,51,60,26,98,52,37,5,57,92,40,23,86,67,40,48,81,75,-11,42,83,90,31,88,-13,3,34,114,13,62,63,195,41,41,55,125,-19,46,-33,95,49,49,-22,58,3,25,29,19,-11,65,151,82,43,46,59,31,-15,49,32,41,-5,99,104,-30,34,14,49,29,14,-34,15,55,54,26,-2,21,61,87,-8,24,38,34,-18,93,24,57,-37,13,26,64,3,39,-6,5,-35,64,1,19,50,154,41,142,-18,12,-64,103,24,18,38,78,-69,41,14,56,-67,122,37,28,-9,5,-33,32,13,70,-33,79,4,-75,88,57,51,15,98,17,6,36,-58,38,1,135,138,-56,81,1,94,32,45,-31,68,2,62,29,76,98,0,46,100,27,105,-78,10,10,92,107,31,22,37,-54,67,-233,45,-39,66,-90,27,-24,77,24,87,-47,93,-116,31,3,116,-55,15,-91,-25,-95,91,-14,221,-127,25,-60,-58,-76,124,31,61,81,22,99,77,185,16,16,53,-19,92,77,62,43,21,180,-54,-8,-137,32,-34,78,21,64,51,13,126,51,73,94,-61,67,-14,48,-104,42,9,57,-36,68,69,50,10,-9,47,29,34,27,-10,43,33,36,-18,93,39,62,-42,78,9,16,-42,73,28,27,-25,64,4,14,-39,112,-32,40,36,44,-36,88,12,171,-44,136,7,23,-37,118,-63,84,2,83,-141,115,-13,73,-67,109,10,503,167,210,-100,111,-115,640,481,487,166,46,-3,38,249,50,45,40,144,26,21,-9,28,61,23,44,145,-18,42,37,181,91,42,279,10,60,-55,100,-6,12,-87,46,-44,101,42,40,-29,99,30,23,-19,11,41,29,9,-29,34,50,-2,22,58,98,32,93,96,103,138,-11,42,26,48,90,21,2,96,-24,58,47,51,43,8,5,27,119,80,11,29,31,2,28,42,62,-8,140,60,-6,25,57,46,-2,95,26,57,159,97,-16,30,36,30,-15,53,35,-3,-4,32,30,15,20,-21,32,34,73,9,37,42,6,61,20,-23,68,-2,-3,26,-28,3,105,88,58,15,-13,40,43,64,60,-5,-14,39,36,-4,6,37,-29,-3,-25,55,100,97,-45,31,-30,70,33,69,-52,4,-35,101,-97,-29,-66,61,3,126,-128,116,40,86,-40,15,-12,-24,-27,4,-23,50,-55,38,135,117,-1,56,22,-20,83,1,141,74,-35,153,-91,12,-20,38,-6,70,36,74,-11,63,16,20,71,-2,86,90,10,-29,112,-44,42,94,86,55,4,63,-56,78,57,172,120,75,-63,103,36,105,52,31,-70,72,-3,87,105,182,-64,43,-32,57,-8,97,-57,99,2,75,-66,65,10,62,-50,31,25,78,78,4,-34,77,30,106,62,13,58,-25,44,17,-10,33,68,127,-78,38,-20,53,49,26,-11,43,-83,23,-32,69,55,19,-7,54,43,50,-17,24,67,101,-35,38,4,126,39,24,51,94,5,47,-35,15,2,34,35,21,37,-25,18,52,74,1,-40,36,32,32,-19,35,66,-22,41,61,-18,12,53,35,39,-21,36,27,16,40,-40,13,-11,98,28,34,96,27,52,141,-73,-8,-48,22,-59,53,-14,50,49,23,-6,42,93,4,55,90,38,16,-19,76,42,66,-35,72,-37,11,4,29,25,22,156,-53,28,41,-39,69,12,92,-50,20,-13,46,-74,11,14,37,28,30,43,1,41,81,72,44,19,71,31,-19,-6,-23,29,-5,53,86,44,14,39,-9,39,-55,162,47,66,65,1,52,-27,-5,-10,43,-48,26,-24,-12,8,-57,-38,38,17,108,-16,66,118,72,-43,27,-4,32,-103,64,8,84,33,29,-35,69,6,52,-74,7,-37,55,70,99,-356,215,-80,109,-15,193,-39,34,-62,6,-200,182,-58,20,-124,106,39,36,134,-12,24,67,-86,138,16,44,-49,94,37,33,-21,98,27,35,-58,44,-11,40,12,148,-34,80,29,108,-21,82,73,181,40,38,-9,101,93,-9,44,47,16,126,85,93,73,1,88,46,-23,73,127,-29,25,17,6,201,-73,91,31,91,45,28,122,13,12,45,-43,48,9,47,56,56,91,-36,52,9,-18,145,78,-10,70,98,-98,344,47,19,172,-45,31,85,2,5,-45,88,-205,117,89,198,-62,19,7,42,-51,85,-120,125,-4,124,-28,55,-120,24,-206,-107,-87,48,-82,97,-55,18,-268,-68,-99,-176,-187,-59,-24,-29,25,-47,53,0,79,-58,24,-134,-64,-128,-214,-97,-42,-185,35,-16,231,66,35,-14,14,-42,-5,-25,-127,-41,-5,-68,-159,-133,-142,-42,-102,18,-67,-34,-30,46,10,30,-95,34,-55,56,-8,56,-83,43,-50,-2,15,-61,-75,-15,-55,-52,-60,13,-26,-47,-124,41,-77,-22,-16,10,16,55,-66,-22,-10,23,-3,118,23,25,-54,36,20,47,-117,24,-76,-35,-86,67,51,86,-17,57,-64,85,-46,-25,-24,45,112,122,-29,46,-68,-6,12,-39,-22,-52,-55,-7,-53,-35,-112,-43,-64,35,-4,10,55,40,-39,78,-6,1,-3,6,-78,18,-18,115,23,43,-36,52,-25,5,-60,-55,-78,0,-24,47,-40,1,-104,103,-42,164,-36,-32,-68,40,-40,-67,-102,41,-9,104,-81,7,1,4,15,11,4,61,-51,117,41,53,80,-10,65,26,7,74,57,23,55,63,-35,22,-70,-8,-1,118,121,22,110,109,55,-38,40,32,-92,139,14,234,-53,109,1,81,-15,28,-5,45,22,35,20,19,18,-2,24,-15,111,-2,43,-31,47,28,16,-4,138,-67,68,-81,74,-16,108,82,98,21,-39,48,-34,119,5,105,-68,127,74,319,-48,62,2,95,41,66,-41,42,-128,-4,-32,51,-74,38,16,75,-34,67,24,41,-150,133,35,136,-23,97,-37,14,-86,-32,-114,30,15,78,125,106,3,2,32,66,-10,41,-54,5,-51,66,-63,6,-31,-7,-33,-64,-98,-43,-86,8,-20,133,-24,30,17,51,-50,42,-38,-8,-44,-71,-177,-29,-38,14,-32,42,76,156,-23,85,-191,91,-161,-14,-56,38,2,46,-43,-8,-32,23,-38,177,16,104,-123,-31,-96,-67,-97,-32,-131,-124,9,-34,60,-13,-25,-38,42,-120,-102,-244,74,-224,-22,-193,-205,-224,-77,-51,-24,-186,-84,-170,0,-92,-47,-70,8,-55,89,-74,83,-153,78,-78,-1758,-76,-366,218,-420,660,-140,370,0,310,-476,208,-33,-21,-90,12,-139,94,-602,-193,-110,-280,0,-310,140,-370,10,-240,-300,-190,-490,50,-600,258,-490,692,-510,520,-360,70,-570,-290,-320,-130,-728,-409,-76,-84,-127,-54,-45,-69,-220,45,-72,-54,-59,11,-68,-29,-44,11,-55,-36,-88,-4,22,-35,-10,-31,-35,-75,-68,-52,-72,-204,-132,-50,-39,25,-22,-31,-62,5,-47,-98,-143,-15,-34,-92,16,-33,-102,-55,-131,-190,-84,-7,-15,-36,-62,-14,-35,-48,-251,-107,-1487,-64,-7686,-10030,-2351,-3068]]]
2594078	p	2460596
2454530	r	-9.0147,11.4623,-6.6538,14.6611	[[[-90147,124539,162,-421,53,-279,284,-253,102,-12,233,-342,-201,-175,-297,-500,-74,-169,-38,-200,65,6,0,47,70,-2,9,-102,74,-9,-46,-87,97,-35,-41,-29,-14,-45,50,-70,38,59,76,3,37,-40,32,58,30,-1,0,-38,29,-9,119,18,19,15,-29,15,4,48,49,-13,70,70,42,-44,-37,-16,31,-65,73,-20,55,16,-33,-99,45,-51,89,-15,2,-39,-49,-55,59,-39,-12,-37,58,7,-10,-23,35,-53,-1,-39,-35,0,-19,-68,-56,-23,25,-73,-45,-39,33,-20,23,-65,-53,-63,22,-39,-37,-27,11,-33,-57,-39,-45,34,-14,-14,26,-29,-60,-40,39,-68,-16,-71,-38,-15,49,-31,-18,-4,16,-109,-39,-13,56,-18,-29,-112,26,-3,-8,-38,27,-20,63,50,39,-49,86,10,35,-47,26,42,15,-53,24,11,13,-32,20,22,15,-11,-2,-74,17,25,42,-5,-12,-64,47,43,0,52,48,-1,57,42,29,80,18,-33,41,20,38,-23,-40,-32,31,-16,-3,-23,112,63,29,43,20,-63,-41,-32,68,-46,-19,-22,248,-164,-24,-85,41,-41,54,-5,-10,-59,28,-50,66,-41,29,17,12,-67,23,10,14,-44,34,-16,-9,-53,-122,-181,38,-88,-5,-150,-101,-332,-13,-145,52,-157,-57,-104,-45,-271,-160,-37,-74,-60,-89,-185,110,-193,-291,-1265,146,-3,31,-45,87,-8,21,39,42,-21,23,-65,179,-48,-15,-37,74,-58,125,-2,34,-40,135,80,25,-68,29,-17,45,20,-15,-37,45,-32,-49,2,22,-15,-27,-18,74,-71,445,353,124,-101,-16,-94,16,-93,95,-149,10,-61,169,-107,64,-114,-32,-56,8,-42,161,-141,-7,-26,-144,-97,73,-88,-56,-62,154,-121,19,-69,151,-94,56,-76,18,-101,194,-19,94,-31,20,-27,99,-15,21,-41,63,-7,21,15,-10,18,24,2,32,119,71,-41,47,69,27,-13,35,-17,4,-2,13,28,31,-7,33,69,15,68,2,8,-44,104,-58,65,17,25,58,4,41,90,-43,92,12,30,65,-19,14,18,-57,97,5,76,-83,52,12,22,51,4,48,97,87,40,-89,36,29,89,57,18,-9,71,17,23,163,0,94,-95,-3,106,24,39,124,63,116,125,72,-8,17,21,-94,141,701,225,640,-20,903,310,1717,-20,360,210,720,710,260,90,750,560,199,267,120,61,52,-10,123,49,583,277,83,5,92,65,135,30,333,355,35,9,81,-50,70,11,116,-25,43,25,47,-6,176,-76,47,0,92,54,73,86,127,44,45,41,-11,37,-56,31,123,104,50,18,74,-18,24,18,-23,33,38,36,145,-4,58,27,347,402,13,48,-82,181,18,75,-31,102,-58,42,-9,39,19,42,57,38,28,135,40,64,-20,119,3,2,-1,2,54,17,16,93,69,10,-13,32,52,114,28,6,71,-47,-8,40,72,133,15,41,9,4,4,6,37,7,32,-35,78,32,55,-11,4,6,19,130,25,33,129,579,283,-438,72,103,71,-50,1,-23,23,2,-19,63,115,52,118,-2,106,-45,-28,83,89,48,43,-11,3,81,142,25,1020,7213,106,34,523,-272,185,7,520,437,334,174,-142,162,145,555,15,235,41,62,74,287,125,112,279,161,-10,360,-73,250,9,43,66,33,45,54,-3,78,-27,41,43,56,-28,85,273,168,38,88,50,271,59,142,66,63,1,1,47,44,77,37,183,12,103,39,147,253,180,74,140,-27,199,-93,242,-40,116,436,678,721,-13,108,33,-4,94,64,61,81,0,198,-68,26,8,76,-29,73,-108,39,-70,85,-76,166,-3,45,-2,36,-43,98,-534,143,-307,327,236,700,-590,580,-95,426,-45,244,120,1612,20,208,41,70,-55,104,108,56,129,218,92,196,41,185,115,75,15,116,-33,67,37,72,-20,55,25,38,-28,62,19,50,-67,29,-12,263,-38,77,-33,-11,-15,59,-106,-25,-18,28,-83,25,-3,10,-3,8,0,1,-2,9,55,82,-23,45,192,27,23,-23,17,37,27,3,-39,17,26,86,71,4,-13,25,115,3,104,97,37,-27,102,30,31,-18,237,94,335,195,1059,1590,-1981,-508,-274,-1004,-260,-349,-267,-92,-747,-193,-889,101,-583,-91,-351,-608,-670,70,-859,382,-491,25,-80,25,-342,723,-3796,4046,-3881,-3137,79,-316,-790,-108,-301,134,-394,-6,-6,-23,-48,-16,-20,45,-91,58,-24,81,-50,39,-99,-77,-32,-98,-42,-28,-111,3,-46,26,-106,-19,-38,21,35,128,87,80,23,235,-91,65,-8,71,-100,0,-99,-35,-69,27,-139,-17,-68,44,-17,70,19,61,-32,62,-29,-20,-7,-52,-48,-28,-43,41,-116,-17,-10,52,-71,30,-66,-31,-16,-63,-35,-29,-101,7,20,-86,-44,-57,-65,15,-69,-38,-240,117,-27,89,30,145,-114,190,-234,-177,-298,-469,-313,-436,36,-15,-23,-36,14,-137,-65,-90,-30,-12,-155,49,-107,0,-29,24,-17,-19,-119,54,-24,-24,-54,9,-40,-66,-139,-58,-262,86,-110,-6,-181,43,-140,-20,-78,64,-54,-11,46,-11,10,-41,-32,-66,-3,-2,-4,-8,-121,-98,-15,-78,114,-30,86,32,37,-14,23,-97,-35,-136,150,-133,-24,-41,34,-67,-16,-75,74,-38,32,-51,128,4,41,-42,-41,-66,-2,-95,48,-62,-74,-319,68,-127,-5,-105,34,-119,39,-48,-98,-21,-108,-82,-74,16,-68,81,-138,67,-16,4,-47,-28,-43,31,-111,2,-24,15,-18,2,-20,-19,-22,-35,5,-45,15,-28,-1,-81,53,-109,-14,-234,92,-139,-40,-32,-55,38,-110,-109,-121,-22,1,-118,70,8,35,-22,-55,-63,-57,-23,-7,-74,-65,-26,-80,10,-41,-53,51,-117,-4,-61,-15,-11,-1,-4,81,-7,9,-104,102,-41,40,67,68,-40,36,32,42,-164,104,-103,40,-1,24,-47,78,0,60,55,25,-5,36,-52,-23,-43,18,-115,78,-18,3,-6,6,-1,39,-78,-55,-40,4,-10,64,-35,112,43,53,35,55,7,22,52,-12,39,68,6,29,-46,-112,-122,24,-45,46,25,64,-85,17,-57,-51,-86,86,-67,76,35,117,-24,-20,-47,54,-36,-23,-25,3,-118,10,-23,66,22,-16,-55,16,-10,77,22,124,-41,26,47,60,-13,55,52,75,15,-15,61,50,2,83,-43,8,-56,55,-56,95,-34,-10,-30,30,-46,67,34,102,-18,142,42,159,133,5,68,127,41,5,25,-14,42,-35,14,-231,-66,-35,16,42,185,214,97,64,128,-24,134,-79,58,-53,0,-25,47,24,29,187,59,99,176,268,68,55,-18,82,-97,87,-48,206,107,120,-24,28,-55,4,-124,120,-125,51,-85,-7,-42,62,-19,-89,-198,205,-117,45,-88,-2,-5,3,-7,-34,-78,-172,45,-47,-19,98,-344,-70,-98,-78,10,18,-145,-52,-9,-91,36,-56,-56,-9,-47,43,-48,-12,-45,-122,-13,-45,-28,-31,-91,73,-91,-6,-201,-25,-17,-127,29,23,-73,-88,-46,-73,-1,-85,-93,-16,-126,-44,-47,-93,9,9,-101,-40,-38,-73,-181,21,-82,-29,-108,34,-80,-12,-148,11,-40,58,-44,-27,-35,21,-98,-37,-33,49,-94,-16,-44,86,-138,-24,-67,-134,12,-39,-36,124,-106,58,-20,200,-182,62,-6,39,-34,15,-193,80,-109,356,-215,-70,-99,37,-55,74,-7,-6,-52,35,-69,-33,-29,-8,-84,103,-64,4,-32,43,-27,-118,-72,16,-66,-17,-108,38,-38,-8,57,24,12,48,-26,10,-43,27,5,-1,-52,-66,-65,-162,-47,-39,55,-39,9,-44,-14,-53,-86,-29,5,6,23,-31,19,-19,-71,-72,-44,-41,-81,-43,-1,-28,-30,-14,-37,74,-11,13,-46,50,-20,-12,-92,39,-69,-28,-41,-156,53,-25,-22,-4,-29,37,-11,35,-72,-42,-66,19,-76,-38,-16,-55,-90,-93,-4,6,-42,-49,-23,14,-50,59,-53,48,-22,73,8,-52,-141,-96,-27,-28,-34,11,-98,40,-13,-16,-40,-36,-27,-39,21,-53,-35,18,-12,-41,-61,-66,22,19,-35,-32,-32,40,-36,-74,-1,-18,-52,-37,25,-35,-21,-2,-34,35,-15,-5,-47,-51,-94,-39,-24,-4,-126,35,-38,-67,-101,17,-24,-43,-50,7,-54,-55,-19,32,-69,83,-23,11,-43,-49,-26,20,-53,78,-38,-68,-127,10,-33,-44,-17,-58,25,-62,-13,-30,-106,34,-77,-78,-4,-25,-78,50,-31,-10,-62,66,-65,-2,-75,57,-99,8,-97,32,-57,64,-43,-105,-182,3,-87,70,-72,-52,-31,-36,-105,63,-103,-120,-75,-57,-172,56,-78,-4,-63,-86,-55,-42,-94,-112,44,-10,29,-86,-90,-71,2,-16,-20,11,-63,-36,-74,6,-70,20,-38,91,-12,35,-153,-141,-74,-83,-1,-22,20,1,-56,-135,-117,55,-38,23,-50,27,-4,12,24,40,-15,-40,-86,128,-116,-3,-126,66,-61,97,29,35,-101,52,-4,-33,-69,30,-70,45,-31,-100,-97,25,-55,29,3,-6,-37,-36,4,14,-39,-60,5,-43,-64,13,-40,-58,-15,-105,-88,28,-3,3,-26,-68,2,-20,23,-6,-61,-37,-42,-73,-9,-32,-34,-20,21,-30,-15,4,-32,-35,3,15,-53,-36,-30,16,-30,-159,-97,-26,-57,2,-95,-57,-46,6,-25,-140,-60,-62,8,-28,-42,-31,-2,-11,-29,-119,-80,-5,-27,-43,-8,-47,-51,24,-58,-2,-96,-90,-21,-26,-48,11,-42,-103,-138,-93,-96,-98,-32,-22,-58,-50,2,29,-34,-29,-9,-11,-41,-23,19,-99,-30,-40,29,-101,-42,-46,44,-12,87,-100,6,-60,55,-279,-10,-91,-42,-37,-181,18,-42,-44,-145,-61,-23,9,-28,-26,-21,-40,-144,-50,-45,-38,-249,-46,3,-487,-166,-640,-481],[-83002,127400,11,222,33,219,55,215,76,209,96,201,117,190,134,178,152,165,167,149,182,132,194,114,204,95,213,75,219,54,223,32,226,11,226,-11,223,-32,219,-54,213,-75,204,-95,194,-114,57,-41,3,9,210,-30,219,-54,213,-75,204,-95,194,-114,181,-132,168,-149,62,-68,607,-1432,5,-99,-11,-222,-33,-219,-55,-215,-11,-29,-1639,172,41,-28,-36,-48,5,-55,-7,-21,-1,-38,-47,-68,28,-27,6,-59,-2,-50,-227,-239,93,-105,8,-38,2,-69,-10,-44,43,-377,-82,-58,-108,-50,-97,15,-20,5,751,-1062,-133,-119,-182,-132,-193,-114,-204,-95,-213,-75,-219,-54,-223,-32,-226,-11,-226,11,-223,32,-219,54,-213,75,-204,95,-193,114,-182,132,-167,149,-152,165,-134,178,-116,190,-97,201,-76,209,-55,215,-33,219,-11,222,11,222,26,170,-9,-2,-41,54,-117,190,-96,201,-76,209,-55,215,-33,219,-11,222]]]
2457763	n	-7.1903,12.5539,-6.7297,12.9817	[[[-71903,127800,11,-222,33,-219,55,-215,76,-209,97,-201,116,-190,135,-178,152,-165,167,-149,182,-132,193,-114,205,-95,213,-75,219,-54,223,-32,226,-11,226,11,223,32,219,54,213,75,205,95,193,114,182,132,167,149,152,165,135,178,116,190,97,201,76,209,55,215,33,219,11,222,-5,89,-174,-85,-402,-89,-233,519,-267,-60,-125,-120,-82,40,-88,-13,-199,-184,-71,441,-883,414,-526,118,2,201,36,28,44,99,27,148,47,33,-60,106,-363,321,-18,11,-49,-23,-193,-114,-182,-132,-167,-149,-152,-165,-135,-178,-116,-190,-97,-201,-76,-209,-55,-215,-33,-219,-11,-222]]]
2453662	n	-6.3011,13.4578,-5.8389,13.9061	[[[-63011,136800,9,-190,2720,-2032,33,4,220,54,214,75,205,95,194,114,182,132,168,149,153,165,135,178,116,190,97,201,77,209,55,215,33,219,11,222,-11,222,-33,219,-55,215,-77,209,-97,201,-116,190,-135,178,-153,165,-168,149,-182,132,-194,114,-205,95,-214,75,-220,54,-224,32,-227,11,-227,-11,-224,-32,-220,-54,-214,-75,-205,-95,-194,-114,-182,-132,-168,-149,-153,-165,-135,-178,-116,-190,-97,-201,-77,-209,-55,-215,-33,-219,-11,-222]]]
2452655	n	-6.2217,14.0239,-5.7583,14.4761	[[[-62217,142500,11,-222,33,-219,56,-215,76,-209,98,-201,116,-190,136,-178,153,-165,168,-149,183,-132,195,-114,205,-95,214,-75,221,-54,225,-32,227,-11,227,11,225,32,221,54,214,75,205,95,195,114,183,132,168,149,153,165,136,178,116,190,98,201,76,209,56,215,33,219,11,222,-11,222,-33,219,-56,215,-76,209,-98,201,-116,190,-136,178,-153,165,-168,149,-183,132,-195,114,-205,95,-214,75,-221,54,-225,32,-227,11,-227,-11,-225,-32,-221,-54,-214,-75,-205,-95,-195,-114,-183,-132,-168,-149,-153,-165,-136,-178,-116,-190,-98,-201,-76,-209,-56,-215,-33,-219,-11,-222]]]
2452651	r	-10.7432,14.1071,-8.1201,15.7028	[[[-107432,153507,2693,-6027,-1814,-1252,813,-98,998,-13,548,49,35,15,2284,-5110,1487,64,251,107,35,48,62,14,15,36,84,7,131,190,102,55,-16,33,34,92,143,15,47,98,62,-5,22,31,39,-25,132,50,72,204,68,52,35,75,10,31,-22,35,88,4,55,36,44,-11,68,29,59,-11,72,54,220,-45,45,69,127,54,76,84,728,409,320,130,570,290,360,-70,510,-520,490,-692,600,-258,490,-50,300,190,-10,240,-140,370,0,310,110,280,602,193,139,-94,90,-12,33,21,476,-208,0,-310,140,-370,420,-660,366,-218,1758,76,-78,78,-83,153,-89,74,-8,55,47,70,0,92,84,170,24,186,77,51,205,224,22,193,-74,224,102,244,-42,120,25,38,-60,13,-9,34,131,124,97,32,96,67,123,31,-16,-104,38,-177,32,-23,43,8,-2,-46,56,-38,161,14,191,-91,23,-85,-76,-156,32,-42,38,-14,177,29,44,71,38,8,50,-42,-17,-51,24,-30,20,-133,86,-8,98,43,33,64,31,7,63,-6,51,-66,54,-5,-46,11,54,11,78,-64,140,20,181,-43,110,6,262,-86,139,58,40,66,54,-9,24,24,119,-54,17,19,29,-24,107,0,155,-49,30,12,65,90,-14,137,23,36,-36,15,313,436,298,469,234,177,114,-190,-30,-145,27,-89,240,-117,69,38,65,-15,44,57,-20,86,101,-7,35,29,16,63,66,31,71,-30,10,-52,116,17,43,-41,48,28,7,52,29,20,32,-62,-19,-61,17,-70,68,-44,139,17,69,-27,99,35,63,0,441,598,508,793,453,825,397,851,339,874,279,894,219,910,156,922,95,930,31,934,-31,934,-95,930,-134,788,-297,0,-1512,1,-1432,0,-1337,1,-854,0,-2219,0,-740,1,-21,45,-3439,0,-5,655,221,1280,-214,93,-125,-105,-130,56,-194,-120,-611,-710,-10,-18,-89,-74,16,-58,-64,-116,-1,-291,159,-633,120,-554,-2482,-98,-487,-98,-199,-83,-19,-11,-25,9,-63,72,-46,-4,-99,-69,-150,19,-143,-109,-26,-57,16,-67,-29,-17,-100,18,-208,-16,-418,44,-239,50,-79,-11,-189,24,-21,-73,-34,-26,-48,12,-456,-92,-75,-59,-818,-116,-407,12,-233,67,-364,226,-204,95,-77,6,-184,-33,-87,0,-855,332,-139,19,-482,-36,-276,52,-1020,17,-151,-27,-195,40,-165,-25,-332,-111,-27,-8,-197,-29,-418,5,-603,90,-162,-8,-110,-105,-37,-190,12,-414,-43,-115]]]
2457410	p	2451478
2455290	r	-2.056,15.5286,4.2671,22.0362	[[[-20560,200010,4315,-3367,4569,-11412,2434,-1535,362,6694,7276,-1699,2334,-601,2035,-3906,1952,-2694,1408,-1519,3645,-1495,2716,-1209,5434,1253,-4510,-9106,18156,-11448,4251,-2680,324,191,781,838,367,194,795,147,377,197,251,295,26,61,127,292,80,386,90,976,64,185,152,228,582,564,9,29,6,29,-2,61,1,15,-2,14,-5,13,-7,13,-125,295,-39,276,43,276,894,2122,150,228,192,197,234,175,435,217,142,126,81,235,-6,1104,-4,862,-7,1338,-3,631,26,89,130,200,44,104,-54,982,12,181,59,176,80,32,106,6,133,93,-3,1049,-3,631,-3,1236,-4,1237,-5,1236,-4,1237,-3,1236,-5,1237,-2,694,-1,322,348,-7,-4,11374,-381,-70,0,51,-1710,-318,-1711,-318,-962,-178,-747,-139,-1710,-318,-1048,-195,-1,0,-810,-187,-110,-6,-28,23,-71,119,-68,49,-260,29,-94,37,-13,71,-184,243,-210,101,-159,187,-75,12,-220,117,-20,42,-107,55,-71,72,-83,28,-153,185,-133,10,-281,114,-43,66,-1,114,-56,120,72,151,7,144,313,255,155,326,312,338,-19,100,55,181,-126,180,13,26,186,151,212,109,183,137,98,228,-26,221,-107,161,-77,90,181,0,49,35,33,95,3,69,-97,149,7,67,-65,82,-28,126,115,103,68,187,-246,332,-99,245,12,225,142,137,49,220,-17,69,-49,42,-17,62,-112,169,-17,73,23,110,-33,184,167,286,14,156,-42,129,22,161,135,308,-50,172,-172,73,-150,-9,-63,33,-166,-25,-505,147,-40,19,-132,152,-191,68,-68,78,-262,153,-437,111,-188,168,-409,214,-173,-21,-43,48,-102,6,-99,-35,-56,38,-146,28,-82,58,-99,-22,-38,50,-67,-39,-33,19,-62,-96,-17,51,-67,45,-68,-9,-10,55,-36,24,-107,-3,-43,-78,-58,-13,-144,29,-102,37,-80,76,-138,28,-69,-62,-91,38,-62,52,22,62,-82,28,-43,56,-82,0,-137,-44,-41,96,-79,29,-33,139,-73,50,1,52,29,32,-50,81,-47,176,-74,70,36,99,-3,98,-121,80,-49,74,-120,-24,5,-103,-34,-55,15,-63,-47,-113,25,-64,-36,-81,-40,18,-263,-96,13,61,-138,47,-91,-80,-125,-23,-50,-115,-100,-1,-87,31,-168,-10,-60,53,0,87,-30,65,-155,106,-48,130,-112,165,-76,-73,-136,47,-156,-68,-88,129,-40,4,-60,-28,-62,-69,-114,-11,-112,-106,-227,-16,-153,-148,0,-16,-88,82,-76,133,-27,135,22,44,128,40,82,149,-18,157,-86,150,-78,6,-72,-42,-60,88,-46,6,-82,82,-41,156,49,42,3,51,-107,104,9,56,-83,9,4,68,-34,37,-95,-19,-100,56,3,86,-115,121,12,57,-24,68,59,76,6,121,-107,84,-94,4,-55,109,-113,74,-188,-9,-207,47,-66,73,-145,94,-89,-29,-118,-1,-15,-23,9,-66,-40,-75,24,-66,-22,-52,27,-74,-19,-22,-13,-10,-65,16,-211,-36,-231,-142,-241,-216,-26,4,-111,72,-162,-28,-136,65,-199,173,-103,19,-56,-14,-87,-87,-105,-39,-77,-121,-80,-6,-113,65,-97,176,-156,-102,-164,30,-26,-79,-31,-8,-169,-150,-104,-48,-163,117,-13,58,51,79,-105,104,-5,108,-44,52,-37,141,-70,-34,-80,38,-181,5,-68,-24,-35,2,-180,-23,-103,6,-128,37,-127,173,-79,64,-22,156,-178,83,-108,106,-101,-21,-46,86,-155,72,-101,112,-76,43,-29,52,-274,159,-16,205,53,49,8,68,-25,61,-85,81,90,228,44,40,6,83,-69,51,-24,49,-71,27,46,106,-52,61,13,66,68,32,8,29,-102,127,-89,29,-85,174,-82,35,-55,72,-176,40,-90,53,37,82,-38,49,-42,3,-61,47,-270,49,-61,72,-72,-26,-45,40,-408,79,-533,260,-354,76,-170,64,-76,-69,-66,10,-119,131,-118,25,-69,48,-10,104,-88,105,-34,86,-1,92,-233,245,-45,1,-69,-68,-66,-15,-19,15,-39,10,-98,65,-54,-8,-17,-14,-26,6,-210,-4,-398,-81,-212,-3,-225,28,-37,27,-25,223,20,391,27,140,97,260,166,1058,-9,90,-74,200,65,310,-187,624,-65,507,-11880,7689,-54,-164,-702,459,-867,567,-867,566,-123,81,-1341,-581,-2384,-1217,-2295,-1363,-2197,-1504,-2090,-1637,-1973,-1765,-1847,-1884,-1715,-1996,-1493,-1990,2067,-5163,-2465,-1252]]]
