2377450	n	-16.0547,17.6378,-15.6937,18.3361	[[[-160547,176440,284,-40,463,-22,463,22,459,65,450,108,436,149,277,125,-921,2084,22,5,218,75,210,95,199,114,186,132,172,149,155,165,139,178,119,190,99,201,78,209,56,215,34,219,12,222,-12,222,-34,219,-56,215,-78,209,-99,201,-119,190,-139,178,-155,165,-172,149,-186,132,-199,114,-210,95,-218,75,-225,54,-229,32,-232,11,-232,-11,-229,-32,-225,-54,-20,-7,0,-1,-126,-6,-229,-32,-167,-41,176,-1763,53,-871,57,-941,-172,-1602,-76,-1328,-57,-232]]]
2377457	n	-17.0812,20.7669,-16.7994,21.1628	[[[-170812,208747,243,-1078,100,109,85,220,95,422,10,122,-7,66,-72,160,-97,104,-46,76,7,87,82,79,231,65,97,61,40,84,21,325,63,365,-12,171,-112,-51,-75,178,58,118,100,80,428,549,215,376,-122,54,-222,75,-229,54,-76,10,-42,-209,-425,-1145,-66,-319,-234,-910,-38,-298]],[[-168891,211159,33,-73,50,-160,21,-141,54,-139,239,-310,54,-97,36,-144,83,-94,91,-69,64,-72,50,-171,26,-163,58,-152,34,-31,3,57,-12,222,-35,219,-57,215,-79,209,-101,201,-122,190,-140,178,-159,165,-175,149,-16,11]]]
2378538	n	-11.6344,16.3939,-11.1656,16.8461	[[[-116344,166200,12,-222,33,-219,56,-215,78,-209,98,-201,118,-190,137,-178,155,-165,170,-149,185,-132,197,-114,208,-95,217,-75,223,-54,227,-32,230,-11,230,11,227,32,223,54,217,75,208,95,197,114,185,132,170,149,155,165,137,178,118,190,98,201,78,209,56,215,33,219,12,222,-12,222,-33,219,-56,215,-78,209,-98,201,-118,190,-137,178,-155,165,-170,149,-185,132,-197,114,-208,95,-217,75,-223,54,-227,32,-230,11,-230,-11,-227,-32,-223,-54,-217,-75,-208,-95,-197,-114,-185,-132,-170,-149,-155,-165,-137,-178,-118,-190,-98,-201,-78,-209,-56,-215,-33,-219,-12,-222]]]
11496397	p	2377450
2377539	n	-7.4944,16.3939,-7.0256,16.8461	[[[-74944,166200,12,-222,33,-219,56,-215,78,-209,98,-201,118,-190,137,-178,155,-165,170,-149,185,-132,197,-114,208,-95,217,-75,223,-54,227,-32,230,-11,230,11,227,32,223,54,217,75,208,95,197,114,185,132,170,149,155,165,137,178,118,190,98,201,78,209,56,215,33,219,12,222,-12,222,-33,219,-56,215,-78,209,-98,201,-118,190,-137,178,-155,165,-170,149,-185,132,-197,114,-208,95,-217,75,-223,54,-227,32,-230,11,-230,-11,-227,-32,-223,-54,-217,-75,-208,-95,-197,-114,-185,-132,-170,-149,-155,-165,-137,-178,-118,-190,-98,-201,-78,-209,-56,-215,-33,-219,-12,-222]]]
12718654	n	-6.0235,15.6339,-5.5565,16.0861	[[[-60235,158600,12,-222,33,-219,56,-215,77,-209,98,-201,118,-190,136,-178,154,-165,170,-149,184,-132,196,-114,208,-95,215,-75,223,-54,226,-32,229,-11,229,11,226,32,223,54,215,75,208,95,196,114,184,132,170,149,154,165,136,178,118,190,98,201,77,209,56,215,33,219,12,222,-12,222,-33,219,-56,215,-77,209,-98,201,-118,190,-136,178,-154,165,-170,149,-184,132,-196,114,-208,95,-215,75,-223,54,-226,32,-229,11,-229,-11,-226,-32,-223,-54,-215,-75,-208,-95,-196,-114,-184,-132,-170,-149,-154,-165,-136,-178,-118,-190,-98,-201,-77,-209,-56,-215,-33,-219,-12,-222]]]
2595352	p	2377450
2378736	n	-13.7406,15.9744,-13.2762,16.3761	[[[-137406,161858,24,13,88,24,93,5,95,-11,-20,-128,-57,-168,-45,-132,32,-105,48,-28,103,-40,45,-32,12,-17,15,-35,13,-15,24,-14,61,-23,28,-14,66,-56,22,-13,69,-12,66,17,274,142,57,12,188,1,35,4,76,22,303,127,527,108,136,54,55,17,58,2,66,-13,18,-140,-168,-304,-18,-155,102,-67,364,138,151,-3,49,-54,81,-134,49,-59,275,-179,60,-72,25,-77,11,-175,13,-77,139,-337,65,-104,5,-7,11,8,170,149,154,165,137,178,118,190,98,201,77,209,56,215,34,219,11,222,-11,222,-34,219,-56,215,-77,209,-98,201,-118,190,-137,178,-154,165,-170,149,-184,132,-197,114,-207,95,-216,75,-223,54,-227,32,-229,11,-229,-11,-227,-32,-223,-54,-216,-75,-207,-95,-197,-114,-184,-132,-170,-149,-154,-165,-137,-178,-118,-190,-98,-201,-77,-209,-56,-215,-13,-83]]]
2375558	n	-12.7135,22.5039,-12.2265,22.9561	[[[-127135,227300,12,-222,35,-219,58,-215,80,-209,103,-201,122,-190,143,-178,160,-165,177,-149,192,-132,205,-114,216,-95,225,-75,232,-54,236,-32,239,-11,239,11,236,32,232,54,225,75,216,95,205,114,192,132,177,149,160,165,143,178,122,190,103,201,80,209,58,215,35,219,12,222,-12,222,-35,219,-58,215,-80,209,-103,201,-122,190,-143,178,-160,165,-177,149,-192,132,-205,114,-216,95,-225,75,-232,54,-236,32,-239,11,-239,-11,-236,-32,-232,-54,-225,-75,-216,-95,-205,-114,-192,-132,-177,-149,-160,-165,-143,-178,-122,-190,-103,-201,-80,-209,-58,-215,-35,-219,-12,-222]]]
11009418	p	2377450
2376719	n	-12.4127,14.9339,-11.9473,15.3861	[[[-124127,151600,11,-222,34,-219,55,-215,77,-209,98,-201,117,-190,136,-178,154,-165,169,-149,183,-132,196,-114,207,-95,215,-75,221,-54,226,-32,228,-11,228,11,226,32,221,54,215,75,207,95,196,114,183,132,169,149,154,165,136,178,117,190,98,201,77,209,55,215,34,219,11,222,-11,222,-34,219,-55,215,-77,209,-98,201,-117,190,-136,178,-154,165,-169,149,-183,132,-196,114,-207,95,-215,75,-221,54,-226,32,-228,11,-228,-11,-226,-32,-221,-54,-215,-75,-207,-95,-196,-114,-183,-132,-169,-149,-154,-165,-136,-178,-117,-190,-98,-201,-77,-209,-55,-215,-34,-219,-11,-222]]]
2381334	n	-13.2898,20.2939,-12.8102,20.7461	[[[-132898,205200,12,-222,34,-219,57,-215,80,-209,100,-201,121,-190,140,-178,158,-165,175,-149,189,-132,202,-114,212,-95,222,-75,228,-54,233,-32,235,-11,235,11,233,32,228,54,222,75,212,95,202,114,189,132,175,149,158,165,140,178,121,190,100,201,80,209,57,215,34,219,12,222,-12,222,-34,219,-57,215,-80,209,-100,201,-121,190,-140,178,-158,165,-175,149,-189,132,-202,114,-212,95,-222,75,-228,54,-233,32,-235,11,-235,-11,-233,-32,-228,-54,-222,-75,-212,-95,-202,-114,-189,-132,-175,-149,-158,-165,-140,-178,-121,-190,-100,-201,-80,-209,-57,-215,-34,-219,-12,-222]]]
2381291	n	-9.8544,16.4339,-9.3856,16.8861	[[[-98544,166600,11,-222,34,-219,56,-215,77,-209,99,-201,118,-190,137,-178,154,-165,171,-149,185,-132,197,-114,208,-95,217,-75,223,-54,227,-32,230,-11,230,11,227,32,223,54,217,75,208,95,197,114,185,132,171,149,154,165,137,178,118,190,99,201,77,209,56,215,34,219,11,222,-11,222,-34,219,-56,215,-77,209,-99,201,-118,190,-137,178,-154,165,-171,149,-185,132,-197,114,-208,95,-217,75,-223,54,-227,32,-230,11,-230,-11,-227,-32,-223,-54,-217,-75,-208,-95,-197,-114,-185,-132,-171,-149,-154,-165,-137,-178,-118,-190,-99,-201,-77,-209,-56,-215,-34,-219,-11,-222]]]
2381659	n	-14.1449,16.8238,-13.6751,17.2761	[[[-141449,170500,11,-222,34,-219,56,-215,78,-209,98,-201,119,-190,137,-178,155,-165,171,-149,185,-132,198,-114,208,-95,217,-75,224,-54,228,-32,230,-11,230,11,228,32,224,54,217,75,208,95,198,114,185,132,171,149,155,165,137,178,119,190,98,201,78,209,56,215,34,219,11,222,-11,222,-34,219,-56,215,-78,209,-98,201,-119,190,-137,178,-155,165,-171,149,-185,132,-198,114,-208,95,-217,75,-224,54,-228,32,-230,11,-230,-11,-228,-32,-224,-54,-217,-75,-208,-95,-198,-114,-185,-132,-171,-149,-155,-165,-137,-178,-119,-190,-98,-201,-78,-209,-56,-215,-34,-219,-11,-222]]]
2376898	n	-16.0342,16.4805,-15.5662,16.7361	[[[-160342,165100,8,-169,22,-2,239,33,71,49,71,35,75,13,83,-19,129,-50,63,-6,74,14,397,171,141,15,349,-81,84,0,247,42,159,-7,453,-143,324,-18,85,-24,236,-109,157,-39,153,9,148,48,138,85,221,195,118,71,153,23,282,-55,-7,141,-34,219,-56,215,-77,209,-98,201,-118,190,-137,178,-155,165,-170,149,-185,132,-197,114,-208,95,-216,75,-223,54,-227,32,-230,11,-230,-11,-227,-32,-223,-54,-216,-75,-208,-95,-197,-114,-185,-132,-170,-149,-155,-165,-137,-178,-118,-190,-98,-201,-77,-209,-56,-215,-34,-219,-11,-222]]]
2381690	n	-14.6186,19.5139,-14.1414,19.9661	[[[-146186,197400,11,-222,35,-219,57,-215,79,-209,100,-201,120,-190,140,-178,157,-165,173,-149,188,-132,201,-114,212,-95,220,-75,228,-54,231,-32,234,-11,234,11,231,32,228,54,220,75,212,95,201,114,188,132,173,149,157,165,140,178,120,190,100,201,79,209,57,215,35,219,11,222,-11,222,-35,219,-57,215,-79,209,-100,201,-120,190,-140,178,-157,165,-173,149,-188,132,-201,114,-212,95,-220,75,-228,54,-231,32,-234,11,-234,-11,-231,-32,-228,-54,-220,-75,-212,-95,-201,-114,-188,-132,-173,-149,-157,-165,-140,-178,-120,-190,-100,-201,-79,-209,-57,-215,-35,-219,-11,-222]]]
