1735161	r	101.6151,2.8661,102.2143,3.4187	[[[1016151,31530,7,-16,23,-16,14,-47,39,-34,32,-2,13,-32,18,-12,-2,-64,11,-2,8,9,26,5,10,-7,9,13,23,-19,62,-28,21,5,15,-14,1,-16,-45,-51,-3,-17,45,-3,15,-8,33,-76,59,36,6,-5,-15,-33,13,-2,15,-95,-9,-8,1,-34,-7,-1,-1,-34,15,1,1,-15,26,-28,7,-18,-43,-21,13,-18,-17,-6,7,-20,-53,-20,-34,-32,-50,-32,40,-12,10,-6,-5,-12,12,-11,-46,-51,17,9,6,-11,-8,-5,11,-13,-17,-11,1,-19,15,0,25,20,10,-19,28,15,6,-3,-53,-74,-34,-470,620,-206,38,3,-5,32,38,9,13,14,6,23,4,49,-12,68,5,41,-12,1,3,10,20,25,13,8,55,-89,94,-86,59,-109,11,-153,22,-58,42,-64,20,-45,14,-114,0,-4,42,-111,1,-36,-9,-59,4,-27,18,-35,55,-42,24,-37,8,-149,11,-30,10,-10,17,-18,142,-77,29,-31,18,-41,922,-31,291,721,6,2,60,163,62,140,5,49,10,17,46,34,6,36,-7,34,1,35,17,29,0,52,19,14,62,-7,32,60,6,34,-22,19,-13,27,0,28,18,15,29,0,8,-6,12,5,53,68,19,5,15,21,50,-4,16,-10,25,19,37,-8,17,39,-11,18,1,44,-11,21,4,19,-9,31,5,27,-24,29,-11,41,28,43,2473,462,-1329,2373,-1151,-687,-11,43,-74,209,-94,201,-114,190,-131,178,-148,165,-164,149,-177,132,-190,114,-195,93,-326,-84,-63,-59,-375,-747,-491,-1139,-11,6,-12,-12,-21,12,-33,-2,-8,5,-8,17,1,50,-50,1,0,48,-239,-7,1,6,-8,-1,2,32,8,16,-26,46,-43,58,-21,13,-31,-9,-3,-22,-25,1,-17,-30,6,-4,0,-13,-32,1,-1,-18,-39,-9,-3,10,-6,-9,-24,6,-5,-24,-58,-8,-20,-29,-19,-1,-2,-18,27,-38,2,-16,-28,-55,-24,13,2,-32,-26,-17,-13,-32,-10,-8,-19,-49,-29,-46,-4,3,-6,-10,-17,-7,-19,1,-12,-10,-2,-27,11,-41,-5,-90,6,-19,-7,-31,2,-18,-21,-41,-4,-76,-11,-40,-5,-54],[1017001,30478,11,7,9,1,-20,-8],[1017285,30241,7,13,-3,-13,-4,0],[1017299,30289,10,23,0,-3,-10,-20],[1017305,30549,4,-226,-2,29,-2,197]]]
1732752	r	103.5437,1.3297,104.0234,1.6719	[[[1035437,15231,319,24,-251,-16,36,85,-1,18,-22,51,-3,-16,-69,-90,-9,-56]],[[1035916,13297,346,326,-4,-3,-202,-176,-140,-147]],[[1036518,15918,19,-71,62,-54,28,19,-36,37,-73,69]],[[1036614,14670,22,-9,29,14,19,-7,25,-24,50,38,33,-2,24,-10,22,-15,34,-41,15,-35,41,-23,41,1,7,-36,-61,-48,61,33,151,15,404,-35,210,51,402,208,205,17,55,-15,12,9,-18,9,-39,-3,24,366,1372,879,329,-520,3,-138,-36,-195,113,92,-5,61,75,14,-116,220,-69,65,-25,74,-129,106,-15,138,-104,232,-60,73,30,67,-15,116,-98,43,-41,-6,-63,65,-236,43,-22,38,14,37,-144,87,-138,-4,-20,-196,-23,-23,-177,-190,160,-119,-124,-177,-63,60,-89,-96,-39,42,-50,-31,-66,49,-43,-47,-261,245,-444,171,7,155,-25,33,-72,6,-6,96,-244,23,-123,-68,-73,-41,73,-100,82,-112,-82,-2,-57,-1,-270,-197,3,-21,-8,-5,19,-19,4,3,22,-29,-38,-41,-85,108,-57,-42,53,-70,-225,-170,530,-23,-11,-39,13,-58,18,-39,-8,-10,-117,-81,-151,-121,-23,-50,-37,-58,5,-4,-138,-156,-17,4,7,-18,19,-16,40,-89,22,-77,-1,-51,104,-55,14,-18,12,-53,80,3,17,-8,10,-17,-4,-23,-16,-13,-2,-35,9,-29,-32,-41,-17,-11,-71,-20,-181,26,-54,1,-46,-23,-21,-37]],[[1038613,14654,238,-271,57,-29,308,-59,12,41,-615,318]],[[1040034,15069,23,-131,11,-36,29,136,-52,88,-11,-57]]]
1771023	n	101.237,2.9939,101.5723,3.303	[[[1012370,30351,68,-89,158,40,77,51,39,112,-83,98,-185,-73,-74,-139]],[[1012728,29939,627,416,0,42,21,124,-11,102,-65,52,-35,14,-60,0,-46,-9,-68,-28,-41,-26,-11,-18,-20,-46,-57,-90,-148,-376,-77,-134,-9,-23]],[[1012873,32862,103,-116,59,-198,133,-869,84,-88,33,35,27,-1,121,81,0,46,69,-1,494,328,127,-158,545,4,19,16,15,19,14,4,27,-10,6,-8,27,-16,1,0,17,-10,28,2,18,9,45,-11,45,-80,-4,456,1,0,-2,226,-848,-106,-63,-46,-828,660,-313,-168]],[[1013188,31543,46,-298,64,-127,288,-225,64,-129,31,-192,744,493,-4,33,27,1,0,20,55,2,-1,14,28,2,-2,59,23,-1,0,148,-38,0,2,34,26,-1,7,16,-425,528,-117,0,-3,-58,-309,-1,0,-111,-192,1,-69,-45,1,-85,-122,4,-124,-82]],[[1014552,31387,29,-218,23,-19,1021,0,61,122,0,33,-14,11,-31,5,-69,-1,-7,17,-37,31,-13,88,25,83,42,10,51,31,90,153,-497,213,-674,-559]]]
1735158	r	101.5515,3.0697,101.6637,3.2085	[[[1015515,31456,13,-88,37,-31,7,-17,69,1,31,-5,14,-11,0,-36,16,0,0,-111,-64,-1,206,-74,16,-22,23,-56,29,-79,-4,-76,101,-18,43,1,-27,-62,-14,-8,-35,-2,6,-27,186,15,33,15,0,-20,12,-19,18,9,6,0,54,-26,88,-11,81,16,50,32,34,32,53,20,-7,20,17,6,-13,18,43,21,-7,18,-26,28,-1,15,-15,-1,1,34,7,1,-1,34,9,8,-15,95,-13,2,15,33,-6,5,-59,-36,-33,76,-15,8,-45,3,3,17,45,51,-1,16,-15,14,-21,-5,-62,28,-23,19,-9,-13,-10,7,-26,-5,-8,-9,-11,2,2,64,-18,12,-13,32,-32,2,-39,34,-14,47,-23,16,-7,16,5,54,11,40,4,76,21,41,-2,18,7,31,-6,19,5,90,-11,41,2,27,12,10,19,-1,17,7,6,10,4,-3,29,46,19,49,-108,-4,-76,-70,-29,-14,-20,-1,-50,15,-63,-6,-77,23,-71,35,-21,-115,10,-38,-4,-21,10,-31,-20,-61,-34,-36,-107,-181,-51,-31,-42,-10,-25,-83]]]
1734634	n	100.6947,4.2541,101.3653,4.8661	[[[1006947,44800,11,-222,20,-132,1380,-1163,880,-742,183,9,218,32,215,54,208,75,200,95,190,114,177,132,164,149,148,165,132,178,14,24,5,-8,148,22,214,54,208,75,200,95,190,114,177,132,164,149,149,165,127,172,3,-3,157,117,164,149,149,165,131,178,114,190,95,201,74,209,54,215,32,219,11,222,-11,222,-32,219,-54,215,-74,209,-95,201,-114,190,-131,178,-149,165,-164,149,-177,132,-190,114,-200,95,-208,75,-214,54,-219,32,-221,11,-221,-11,-219,-32,-214,-54,-208,-75,-102,-49,-1,4,-175,-26,-214,-54,-208,-75,-200,-95,-109,-66,-10,-15,-849,-1248,-1193,-611,-18,-20,-132,-178,-114,-190,-94,-201,-75,-209,-53,-215,-33,-219,-11,-222]]]
1732903	r	101.2168,2.7783,101.5912,3.2296	[[[1012168,29700,9,-26,27,-20,23,-2,43,13,41,48,4,24,22,31,-9,9,54,25,12,22,41,41,0,9,12,3,-1,10,6,-4,10,7,0,6,24,15,0,9,14,0,1,10,10,0,91,61,17,30,3,16,1,107,-10,20,-115,0,-44,-19,0,-5,-91,-35,-36,-29,-6,3,-11,-6,-17,-13,4,-23,-19,12,-15,-5,-17,-31,8,-10,-6,-5,7,-10,13,-5,-17,4,56,-50,-17,-9,-19,5,4,3,-23,15,-12,2,-11,-7,-7,-27,5,-22,-11,-36,12,2,-8,-6,5,-4,20,4,-9,-7,27,-17,-33,15,-22,-13,-35,-126,-5,-9]],[[1012184,30109,5,-21,13,-12,46,-1,210,96,31,8,62,2,40,13,26,16,41,33,57,63,30,14,33,42,23,58,-4,34,-19,37,-32,29,-21,35,-38,28,-37,12,-21,-5,-41,7,-59,-27,-51,-14,-30,-15,-14,-15,-12,-1,-22,-18,-1,-11,-23,-11,-25,-29,-84,-131,-43,-99,-19,-28,-21,-89],[1012370,30351,74,139,185,73,83,-98,-39,-112,-77,-51,-158,-40,-68,89]],[[1012318,29308,17,-35,8,-3,-6,-4,9,-7,-4,-14,-4,-12,15,-13,28,2,34,17,96,82,38,62,33,18,5,116,-20,115,-12,27,-22,-3,-122,-82,-48,-43,-21,-49,-8,-37,9,-17,-1,-19,-24,-101]],[[1012333,29144,13,-40,-10,-30,5,-50,12,-10,66,9,45,23,59,10,37,34,16,28,-4,14,9,1,8,50,-9,210,-17,-4,-19,-18,-30,-50,-69,-67,-54,-34,-47,-6,-9,-25,-2,-45]],[[1012624,29623,22,-151,-13,-37,8,-189,-7,-106,26,-10,32,1,81,71,81,146,72,112,52,108,49,148,34,55,-18,55,186,90,71,27,86,51,4,103,-6,82,-13,67,8,73,-6,49,-18,-13,-627,-416,9,23,-85,-148,-26,-122,-2,-69]],[[1012716,28938,8,-13,101,-77,170,106,40,-6,-171,-451,242,-161,446,-43,440,-102,310,-266,93,-142,705,1287,0,428,141,-2,259,151,-2,-73,131,69,-26,59,85,46,34,25,-65,-12,-65,26,-24,28,-10,39,-40,66,-7,24,27,47,-2,23,183,0,0,115,-7,4,7,9,1,240,-231,41,60,77,6,47,24,49,-12,22,-7,46,5,18,-1,40,10,15,-4,9,41,20,56,15,62,35,82,5,52,26,3,1,3,1,39,1,4,76,-29,79,-23,56,-16,22,-206,74,64,1,0,111,-16,0,0,3,-61,-122,-1021,0,-23,19,-29,218,674,559,-29,232,-7,-1,-33,16,-14,-13,-27,33,-24,12,-34,1,-18,-26,-20,1,-29,26,-11,-1,-43,66,-11,4,4,-456,-31,25,0,24,-13,11,-1,20,-45,11,-18,-9,-28,-2,-17,10,-18,0,-16,24,-27,10,-14,-4,-22,-29,-12,-6,-391,-5,-154,0,425,-528,-7,-16,-26,1,-2,-34,38,0,0,-148,-23,1,2,-59,-28,-2,1,-14,-55,-2,0,-20,-27,-1,4,-32,0,-1,-744,-493,-31,192,-64,129,-288,225,-64,127,-46,298,124,82,-27,1,-33,-35,-84,88,0,-1,-9,10,-32,-14,-2,-1,-2,0,-24,-2,-26,-18,-4,-5,25,-202,23,-71,17,-31,-1,-29,49,-150,169,-159,94,-118,123,-113,21,-60,17,-117,-2,-39,-22,-67,-2,-159,8,-174,21,-84,29,-60,5,-9,46,1,32,9,-74,-74,-68,13,-76,-19,-122,-63,-166,-131,-58,-59,-54,-80,-188,-321,-25,-49,-27,-80,-32,-41,-6,-35,-22,-42,-54,-71,-26,0,-7,-26]]]
8504423	r	101.4395,2.7172,101.7327,3.085	[[[1014395,27783,401,-611,1797,700,241,272,-104,86,-27,7,-43,-5,-181,180,-385,728,-226,440,-111,217,115,6,479,-3,452,9,295,25,-620,206,34,470,53,74,-6,3,-28,-15,-10,19,-25,-20,-15,0,-1,19,17,11,-11,13,8,5,-6,11,-17,-9,46,51,-12,11,5,12,-10,6,-40,12,-81,-16,-88,11,-54,26,-6,0,-18,-9,-12,19,0,20,-33,-15,-186,-15,-6,27,35,2,14,8,27,62,-43,-1,-101,18,-39,-1,-2,-1,-56,-27,-82,-5,-62,-35,-56,-15,-41,-20,4,-9,-10,-15,1,-40,-5,-18,7,-46,12,-22,-24,-49,-6,-47,-60,-77,231,-41,-1,-240,-7,-9,7,-4,0,-115,-183,0,2,-23,-27,-47,7,-24,40,-66,10,-39,24,-28,65,-26,65,12,-34,-25,-85,-46,26,-59,-131,-69,2,73,-259,-151,-141,2,0,-428,-705,-1287]],[[1016235,29452,2,-8,30,-1,-13,-3,-6,-12,13,-9,7,-19,-9,-9,14,-10,12,-40,16,-114,16,-195,-21,-7,-14,-20,0,-7,17,-19,-1,-30,33,2,5,5,18,-10,32,-2,0,7,226,-11,7,-28,18,-18,-11,-23,2,-17,31,-61,52,41,8,-31,24,-35,9,39,16,0,17,-17,9,10,15,1,-1,14,22,8,6,-4,11,3,3,29,17,0,14,70,25,12,19,-2,50,10,0,44,34,12,8,20,-2,36,-40,10,1,32,29,-1,-1,37,68,2,3,160,252,-1,-1,240,-15,19,-158,1,1,88,-15,-1,-20,-21,-4,-1,-27,2,-1,15,-53,1,-1,36,-12,9,-23,4,8,44,3,5,70,65,5,29,-6,4,-8,-3,-10,-29,-30,-14,-8,-12,-51,-8,-70,-40,-53,-18,-78,14,-11,-6,-23,2,-54,-24,-53,-49,4,-36,10,-28,7,-5,0,-60,-40,1,4,114,-16,-15,-8,8,-8,-4,-7,-21,-13,12,-29,-29,-3,-13,-7,-1,-1,-68,-56,-2,0,16,-201,7,8,-21,11,0,12,-18,-2,-19,-13,-9,-46,-1],[1016639,29086,0,1,1,1,8,-4,-9,2]]]
13118225	n	101.3186,3.1732,101.6524,3.5317	[[[1013186,33030,828,-660,63,46,270,626,-42,4,155,279,-17,645,132,53,26,-33,5,507,69,247,-38,153,-128,133,-864,287,-459,-2287]],[[1014347,33042,1,0,38,-46,238,-1,-3,-248,302,4,2,-229,225,28,175,225,750,-150,449,576,-1477,589,-223,361,-477,-1109]],[[1015197,32178,29,-232,497,-213,17,28,34,36,20,61,-10,31,4,21,-10,38,21,115,-35,15,-81,89,-62,82,-21,48,-84,-40,-46,-74,-164,0,0,-21,-19,14,-23,34,-19,1,-14,-8,-17,-33,-7,9,-10,-1]]]
1732747	p	1732752
1734759	r	101.9828,2.0939,102.5944,2.629	[[[1019828,23960,60,-15,-17,-174,119,-155,197,-112,216,-43,110,-52,757,-836,273,-216,337,-193,1606,-664,1381,-561,28,51,-13,68,55,1,-9,45,-54,40,-29,-8,7,-28,-30,47,69,17,16,40,124,-25,-20,63,39,22,20,-60,87,-5,2,-76,52,55,60,24,36,-14,-11,29,41,38,-33,37,99,65,-36,15,29,24,-40,27,27,15,-64,80,34,52,-47,15,1,83,-48,-32,-21,26,-34,-30,-29,5,-9,49,-44,-28,-51,3,-62,89,-57,-26,-32,98,-35,-40,-53,-8,-13,26,-69,22,30,33,-27,91,-80,38,42,64,95,34,23,51,112,66,15,33,9,132,-74,62,4,25,45,16,-18,69,20,106,29,42,39,198,55,76,-6,40,37,59,-23,63,30,82,52,45,-46,127,93,192,39,11,13,64,91,50,30,76,-22,52,46,80,145,55,109,1,287,133,-71,66,-236,26,-537,187,-267,67,-1023,1848,-2796,-1576,-158,-216,-43,53,-40,-10,-70,35,-61,0,-31,-42,9,-55,-23,-36,52,-21,-42,-76,-94,-13,-22,-56,24,-50,-22,-25,-76,6,-62,48,-6,55,28,30,-77,58,-31,-122,-142,-178,-161,-86,-119,-33,-19,-20]]]
10063567	r	103.3931,1.2705,103.7075,1.6003	[[[1033931,15090,23,-26,185,-386,324,-1085,85,-199,142,-194,351,-301,123,-194,141,347,180,265,16,69,11,-27,20,10,32,-75,76,30,-44,119,76,29,188,-29,-2,-12,-28,2,-7,-28,-27,10,-16,15,-30,1,-4,-37,5,-26,31,-7,31,-38,24,-8,3,1,-1,1,21,9,40,-28,16,-1,140,147,202,176,4,3,84,61,48,64,23,73,42,48,11,5,9,79,15,43,0,-3,11,32,0,6,38,47,-36,-20,14,18,74,32,1,16,52,50,35,55,-4,19,-1,-1,-3,14,18,33,-2,15,13,1,-25,-62,122,153,6,-2,10,4,4,19,1,1,6,3,17,13,6,-7,44,-6,0,32,81,63,-7,36,-41,-1,-41,23,-7,16,-81,-119,-757,269,-243,65,-6,-24,-17,-4,-6,-9,21,39,-1093,290,-265,25,-502,-37],[1035355,13912,28,86,-2,-7,-26,-79],[1035531,14609,7,-6,-2,-29,-5,35],[1035535,14661,15,-1,-9,-4,-6,5],[1035580,14715,5,8,0,-1,-5,-7],[1035632,14791,10,15,-3,-10,-7,-5],[1035642,14806,71,-19,-44,0,-27,19],[1036709,14340,4,12,4,4,5,-2,-7,-18,-6,4],[1036748,14418,13,6,7,-6,7,-27,-27,27]],[[1035517,15397,6,-14,2,-6,1550,514,-414,18,-35,-26,4,-8,-39,-26,36,-37,-28,-19,-28,-2,14,-40,-21,4,-12,23,-14,10,-99,39,-58,35,-158,141,-43,-41,-49,-25,-84,-160,-25,-64,-13,-52,-82,8,-117,-64,-20,6,-1,20,-11,3,-4,1,-2,1,-22,-12,-19,-27,-40,-9,-57,-36,-30,-29,-49,-14,-6,-6,-6,-6,-6,-6,-20,-94]],[[1036960,14716,27,7,17,11,32,41,-9,29,-67,-88]]]
1736376	r	101.7346,5.7434,102.4297,6.2575	[[[1017346,57841,23,-38,185,-258,91,-111,80,9,-96,52,-87,108,-63,121,-79,100,-54,17]],[[1018085,57485,3310,380,1425,1676,1477,811,-498,978,-418,440,-224,134,-1161,424,-215,8,-113,-156,163,50,86,-79,-47,-117,-234,-59,-115,57,-535,359,-255,184,-7,-53,-57,-475,46,-780,-79,-222,-21,-15,5,-16,-13,-12,-2,-14,6,-16,-4,-9,-1,0,-8,13,-6,-7,9,-22,-248,-246,-8,-7,-24,20,-23,-58,-18,-4,-10,-13,-43,-21,-9,-14,0,-11,-103,-79,-52,1,-27,-12,12,-30,-2,-12,-76,-58,-18,5,-36,-2,-8,-7,-4,-17,-16,-4,-27,-42,-20,-16,1,-15,-18,-14,-15,-5,-27,24,1,-35,-13,-26,-174,-133,-247,-299,-149,-414,-5,-427,-64,-383,-326,-283,-111,-71,-49,-85,-35,-89,-61,-88,-292,-179,-53,-61,-79,-212,-38,-40]]]
1735227	r	103.0625,3.5413,103.4404,4.0594	[[[1030625,38100,6,-176,17,-175,29,-173,40,-171,50,-169,62,-164,72,-160,83,-155,92,-150,102,-143,111,-135,120,-129,128,-120,135,-112,142,-102,149,-93,154,-83,159,-72,164,-62,168,-51,170,-40,173,-29,174,-17,175,-6,175,6,174,17,173,29,170,40,168,51,164,62,80,36,-17,24,-341,322,-174,247,-36,126,-386,843,-54,167,-9,199,41,137,83,173,99,128,174,4,30,181,-10,370,36,328,107,447,169,289,227,-139,37,250,-185,459,-1888,385,-31,-12,-159,-72,-154,-83,-149,-93,-142,-102,-135,-112,-128,-120,-120,-129,-111,-135,-102,-143,-92,-150,-83,-155,-72,-160,-62,-164,-50,-169,-40,-171,-29,-173,-17,-175,-6,-176]]]
6847550	n	100.1754,5.2251,100.5273,5.695	[[[1001754,54733,0,-24,17,-18,8,-21,10,5,29,-20,-3,-49,6,-14,19,-49,-3,-8,-16,-41,-23,-7,-19,-40,5,-15,22,-6,2,-19,-20,-54,-13,-4,-5,-12,7,-10,29,-7,4,-1,22,-16,27,1,29,-8,5,-18,-7,-37,13,-6,-5,-71,14,-10,27,1,27,-9,-30,9,-30,-5,-9,-8,-8,-16,0,-1,-9,-67,-6,-6,-20,-101,0,-23,9,-5,6,-17,-11,-34,0,-37,59,-267,16,-68,15,-98,2,-17,-16,-7,37,15,-20,-16,9,-91,-4,-13,5,-5,-5,-121,11,-54,-10,-9,-17,-17,-6,24,1,-13,-6,13,-31,0,-15,-13,-12,2,-28,-29,-16,-1,23,-50,-5,-49,-39,-54,-2,-27,-22,-29,1,-36,10,-18,6,-4,14,-10,10,-23,0,-38,0,-7,31,-37,9,1,3,9,4,11,-9,61,33,57,37,10,54,1,52,-30,36,-2,25,16,4,14,64,9,55,-26,10,5,-2,16,15,16,-10,13,5,13,17,8,29,2,66,-17,41,-24,19,-28,-14,7,11,-9,0,-9,39,-36,-3,-14,7,-8,29,17,5,21,-4,12,5,6,50,0,28,15,31,-14,51,-32,21,-26,0,5,8,-1,10,-11,9,-34,30,-34,9,-11,-2,-21,23,-52,25,3,25,-8,27,9,14,33,-12,27,-10,21,11,47,37,51,43,39,4,25,-6,3,5,4,-5,7,-1,30,22,17,-4,11,15,32,6,1,-3,8,12,44,42,119,6,63,56,114,12,1,18,39,9,-3,21,56,-12,8,9,16,-5,17,13,28,16,-3,19,50,40,-78,9,41,44,387,70,131,28,53,13,9,-6,5,1,1,8,-3,6,10,-6,7,13,-3,-4,6,12,6,-13,8,5,10,23,42,6,-3,-2,11,3,6,10,-3,-5,8,17,-8,0,9,8,-4,-7,10,22,45,9,1,3,-14,-4,56,1,-38,-8,-1,-8,24,-15,3,-30,17,-20,-2,-4,0,-38,37,-155,84,-37,66,-5,15,-24,36,0,1,24,71,3,38,-9,-5,0,15,7,0,6,-12,-8,36,-49,6,-6,18,10,10,-60,-7,-20,2,-8,15,-55,-5,5,12,-7,9,2,12,-18,-8,-10,0,-3,12,-90,-18,-40,1,-15,19,7,17,-9,13,-1,28,-12,3,-16,26,-19,-2,-27,15,-35,-13,-10,3,-8,14,-23,-8,-10,20,-16,11,-27,-3,-7,12,-6,1,-18,-11,-1,-16,-111,-92,-51,-58,-1,0,-11,-3,-1,0,-8,7,-12,-13,-5,-5,-1,0,-27,-6,-15,15,-23,-13,-47,20,-12,-14,-49,-27,-54,-13,-10,7,-15,-8,-26,7,-32,23,-3,9,7,15,-7,7,14,13,-1,10,-57,-6,-15,16,5,17,-15,18,-41,-24,-30,1,-20,9,-8,14,11,15,0,15,-14,25,-34,-15,-24,1,-27,-11,-16,-25]],[[1001763,52253,7,-2,9,20,13,3,1,30,14,21,11,36,-30,-8,-23,-28,2,-11,12,-2,4,-9,-20,-50]],[[1002499,52652,17,-5,29,37,14,4,18,5,7,-10,2,-4,22,0,7,-1,2,-1,20,-15,-5,-9,14,-33,13,-4,8,6,14,-19,-3,-8,-10,-1,-7,-18,6,-28,22,-3,26,17,4,13,-16,15,8,11,-18,-2,-60,75,-10,13,27,25,-11,15,-30,24,-28,-27,-13,11,-53,-39,-15,-11,-1,-33]],[[1002686,52483,15,-34,29,14,14,-9,6,-16,16,15,-6,33,8,10,-3,8,-33,-22,-13,0,-13,16,-20,-15]],[[1003069,53101,5,-10,5,-11,9,-63,7,-7,10,-3,15,9,10,30,9,8,-7,68,37,22,22,-2,6,12,31,4,4,11,20,9,4,14,-7,10,1,11,21,48,-9,17,3,13,-19,15,-10,19,1,33,-15,5,-11,1,-12,-30,-21,-5,-4,-11,-10,-6,-12,-47,-25,-9,-3,-20,-25,-45,-2,-42,-23,-21,-5,-27]],[[1003161,54490,1,-21,9,-21,20,-17,67,-23,2,7,32,24,12,32,0,15,-18,46,-4,75,-27,47,-22,15,-27,3,-26,-15,-9,-34,2,-45,4,8,24,0,8,-31,-6,-2,-6,14,-21,-9,-15,-68]],[[1003440,56693,68,-851,49,-215,227,-399,65,-235,-3,-53,-59,-807,9,-137,6,-89,51,-138,181,-250,316,629,372,-1112,487,88,-114,1015,162,88,16,685,-441,731,-245,-14,-664,1321,-277,0,-1,-9,47,-45,96,-44,76,-61,-15,-98,-86,-60,-114,-6,-117,27,-92,39]]]
1735498	n	100.3592,5.4368,100.7754,5.936	[[[1003592,59360,165,-1251,-111,-1159,277,0,664,-1321,245,14,226,96,2021,1342,-19,75,-75,209,-95,201,-114,190,-132,178,-148,165,-164,149,-58,43,-692,-20,-667,365,0,-4,-9,-31,-12,-2,1,12,-42,-8,-13,5,-3,28,-56,-9,-15,28,-55,27,-36,8,-34,-16,-79,155,-970,531]],[[1005273,54912,307,-510,767,55,1407,-88,-506,32,3,13,-10,0,-5,11,-12,1,3,18,-16,6,-6,-8,-46,5,-43,-19,-16,9,-4,40,-17,32,4,15,-26,11,-11,-10,-11,4,-3,-7,-16,6,-13,17,-3,34,-8,5,9,28,-20,28,6,9,-9,20,0,31,18,45,27,11,3,36,8,0,-2,-13,16,8,10,-6,2,8,8,1,4,17,-3,25,-18,13,-5,30,32,31,9,25,0,17,-10,13,-16,-3,-14,18,-24,3,0,16,-19,18,-9,0,0,27,-8,3,3,17,-14,2,-3,9,10,5,-5,25,-8,-8,-1,15,-22,7,0,7,10,-1,-4,8,-9,6,-6,-11,-14,4,-12,7,-5,13,-4,-12,-10,4,-3,22,4,14,-14,1,-11,12,3,11,-15,34,-14,9,9,17,-3,37,-9,13,5,17,-20,24,17,17,-19,13,1,10,-9,6,-13,28,7,4,-17,21,-6,1,-7,-11,-8,6,-14,-2,-12,18,-14,-4,-15,6,-7,11,-23,1,-2,17,-9,5,-32,2,-13,-16,-16,5,-7,11,-5,-11,-21,14,-9,-6,-13,4,-17,22,-28,4,-9,-11,-7,7,-15,-11,-13,3,-16,20,7,14,-9,6,7,11,-15,27,-28,7,10,13,0,16,12,-1,0,14,-24,17,-17,-5,-21,13,-55,-16,-15,-19,-28,-14,-12,2,-15,-6,-17,-21,-50,10,-8,-12,-6,6,-13,0,-15,-31,-11,-1,-5,-13,0,-36,-19,-4,2,-18,-9,3,-3,-8,-21,12,-24,-3,-33,9,-9,9,-5,34,-21,5,-21,-19,-9,-19,-10,-68,-12,-14,-17,-6,-31,14,-15,-2,-25,-31,-17,-2,-17,1,-16,11,-22,-2,-51,-45,22,-46,-3,-17,-41,2,-32,-7,-10,15,7,36,-16,13,-23,2,-49,-18,-18,10,-10,19,10,31,21,14,2,22,-8,12,-27,15,-19,26,-18,14,-36,-25,-18,-3,-29,23,-2,25,19,62,-37,48,-13,3,-32,-21,-21,-39,-53,-33,-1,-44,-13,-600]]]
7795834	n	101.4612,3.2083,101.8039,3.5079	[[[1014612,34996,25,-99,63,-66,-25,-87,149,-593,223,-361,1477,-589,-449,-576,148,-542,70,2,10,8,13,32,26,17,-2,32,24,-13,28,55,-2,16,-27,38,2,18,19,1,20,29,58,8,5,24,24,-6,6,9,3,-10,39,9,1,18,32,-1,0,13,-6,4,17,30,25,-1,3,22,31,9,21,-13,30,-40,13,-18,26,-46,-8,-16,-2,-32,8,1,-1,-6,239,7,0,-48,50,-1,-1,-50,8,-17,8,-5,33,2,21,-12,12,12,11,-6,491,1139,375,747,63,59,-3104,976,-323,-83]]]
1732722	n	103.8358,1.4258,104.0117,1.6007	[[[1038358,14762,39,3,18,-9,18,14,57,-53,1,0,144,-42,-23,-20,1,-1,615,-318,4,15,333,-93,309,46,130,106,72,66,41,214,-5,30,-61,104,17,78,-11,36,-23,131,11,57,-10,16,15,12,36,195,-3,138,-329,520,-1372,-879,-24,-366]]]
12750654	n	103.3496,1.4476,103.7383,1.8054	[[[1033496,15497,178,-113,257,-294,502,37,666,442,35,-125,27,11,100,-137,44,-15,25,-8,-2,-57,109,-7,9,56,15,31,48,53,6,6,4,47,13,52,3,6,2,9,4,4,3,6,5,2,6,6,49,14,30,29,57,36,40,9,19,27,22,12,1,0,4,1,12,-6,1,-18,4,-3,16,-5,29,16,88,48,82,-8,13,52,25,64,84,160,49,25,43,41,158,-141,58,-35,99,-39,14,-10,12,-23,21,-4,-14,40,28,2,-62,54,-19,71,59,-50,14,-19,39,26,-4,8,35,26,225,170,-53,70,57,42,85,-108,38,41,-22,29,-8,-6,-15,22,8,5,-3,21,270,197,57,1,82,2,-82,111,-260,352,-151,205,-161,201,-15,36,75,38,-117,231,-37,8,-52,-25,-113,263,-31,47,12,32,-121,138,89,-108,-53,5,-28,-9,-32,-1,-90,54,-46,20,-7,-4,-38,19,-14,1,-4,4,-4,-4,-69,3,-41,-16,-36,-6,0,-8,-58,6,-2,-2,-16,2,-12,-9,0,-1,-10,-8,-2,1,-2,-3,-5,-4,-7,4,-2,-12,-6,8,-1,-6,-33,0,-2,-2,-39,-1,-66,-59,-26,11,-7,-5,-19,5,-45,-7,-108,41,-3,6,-61,19,-17,31,-11,5,-3,-2,-6,6,-12,-1,-7,3,1,-3,-17,0,-18,-1,-6,4,-7,-4,-42,28,-265,22,-64,-9,-8,2,-37,-6,-46,-7,-404,-310,-79,112,-29,-19,-23,31,-253,-208,-442,-544,514,-431,-647,-1168]],[[1035505,15239,251,16,-11,-323,55,-55,-8,-14,10,-11,2,-18,-5,-24,243,-65,757,-269,81,119,-8,19,-34,41,-22,15,-24,10,-33,2,-50,-38,-25,24,-19,7,-29,-14,-22,9,21,37,46,23,54,-1,181,-26,43,13,68,102,2,21,16,13,4,23,-10,17,-17,8,-80,-3,-12,53,-14,18,-104,55,1,51,-22,77,-40,89,-19,16,-7,18,17,-4,138,156,-5,4,37,58,23,50,151,121,117,81,8,10,-18,39,-13,58,11,39,-2,0,-102,4,-12,1,-1549,-515,14,-34,1,-18,-36,-85]]]
1733432	r	115.9298,5.6839,116.4973,6.3521	[[[1159298,57617,106,-116,164,-149,178,-132,190,-114,200,-95,209,-75,215,-54,219,-32,221,-11,221,11,219,32,215,54,209,75,200,95,190,114,178,132,164,149,149,165,132,178,114,190,95,201,75,209,53,215,33,219,11,222,-11,222,-33,219,-53,215,-75,209,-95,201,-114,190,-28,39,2124,1058,-6,17,-125,275,-142,267,-160,257,-176,246,-192,234,-206,221,-221,207,-233,192,-212,152,-80,-298,0,-56,-20,-33,-94,-60,-201,12,-73,-12,-41,-35,-157,-170,-273,-143,0,-63,253,31,191,92,122,-28,42,-333,-54,-99,-125,23,-150,70,-118,40,-168,-24,-127,-63,-214,-192,-472,-707,-146,-93,-3,3,-4,-7,-9,-6,-14,19,-22,1,-63,-56,-220,-69,-60,-113,-10,0,-19,10,0,16,-19,24,-8,-1,-27,-49,-8,-41,-43,-14,-16,-22,2,-5,23,1,9,-16,-5,-39,12,-10,0,-19,8,-6,10,-27,28,10,32,-15,-4,-37,12,-13,13,-4,6,-21,-17,-6,1,-4,36,10,17,-15,-9,-20,4,-19,-9,-15,1,-27,27,7,13,15,2,15,9,2,-1,6,32,17,-16,33,31,10,10,-12,12,-2,-15,25,17,11,-5,15,16,5,-8,16,5,13,-19,7,8,21,7,2,0,-7,10,0,2,5,3,-5,14,-1,13,-24,19,2,0,-9,8,1,1,-19,12,-23,4,7,-6,13,13,0,1,11,18,-3,0,-20,9,6,11,-2,-19,21,6,2,22,-12,5,-15,-12,3,-3,-5,13,-14,4,4,-8,7,3,3,9,0,2,-6,25,4,-30,-11,-6,-14,31,-22,0,-9,-10,-8,-15,7,-15,-21,0,-8,-24,-3,6,-6,18,5,-8,-21,29,-19,-5,-27,-8,-9,-33,-2,2,-5,-7,0,-19,-28,-24,16,12,19,-11,8,-15,-21,9,-7,-12,-17,32,-23,-6,-10,6,-5,-3,-8,43,-32,2,13,5,-21,8,2,4,-21,7,-5,-3,-15,-24,-19,-13,4,-9,23,-36,-7,-16,14,-16,-4,-22,-37,-35,-39,-14,-3,-2,-13,11,-8,12,-75,-16,-26,15,-12,2,-20,-8,-24,-17,-12,7,-15,-12,-33,-11,-11,-13,-2,21,-16,1,-39,-8,-23,11,-33,10,-9,-5,-5,6,5,20,-4,1,-11,-18,-12,-16,-80,0,-24,5,-1,4,8,15,69,-1,-53,-36,-59,-2,1,18,31,-4,2,-18,-28,-24,-16,-5,-13,-57,-33,-58,16,-32,48,-17,3,-19,-10,-17,13,-35,-57,-16,-5,-7,-21,2,-12,-30,22,-5,-9,7,-17,-8,-29,-23,-25,-11,-4,-5,-11,4,-2,-40,-55,2,-5,-25,-40,-13,43,3,19,-18,14,-34,-4,-23,-67,3,-14,-9,-28,1,-4,4,7,7,-2,1,-19,-16,-1,-10,9,5,13,-7,-11,7,-8,-3,-8,-15,-4,-12,-19,42,-30,-14,3,-9,-9,-20,-3,-34,-26,-29,-7,-40,6,-11,10,1,-11,-9,0,4,-17,44,-61,15,-64,3,-83,-8,-4,1,-28,-59,-150,4,-11,17,-7,-3,-21,11,-4,59,48,28,2,13,-7,13,92,31,-4,20,-17,14,7,38,112,13,-2,2,8,6,0,21,-13,-22,-35,-1,-1,-61,-194,-29,-462,-66,-228,-156,-174,-899,-501,-146,-118,-9,-13]],[[1159950,59716,5,-7,45,33,55,9,25,-3,7,12,-41,15,-48,-1,-30,-23,-18,-35]],[[1160036,60106,13,-40,7,2,3,9,16,0,14,-2,1,16,-13,5,-15,28,-13,-2,-13,-16]],[[1160049,60243,3,-18,25,-35,-6,-22,2,-25,15,-22,14,0,30,-17,16,2,8,7,7,30,7,1,15,-15,8,-26,3,21,15,4,32,-71,12,14,-1,23,9,-4,20,36,17,-5,15,8,13,-46,11,12,9,-1,10,-38,31,-21,3,-22,-20,-20,4,-45,12,-14,17,-1,3,-16,67,60,27,67,53,-22,11,6,14,-18,-13,-13,7,-18,21,10,19,-10,11,-22,15,-2,1,10,22,24,-4,7,-13,-5,-12,5,-9,11,-11,-7,-16,19,25,80,15,15,-10,13,4,48,-16,-23,-19,-14,7,-12,-21,-43,-36,-16,-24,3,-14,15,2,12,-10,15,8,18,-13,-8,-12,4,-14,-5,-16,17,1,15,16,16,9,38,32,41,1,25,-12,6,-3,10,7,26,-35,-6,-42,7,-31,-52,-52,-4,-9,-14,-41,-6,-8,10,23,21,-2,6,-30,13,0,34,-8,3,3,15,-10,-5,-14,-25,-30,-32,-25,-2,-11,6,-12,25,5,69,-8,8,-2,15,11,14,-2,9,-25,6,-6,11,-34,-28,-9,-33,-35,-63,-17,-74]],[[1160677,60586,20,11,10,-2,38,13,13,28,1,21,27,15,10,12,-12,30,4,28,15,31,-60,-38,-18,-2,-10,11,-2,-8,13,-20,-9,-17,-23,-15,6,-12,-12,-25,-11,-61]]]
1732724	p	1732752
12514556	p	1735158
1734052	n	117.8943,5.6139,118.3411,6.0473	[[[1178943,58400,10,-222,33,-219,54,-215,74,-209,95,-201,114,-190,132,-178,149,-165,164,-149,178,-132,190,-114,200,-95,209,-75,215,-54,219,-32,221,-11,221,11,219,32,215,54,209,75,200,95,190,114,178,132,164,149,149,165,132,178,114,190,95,201,74,209,51,202,-4,-3,-49,15,-521,274,-215,47,-412,-183,-447,-44,-155,-118,-14,-106,78,-184,-26,-82,-64,-72,-44,-69,-67,-175,45,-105,-1,-90,-78,-110,-97,-45,-73,39,-102,146,-99,45,-104,-21,-96,-41,-77,-17,-93,33,-68,86,-81,17,-168,-40,-398,-183,-154,-49,-121,-26,-57,-23,-46,10,-83,69,-300,776,-43,75,-92,55,19,122,108,121,168,55,620,-55,169,55,185,-67,234,12,223,64,149,88,292,397,-7,64,-55,51,-418,562,-52,232,16,205,-26,121,-173,89,-12,90,7,110,-22,99,-207,211,-167,-79,-190,-114,-178,-132,-164,-149,-149,-165,-132,-178,-114,-190,-95,-201,-74,-209,-54,-215,-33,-219,-10,-222]],[[1181638,58344,17,-69,70,-47,94,-25,73,-6,63,6,176,63,64,10,113,43,53,96,-30,96,-136,44,-264,-8,-121,-34,-111,-76,-61,-93]]]
1734705	r	102.5069,4.7076,103.3546,5.8178	[[[1025069,49241,25,-30,303,-325,325,-305,343,-282,362,-260,377,-235,392,-210,405,-184,416,-157,425,-129,207,-48,846,2526,68,-37,247,-112,255,-96,260,-79,265,-62,268,-44,270,-27,272,-9,272,9,270,27,268,44,265,62,260,79,255,96,247,112,240,129,69,43,-973,1625,-349,849,-709,1112,2,7,33,36,-5,47,-24,28,-46,18,-53,11,-219,343,-51,58,1,29,20,41,-4,18,-16,9,-42,-11,-33,6,-27,23,-13,39,4,-27,8,-13,-53,60,19,-2,17,-9,-16,11,-22,2,-9,10,-47,53,1,3,8,3,-16,12,5,-10,-2,-3,-30,33,2,3,-16,13,1,-1,-616,692,-520,458,-161,108,-414,83,-424,210,-1178,929,-155,-209,-672,-900,-610,-820,-1064,-5428,-9,-45]],[[1028890,58005,6,-19,30,-20,2,-25,-11,-21,8,-10,52,-3,8,-18,28,3,10,-14,7,10,-1,14,16,4,-3,26,-8,9,-11,-5,-5,7,-6,-4,-11,5,-17,33,-31,19,-32,40,-21,-4,-10,-27]],[[1029885,57839,27,-48,3,-33,20,-20,25,-50,-3,-23,6,-22,-8,-62,24,-52,8,-38,11,30,-8,4,0,11,6,5,7,-7,14,41,11,2,4,16,14,6,0,-7,7,-3,-4,-20,7,-9,4,-24,-7,-13,12,-10,25,-4,13,-8,10,5,19,-10,22,14,16,-1,21,11,6,9,-3,17,33,40,10,30,21,22,22,14,17,1,4,-22,13,-3,-5,5,3,19,-13,9,1,10,10,8,9,-11,19,3,-1,18,7,4,-14,10,0,9,12,15,7,3,4,-7,13,7,-10,6,-14,-2,-8,24,2,15,15,13,4,14,22,9,5,20,11,3,4,12,14,6,-7,1,15,22,19,8,-7,8,9,5,-7,6,-24,6,-2,-8,-17,-4,3,5,-10,-2,1,9,-6,3,-13,-12,-18,-1,-2,15,-24,-9,-5,4,8,20,-5,-1,1,5,-5,-1,-2,-17,-11,-3,-18,28,-24,2,-39,-46,0,-22,-11,-19,-29,-4,-15,10,-9,-5,-13,4,-10,9,-2,13,4,38,20,37,10,7,1,19,9,6,-21,16,33,18,0,55,-8,-5,-23,19,-4,-3,-5,15,-5,-8,-7,3,-15,55,-18,25,-6,-42,-10,-6,-19,2,-14,34,-21,-10,-31,24,-8,-2,-11,-21,-24,-4,0,-22,-13,-11,0,-25,-17,-49,-1,-26,16,-24,7,-35,-11,-74,-15,-14,-14,1,0,-10,-23,-14,-3,-9]],[[1029971,57356,11,-28,-4,-10,5,11,5,-1,7,28,14,1,13,-10,14,14,29,7,6,10,-17,21,-1,10,-14,12,-1,13,-13,2,-13,44,-19,-27,13,-35,-20,-44,-15,-18]],[[1030557,56181,8,-22,9,-1,9,-2,8,-13,3,-13,-7,-11,31,1,7,-13,28,3,8,15,25,5,15,26,-2,11,12,10,3,25,-24,42,2,16,-24,18,-11,-6,-12,5,-3,13,-7,2,-22,-11,0,-5,-24,-7,-18,-26,-2,-13,9,-12,-21,-37]]]
12557764	p	1735161
1736309	n	100.2157,5.8271,100.9248,6.4961	[[[1002157,62480,169,-118,153,-154,121,-399,362,-654,178,-449,119,-215,147,-192,85,-172,27,-206,74,-561,970,-531,79,-155,34,16,36,-8,55,-27,15,-28,56,9,3,-28,13,-5,42,8,-1,-12,12,2,9,31,0,4,667,-365,692,20,1,0,2661,75,76,202,85,279,66,284,47,288,29,290,9,291,-9,291,-29,290,-47,288,-66,284,-85,279,-102,273,-120,265,-138,257,-22,37,-2390,-529,47,100,75,209,54,215,32,219,11,222,-11,222,-32,219,-54,215,-75,209,-94,201,-114,190,-133,178,-148,165,-165,149,-178,132,-190,114,-200,95,-209,75,-215,54,-220,32,-221,11,-5,0,-6,-8,-1849,-2382,-183,-91]]]
1762110	p	1732752
1735634	r	109.7144,1.0445,110.732,1.8062	[[[1097144,15410,520,-445,68,-106,24,-280,59,-16,191,105,72,-68,177,-424,173,-143,201,-18,198,23,194,0,181,-90,123,-163,193,-588,120,-211,125,-109,358,-172,186,-169,211,-381,228,-169,189,-70,587,-77,182,-94,147,-203,216,-425,234,-340,161,270,-3,-17,20,-49,-4,-117,41,-68,119,-52,9,-64,28,-17,-68,-46,-1,-41,72,-71,19,29,99,-11,70,-78,51,85,-84,53,5,89,-39,30,88,1035,9,30,127,212,50,1,-13,62,32,54,147,51,92,-18,33,-117,47,-17,3,-25,44,6,7,-36,603,-561,59,53,154,301,68,691,45,122,-68,67,27,31,84,-70,60,83,-49,76,-81,61,33,152,148,182,13,147,80,133,121,115,64,29,-136,166,2633,1656,-53,100,-255,143,-576,173,-410,225,-136,48,-116,-11,-207,-105,-92,-21,-112,43,-33,85,-27,108,-95,111,-144,57,-63,-6,-49,182,-56,8,32,67,18,200,51,155,88,140,122,153,52,10,-33,46,-51,2,22,27,-26,31,13,15,-62,30,22,34,-84,78,-27,-9,-24,-64,-14,32,-29,-6,-12,-61,-35,-4,-183,-101,-13,-4,-6,32,-115,74,-18,-72,-54,17,-19,-27,-70,-9,-18,-56,37,-46,-6,-5,-18,-6,-12,-19,-32,-26,5,-15,-84,-128,-101,-42,-223,14,-88,19,-71,29,-67,38,-54,45,-44,57,-35,71,-8,64,16,142,-8,66,-31,61,-91,122,-65,242,26,47,-40,60,-73,28,-47,-42,-15,6,-161,-100,-123,-219,-14,-93,14,-317,13,-40,48,-102,8,-62,-23,-54,-7,7,1,-14,2,0,-95,-116,-6,-19,-74,66,-10,102,-81,17,-41,-28,-32,41,-103,13,-466,-93,-228,50,-198,-18,-139,-28,-757,6,-421,3,-217,-26,-152,-79,-120,-21,-495,-10,-140,31,-122,161,-167,347,-121,171,-171,127,-29,13,-147,-122,-216,-203,-202,-218,-188,-230,-172,-242,-156,-252,-140,-263,-122,-271,-104,-279,-76,-252],[1102475,11069,9,15,12,-8,-21,-7]],[[1101579,17873,36,-73,29,-9,11,26,24,26,2,54,-41,-32,-61,8]],[[1104920,17486,64,-7,20,34,-12,33,-72,-60]]]
1749822	p	8504423
1734810	r	101.7512,2.4714,102.4041,3.0194	[[[1017512,28706,12,-102,85,-1377,190,-5,141,-439,-10,-93,352,-2,76,-172,112,-58,67,232,81,-386,655,-434,-1,-64,-14,-106,23,4,90,-85,-24,-105,-19,-8,-9,-78,83,-1,2,-18,12,0,0,19,301,2,1,93,10,-1,13,8,3,-17,66,0,1204,-799,2796,1576,229,958,2,52,-10,305,-30,304,-49,302,-69,297,-88,292,-107,286,-126,278,-143,270,-160,259,-53,73,-342,228,-2994,-1355,8,65,14,18,1,11,-26,17,-20,29,3,35,-14,21,1,25,26,27,-1,22,42,55,-34,9,-6,19,-53,40,-7,46,12,9,0,14,-49,84,-21,18,-24,6,-61,38,-17,1,-29,18,-39,-17,-16,29,-38,2,-18,-9,-18,7,8,56,20,30,-28,14,-23,-6,-36,21,-14,-11,-39,-11,3,46,-47,9,-12,12,-66,8,-15,41,-62,-140,-60,-163,-6,-2,-291,-721,-922,31,-384,14]]]
1734199	r	117.198,4.1567,118.3604,4.9047	[[[1171980,43549,47,12,90,-17,128,142,214,54,33,-81,150,-83,99,-147,100,-86,8,-92,41,-91,74,-58,74,11,48,-23,33,-95,92,41,39,-43,21,7,147,-90,289,-52,25,-135,86,-100,48,-36,91,1,107,-51,55,-60,-28,-53,18,-40,174,-75,3,-52,-46,-34,23,-59,49,-57,72,-28,32,-66,0,-77,38,-29,31,12,83,-86,3,-34,71,-20,235,-36,17,14,9,-18,51,-8,12,2,8,-5,10,-2,162,-7,247,17,3,5,5,-4,21,1,84,-32,152,97,128,5,126,-65,33,-37,139,56,86,12,101,-9,-68,82,-176,170,-37,52,31,84,60,69,49,87,66,65,209,140,86,93,46,115,-16,127,-151,141,-37,106,0,414,-45,108,-192,116,-38,86,88,111,195,170,219,141,152,18,158,-189,91,-193,114,-179,220,-152,90,-29,133,-24,23,-74,64,-82,281,-55,236,-85,-17,-53,47,-93,70,14,3,-4,87,-15,61,-28,17,-70,24,17,140,-77,17,-56,31,5,-59,-61,6,-39,97,41,39,-100,-23,-31,44,23,15,-14,-20,-56,40,-53,23,10,18,-100,24,-22,57,-28,107,22,85,-36,135,73,67,10,294,-85,0,-1,2,0,125,-36,15,-76,93,-49,130,12,46,-27,219,104,48,46,54,-70,-8,33,185,123,294,91,344,245,169,79,246,47,65,-11,9,43,130,35,66,-3,120,-58,133,11,111,37,18,-23,98,-15,-39,86,57,22,100,93,11,4,28,3,225,62,-4,12,146,27,247,29,104,-34,59,7,46,23,18,41,93,49,-16,-24,-11,-54,75,-37,82,-2,27,-97,41,6,52,49,-81,89,-23,119,-97,24,-34,-50,29,82,18,2,37,3,-9,85,-28,37,-282,172,-67,154,-58,50,-33,14,-87,-60,-32,10,-126,197,-142,-24,-28,90,-57,-7,9,53,-39,79,70,41,-4,18,-86,-33,-48,23,1,18,42,6,-22,39,16,63,69,57,-7,67,-39,19,-25,55,2,47,26,21,-8,57,-49,8,36,31,-32,39,20,79,-21,29,12,24,-38,18,-23,176,-45,53,32,44,-3,125,-80,106,-103,215,-62,4,-98,88,-58,-19,-165,51,-31,97,-5393,3068,-139,-53,-418,-190,-404,-216,-389,-243,-372,-268,-354,-292,-335,-315,-313,-335,-290,-356,-267,-374,-242,-390,-216,-406,-189,-419,-162,-431,-133,-440,-104,-448,-53,-322]],[[1176401,42274,40,-122,530,-461,28,-25,2010,0,42,-83,14,-16,5,0,-63,146,-1,2,-43,98,-464,151,-137,6,-99,24,-86,53,-94,94,-134,212,-95,113,-110,51,-180,29,-362,118,-185,11,-157,-47,-205,-97,-179,-125,-75,-132]]]
1735162	p	1735161
1732811	r	103.1065,1.7096,103.8762,2.6992	[[[1031065,21653,635,-140,-54,-131,96,-126,3,-287,655,-994,54,26,87,-115,-273,-169,-42,-58,-108,-39,-26,-32,-28,-164,-188,-87,13,-163,28,-57,120,-43,20,-78,-97,-105,-33,-139,71,-60,-96,-91,-10,-41,-4,-729,374,-162,315,-140,220,-42,832,-391,442,544,253,208,23,-31,29,19,79,-112,404,310,46,7,37,6,8,-2,64,9,265,-22,42,-28,7,4,6,-4,18,1,17,0,-1,3,7,-3,12,1,6,-6,3,2,11,-5,17,-31,61,-19,3,-6,108,-41,45,7,19,-5,7,5,26,-11,66,59,39,1,2,2,33,0,1,6,6,-8,2,12,7,-4,5,4,2,3,2,-1,10,8,0,1,12,9,16,-2,2,2,58,-6,0,8,36,6,41,16,69,-3,4,4,4,-4,14,-1,38,-19,7,4,46,-20,90,-54,32,1,28,9,53,-5,-89,108,-14,110,-73,85,-27,70,-145,68,-88,155,-56,20,-145,219,-185,129,-85,144,22,340,161,6,-63,1051,1265,7,1866,3715,-385,487,-74,186,4,84,-255,274,-328,309,-347,286,-365,263,-381,239,-396,213,-409,186,-420,160,-430,131,-100,23,-1734,-1761,647,-1437,-769,-750,-1138,-452,-113,-138,-216,23,-14,-50,-445,-288,-29,-486]]]
1732869	r	102.4673,1.8532,103.0267,2.4122	[[[1024673,21992,80,-38,27,-91,-30,-33,69,-22,13,-26,53,8,35,40,32,-98,57,26,62,-89,51,-3,44,28,9,-49,29,-5,34,30,21,-26,48,32,-1,-83,47,-15,-34,-52,64,-80,-27,-15,40,-27,-29,-24,36,-15,-99,-65,33,-37,-41,-38,11,-29,-36,14,-60,-24,-52,-55,-2,76,-87,5,-20,60,-39,-22,20,-63,-124,25,-16,-40,-69,-17,30,-47,-7,28,29,8,54,-40,9,-45,-55,-1,13,-68,-28,-51,23,-10,379,-220,178,-132,56,-56,-39,-11,20,-46,-73,-117,21,-81,93,-101,437,-358,547,-614,332,-496,199,-165,128,4,118,100,98,22,358,6,198,540,57,369,306,508,245,329,73,4,168,207,-66,149,47,82,134,-50,276,447,630,1021,457,740,-438,299,-206,24,-74,147,-123,55,-177,204,-15,100,-115,106,-97,-33,-176,105,29,74,-141,31,-124,-43,-89,-86,12,-115,-105,-29,0,-101,-125,7,-47,-41,-6,-34,41,-11,-32,-14,12,-48,-21,-19,57,-37,7,-59,-24,-20,-106,13,41,-40,-47,-109,-119,70,-22,-68,-51,-151,-6,-110,32,-34,-133,12,-8,-25,6,-37,111,-101,-35,-57,36,-34,49,-26,36,63,44,-4,-18,-109,-147,-59,-24,-68,11,-48,38,-14,119,39,-1,-93,-54,-71,-272,-20,-37,-32,-11,-64,26,-39,36,-6,89,39,28,-28,-122,-219,-64,-37,-206,13,-25,-32,-9,-118,-58,-64,-99,7,-196,-76,-42,12,-16,56,85,135,6,63,-53,68,-63,0,-98,-66,-122,-183,-210,-84,-18,-33,2,-64,28,-23,160,22,29,-14,5,-115,-27,-66,-125,-63,-101,4,-25,36,-1,166,-45,22,-50,-13,-71,-48,-1125,2038,-39,-11,-93,-192,46,-127,-52,-45,-30,-82,23,-63,-37,-59,6,-40,-55,-76,-39,-198,-29,-42,-20,-106,18,-69,-45,-16,-4,-25,74,-62,-9,-132,-15,-33,-112,-66,-23,-51,-95,-34,-42,-64]]]
1738050	r	113.4974,2.9737,115.6521,4.6011	[[[1134974,37948,2144,-1666,3978,5940,-314,100,-63,76,6,61,-35,56,109,287,76,18,58,-70,56,-4,177,67,271,159,212,-29,272,480,262,379,-107,280,-353,616,-126,323,12,190,92,135,0,217,16,23,0,2,26,36,-117,110,-857,102,-9,36,-544,31,-228,108,-186,-52,-54,12,-48,-11,45,-46,-28,-71,-56,-60,22,-4,24,-49,212,-886,3,-473,-72,-299,-27,-52,-56,-20,25,-52,-107,-115,40,-5,2,-25,-112,-175,-2,-1,0,-2,-7,-10,3,-13,-2,-9,4,-5,53,-291,-145,-326,-279,-479,-652,-829,-413,-455,-151,-242,37,-54,-693,-899,-2394,-2065]],[[1150548,39758,45,-227,-13,-64,618,-429,1254,-1206,-4,-66,-1348,-2637,319,-1815,1543,-2534,-107,-284,88,-97,44,1,30,-61,34,1,28,-142,149,-79,3,-61,67,-144,-24,-104,14,-34,62,-39,95,34,50,-21,62,52,127,16,76,-26,49,47,47,-35,131,-10,77,29,60,101,86,52,38,138,43,58,44,0,17,-30,40,10,37,91,104,42,300,-89,3,-50,60,125,204,156,21,77,60,52,21,57,-42,290,-23,34,46,87,-15,71,28,49,96,33,52,188,49,73,152,-11,35,92,47,5,18,83,29,15,-38,93,-78,19,-99,87,-54,-6,-175,87,-31,134,19,167,26,53,73,14,9,135,-63,16,4,73,-95,70,-10,47,62,200,71,35,-70,148,27,70,-26,30,23,110,74,5,44,75,38,4,13,45,11,137,-38,50,-9,113,144,249,-20,64,60,27,11,69,78,70,17,69,57,13,67,308,105,-14,33,-40,106,28,74,-249,71,-132,113,42,60,89,79,61,11,66,73,38,-77,104,-98,53,3,62,-57,46,1,85,-49,24,-61,166,19,70,-52,45,-40,80,-6,111,40,99,3,107,-89,244,2,74,-118,4,-36,21,-2,82,-94,101,-13,99,-36,40,5,60,33,49,-21,55,55,60,-97,147,13,154,40,25,-49,142,20,62,78,82,15,106,-90,147,60,86,-29,186,100,91,-14,52,57,87,-36,52,12,59,54,98,73,72,41,171,41,42,60,177,7,47,-28,62,35,210,-21,65,-79,21,-69,-16,-55,58,-17,88,-119,-58,-51,140,-261,241,-25,79,-97,51,-209,-40,-193,-136,-14,-52,-113,-57,-13,-39,55,-18,113,-95,28,-88,-92,-78,-28,-60,-103,-111,3,-140,-39,-59,-312,-305,-83,33,-43,166,-76,23,-75,-29,-115,5,-174,-32,-206,-146,-228,154,-134,-3,-60,126,-213,183,-214,-11,-102,110,-17,85,13,129,-136,92,-119,40,-63,167,-50,-9,-135,41,-46,126,-110,12,-136,110,-64,108,-131,80,-121,283,-3,56,59,59,23,225,-83,75,-94,23,-87,164,-106,91,-37,-3,-170,249,-67,-121,-121,71,-74,-289,-1,-167,-338,-598]]]
1732901	p	1771023
1735166	p	7795834
1732905	p	1732903
10941913	p	1735161
1735459	n	100.797,3.7939,101.2451,4.2461	[[[1007970,39904,22,-145,54,-215,74,-209,95,-201,113,-190,132,-178,148,-165,164,-149,177,-132,190,-114,199,-95,208,-75,215,-54,218,-32,221,-11,221,11,218,32,215,54,208,75,199,95,190,114,177,132,164,149,148,165,132,178,113,190,95,201,74,209,54,215,32,219,11,222,-11,222,-32,219,-54,215,-74,209,-95,201,-113,190,-132,178,-148,165,-164,149,-177,132,-190,114,-199,95,-208,75,-215,54,-218,32,-221,11,-221,-11,-218,-32,-215,-54,-208,-75,-78,-37,-10,-16,-1205,-1920,-63,-122,50,-5,111,72,238,119,234,24,99,-215,-164,33,-204,-37,-172,-77,-159,-197,-45,-7]]]
1771298	p	1735161
1736372	p	1736376
13100478	p	6847550
1735153	p	1732903
13118272	p	1732752
1734586	n	100.4077,4.6239,100.9554,5.1649	[[[1004077,49857,188,-215,59,-145,34,-136,58,-133,123,-139,68,71,100,63,110,24,100,-49,117,-97,76,-32,37,-44,6,-134,-57,-5,-103,-76,-49,-87,110,-43,237,-1,108,21,102,54,30,-134,87,-37,97,-6,59,-34,0,-103,-79,-169,11,-137,56,-141,21,-6,29,-8,65,31,101,-13,196,-68,24,-65,-77,-140,147,-58,58,-10,0,-75,-287,-21,-94,-129,33,-496,64,-277,162,4,219,81,239,-44,-101,-62,-88,-90,-78,-116,42,-20,209,-75,214,-54,219,-32,221,-11,162,8,1208,618,849,1248,24,165,11,222,-11,222,-32,219,-54,215,-75,209,-94,201,-114,190,-132,178,-148,165,-164,149,-178,132,-190,114,-41,20,-6,-6,-27,58,-114,190,-131,178,-149,165,-164,149,-178,132,-189,114,-200,95,-167,60,-8,-4,-1,-1,-2773,-1289,-71,-199,-54,-215,-12,-84]]]
12750606	p	1735161
1735079	p	6847550
1734821	r	101.4795,2.5939,101.8618,3.0117	[[[1014795,27172,2,-2,231,-276,395,-281,219,-93,324,-55,6,-14,-72,-26,2,-10,25,0,78,-49,40,-19,22,-2,21,-14,84,-1,50,-8,15,0,10,7,2,-9,92,-33,173,-55,39,-4,46,-26,30,-1,70,-22,17,0,59,-30,63,-52,8,7,19,-7,15,-67,7,-7,0,-19,53,-49,36,-12,15,7,41,-11,9,4,41,-4,13,2,22,21,9,-2,-2,11,-2,2,12,-7,249,-24,1235,362,-81,386,-67,-232,-112,58,-76,172,-352,2,10,93,-141,439,-190,5,-85,1377,-12,102,384,-14,-18,41,-29,31,-142,77,-27,28,-11,30,-8,149,-24,37,-55,42,-18,35,-4,27,9,59,-1,36,-42,111,-14,118,-20,45,-42,64,-22,58,-11,153,-59,109,-94,86,-55,89,-13,-8,-23,-35,12,-1,-5,-41,12,-68,-4,-49,-6,-23,-13,-14,-38,-9,5,-32,-333,-28,-452,-9,-479,3,-115,-6,337,-657,385,-728,181,-180,43,5,27,-7,104,-86,-241,-272,-1797,-700,-1,0],[1016235,29452,46,1,13,9,2,19,-12,18,-11,0,-8,21,201,-7,0,-16,56,2,1,68,7,1,3,13,29,29,13,-12,7,21,8,4,8,-8,16,15,-4,-114,40,-1,0,60,-7,5,-10,28,-4,36,53,49,54,24,23,-2,11,6,78,-14,53,18,70,40,51,8,8,12,30,14,10,29,8,3,6,-4,-5,-29,-70,-65,-3,-5,-8,-44,23,-4,12,-9,1,-36,53,-1,1,-15,27,-2,4,1,20,21,15,1,-1,-88,158,-1,15,-19,1,-240,-252,1,-3,-160,-68,-2,1,-37,-29,1,-1,-32,40,-10,2,-36,-8,-20,-34,-12,0,-44,-50,-10,-19,2,-25,-12,-14,-70,-17,0,-3,-29,-11,-3,-6,4,-22,-8,1,-14,-15,-1,-9,-10,-17,17,-16,0,-9,-39,-24,35,-8,31,-52,-41,-31,61,-2,17,11,23,-18,18,-7,28,-226,11,0,-7,-32,2,-18,10,-5,-5,-33,-2,1,30,-17,19,0,7,14,20,21,7,-16,195,-16,114,-12,40,-14,10,9,9,-7,19,-13,9,6,12,13,3,-30,1,-2,8]]]
11054411	p	8504423
13118277	p	1735158
13118362	p	1735161
1735150	p	13118225
1735902	r	111.2605,1.7371,112.3795,2.8629	[[[1112605,23000,12,-368,35,-367,60,-363,83,-359,7,-21,111,-18,273,-176,105,-41,95,21,83,249,99,105,119,38,92,-82,-29,-78,-185,-259,-66,-73,-135,-87,-84,-17,-365,72,-9,4,124,-334,152,-336,172,-324,194,-313,213,-300,232,-284,250,-269,268,-252,283,-234,297,-214,311,-195,323,-173,334,-152,342,-130,351,-107,356,-84,362,-60,364,-36,366,-12,366,12,364,36,362,60,356,84,351,107,342,130,334,152,323,173,311,195,297,214,283,234,268,252,250,269,232,284,213,300,194,313,172,324,152,336,128,345,107,352,83,359,60,363,35,367,12,368,-12,368,-35,367,-60,363,-83,359,-107,352,-128,345,-152,336,-172,324,-194,313,-213,300,-232,284,-250,269,-268,252,-283,234,-297,214,-311,195,-323,173,-334,152,-342,130,-351,107,-356,84,-362,60,-364,36,-366,12,-366,-12,-364,-36,-70,-12,-524,-103,-124,-29,-116,-35,-247,-120,-1091,-675,-719,-551,-109,-110,-67,-145,-50,-392,-176,-614,-5,-244,57,-155,101,-108,126,-108,161,-100,378,-92,218,-81,-57,-32,-16,-5,-15,13,-54,24,-198,-168,-239,10,-278,72,-310,19,77,-148,119,-420,83,-122,326,-302,200,-206,83,-181,-198,112,-180,134,-73,17,-337,-51,-93,-30,-314,-213,-84,-22,-71,40,-63,58,-57,30,-83,65,-251,307,-115,99,-302,94,-1,-3,-60,-363,-35,-367,-12,-368]],[[1113081,24521,46,-208,193,-89,106,-85,165,-408,108,-133,45,93,74,88,92,42,99,-43,96,-56,28,60,-9,92,-10,37,-210,581,-86,741,-5,1257,-52,-63,-213,-300,-194,-313,-172,-324,-16,-34,10,-88,-19,-406,-76,-441]]]
1732676	n	101.295,3.4103,101.885,3.9061	[[[1012950,36800,10,-222,33,-219,53,-215,71,-197,54,-73,323,115,594,-522,421,-437,103,-34,323,83,3104,-976,314,81,118,160,113,190,95,201,74,209,54,215,32,219,11,222,-11,222,-32,219,-54,215,-74,209,-95,201,-113,190,-132,178,-148,165,-164,149,-177,132,-189,114,-200,95,-208,75,-6,1,-9,-11,-53,112,-114,190,-131,178,-149,165,-163,149,-178,132,-189,114,-200,95,-208,75,-214,54,-218,32,-221,11,-221,-11,-218,-32,-214,-54,-208,-75,-200,-95,-189,-114,-178,-132,-163,-149,-149,-165,-131,-178,-114,-190,-94,-201,-75,-209,-53,-215,-33,-219,-10,-222]]]
1734393	r	100.4034,5.1843,101.0973,5.4912	[[[1004034,53519,26,-35,240,-455,33,-129,-12,-64,401,200,-372,1112,-316,-629]],[[1005095,54139,114,-1015,106,-62,66,-585,22,22,18,1,1,13,12,3,29,-33,15,39,15,19,12,48,15,-8,14,14,-5,16,41,2,15,-13,6,27,21,-7,-2,-14,40,4,14,14,5,-13,22,-2,-6,-18,55,12,11,-41,69,37,5,-17,32,3,-15,-50,123,-45,-1,11,294,-104,64,-7,7,21,-2,64,1087,-632,2690,446,738,241,28,119,57,348,34,351,12,352,-12,352,-11,118,-3702,231,506,-32,-1407,88,-767,-55,-307,510,-16,-685,-162,-88]]]
1732745	p	12750654
1735106	p	6847550
1732687	r	102.7272,1.6222,103.2541,2.2005	[[[1027272,18469,116,-3,496,76,161,59,311,-145,280,-178,239,-207,59,-69,-6,-18,-66,-62,23,-38,25,2,2,-58,261,-235,251,-186,120,-3,49,22,148,-14,222,-63,408,-194,700,-435,4,55,97,-72,324,-286,374,-195,17,79,97,-32,38,68,-81,435,31,253,96,267,79,82,115,295,-374,162,4,729,10,41,96,91,-71,60,33,139,97,105,-20,78,-120,43,-28,57,-13,163,188,87,28,164,26,32,108,39,42,58,273,169,-87,115,-54,-26,-655,994,-3,287,-96,126,54,131,-635,140,-599,26,-340,117,-110,-11,-367,220,-467,-755,763,492,103,-62,178,-132,163,-149,148,-165,131,-178,114,-190,94,-201,74,-209,6,-24,61,-529,-3249,-1244,-496,-190]]]
1735453	n	100.5654,3.9768,100.925,4.4459	[[[1005654,43192,43,-58,99,-22,114,-112,40,-156,7,-157,46,-122,149,-48,-63,-133,41,-300,96,-326,100,-203,229,140,222,-43,198,-143,164,-159,390,-264,130,-88,102,-133,3,-130,3,-130,-37,-235,46,-156,206,-20,63,122,1205,1920,-9,186,-20,133,-2259,1904,-183,-9,-218,-32,-215,-54,-208,-75,-71,-34,-181,-132,-44,-132,-12,-190,-31,-132,-1,-5,-92,-254,-52,-218]],[[1007042,39768,97,14,215,54,160,58,-326,15,-125,-73,-21,-68]]]
1737486	r	112.2676,2.2698,113.9254,3.7948	[[[1122676,29530,4528,-6271,218,-82,561,-171,570,-134,578,-96,583,-58,586,-19,586,19,583,58,578,96,570,134,561,171,548,207,534,243,517,278,498,311,476,343,453,374,427,402,401,430,372,456,341,478,309,501,276,519,242,537,207,551,170,563,133,574,95,581,58,586,19,589,-19,589,-58,586,-95,581,-108,466,-1856,2360,-2144,1666,-29,-25,-414,-236,-188,-155,-82,-186,-31,-234,-33,-92,-15,5,-256,-456,-98,-145,-105,-86,16,-52,-303,-341,-26,-40,-21,-17,-104,-137,-11,-8,-54,33,18,-23,-33,-54,-126,-100,-9,-28,-17,-30,-90,-77,-26,-100,31,-58,35,-14,7,-21,-19,-75,-32,-78,-139,-210,-187,-192,-60,-53,-392,-304,-78,-85,-210,-129,-7,-47,-179,-184,15,-39,-27,-30,-38,-152,-92,-90,2,-97,-53,-29,-468,-410,-406,-262,-4,-46,-81,-80,77,-1,36,-21,4,-42,5,26,94,4,-2,-77,-100,10,0,-79,94,-1,3,-21,-30,-59,-189,19,-35,-271,-76,-74,15,-41,-27,-49,15,0,-95,-102,-8,-7,-24,5,3,-28,-237,-253,-334,-175,-1739,-542,-117,3,-615,-242,-1526,-322,-2768,-729,-303,-80]]]
7473418	p	1734634
13118091	p	1732903
13118229	p	13118225
13118145	p	1732903
1732721	p	1732752
1764027	p	6847550
1732750	p	1732752
1764160	p	6847550
1735545	r	102.1395,5.4884,102.7543,6.0352	[[[1021395,57865,1774,-1178,41,-7,76,-43,80,80,86,-36,103,13,88,63,38,69,107,4,77,-87,-13,-68,24,-51,-24,-96,43,-99,-16,-114,63,-41,-5,-55,40,-17,40,-68,-4,-6,1874,-1244,63,34,216,135,208,148,197,163,181,170,672,900,73,139,46,100,-578,456,-273,121,-102,155,-130,324,-197,243,-230,182,-528,326,-85,68,-212,169,-210,257,-701,1378,-1477,-811,-1425,-1676]]]
1777077	p	1735161
1735093	p	6847550
1735102	p	6847550
1744246	p	1735161
1735168	p	1735161
13118233	p	1735161
11054399	p	1735161
1734815	n	101.7383,2.3945,102.0248,2.6304	[[[1017383,25942,227,-21,134,-55,87,-107,201,-579,145,-158,97,-81,68,-34,169,-118,51,-275,20,-320,12,-43,34,-18,-14,-51,38,-137,123,143,317,20,176,116,294,-176,160,-62,106,-26,19,20,52,15,84,139,94,201,74,209,54,215,32,219,11,222,-1,22,-437,291,-66,0,-3,17,-13,-8,-10,1,-1,-93,-301,-2,0,-19,-12,0,-2,18,-83,1,9,78,19,8,24,105,-90,85,-23,-4,14,106,1,64,-655,434,-1235,-362]]]
1732637	r	102.366,3.0543,103.2581,4.2343	[[[1023660,40899,1018,-2533,-28,-40,-84,-11,-54,-96,17,-129,52,-47,14,-63,48,-61,-262,-170,39,-24,-4,-119,-80,-33,-50,-74,79,-5,-53,-66,107,-60,-21,-49,26,-21,-27,-69,47,-2,30,-54,34,-3,50,18,-10,31,18,19,47,5,19,-73,58,27,32,-30,0,-59,-58,-12,-24,-52,36,-32,-17,-32,88,-48,13,-53,45,-8,-34,-57,26,-9,22,-54,-45,-6,66,-87,9,-93,-11,-34,-21,3,3,-29,-58,-35,95,-100,27,-42,-16,-10,13,-43,30,-19,-18,-92,-55,-86,32,-11,-8,-23,22,5,-8,-29,-29,-5,-45,-62,36,-62,74,9,27,-117,-35,-62,52,-101,-26,-40,11,-107,-80,-151,13,-263,179,-296,-5,-124,90,-6,25,-42,55,21,108,-35,46,30,10,-31,99,-4,60,-38,40,18,155,-7,80,-126,104,-61,10,-64,-42,-67,17,-28,-33,-41,-3,-62,-37,-31,80,-30,35,-106,84,-13,78,49,76,8,62,-33,67,25,4,-45,35,-18,2,-26,70,-8,-6,-54,24,-28,93,-44,33,-84,-6,-15,25,-32,1233,-3067,3680,171,102,74,325,267,306,288,287,308,60,74,-3781,9582,-1053,1033,-47,2,-419,-14,-418,-41,-414,-69,-409,-96,-401,-122,-393,-149,-382,-174,-370,-198,-356,-223,-341,-246,-137,-112]]]
1735076	p	6847550
1733953	n	118.1046,4.8911,118.5554,5.2461	[[[1181046,50200,10,-222,33,-219,54,-215,74,-209,95,-201,114,-190,24,-33,158,117,562,630,357,213,386,-92,-16,131,20,99,50,37,82,-57,309,262,214,137,97,-29,93,52,208,-63,314,-160,343,-401,180,-307,56,-74,131,-91,96,-4,218,132,155,122,48,194,33,219,10,222,-10,222,-33,219,-54,215,-74,209,-95,201,-114,190,-131,178,-149,165,-164,149,-178,132,-189,114,-200,95,-209,75,-214,54,-219,32,-221,11,-221,-11,-219,-32,-214,-54,-209,-75,-200,-95,-189,-114,-178,-132,-164,-149,-149,-165,-131,-178,-114,-190,-95,-201,-74,-209,-54,-215,-33,-219,-10,-222]]]
1735572	r	101.5253,4.8539,102.6142,5.7865	[[[1015253,55300,14,-442,43,-441,72,-436,101,-431,128,-423,155,-414,183,-404,208,-390,233,-375,257,-360,280,-342,302,-323,322,-303,342,-280,358,-258,375,-234,390,-208,402,-183,413,-156,423,-128,430,-101,435,-72,440,-43,441,-14,441,14,440,43,435,72,430,101,423,128,413,156,402,183,94,50,1064,5428,-255,170,-1874,1244,4,6,-40,68,-40,17,5,55,-63,41,16,114,-43,99,24,96,-24,51,13,68,-77,87,-107,-4,-38,-69,-88,-63,-103,-13,-86,36,-80,-80,-76,43,-41,7,-1774,1178,-3310,-380,-80,-86,-163,-18,-117,62,-80,-9,-2120,-243,-42,-141,-101,-431,-72,-436,-43,-441,-14,-442]]]
12750652	p	10063567
1769014	p	13118225
1744763	p	1735161
7792200	p	1735453
13061022	p	1735161
12750644	p	1735161
1732859	p	1732869
1733782	r	115.0683,4.8522,115.6767,5.5696	[[[1150683,52017,167,-367,200,-183,383,-100,250,66,867,550,783,150,0,1534,-450,583,-250,167,-316,0,-250,-84,-584,-583,-733,-1167,100,-266,-167,-300]],[[1151462,49085,6,-229,92,-93,133,-63,130,-88,11,-15,6,-8,10,-15,93,-15,278,-28,279,-9,279,9,278,28,275,45,272,64,268,81,261,99,254,115,247,132,237,148,227,163,216,178,203,191,191,204,177,217,163,227,148,238,131,247,115,255,99,262,81,268,63,272,46,277,27,278,9,280,-9,280,-27,278,-46,277,-63,272,-81,268,-99,262,-115,255,-131,247,-148,238,-163,227,-177,217,-71,75,-136,-294,-706,-505,-112,-150,-119,-204,-521,-304,-117,-106,-32,-76,-71,-104,-70,-133,-66,-327,-61,-154,-30,-143,56,-122,196,170,44,22,106,-24,6,-63,-23,-86,25,-93,892,-770,340,-142,370,-10,378,177,66,-134,-39,-75,-88,-59,-83,-86,-107,-204,-22,-96,-15,-364,-68,-405,-60,-160,-94,-114,-159,-112,-192,-87,-203,-34,-125,-65,-319,-407,-399,-350,-44,-60,-332,-334,-119,-81,-161,-30,-207,3,-176,61,-108,195,-79,55,-101,40,-96,17,-217,-14,-53,18,-31,70,-111,140,-138,14,-117,-89,-94,-333,-113,-74,-153,-21,-167,5]]]
1765769	p	1736309
13118096	p	8504423
12534340	p	1734705
1734798	p	1735161
1737919	r	113.7118,3.1509,115.3448,4.745	[[[1137118,36282,1856,-2360,1631,-2074,596,-140,661,-110,668,-66,670,-22,670,22,668,66,661,110,653,153,642,195,628,238,610,278,592,317,569,356,545,392,519,427,489,460,458,492,367,448,1177,2302,4,66,-1254,1206,-618,429,13,64,-45,227,338,598,1,167,74,289,121,-71,67,121,170,-249,37,3,106,-91,87,-164,94,-23,83,-75,-23,-225,-59,-59,3,-56,121,-283,131,-80,64,-108,136,-110,110,-12,46,-126,135,-41,50,9,63,-167,119,-40,136,-92,-13,-129,17,-85,102,-110,58,3,176,585,153,656,109,664,66,670,22,673,-22,673,-15,146,-1132,953,-72,26,-299,-30,-208,45,-570,211,-132,88,-80,142,-90,739,-3155,2657,-155,-65,-86,-79,-12,-11,-7,-166,75,-185,193,-369,58,-207,34,-221,49,-1169,60,-366,178,-279,197,-71,89,15,59,9,74,-49,-1,-18,-22,-268,-92,-379,-74,-167,-108,-170,-240,-233,-63,-60,-59,-93,6,-205,312,127,34,-174,-72,-184,-229,-341,-70,-194,-56,-413,-76,-147,-216,-206,-704,-671,-471,-274,-39,4,9,6,25,126,-129,143,-123,33,-111,-14,-71,30,-50,145,-115,139,-136,44,22,123,-54,83,-64,20,36,64,-29,147,-114,53,-168,154,-135,-43,-81,48,8,29,-136,218,-95,280,-90,102,-36,97,12,94,-75,146,27,198,-59,143,-64,19,-37,-17,-26,-60,-30,26,-37,-26,-8,-42,-49,-19,20,-24,-37,-76,-40,41,-153,9,-22,23,-48,-22,-150,38,-106,-9,-74,-83,-167,34,-95,-9,-204,41,-16,13,71,548,12,39,83,264,-264,175,83,270,-80,251,-119,225,-120,141,6,89,-230,426,-105,69,-368,229,-142,-48,-109,175,-139,135,-26,-36,0,-2,-16,-240,-92,-135,-12,-190,126,-323,353,-616,107,-280,-262,-379,-272,-480,-212,29,-271,-159,-177,-67,-56,4,-58,70,-76,-18,-109,-287,35,-56,-6,-61,63,-76,314,-100,-3978,-5940]]]
1733331	n	100.3645,5.0351,100.7103,5.3124	[[[1003645,50843,78,-229,37,-62,77,-46,200,-95,167,-60,2783,1293,71,200,45,179,-776,452,2,-64,-7,-21,-64,7,-294,104,1,-11,-123,45,15,50,-32,-3,-5,17,-69,-37,-11,41,-55,-12,6,18,-22,2,-5,13,-14,-14,-40,-4,2,14,-21,7,-6,-27,-15,13,-41,-2,5,-16,-14,-14,-15,8,-12,-48,-15,-19,-15,-39,-29,33,-12,-3,-1,-13,-18,-1,-22,-22,-66,585,-106,62,-487,-88,-401,-200,-9,-46,-100,-184,-22,-121,22,-61,95,-200,26,-112,-24,-206,-146,-310,-73,-329,-89,-118,-113,-92,-101,-111,-45,-27,-47,13,-36,-7,-14,-82]]]
7473443	p	1734634
1760605	p	1735161
12514620	p	1735158
1763999	n	101.1013,3.366,101.3496,3.5874	[[[1011013,34856,8,-23,13,-22,50,-72,313,-310,475,-627,61,-142,1563,1778,-325,436,-1350,-479,-808,-539]]]
1732945	n	103.1948,4.024,103.4964,4.4761	[[[1031948,42500,11,-222,32,-219,54,-215,74,-209,95,-201,114,-190,131,-178,149,-165,163,-149,178,-132,189,-114,200,-95,175,-62,50,-11,439,-89,181,-9,-174,433,-68,313,11,177,88,155,207,274,81,57,81,30,19,11,58,34,62,104,-64,260,-4,87,37,77,141,169,65,61,80,120,136,351,25,109,-22,304,-325,925,20,147,-80,292,-136,20,-221,11,-221,-11,-218,-32,-215,-54,-208,-75,-200,-95,-189,-114,-178,-132,-163,-149,-149,-165,-131,-178,-114,-190,-95,-201,-74,-209,-54,-215,-32,-219,-11,-222]]]
1732680	n	102.7741,1.8659,103.1017,2.1742	[[[1027742,18664,26,-5,3249,1244,-61,529,-6,24,-74,209,-94,201,-114,190,-131,178,-148,165,-163,149,-178,132,-103,62,-763,-492,-278,-448,-134,50,-47,-82,66,-149,-168,-207,-73,-4,-245,-329,-306,-508,-57,-369,-198,-540]]]
6930887	p	8504423
1733440	p	1733432
1733438	p	1733432
1734098	r	115.6905,4.5636,116.9346,5.7	[[[1156905,55282,560,-8442,262,-164,447,-240,462,-209,474,-179,485,-148,494,-115,500,-83,504,-50,507,-16,507,16,504,50,500,83,494,115,485,148,474,179,462,209,447,240,430,268,412,296,392,322,370,348,347,371,321,392,295,413,268,432,239,448,209,463,179,475,147,486,115,495,82,502,50,505,17,508,-17,508,-50,505,-82,502,-115,495,-147,486,-179,475,-209,463,-89,166,-9722,-1019,-250,-381,-309,-266,-264,-85,-289,-18,-719,51]]]
1738294	p	1732752
1732741	p	12750654
13118224	p	1771023
1735148	p	7795834
1732846	r	102.381,2.1652,103.5484,3.0783	[[[1023810,26290,1023,-1848,267,-67,537,-187,236,-26,71,-66,-287,-133,-109,-1,-145,-55,-46,-80,22,-52,-29,-75,2687,-362,22,68,119,-70,47,109,-41,40,106,-13,24,20,-7,59,-57,37,21,19,-12,48,32,14,-41,11,6,34,47,41,125,-7,0,101,105,29,-12,115,89,86,124,43,141,-31,-29,-74,176,-105,97,33,115,-106,15,-100,177,-204,123,-55,74,-147,206,-24,438,-299,-618,-1005,367,-220,110,11,340,-117,599,-26,29,486,445,288,14,50,216,-23,113,138,1138,452,769,750,-647,1437,1734,1761,608,619,-282,279,-466,620,-324,711,-66,397,53,596,-1446,569,-1452,-68,-3680,-171,-3334,-1428,-448,-1868,-229,-958]]]
1771304	p	1735161
1735489	p	1735498
1732672	p	1732676
7619704	p	1732752
1735077	p	6847550
1734826	p	1734810
1732755	p	10063567
1736278	n	100.1273,6.248,100.4189,6.6661	[[[1001273,64423,38,-189,64,-429,153,-466,218,-429,254,-320,157,-110,183,91,1849,2382,-26,103,-34,94,-32,3,-223,68,-97,47,-289,138,-196,172,-113,189,-225,680,-89,42,-209,75,-215,54,-219,32,-222,11,-222,-11,-150,-22,0,-17,-67,-405,11,-171,80,-232,20,-142,-60,-86,-88,-75,-67,-105,-9,-89,33,-174,4,-87,-41,-249,-88,-219,-83,-154]]]
1732742	p	12750654
1772808	p	6847550
1736302	p	1736309
1733697	r	118.1753,4.2177,118.9408,4.7259	[[[1181753,45979,31,-97,165,-51,58,19,98,-88,62,-4,103,-215,80,-106,3,-125,-32,-44,45,-53,23,-176,38,-18,-12,-24,21,-29,-20,-79,32,-39,-36,-31,49,-8,8,-57,-26,-21,-2,-47,25,-55,39,-19,7,-67,-69,-57,-16,-63,22,-39,-42,-6,-1,-18,48,-23,86,33,4,-18,-70,-41,39,-79,-9,-53,57,7,28,-90,142,24,126,-197,32,-10,87,60,33,-14,58,-50,67,-154,282,-172,28,-37,9,-85,38,0,75,-61,125,69,125,-13,30,-15,56,-131,91,-18,86,16,27,-8,15,-50,61,56,47,8,-20,52,82,74,59,17,108,-13,64,50,16,6,6,1,322,92,168,20,4,0,61,-67,171,-47,21,17,153,-19,72,15,-47,96,100,25,154,111,105,100,100,128,3,11,27,6,-17,26,33,106,-45,145,61,-27,47,11,7,-48,25,10,-38,-57,32,-88,-19,-5,48,-33,42,2,57,34,21,109,18,22,32,-5,110,67,86,108,-5,72,-38,41,-1,3,-7,5,-222,241,-54,78,-55,4,35,-3,-55,60,-116,186,56,137,-122,46,-242,34,-113,56,-123,-91,-60,4,-102,-124,-1,-1,-184,-92,-83,59,-62,82,-70,55,6,12,66,-5,7,25,21,-31,-37,-40,36,-25,57,-6,27,37,10,-20,-2,118,32,145,-32,108,-60,17,-52,-41,-22,-56,44,13,-32,-47,19,16,27,-27,-30,1,-67,-65,-2,-24,24,5,-33,-30,1,-62,-34,10,-2,-6,-24,19,-27,34,12,5,4,72,115,243,-29,44,38,92,-20,125,-108,135,-95,59,63,90,56,18,94,-73,168,-65,104,-76,35,18,137,-9,1,49,22,-9,44,66,33,89,4,0,16,-34,-17,-43,92,-204,53,62,24,171,1,2,121,-111,-12,149,19,52,53,-16,81,69,5,46,-19,29,146,12,0,74,-218,125,-283,101,-257,5,-63,-78,-33,36,-16,-23,-36,20,-30,-18,11,-81,-139,106,-61,131,24,18,-28,-9,-16,35,-90,144,-125,22,-35,40,-135,-19,-39,-80,-40,-27,-12,39,-20,-91,-43,17,-7,-40,-33,-9,-17,45,-21,-8,23,-35,-19,-30,-774,0,0,-63,265,-82,-19,-3,-167,57,-107,-2,-33,-11,15,-45,-39,37,-70,-10,-72,-47,-105,97,-1379,-711],[1183622,46472,34,12,73,-7,63,-28,10,-21,-74,30,-106,14],[1183815,46415,132,-21,135,-58,35,-43,43,31,63,5,48,-42,112,5,63,-60,-4,-39,43,-46,-1,-8,-38,10,-138,-36,-14,-99,-77,2,-43,-21,-1,-5,-62,25,-70,44,-64,54,-45,71,-79,183,-38,48],[1184240,46762,27,11,0,-7,-14,-4,-13,0]],[[1183887,47015,24,-33,28,28,49,-1,-24,-45,50,-30,36,23,4,55,38,14,24,-30,-36,-83,62,-20,4,25,149,-10,24,14,-4,44,-104,12,-39,78,-57,17,0,34,-50,-24,-86,12,4,-49,-96,-31]],[[1184465,47106,33,-51,53,28,22,-43,37,26,13,-13,65,107,43,-2,42,34,-122,-5,-54,72,3,-54,-84,6,-51,-105]],[[1184866,45938,0,-26,70,-13,-13,36,-57,3]],[[1184940,45778,4,-53,57,-40,69,-10,29,34,-61,61,-98,8]],[[1185210,45339,65,-16,128,44,-8,44,22,-24,-27,60,48,-61,-24,64,48,-38,-34,37,118,48,20,-16,13,28,31,-10,0,31,42,-2,58,-45,64,3,19,29,-4,137,-51,32,-1,-33,35,-6,6,-33,-34,-38,-39,16,7,60,-46,-2,16,-48,-43,16,-113,-77,-143,-40,-17,-40,-22,22,7,-39,-35,-9,-18,24,6,-22,-45,-1,-13,-31,-36,-64]],[[1185637,43382,30,5,43,66,-16,8,-57,-79]],[[1185727,45725,32,-38,17,20,22,-24,21,49,-8,57,-75,-39,10,-18,-19,-7]],[[1185822,43565,10,-18,60,17,69,20,-19,65,-120,-84]],[[1185929,45533,102,26,53,-11,43,32,8,42,-32,45,-43,-1,-45,-32,-31,-74,-55,-27]],[[1185973,43694,27,-25,38,26,16,16,-15,21,-43,3,-23,-41]],[[1186257,44852,17,-82,35,-5,14,-49,51,-28,7,-55,84,-34,63,-84,32,11,-48,-33,44,16,-13,-62,36,-7,-35,-58,38,-17,-49,-23,16,-12,-44,-34,14,-19,-34,-13,1,-24,-54,-23,-1,-61,135,22,-7,17,94,76,22,-35,-7,38,56,-15,94,103,-2,9,1,0,18,18,16,2,-9,5,31,30,54,0,49,-27,37,12,102,-24,28,-31,55,23,15,-21,2,32,30,14,157,12,141,146,-13,2,31,8,39,142,-112,141,-226,64,-511,65,-144,-2,-26,0,-105,-2,-35,-27,4,-14,-56,36,-76,23,-31,-16,21,-23,-9,-25,-12,11,11,-27,36,44,73,-76,-21,-21,13,-31,-41,19,-62,-26,-34,25],[1187325,44509,6,0,35,10,-13,-23,-28,13],[1187384,44523,20,6,-1,-22,-13,-10,-6,26]],[[1186446,43822,100,-8,111,67,29,37,-129,-2,-54,-5,-57,-89]],[[1186599,45552,97,53,-77,22,-20,-75]],[[1186813,42234,66,-51,35,-6,8,33,-109,24]],[[1186950,45780,10,-48,46,46,-32,18,-24,-16]],[[1187225,46029,213,131,32,81,109,-55,103,-17,48,-84,91,54,-55,27,-17,62,-41,42,-137,2,-54,37,-72,-40,-58,9,-80,-59,-68,-105,-14,-85]],[[1187526,44278,35,-58,54,-14,-45,-51,63,3,15,51,41,11,-42,43,-121,15]],[[1187801,45874,72,-8,69,168,-119,89,-22,-249]],[[1188409,45334,84,-81,57,-2,-141,83]],[[1188536,43066,33,-47,58,37,-34,46,-1,27,-56,-63]],[[1188615,45943,53,-21,6,32,-40,41,-19,-52]],[[1188674,43124,32,-16,49,7,1,37,-54,28,-16,-40,-12,-16]],[[1189318,44764,6,-34,84,-66,-75,94,-15,6]]]
1732746	p	1732752
12750582	p	1734810
1735433	p	1734634
1764375	p	1735498
13118228	p	1732752
10792382	p	8504423
12746668	p	1735158
12750583	p	10063567
1735022	n	102.1949,3.2239,102.6361,3.6761	[[[1021950,34500,11,-222,32,-219,54,-215,74,-209,95,-201,113,-190,132,-178,148,-165,164,-149,177,-132,189,-114,200,-95,208,-75,214,-54,218,-32,221,-11,221,11,218,32,214,54,208,75,200,95,189,114,177,132,164,149,148,165,132,178,113,190,95,201,74,209,8,31,-6,1,-2,26,-35,18,-4,45,-67,-25,-62,33,-76,-8,-78,-49,-84,13,-35,106,-80,30,37,31,3,62,33,41,-17,28,42,67,-10,64,-104,61,-80,126,-155,7,-40,-18,-60,38,-99,4,-10,31,-46,-30,-108,35,-55,-21,-25,42,-90,6,5,124,-179,296,-13,263,80,151,-11,107,26,40,-52,101,35,62,-27,117,-74,-9,-36,62,45,62,29,5,8,29,-22,-5,8,23,-32,11,55,86,18,92,-30,19,-13,43,16,10,-27,42,-95,100,58,35,-3,29,21,-3,11,34,-9,93,-9,11,-192,49,-218,32,-221,11,-221,-11,-218,-32,-214,-54,-208,-75,-200,-95,-189,-114,-177,-132,-164,-149,-148,-165,-132,-178,-113,-190,-95,-201,-74,-209,-54,-215,-32,-219,-11,-222]]]
1732700	p	1732811
1769612	p	1771023
1744288	r	110.2301,0.8514,111.2371,1.6583	[[[1102301,10777,265,-386,51,-244,18,-204,93,-32,135,42,145,24,508,-112,125,-51,166,-148,419,-571,377,-298,461,-224,475,-59,422,197,99,122,36,76,38,31,114,-9,73,-45,68,-78,88,-69,102,-13,11,-15,33,-5,6,21,115,43,4,4,-2,-18,62,-66,25,-12,31,26,18,-55,64,-14,44,61,1,36,-32,37,17,73,52,22,16,50,74,51,16,35,73,-26,41,-1,163,63,3,-2,70,-1,16,-36,56,-4,39,65,53,24,-11,25,76,-63,54,-11,73,49,12,42,48,-1,18,-42,47,-23,26,15,41,-67,68,-7,18,36,26,-6,19,25,16,88,-55,35,17,53,-79,150,31,120,43,-8,26,-42,37,23,33,67,83,-29,156,34,79,-39,62,7,-20,22,35,119,65,1,57,48,17,47,90,31,44,53,17,253,68,49,121,21,628,20,2242,575,199,-19,115,-51,24,142,42,437,15,439,-15,439,-42,437,-71,434,-100,428,-119,394,-238,-124,-240,-35,-127,42,-595,299,-384,255,-761,763,-431,280,-852,348,-463,64,-267,-207,7,-155,49,-182,12,-194,-100,-189,-199,-173,-184,-93,-207,-37,-265,-8,0,74,377,246,178,181,59,250,-73,137,-2633,-1656,136,-166,-64,-29,-121,-115,-80,-133,-13,-147,-148,-182,-33,-152,81,-61,49,-76,-60,-83,-84,70,-27,-31,68,-67,-45,-122,-68,-691,-154,-301,-59,-53,-603,561,-7,36,-44,-6,-3,25,-47,17,-33,117,-92,18,-147,-51,-32,-54,13,-62,-50,-1,-127,-212,-9,-30,-88,-1035,39,-30,-5,-89,84,-53,-51,-85,-70,78,-99,11,-19,-29,-72,71,1,41,68,46,-28,17,-9,64,-119,52,-41,68,4,117,-20,49,3,17,-161,-270]],[[1110056,15845,12,-294,43,-121,192,-187,181,-478,166,-138,442,-177,180,-132,144,-149,164,-107,188,-56,191,7,-96,257,-180,400,-206,387,-231,373,-254,358,-277,339,-298,321,-144,135,-69,-310,-136,-347,-12,-81]]]
1734576	p	1734586
1732891	r	101.1033,3.1621,101.4926,3.5989	[[[1011034,34811,185,-292,110,-56,20,-51,95,-96,194,-344,111,-46,-21,-32,40,-28,106,-365,184,-85,121,-23,3,17,126,7,4,-99,103,-135,203,-108,5,-36,47,-32,15,-53,152,-181,104,-205,55,-33,0,-177,55,-133,16,-574,6,2,26,18,24,2,36,15,9,-10,-133,870,-59,198,-103,116,313,168,459,2287,864,-287,-421,437,-594,522,-323,-115,325,-436,-1563,-1778,-61,142,-475,627,-313,310,-50,72]],[[1013312,31625,122,-4,-1,85,-121,-81]],[[1013502,31751,192,-1,0,111,309,1,3,58,117,1,-127,158,-494,-328]],[[1014077,32416,848,106,-2,229,-302,-4,3,248,-238,1,-38,46,-1,0,-270,-626]],[[1014637,34897,38,-153,25,87,-63,66]]]
1770351	p	1734759
1735172	p	1735161
7302815	p	1733782
1778252	p	1734393
13118146	p	1732903
1732738	r	103.5511,1.3368,104.2984,2.4151	[[[1035511,19032,85,-144,185,-129,145,-219,56,-20,88,-155,145,-68,27,-70,73,-85,14,-110,121,-138,-12,-32,31,-47,113,-263,52,25,37,-8,117,-231,-75,-38,15,-36,161,-201,284,-385,54,-71,73,41,123,68,244,-23,6,-96,72,-6,25,-33,-7,-155,444,-171,261,-245,43,47,66,-49,50,31,39,-42,89,96,63,-60,119,171,-155,125,177,190,23,23,20,196,138,4,144,-87,-14,-37,22,-38,236,-43,63,-65,41,6,42,-18,35,-5,21,-20,15,-116,-30,-67,60,-73,104,-232,15,-138,129,-106,25,-74,69,-65,116,-220,58,10,40,-211,41,-42,29,-125,157,51,43,-103,-212,-245,38,-87,120,-54,360,-233,39,-66,70,-47,6,-69,33,-51,33,7,-2,-81,37,-1,-10,-60,-168,-92,-71,-126,10,-25,44,4,361,-134,55,-134,99,3,130,51,22,-43,425,-50,130,116,123,-9,-2,48,110,123,56,30,87,5,-1,-94,99,-2,223,111,-91,399,6,100,45,131,87,42,27,-26,-5,-43,58,-10,12,77,-21,40,9,73,-121,200,-109,275,30,84,101,32,0,73,-62,199,-151,155,-88,152,85,171,-12,29,-44,7,-41,113,14,46,89,81,-152,202,41,80,-52,84,12,18,-18,84,-52,35,-147,195,-15,327,-51,148,-186,260,-90,458,-278,484,-33,0,-75,81,-76,25,-20,-26,17,-68,-26,-38,-92,31,-16,13,-111,217,-47,206,18,282,52,-16,62,7,-61,362,-397,736,-109,29,-44,60,-45,96,-184,250,-255,627,-469,579,-70,203,23,119,98,197,22,93,-37,120,-176,217,-66,110,-22,112,-2,199,-44,105,-69,66,-220,161,-87,81,-352,444,-1866,-3715,-1265,-7,63,-1051,-161,-6,-22,-340]]]
1734539	p	1735634
1734418	p	1735498
6697380	p	8504423
7779082	p	1735161
12680194	p	1735161
12750614	p	1735161
