2332459	r	2.704,6.3686,4.3225,6.8187	[[[27040,63738,31,-51,2206,204,1185,-58,362,-18,1318,152,1120,-53,356,38,58,-6,127,-23,131,-10,37,-11,69,-1,0,18,-12,25,221,111,63,22,135,17,903,31,1592,72,389,51,-1,0,145,19,978,-6,1458,-47,599,-83,341,-60,202,-46,757,-136,625,-85,790,-82,-799,84,-277,240,-101,148,-94,43,-144,-25,-156,-10,-67,17,-70,89,-69,23,-174,-32,-112,-56,-86,11,-31,12,-56,26,-48,45,-67,24,-54,-10,-54,0,-46,-14,-135,124,-51,73,-32,58,-52,38,-109,24,-76,46,-91,20,-20,20,-26,60,-34,35,0,35,-8,22,-72,55,-99,4,1,-54,-74,-558,78,-5,-14,-68,-309,48,7,762,-63,-7,-188,32,-119,34,-510,423,-119,52,-37,10,-82,10,-169,-27,-134,-40,-545,-220,-987,-417,-67,9,-14,-7,-32,5,-36,-15,-51,-40,-12,-39,-33,-29,-34,5,-76,42,-78,18,-28,14,-2,34,91,46,8,20,-50,244,109,76,14,25,41,122,24,46,78,97,88,43,50,14,43,30,115,133,96,67,72,64,80,99,-25,38,0,26,-92,155,-41,48,-26,12,-15,16,-23,33,-2,23,5,38,73,120,-2,26,9,71,9,25,43,56,28,52,11,50,-2388,17,-1,-47,6,-21,26,-27,-11,-27,5,-12,-14,-11,-7,-20,-32,4,-37,21,-34,9,-24,28,-11,-32,-30,-23,-11,-24,90,-150,17,-78,34,-51,-94,12,-139,-33,-216,6,-422,12,-14,8,-1,30,-13,2,-1,20,-37,41,-61,27,-25,31,-17,38,-89,66,-65,16,-23,12,-143,-17,-46,8,-17,-6,-27,29,-32,21,-183,73,-29,27,4,78,-27,179,-76,156,-54,133,-49,92,-103,53,-103,8,-194,-16,-438,-15,-205,-19,-347,-4,-372,-14,-98,-13,-304,35,-57,-15,-50,-77,-19,-57,-89,-168,-18,-23,-70,-149,-499,-151,-53,8,-129,-38,-99,-54,-2105,-635,65,-319,-21,-212,-185,-537,-34,-98,-35,-205,-37,-218,-15,-8,-2,-92,-22,-129,-3,-555]],[[33864,67170,40,-73,46,-148,99,-80,90,-47,20,27,221,18,4,72,18,64,-6,46,49,209,10,174,11,72,4,15,-259,668,-290,-87,6,-9,34,-72,8,-61,-9,-39,4,-92,-18,-122,-12,-40,-7,-70,-30,-110,-18,-104,-13,-127,-1,-29,10,-31,-11,-24]]]
2335204	r	7.6752,10.5434,9.3603,12.9939	[[[76752,114833,76,-75,46,-62,47,-91,19,-65,-9,-200,21,-25,-7,-112,112,57,166,-105,-28,-67,114,-106,91,-68,82,-38,17,-32,5,-27,5,-44,-4,-77,131,82,61,-10,34,-21,15,-52,33,-56,52,-28,28,3,34,40,34,107,78,6,57,23,90,-1,69,-100,96,23,44,65,40,-6,133,25,97,0,107,25,47,48,6,44,41,83,51,47,23,48,35,43,12,39,23,29,16,55,-17,29,23,24,41,13,36,-3,16,10,54,12,11,11,11,0,0,13,14,11,4,23,39,27,52,47,32,18,5,32,45,28,38,39,23,6,3,32,23,7,4,7,38,19,53,0,29,14,58,38,50,49,7,24,65,-4,30,7,8,43,15,10,23,-13,34,15,27,2,24,29,38,-7,7,12,-6,20,8,15,10,-2,9,-21,19,3,14,25,51,-2,31,-11,32,10,102,-30,32,19,21,23,25,11,55,-7,33,-17,36,-45,71,12,42,17,24,28,11,34,177,81,43,6,39,20,1,68,17,22,57,28,75,9,17,29,19,12,17,-26,27,17,21,-2,15,-18,21,-3,19,17,5,-6,65,-15,291,-10,117,-137,7,-24,-8,-59,-92,-82,10,-33,4,-83,-52,-87,-83,-119,22,-197,7,-168,-27,-40,-120,-50,-149,-28,86,-168,6,-50,270,-113,-11,-20,164,-104,22,-87,200,-137,61,-68,67,-94,66,-57,99,42,101,30,106,12,114,-14,18,-19,51,-88,29,-21,58,3,-23,-58,-21,-32,-15,-20,-22,-10,-16,-54,2,-42,24,-119,34,-34,54,11,70,-9,11,14,24,-1,14,-29,81,-67,13,-36,4,-57,39,-29,-7,-36,4,-13,23,-16,3,-70,39,-83,103,12,68,-26,102,-56,55,8,33,15,22,38,172,-59,59,-8,436,13,60,18,62,9,60,0,69,-15,58,-25,41,-98,-1,-68,56,-41,38,-19,103,-199,44,-123,28,-22,22,-15,32,12,32,-26,46,-17,55,-34,142,10,45,-37,40,-7,29,4,56,44,41,-7,-39,-50,-18,-34,-31,-27,-39,-190,73,-100,63,-73,144,-76,292,-129,202,-78,58,-15,63,-30,118,-109,26,-309,12,-84,37,-142,-49,-37,-109,-119,-8,-94,-11,-35,-22,-36,-31,-117,-33,-60,-19,-105,-53,-153,-45,-60,-32,-71,-51,-215,95,-1,28,-57,0,-38,29,-99,13,-265,-35,-26,-83,-193,6,-83,9,-21,4,-109,-120,-18,-6,-200,-38,-73,6,-46,35,-63,37,-21,64,-25,5,-50,-16,-97,-2,-107,-27,-4,-141,-78,-154,-67,-188,-20,-192,-56,-139,-62,-63,-37,28,-66,57,-64,1,-55,76,-176,8,-151,28,-42,64,-46,-11,-54,79,-72,48,-16,36,-41,119,-49,92,-9,102,44,288,51,48,12,61,26,73,-13,147,-40,232,-93,51,0,57,-64,50,-163,105,-139,384,-446,76,-59,84,52,165,123,137,41,88,81,19,88,102,54,86,108,277,-77,128,178,157,321,33,105,1,0,19,60,54,107,32,82,32,106,19,106,8,105,-39,127,-133,135,-90,242,-74,114,-239,179,-121,101,-62,115,-26,69,-74,137,-46,313,-2,47,51,200,29,175,44,95,44,60,43,94,40,200,-26,155,-69,238,-20,244,19,106,84,282,75,177,99,167,45,60,101,84,70,14,94,-20,200,-63,94,-21,82,-9,148,99,69,25,101,108,22,48,66,107,90,96,33,47,8,49,56,60,10,36,22,35,68,72,33,48,148,110,205,123,22,36,56,60,46,36,45,49,34,24,123,132,22,48,34,36,22,35,10,47,47,46,45,60,216,147,217,135,207,66,69,48,78,96,148,86,69,49,105,-12,345,21,156,45,144,336,138,158,0,97,-24,65,76,201,-2,77,-25,85,20,122,48,110,34,29,128,49,48,149,80,39,105,115,52,45,80,105,66,37,78,-76,319,179,127,151,171,291,-55,86,-11,31,-263,46,-84,35,-73,82,-147,114,-70,66,-81,63,-128,140,-16,39,103,77,-38,54,-195,-14,-131,27,-3,155,15,56,3,40,-32,16,-64,10,7,25,-10,10,9,31,107,-12,2,8,-13,45,2,59,25,94,-99,197,-105,169,-233,-52,-110,-114,-20,-30,-74,-69,5,-19,-38,-22,-71,-28,-60,43,-268,126,2,223,43,79,114,100,-67,62,55,72,11,139,27,70,-51,358,217,-3,131,54,31,30,55,108,26,128,141,178,96,160,-131,72,-28,30,-41,-5,7,61,43,134,5,221,-5,102,-60,54,34,39,8,22,40,40,17,36,121,140,50,248,-140,397,-136,142,-17,145,-49,18,-119,8,-96,-56,-160,-123,-23,-134,-207,-188,-377,-109,-102,34,1,45,-40,139,-25,112,-25,30,-24,131,-275,5,-28,17,-277,-62,-24,1,-18,-10,-21,-45,-24,-14,-114,17,-75,40,-16,22,325,1089,1364,4569,-583,1931,-413,47,-46,-3,-273,33,-66,14,-98,11,-127,-31,-143,-11,-30,-19,-472,160,-68,12,-263,95,-2183,633,-366,208,-172,204,-180,291,-6566,-5983,78,-328,-19,-11,-10,-22,-23,-13,-31,6,-55,-96,-112,-48,-111,-77,-302,-64,-58,-205,-16,-113,-71,-79,-9,-10,-125,-89,56,-143,80,-130,-17,-182,-89,-13,-43,-13,43,-60,33,-29,0,-38,-12,-39,-52,-63,-1,-82,-33,-82,6,-41,-21,-104,-40,-20,3,-40,38,-33,11,-101,-105,-2,-86,-74,136,-47,19,-20,24,-7,33,-34,27,-10,-7,-51,-16,-29,0,-104,10,-33,54,-28,13,-12,4,-15,-37,-86,-3,-28,22,-51,-5,-8,-18,-8,-2,-16,28,-29,1,-38,-17,-38,42,-69,32,-106,21,-149,21,-59,-99,-168,-69,-98,-32,-137,-42,-38,-108,-52,-101,-148,-54,-116,41,11,-16,-57,-56,-107,24,-144,0,-80,9,-89,142,-201,40,-86,5,-72,72,-46,74,-73,23,-7,-47,-100,-52,-210,-29,-65,26,-27,-19,-90,23,-70,-3,-154,25,-70,33,-329,68,-56,18,-64,-4,-45,-15,-22,93,-252,10,-68,48,-29,57,-12,83,-105,-5,-23,-16,-17,-21,-2,-8,-14,37,-78,-9,-43,33,-45,-58,-70,10,-28,80,-32,14,-83,-13,-36,-40,-7,-53,61,-25,1,-74,-15,-29,8,-80,49,-49,-66,-2,-13,10,-14,-8,-11,-82,8,-40,-14,-22,-27,-38,-12,-29,-26,-37,-89,-15,-7,-73,-3,-12,9,-8,18,-22,13,-80,-10,-36,27,-22,5,-65,-36,-29,-1,-71,-38,-14,-52,-32,1,-35,30,-30,13,-30,-4,-46,7,-123,-15,-87,-49,-187,-69,-30,-82,-145,-52,-5,-37,-34,-1,-31,-14,-44,-8,-37,-24,-20,-25,4,-65,15,-38,64,-90,37,-15,16,-27,-73,-200,-109,-94,-23,-42,-184,-117,27,-72,3,-58,-25,-41,-7,-144,-42,-89]]]
2339354	n	3.6653,7.1239,4.2991,7.6127	[[[36653,74451,87,6,87,-6,215,28,29,-6,5,-23,0,-75,-13,-99,5,-52,-1,-133,-19,-122,6,-46,28,-29,59,11,34,-6,23,-23,6,-58,-15,-284,-13,-133,-1,-121,-23,-175,-8,-22,-1,-35,12,-23,29,-12,179,-6,105,-12,133,17,22,-3,5,-42,-3,-45,-27,-111,8,-110,11,-57,8,-255,11,-84,53,-69,61,-129,54,-80,-27,-107,-4,-114,99,-167,34,-141,24,-50,12,-44,2310,497,164,1449,686,617,163,192,-2,50,-45,49,-1,29,40,30,68,-9,41,-15,13,0,31,36,19,147,-58,34,-34,149,4,37,13,13,64,11,72,68,0,42,-14,55,25,59,125,111,-829,751,-477,321,-1107,-679,-1610,48,-536,16,-414,-1061]],[[40729,71680,934,-434,137,-7,222,11,220,32,215,54,210,75,200,95,124,74,-687,1797,-214,1473,-238,0,-442,-521,-5,-36,-26,0,-114,-134,0,-13,36,-36,14,-67,39,-44,60,-21,-36,-154,-35,-90,-3,-57,10,-40,-163,-155,3,-38,14,-32,6,-37,-61,-57,31,-97,62,-70,21,-42,2,-52,22,-60,-33,-113,17,-60,0,-54,-38,-65,-6,-125,-141,-65,-38,-54,-21,-87,-28,-41,-55,-24,-28,-25,-32,-59,8,-40,-6,-41,-22,-22,-19,-43,3,-35,-34,-34,-16,-54,-12,-47,0,-87,-10,-44,-47,-98]]]
2352778	n	6.5615,8.1792,7.8826,9.4087	[[[65615,86303,84,-223,193,-423,221,-410,159,-254,7192,-3201,230,38,455,106,447,135,438,163,163,74,228,4781,2301,3976,436,753,664,1146,-101,-64,-457,-136,-184,-36,-155,28,-229,167,-61,36,-327,302,-103,45,-279,188,-143,190,-80,155,-32,175,-205,73,-329,-26,-700,-362,-215,-102,-135,-47,-122,-26,-232,-21,-488,-84,-1126,-2944,-4221,-690,-2780,-454,-507,-3028]]]
2324774	r	6.5647,4.3746,7.4731,5.0888	[[[65647,47100,10,-222,33,-219,54,-215,74,-209,95,-201,113,-190,132,-178,149,-165,163,-149,178,-132,19,-11,40,51,39,68,53,-122,3,-79,36,-21,124,-59,56,378,153,421,190,233,10,-293,-22,-108,-225,-598,-21,-92,143,-52,214,-54,219,-32,221,-11,213,10,-151,748,19,141,49,82,225,191,-187,321,-131,158,-127,67,-88,73,-44,174,-39,374,-83,361,-72,178,-89,75,-127,59,-49,144,-19,180,-44,170,87,-44,85,-14,83,14,86,44,15,-94,32,-72,95,-114,123,113,86,-7,5,-1,12,-38,14,-48,-69,-121,-103,-139,-34,-127,29,-246,153,-618,177,-335,257,-146,166,-66,29,-150,-42,-161,-45,-101,-74,-96,-68,-71,-50,-98,-19,-182,43,-252,102,-294,9,1,214,54,208,75,200,95,178,107,2,-5,112,28,208,75,200,95,38,23,0,-1497,7,-67,121,-55,107,-47,131,-17,97,43,58,96,16,96,-127,160,-354,703,-21,236,96,689,-82,128,-49,12,-130,32,-185,-48,-100,-155,-73,114,34,59,69,48,38,87,-17,79,-37,61,-83,105,-141,245,-49,133,-20,168,289,-326,107,-170,88,-194,97,41,40,28,39,-86,34,-25,19,-14,70,-12,104,0,-129,344,-94,252,-112,162,44,80,-24,238,49,154,118,-223,40,-162,64,-3,132,181,-59,51,85,-74,17,-35,32,-37,-30,-33,-16,-36,11,-32,22,-28,56,-41,92,-95,183,-204,66,-112,-62,21,-93,17,-52,25,24,-140,-27,-207,-52,-186,-44,-82,-112,-75,48,-168,163,-272,26,-510,60,-250,121,-233,74,0,272,68,-105,151,-54,178,26,167,133,119,-40,-196,60,-149,136,-110,186,-85,-5,50,5,155,208,-84,170,76,276,309,64,175,-91,174,-152,145,-128,91,259,129,-32,283,85,32,-33,68,-63,106,-82,168,-36,53,-80,87,-120,92,209,2,142,69,65,0,28,-95,0,-273,87,-205,633,-689,224,-325,49,-53,447,68,61,88,15,89,-49,68,-274,56,-170,136,-128,46,62,64,-71,33,-66,41,0,62,95,39,34,72,12,69,32,31,181,9,68,22,61,37,126,-171,221,-105,260,-52,250,-13,308,-163,42,80,106,235,91,242,75,247,58,251,42,255,25,257,7,201,-3060,2352,-1076,1151,-93,16,-201,19,-201,7,-201,-7,-201,-19,-198,-33,-197,-46,-192,-59,-189,-71,-183,-83,-172,-92,225,-826,-192,9,-221,-11,-219,-32,-214,-54,-208,-75,-200,-95,-178,-107,-2,5,-112,-28,-208,-75,-200,-95,-190,-114,-178,-132,-163,-149,-149,-165,-132,-178,-113,-190,-95,-201,-74,-209,-54,-215,-33,-219,-10,-222],[70718,47261,22,22,-5,-8,-17,-14],[70749,47297,4,18,1,-10,-5,-8],[71262,46708,15,-16,-14,11,-1,5]],[[71380,43970,97,-119,340,-31,890,184,141,58,136,85,94,98,42,155,3,156,20,135,62,119,120,109,-128,46,-455,-46,-156,56,-154,269,-137,84,-39,-166,-42,-95,-192,-223,-225,-346,-320,-339,-97,-189]],[[73369,44601,59,-130,3,-2,150,141,176,188,102,126,-297,-91,-100,-51,-93,-181]]]
2335727	r	6.0865,9.0006,8.8235,11.5238	[[[60865,105155,40,-345,-8,-57,50,-14,103,-170,121,40,152,32,80,-56,89,-81,40,-273,9,-131,39,-94,105,-168,125,-2,166,-24,119,-9,88,84,127,102,186,226,48,217,88,137,193,56,161,80,80,185,193,161,442,273,200,224,65,177,216,40,89,89,120,72,113,24,21,3,4485,-4301,-61,-71,-96,-73,-32,-337,104,-241,87,-166,52,14,80,0,118,-101,143,-67,118,-134,562,-28,102,-65,104,40,1743,-1672,920,-173,-5,-48,-20,-14,-42,-110,34,-168,8,-126,-16,-109,-59,-110,-68,-25,-50,-34,-59,0,-76,34,-84,76,-202,-34,-75,-34,-135,-75,-58,-218,180,-174,333,-283,204,-227,215,-410,77,-212,-95,-142,-372,-244,-131,-137,-281,-251,-90,-101,-28,-96,-94,-321,2,-229,84,-315,163,-688,10,-430,55,-65,49,-74,409,109,161,36,442,79,196,-30,361,-19,840,144,232,21,122,26,135,47,215,102,700,362,329,26,205,-73,32,-175,80,-155,143,-190,279,-188,103,-45,327,-302,61,-36,229,-167,155,-28,184,36,457,136,249,159,217,115,215,-32,433,-163,128,-32,182,-98,293,-116,167,-75,172,-195,1,-11,90,-145,-164,-761,-92,-1025,375,-124,385,-35,543,162,409,524,207,424,25,130,24,227,732,-42,14,-9,485,-4,58,-17,82,-137,229,-221,124,-141,158,-132,273,-396,27,-176,141,-177,35,-141,44,-123,57,-99,46,-8,51,1,193,37,78,61,65,37,65,62,54,86,2,61,28,73,15,98,28,86,39,25,54,74,39,36,66,86,79,86,105,86,157,148,96,221,108,208,81,135,56,160,30,204,212,676,54,80,31,154,52,139,54,80,-39,17,-2,39,-26,134,-20,18,13,136,52,137,-5,97,-41,56,-40,37,-178,88,-46,-33,-87,8,-78,16,-61,55,-41,56,-64,132,-39,18,-42,75,-60,56,-45,133,-43,94,-13,65,-25,27,-27,60,3,98,-145,68,-36,36,-52,-85,-133,-178,-150,-165,-166,-149,-180,-132,-191,-114,-202,-95,-211,-75,-217,-54,-221,-32,-79,-4,-1,1,-69,-41,-202,-95,-211,-75,-217,-54,-221,-32,-223,-11,-223,11,-221,32,-217,54,-211,75,-202,95,-191,114,-180,132,-165,149,-151,165,-133,178,-115,190,-95,201,-75,209,-55,215,-33,219,-11,222,11,222,33,219,55,215,75,209,95,201,115,190,133,178,151,165,165,149,180,132,191,114,202,95,211,75,217,54,221,32,79,4,1,-1,69,41,202,95,211,75,217,54,221,32,223,11,223,-11,221,-32,217,-54,211,-75,202,-95,191,-114,180,-132,166,-149,150,-165,133,-178,115,-190,95,-201,15,-40,0,136,-4,92,-26,126,117,134,49,11,13,24,168,98,103,208,-14,354,4,144,10,95,-17,102,-29,109,-46,110,34,189,85,195,183,587,81,235,36,60,33,117,-4,96,-72,670,1,262,-6,124,-1,43,15,130,-12,86,89,308,52,342,264,191,162,180,56,268,43,29,38,1,72,28,77,-8,61,13,58,38,215,83,86,94,7,132,-7,68,18,156,29,69,11,102,57,123,96,160,31,-6,-33,78,-36,49,-111,134,-87,74,-76,24,-50,24,-19,26,-43,0,-29,25,-49,14,-29,-4,-23,27,0,13,-35,6,-39,27,-24,41,-60,16,2,45,124,175,98,100,51,68,88,170,2,56,-14,99,-3,72,-21,75,24,166,88,222,71,154,67,95,-277,77,-86,-108,-102,-54,-19,-88,-88,-81,-137,-41,-165,-123,-84,-52,-76,59,-384,446,-105,139,-50,163,-57,64,-51,0,-232,93,-147,40,-73,13,-61,-26,-48,-12,-288,-51,-102,-44,-92,9,-119,49,-36,41,-48,16,-79,72,11,54,-64,46,-28,42,-8,151,-76,176,-1,55,-57,64,-28,66,63,37,139,62,192,56,188,20,154,67,141,78,27,4,2,107,16,97,-5,50,-64,25,-37,21,-35,63,-6,46,38,73,6,200,120,18,-4,109,-9,21,-6,83,83,193,35,26,-13,265,-29,99,0,38,-28,57,-95,1,51,215,32,71,45,60,53,153,19,105,33,60,31,117,22,36,11,35,8,94,109,119,49,37,-37,142,-12,84,-26,309,-118,109,-63,30,-58,15,-202,78,-292,129,-144,76,-63,73,-73,100,39,190,31,27,18,34,39,50,-41,7,-56,-44,-29,-4,-40,7,-45,37,-142,-10,-55,34,-46,17,-32,26,-32,-12,-22,15,-28,22,-44,123,-103,199,-38,19,-56,41,1,68,-41,98,-58,25,-69,15,-60,0,-62,-9,-60,-18,-436,-13,-59,8,-172,59,-22,-38,-33,-15,-55,-8,-102,56,-68,26,-103,-12,-39,83,-3,70,-23,16,-4,13,7,36,-39,29,-4,57,-13,36,-81,67,-14,29,-24,1,-11,-14,-70,9,-54,-11,-34,34,-24,119,-2,42,16,54,22,10,15,20,21,32,23,58,-58,-3,-29,21,-51,88,-18,19,-114,14,-106,-12,-101,-30,-99,-42,-66,57,-67,94,-61,68,-200,137,-22,87,-164,104,11,20,-270,113,-6,50,-86,168,149,28,120,50,27,40,-7,168,-22,197,83,119,52,87,-4,83,-10,33,92,82,8,59,-7,24,-117,137,-291,10,-65,15,-5,6,-19,-17,-21,3,-15,18,-21,2,-27,-17,-17,26,-19,-12,-17,-29,-75,-9,-57,-28,-17,-22,-1,-68,-39,-20,-43,-6,-177,-81,-11,-34,-24,-28,-42,-17,-71,-12,-36,45,-33,17,-55,7,-25,-11,-21,-23,-32,-19,-102,30,-32,-10,-31,11,-51,2,-14,-25,-19,-3,-9,21,-10,2,-8,-15,6,-20,-7,-12,-38,7,-24,-29,-27,-2,-34,-15,-23,13,-15,-10,-8,-43,-30,-7,-65,4,-7,-24,-50,-49,-58,-38,-29,-14,-53,0,-38,-19,-4,-7,-23,-7,-3,-32,-23,-6,-38,-39,-45,-28,-5,-32,-32,-18,-52,-47,-39,-27,-4,-23,-14,-11,0,-13,-11,0,-11,-11,-54,-12,-16,-10,-36,3,-41,-13,-23,-24,17,-29,-16,-55,-23,-29,-12,-39,-35,-43,-23,-48,-51,-47,-41,-83,-6,-44,-47,-48,-107,-25,-97,0,-133,-25,-40,6,-44,-65,-96,-23,-69,100,-90,1,-57,-23,-78,-6,-34,-107,-34,-40,-28,-3,-52,28,-33,56,-15,52,-34,21,-61,10,-131,-82,-53,-6,-14,9,-31,5,-198,-45,-29,-28,-6,-19,-17,-144,21,-108,22,1,224,-11,222,-32,218,-54,212,-75,203,-95,193,-114,180,-132,166,-149,151,-165,134,-178,115,-190,96,-201,76,-209,55,-215,33,-219,11,-222,-11,-222,-33,-219,-55,-215,-76,-209,-96,-201,-115,-190,-134,-178,-151,-165,-166,-149,-180,-132,-193,-114,-203,-95,-212,-75,-218,-54,-222,-32,-224,-11,-224,11,-222,32,-218,54,-212,75,-203,95,-193,114,-180,132,-166,149,-151,165,-134,178,-115,190,-96,201,-76,209,-55,215,-33,219,-11,222,11,222,33,219,55,215,76,209,96,201,115,190,134,178,151,165,166,149,155,113,-45,66,-34,39,-48,89,-36,36,-40,23,-78,18,-64,41,-49,41,-64,20,-62,11,-22,12,-62,35,-82,12,2,131,-16,81,-147,-51,-45,-29,-47,-20,-69,6,-65,54,-105,184,-48,17,-133,7,-268,-44,-221,13,-76,27,-56,-32,-23,-46,-12,-46,-82,-162,-70,-116,-35,-46,-35,-104,0,-34,-23,-81,3,-210,-56,-198,-12,-62,-74,-16,-92,-3,-210,27,-136,43,-32,15,-16,5,-42,22,-37,36,-43,71,-56,-88,-30,2,-77,-13,-31,10,-45,27,-30,-6,-22,10,-35,-33,-43,-23,-31,0,-111,29,-36,3,-75,25,-53,-25,-70,-61,-51,-89,-151,-35,4,-54,37,-88,16,-149,21,-63,39,-67,21,-76,27,-55,48,-23,23,-2,12,-57,-132,-86,-64,-124,9,-198,-7,-17,-144,-97,-40,-16,-89,-55,-114,-40,-95,-21,-78,13,-150,81,-59,68,-51,105,-90,70,-135,70,-107,91,-139,136,-65,45,-63,36,-115,45,-35,4,-72,-5,-59,23,-48,26,-264,172,-234,122,-80,62,12,46,94,139,81,93,24,23,82,58,117,127,58,139,37,33,2,64,-23,94,-96,75,34,131,35,-14,2,32,-74,126,-106,-12,-70,-1,-70,-12,-59,-23,-71,-1,-70,11,-24,23,-94,46,-94,80,-58,11,-106,68,-47,23,-82,-1,-129,-12,-24,-23,-72,12,-139,-162,-107,-245,-88,-32,-36,-49,-4,-45,-26,-11,-28,-45,-43,-16,-26,-21,-105,-106,-49,17,-73,8,-76,-98,-95,-54,-95,-68,-61,-68,-224,-122,-67,-61,-14,-88,-34,-61,-41,-47,14,-55,0,-40,-20,-55,0,-54,-14,-61,-68,-75,-37,-74,13,-68,41,-47,14,-109,27,-50,-34,-52,-54,-40,-20,-39,33,-77,-13,-61,-41,-40,-75,-28,-81,-95,-17,-79,-58,-16,0,-47,14,-27,61,-7,20,-34,0,-41,-47,-40,-48,-68,-40,-7,-55,20,-27,-20,-54,0,-20,-41,20,-101,27,-75,-20,-47,-136,-109,-27,7,-54,41,-41,-7,-7,-48,-54,-20,-41,0,-81,-61,-75,13,-163,-20,-149,-7,-115,-61,-102,-108,-95,-68,-183,20,-88,27,-210,-6,-102,-14,-7,-54,-88,-75,-156,27,-54,41,-82,20,-68,-6,-40,-48,-14,-74,-27,-82,-54,-20,-61,34,-54,13,-41,-47,-34,-7,-109,95,-84,62,-17,46,-7,55,-61,61,-95,0,-34,20,-61,14,-95,0,-81,-27,-55,-48,-55,-62,-67,-6,-67,17,-48,24,-82,-20,-43,-1,-51,48,-48,-7,-7,-81,-81,-61,-54,-20,-82,-75,-40,-68,-143,-176,-54,-116,-54,-27,-82,27,-122,-101,-20,-41,-41,-34,-115,-27,-7,-48,-34,-67,0,-61,-14,-89,-47,-81,0,-61,27,-95,-88,-68,-61,-95,-34,-54,0,-48,-20,-54,-48,0,-47,48,-48,6,-27,28,-75,6,-74,-40,-68,-21,-60,0,-67,-107,-46,-26,-64,0,-65,-8,-144,-72,-40,-72,24,-24,48,-16,44,-51,8,-45,-20,-25,-80,-72,-57,-8,-72,0,-8,-40,32,-57,0,-72,-48,-120,-64,-137,32,-64,56,-48,16,-121,32,-80,-48,-64,-48,-145,-56,-32,-64,-72,0,-81,40,-24,88,16,72,-40,24,-56,49,-56,168,-65,16,-80,-4,-10,-28,-70,-48,-57,-40,-64,-8,-64,-40,-161,-73,-144,-8,-73,24,-64,129,-56,16,-128,-16,-113,-40,-72,-24,-89,-65,-40,-72,-24,-144,-8,-25,-80,9,-153,-49,-72],[84863,104209,180,231,87,-36,145,-36,29,-42,191,-68,157,96,10,14,103,17,66,-14,92,-101,42,-67,-1,-64,-23,-22,-15,-50,-83,-70,-8,-126,27,-90,76,-60,12,-65,45,-78,19,-4,59,-48,70,24,76,12,4,84,117,38,43,2,19,-47,-73,-179,-14,-2,-8,-9,-108,-150,-26,-6,-88,52,-87,-45,-73,-162,-112,175,-87,30,-37,-48,-6,-19,-76,-118,-164,89,-41,74,-110,59,69,149,19,145,-41,114,-86,77,-12,20,-86,85,-84,-2,-76,128,-132,113],[86345,103977,26,42,35,128,85,25,6,15,87,85,20,9,4,67,37,52,22,20,68,-56,35,-15,61,27,40,-54,104,-27,28,-27,31,-43,-29,-114,-39,-32,-46,6,-29,-51,-19,-13,-105,7,-16,-8,-15,-17,-15,-49,-9,-104,-41,-35,-170,-12,-102,106,-23,42,-31,26]]]
2347283	n	5.1781,6.0726,5.9391,6.7678	[[[51781,63400,22,-443,65,-439,107,-431,150,-418,189,-401,228,-380,120,-162,438,48,5746,626,545,3324,-2260,2824,-105,-187,-352,-85,-75,37,-56,36,-46,46,-93,74,-111,-10,-93,-38,-148,-130,-156,-148,-74,-102,-56,-1,-28,28,-28,55,-65,83,-28,92,8,111,-10,111,17,104,-13,47,-1,7,-880,-40,-167,-60,-401,-190,-381,-228,-356,-264,-329,-298,-297,-329,-265,-357,-228,-380,-189,-401,-150,-418,-107,-431,-65,-439,-22,-443]]]
2326016	n	6.5041,5.5486,7.2809,6.436	[[[65041,62000,11,-222,32,-219,54,-215,75,-209,95,-201,56,-94,1603,165,-1598,-165,-30,-84,-54,-215,-32,-219,-11,-222,11,-222,32,-219,54,-215,75,-209,94,-201,114,-190,132,-178,149,-165,164,-149,178,-132,128,-76,-1185,-852,35,-93,98,-218,113,-212,126,-203,140,-195,152,-185,163,-175,175,-164,185,-152,194,-139,113,-70,959,420,1508,662,776,1826,-130,351,0,1,50,77,43,45,21,43,41,57,-17,14,-65,26,-126,13,-55,13,-32,89,45,89,1413,1039,1676,206,20,74,-78,41,-44,35,-56,100,-35,170,-48,170,-51,18,-13,22,-87,55,-102,134,-49,132,-6,18,-24,150,31,212,-7,126,-56,48,-94,63,-47,63,-8,94,-40,166,-102,47,-165,-55,-158,-40,-60,26,-41,120,0,79,22,100,-39,122,-26,144,78,78,118,78,-31,101,-47,65,-35,131,-90,253,-61,130,-78,140,-314,357,-78,79,-199,57,-210,-10,-220,-32,-215,-54,-208,-75,-201,-95,-190,-114,-178,-132,-34,-31,-3,6,-94,-34,-201,-95,-34,-20,0,3,-105,27,-4,-9,-59,53,-178,132,-190,114,-201,95,-208,75,-215,54,-220,32,-221,11,-221,-11,-220,-32,-215,-54,-208,-75,-201,-95,-190,-114,-178,-132,-164,-149,-149,-165,-132,-178,-114,-190,-95,-201,-75,-209,-54,-215,-32,-219,-11,-222]]]
2353151	n	7.017,4.6929,7.617,5.3671	[[[70170,51301,425,-455,1076,-1151,3060,-2352,515,-396,32,39,57,41,113,83,62,0,-69,-181,385,183,290,174,16,149,38,347,-1091,5197,-220,66,-2,1,-661,201,-1396,424,-2630,-2370]]]
2331447	r	12.8171,11.5121,13.5029,12.188	[[[128171,118500,7,-221,22,-220,37,-218,51,-216,65,-211,79,-207,92,-201,106,-195,119,-188,130,-180,143,-171,153,-161,164,-151,173,-141,183,-128,190,-117,198,-104,205,-92,210,-78,214,-64,219,-50,221,-36,224,-22,224,-7,224,7,224,22,221,36,219,50,214,64,210,78,205,92,198,104,190,117,16,11,1472,2319,7,38,22,220,7,221,-7,221,-22,220,-37,218,-51,216,-65,211,-79,207,-92,201,-106,195,-119,188,-130,180,-143,171,-153,161,-164,151,-173,141,-183,128,-190,117,-198,104,-205,92,-210,78,-214,64,-219,50,-221,36,-224,22,-224,7,-224,-7,-224,-22,-221,-36,-219,-50,-214,-64,-210,-78,-205,-92,-198,-104,-190,-117,-183,-128,-173,-141,-164,-151,-153,-161,-143,-171,-130,-180,-119,-188,-106,-195,-92,-201,-79,-207,-65,-211,-51,-216,-37,-218,-22,-220,-7,-221]]]
2337639	n	4.1904,8.2471,4.9937,8.9522	[[[41904,87533,107,-353,123,-354,-43,-19,1390,-2895,357,-712,917,-729,3870,1952,1,0,1311,661,-17,359,-66,439,-108,431,-150,418,-191,401,-229,380,-265,357,-300,329,-330,298,-358,264,-382,228,-403,190,-420,149,-432,108,-441,65,-445,22,-445,-22,-441,-65,-432,-108,-420,-149,-403,-190,-382,-228,-358,-264,-258,-233,-138,-161,-212,-477,-7,-92]]]
2322911	r	4.1407,11.5303,6.8201,13.8856	[[[41408,133439,10,-166,43,-138,13,-198,-14,-486,2284,-440,24,-71,89,-24,214,39,530,-114,39,-12,2829,-4729,-167,-48,16,-311,1,-20,256,-351,372,-616,12,-630,160,-88,-88,-184,-337,-156,-119,-200,-84,-187,27,-382,-9,-33,29,-199,1,-58,-141,19,-38,-18,-139,-6,-103,5,-26,12,-62,148,0,42,-119,161,-63,-22,-60,146,-13,-12,-90,-25,-42,36,-209,133,-136,73,-169,-195,-184,-83,-60,-99,-21,-145,56,-333,-155,-144,-166,-282,-33,-6,-81,-27,86,-117,-46,-33,-22,-75,30,-57,-65,-159,-263,-50,35,-28,63,-100,330,-64,-74,-203,-33,-586,-17,-225,21,-397,218,-174,-4,-31,-4,4,-18,-6,0,-17,5,10,17,5,149,-250,-73,-497,-80,-364,-69,-405,-163,-277,4,2,-15,-812,-57,-74,50,-80,-136,-105,-257,-292,-110,-58,-118,-95,-378,-201,-127,-96,-192,-23,-28,198,-189,227,-177,11,-152,-196,125,-179,217,-224,305,-216,-65,-455,-16,-109,150,-106,352,-271,301,-265,-124,-155,357,-42,334,563,-20,37,-28,27,-19,31,-20,13,7,36,-2,36,7,62,23,59,-38,176,227,-14,161,220,293,28,40,-21,38,11,22,50,74,97,59,-24,282,-14,25,72,-98,59,-2,38,6,32,79,-2,38,8,3,-31,26,-40,281,99,54,10,45,-9,147,65,40,21,22,45,22,8,26,23,3,27,41,51,9,43,21,13,48,-12,42,18,25,18,40,-20,19,-22,18,-9,25,23,-16,49,-30,48,-12,43,68,46,44,-16,45,-1,33,23,44,-12,63,25,25,21,11,43,46,21,32,83,67,19,59,65,46,8,10,-40,28,-29,47,-8,33,-25,11,-47,41,13,72,-12,45,-77,13,-93,117,7,83,-20,33,7,-5,37,22,19,38,101,53,9,56,-9,32,-34,-15,-93,12,-56,-29,-126,2,-54,42,-47,52,-5,48,33,101,46,11,52,42,10,195,-4,43,44,-21,40,-117,338,-97,253,35,49,-3,24,36,166,-2,64,51,159,37,90,21,36,159,146,152,124,-238,51,-777,519,34,676,6,283,-100,190,39,201,0,232,100,273,-60,147,-22,35,-47,232,110,486,23,215,754,16,25,831,139,-65,129,-30,179,-42,668,-33,205,-35,172,-90,146,-15,74,24,39,-1,55,31,44,44,75,101,3687,-3702,1894,2963,334,940,137,5,45,71,-13,59,29,19,159,447,-64,224,1410,3971,216,-159,187,-146,32,-72,82,-45,24,-22,4,-39,244,0,383,-59,97,353,-39,112,-145,583,0,1,-64,261,-35,393,154,70,227,119,48,103,67,184,3,55,15,57,0,76,-2,29,-12,25,3,46,-14,78,-14,53,-31,75,-33,151,551,286,117,49,772,361,385,347,317,3,-28,245,417,222,273,-29,150,-162,56,-61,80,68,134,-151,-72,-50,-31,-69,327,-73,38,-26,29,29,42,-10,100,89,245,154,121,38,40,0,-21,-170,77,-16,56,-46,10,-41,-45,-53,-87,-13,2,-64,104,0,35,-15,32,-82,270,-5,229,-298,25,-103,35,-86,35,-51,73,-39,67,-48,31,-36,53,-81,90,-48,137,-23,73,-29,759,703,260,144,24,205,21,52,558,-144,766,249,-1234,1959,-2688,2611,-1506,761,-448,-31,-189,-73,38,105,-68,-13,-345,-190,-208,-114,-643,323,-1404,455,-452,147,-681,263,-1023,397,-3,-45,-310,126,-464,160,-261,90,-746,389,-268,102,-781,-145,-1010,-365,-169,-253,-62,-53,-465,-483,-66,-25,-2,-1,-156,-60,-11,-2,-107,-40,-412,-68,-268,59,-555,39,-466,53,-724,-155,-548,-12,-401,109,-357,356,-341,-130,-2381,-530,-602,-134,-757,-202,-2310,-2035,-931,2,-4,-966,6,-200,-9,-70,-1,-106]]]
2335953	n	8.6347,9.4778,9.346,10.311	[[[86347,98668,46,-110,29,-109,17,-102,-10,-95,-4,-144,14,-354,-32,-65,1869,-2863,177,-26,447,-22,447,22,443,65,434,108,421,149,405,190,383,228,360,264,331,298,301,329,266,357,230,380,192,401,151,418,108,431,66,439,22,443,-22,443,-66,439,-108,431,-151,418,-192,401,-230,380,-266,357,-301,329,-331,298,-360,264,-83,50,-2415,-987,-2069,-846,-1,0,-96,-39,-50,-35,5,-124,-1,-262,72,-670,4,-96,-33,-117,-36,-60,-81,-235,-183,-587,-85,-195,-34,-189]]]
2317765	n	7.4911,10.8839,7.9489,11.3361	[[[74911,111100,11,-222,33,-219,55,-215,76,-209,96,-201,115,-190,134,-178,151,-165,166,-149,180,-132,193,-114,203,-95,212,-75,218,-54,222,-32,224,-11,224,11,222,32,218,54,212,75,203,95,193,114,180,132,166,149,151,165,134,178,115,190,96,201,76,209,55,215,33,219,11,222,-11,222,-33,219,-55,215,-76,209,-96,201,-115,190,-134,178,-151,165,-166,149,-180,132,-193,114,-203,95,-212,75,-218,54,-222,32,-224,11,-22,-1,3,-18,20,-63,-4,-35,-135,-144,-268,-21,-35,-46,-48,-38,-45,-35,-81,-43,-165,-29,-81,-20,-152,-91,-112,-59,-55,71,-117,172,-155,-113,-166,-149,-151,-165,-134,-178,-115,-190,-96,-201,-76,-209,-55,-215,-33,-219,-11,-222]]]
2343279	r	6.9317,5.9246,7.8902,7.1037	[[[69317,66987,122,74,126,39,262,31,82,0,257,-70,297,-187,43,-48,196,30,201,-83,64,-9,-17,114,-11,222,11,222,32,219,54,215,75,209,95,201,114,190,132,178,149,165,138,124,1258,-657,2,89,-17,83,-79,162,-87,87,-397,244,-249,101,-71,96,-222,-16,-118,-47,-54,-124,-1,-2,-142,-8,-94,-189,-126,-95,-142,-63,-71,-110,-118,-87,-79,-94,-118,-189,-213,-55,-47,-87,-134,-32,-118,24,-95,39,-157,-39,-142,0,-47,32,-8,102,47,244,0,103,-32,110,-86,55,-150,-55,-110,-166,0,-196,-32,-197,-94,-150,-75,-59,13,-324,-17,-366]],[[70275,64436,112,-33,261,-31,240,-69,78,-79,314,-357,78,-140,61,-130,90,-253,35,-131,47,-65,31,-101,-118,-78,-78,-78,26,-144,39,-122,-22,-100,0,-79,41,-120,60,-26,158,40,165,55,102,-47,40,-166,8,-94,47,-63,94,-63,56,-48,7,-126,-31,-212,24,-150,55,-150,102,-134,87,-55,13,-22,51,-18,48,-170,35,-170,56,-100,44,-35,131,-67,30,-16,127,-39,82,0,184,-26,478,-24,105,-34,176,-242,114,-62,147,0,210,76,100,9,143,-23,180,42,167,48,95,-14,134,-90,138,-161,119,-94,141,-164,159,-77,463,-181,290,-132,146,-14,129,-41,129,46,100,168,-36,250,-141,177,-213,213,-86,204,-32,187,54,145,168,77,118,27,158,99,124,310,127,572,-6,107,65,51,230,2024,-173,201,-9,240,-118,6,-98,14,-1911,2215,-2599,-1698,-11,1,-215,54,-209,75,-201,95,-190,114,-179,132,-164,149,-149,165,-132,178,-114,190,-36,77,-14,-78,-61,-101,-175,-174,-34,-70,-44,-65,-61,-48,-148,-26,-79,-96,-69,-179,-22,-152,0,-114,34,-264,-43,-32,-91,26,-31,-69,-4,-153,-53,-80]],[[73029,69486,22,-104,79,-144,148,-118,319,-53,144,-35,196,-13,144,-22,193,-83,78,-48,118,-126,62,-82,-1,-36,79,-166,131,-83,458,-39,258,-100,78,-22,96,-18,227,-87,25,-11,-25,-41,-35,-105,-87,-87,-113,-35,-284,-18,-166,-17,-201,0,-192,-26,-134,-47,-88,-15,-131,-39,-127,-79,-99,-51,1205,-631,860,1517,78,58,190,114,99,47,-53,40,-91,134,-27,40,-102,181,-158,157,-205,55,-220,79,-63,71,-71,126,-71,252,-47,71,-32,63,-71,173,-39,119,-78,121,-48,36,-237,331,-110,47,-213,260,-141,40,-103,-63,-157,-71,-323,0,-95,-71,16,-181,-47,-134,-142,-103,-166,-71,-267,-102,-150,-189,-20,-12,28,-43,22,-135,-31,-88,-83,-170,-9,-118]],[[78178,68783,78,-19,209,-75,201,-95,190,-114,46,-34,-22,93,-118,95,-16,55,-110,110,-87,8,-204,0,-166,-23,-1,-1]]]
2319133	n	5.5244,5.2638,6.2256,5.7278	[[[55244,55200,8,-174,158,79,231,-51,48,50,63,44,27,49,183,-55,143,77,134,117,160,66,-142,-223,-117,-129,-119,-57,-334,6,-151,-30,-133,-86,-64,-119,-18,-141,20,-79,75,-209,94,-201,24,-40,169,-147,76,-127,-63,0,40,-54,149,-165,164,-149,177,-132,190,-114,201,-95,208,-75,215,-54,219,-32,221,-11,221,11,219,32,215,54,208,75,159,75,1,8,46,-42,178,-132,189,-114,201,-95,208,-75,215,-54,219,-32,221,-11,221,11,219,32,215,54,208,75,201,95,189,114,178,132,164,149,149,165,132,178,114,190,94,201,75,209,54,215,32,219,11,222,-11,222,-32,219,-54,215,-75,209,-94,201,-114,190,-132,178,-149,165,-164,149,-178,132,-189,114,-201,95,-208,75,-215,54,-219,32,-221,11,-221,-11,-219,-32,-215,-54,-208,-75,-159,-75,-1,-8,-46,42,-177,132,-190,114,-180,84,-2176,-403,-275,-51,-28,-25,-149,-165,-132,-178,-114,-190,-94,-201,-75,-209,-54,-215,-32,-219,-11,-222]]]
2325200	r	2.677,7.0801,4.569,9.0159	[[[26771,78795,12,-51,81,-126,1,-2,40,-63,487,359,76,41,64,23,93,76,29,29,23,35,24,87,12,87,58,157,76,46,122,30,34,6,76,-12,52,-23,46,-40,52,-87,47,-28,40,-6,70,-23,209,-22,191,-40,110,0,99,18,134,1,46,-6,23,-23,-11,-23,-82,-35,-35,-41,-104,-64,-18,-17,-35,-58,-6,-35,-64,-192,-30,-145,0,-34,17,-93,0,-40,-18,-105,0,-46,-17,-81,5,-64,23,-46,18,-18,162,-92,40,-5,47,-23,23,-23,40,-104,6,-29,-12,-110,-30,-145,0,-41,29,-23,41,12,81,47,82,75,87,64,64,58,23,35,47,99,47,58,111,209,23,70,6,52,24,93,0,58,12,63,35,82,29,11,40,-40,35,-104,58,-87,57,-40,18,-23,115,-220,52,-121,27,-39,-10,-31,-29,0,-29,12,0,-47,12,-52,17,-35,-12,-40,-6,-58,52,-40,6,-41,-6,-29,-35,-58,-18,-58,-40,-75,-24,-111,-58,-64,-18,-52,12,-40,34,-29,12,-41,0,-23,-35,-11,-70,17,-46,-24,23,-63,23,-12,11,-35,-81,-17,-17,-18,-29,-52,34,-23,29,0,35,-11,23,-23,-17,-58,-47,-24,-23,-40,34,-35,12,-58,-6,-23,-35,-93,-48,-97,-117,-75,-47,-69,0,-58,28,-64,34,-128,17,-40,63,-76,86,-69,23,-41,28,-35,35,-29,28,-64,214,-41,53,-17,97,-111,11,-46,98,-64,41,-12,23,-23,110,-360,18,72,75,209,95,201,114,190,132,178,150,165,164,149,179,132,190,114,201,95,210,75,57,14,8,-10,94,198,114,190,133,178,149,165,35,32,-49,312,-41,99,-157,182,-33,107,-74,91,-9,74,223,-33,612,25,347,99,91,42,92,241,59,198,105,145,112,59,205,152,118,171,60,151,-7,218,-13,105,59,191,66,297,-66,184,20,106,18,31,113,-26,139,1,224,-59,244,-26,283,-7,198,7,283,-20,389,-40,132,-6,217,26,277,0,105,33,40,7,54,22,64,-154,73,-99,-20,-132,20,-85,6,-152,-13,-72,-59,-40,-46,-7,-79,0,-53,-19,-13,-33,26,-92,40,-20,6,-40,-33,-20,-26,-26,0,-165,26,-6,-6,-40,-40,-26,0,-59,60,-27,46,-6,-27,-27,-39,-26,-7,-40,13,-98,14,-47,46,-32,13,-80,7,-118,-14,-73,-59,-52,26,-66,47,-13,56,14,0,-163,14,-136,70,-184,38,-101,89,-183,-14,-68,-81,-75,-75,0,-89,-34,-163,0,-88,-34,-27,-75,-61,-47,-575,198,-446,182,-314,115,-58,8,-50,-24,8,-42,0,-132,-6,-80,178,-68,163,-121,165,-149,149,-165,133,-178,114,-190,95,-201,75,-209,54,-215,33,-219,10,-222,-10,-222,-33,-219,-54,-215,-75,-209,-95,-201,-61,-102,235,2,81,17,414,1061,536,-16,1610,-48,1107,679,477,-321,829,-751,28,24,-9,65,-68,190,-57,102,-17,99,15,47,6,73,14,32,-56,8,-61,41,-26,67,18,21,12,24,-3,-2,17,30,-97,84,-44,86,-81,56,-115,21,-168,92,-43,91,-88,143,-116,210,-158,91,43,45,170,21,40,265,-20,108,-20,170,-123,129,-6,55,47,6,48,49,-13,101,116,-8,403,449,-489,-53,37,162,149,253,-13,175,93,-40,99,-76,76,-69,141,-3,164,7,175,54,96,61,122,38,106,4,58,34,-19,99,-35,99,-53,122,-8,95,69,61,114,27,65,27,88,53,53,8,38,34,16,252,152,91,145,46,110,11,96,-57,80,-80,15,-29,117,-101,89,-15,122,-80,72,-118,27,-69,103,-114,30,-88,88,-133,31,-107,26,-141,0,-65,14,-23,36,-7,34,34,118,168,42,103,38,49,31,126,38,19,65,0,57,-30,15,-8,34,-42,184,-106,-19,111,11,71,-12,190,-28,50,6,32,-7,32,-34,52,83,53,41,52,25,49,53,33,28,32,50,13,77,36,190,-5,130,-66,63,26,45,49,60,42,99,40,208,-39,6,6,57,51,76,100,57,282,0,251,-27,73,-11,76,15,50,83,8,-76,25,-41,14,-238,129,-279,204,-102,251,-13,163,0,333,-102,360,-68,156,-170,177,-183,170,-238,204,-263,306,-436,872,-1390,2895,43,19,-123,354,-107,353,46,630,261,446,369,400,630,415,139,153,0,231,-93,138,-92,31,-261,-61,-169,-123,-200,-123,-429,30,-1385,446,-40,13,-4,-15,-75,-209,-95,-201,-115,-190,-133,-178,-150,-165,-165,-149,-134,-99,-9,3,29,-115,33,-219,11,-222,-11,-222,-33,-219,-54,-215,-75,-209,-96,-201,-114,-190,-133,-178,-150,-165,-165,-149,-179,-132,-192,-114,-201,-95,-210,-75,-217,-54,-220,-32,-223,-11,-223,11,-220,32,-217,54,-210,75,-201,95,-192,114,-160,118,-7,17,-9,-177,-33,-219,-54,-215,-75,-209,-96,-201,-114,-190,-133,-178,-150,-165,-165,-149,-179,-132,-191,-114,-202,-95,-210,-75,-216,-54,-220,-32,-223,-11,-223,11,-220,32,-216,54,-210,75,-202,95,-191,114,-179,132,-165,149,-150,165,-133,178,-114,190,-96,201,-75,209,-54,215,-33,219,-11,222,11,222,33,219,54,215,75,209,96,201,111,186,-34,11,-138,154,-200,-31,-323,-307,-277,-277,-522,-215,-369,-184,-723,-723,-215,-261,-323,-31,-476,16,-384,0,-455,-347,16,-16,19,-9,14,-19,4,-20,-13,-21,-30,-23,-6,-35,2,-41,19,-47,1,-16,-29,-34,-9,-25,-33,-25,-9,-21,2,-29,5,-16,35,-23,51,-2,14,-6,15,-36,40,-14,13,-29,-12,-37,-28,-11,-39,-52,-2,-152,-8,-6,-73,-8,-20,-14,-6,-14,1,-26,12,-14,75,-8,8,-9,2,-21,-33,-82,-22,-26,-20,-56,-14,-9,-14,-23,-18,-2,-35,-36,12,-17,0,-27,22,-30,2,-19,12,-23,5,-42,-50,-27,-11,-19,-26,-22,-13,-1,-12,11,-11,0,0,-15,-13,-10,14,-40,-7,-12,-51,-2,-52,14,-42,32,-54,-5,-5,-11,4,-54,-31,-35,-2,-31,-12,-18,-21,-3,-17,-14,5,-17,16,-16,11,-22,8,-49,51,-42,23,-32,-14,-11,22,-38,-4,-27,-13,-18,-3,-26,14,-18,-4,-29,-21,-57,-51,-46,-17,-58,-7,-7,-56,-18,-18,-48,-28,-28,-39,-71,29,-190,0,-68,-17,-44,-17,-2,-24,-28,26,-50,44,-26,20,-21,27,-78,5,-44,54,-140,18,-74,19,-31,13,-56,13,-28,-1,-59,36,-105,59,-74,24,-15,23,9,45,-54,21,-11,23,-33,17,-1,11,-34,10,-5,17,-35,13,-9,18,-40,36,-20,7,-12,10,-49,-11,-17,-23,-17,-2,-13,10,-24,3,-49,14,-26,4,-50,20,-42,-8,-25,-27,-28,-27,-82,-15,-93,-12,-33,-30,-50,6,-56,-5,-10,-26,-17,-80,-10,-20,-20,-8,-22,-1,-38,12,-88,-7,-42,-10,-24,2,-55,-8,-62,12,-19,50,-33,10,-29,-10,-41,-24,-26,-21,-42,-26,-21,-2,-34,11,-29,41,-37,-1,-24,-44,-72,-6,-57,-14,-47,-36,-42,-36,-89,5,-16,-3,-44,-30,-66,10,-74,-20,-76,-5,-44,-24,-47,-4,-43,10,-44,-7,-25,8,-23,-35,-136,2,-27,-13,-36,-5,-65,-21,-39,-5,-35,3,-30,-47,-103,-6,-43,-8,-14,-43,-26,4,-29,41,-57,-6,-16,-26,-33,-52,-12,-17,-19,3,-27,25,-63,0,-29,-29,-49,-27,-20,-61,-2,-16,-4,-8,-8,-7,-32,33,-48,1,-9,-20,-26,-21,-100,-1,-25,-1,-25],[40131,81300,11,222,33,219,54,215,75,209,95,201,115,190,132,178,150,165,165,149,179,132,191,114,201,95,209,75,216,54,221,32,222,11,222,-11,221,-32,216,-54,209,-75,201,-95,191,-114,179,-132,165,-149,150,-165,132,-178,115,-190,95,-201,75,-209,54,-215,33,-219,11,-222,-11,-222,-33,-219,-41,-162,-3505,-1046,-809,879,-41,114,-54,215,-33,219,-11,222]],[[34571,88860,198,-71,202,-95,191,-114,161,-119,7,-14,8,175,33,219,54,215,75,209,71,150,-323,-130,-677,-425]],[[37248,70877,28,-41,36,-30,88,10,438,-15,327,27,577,3,160,8,487,0,145,42,68,42,12,57,42,118,42,15,278,149,79,23,138,-39,266,138,118,-12,114,-49,160,-4,22,66,-16,32,-42,12,-19,-1,-42,-59,-21,-5,-18,9,-8,19,19,76,44,31,34,0,29,-9,22,22,-54,69,-50,19,-31,28,6,47,50,103,10,44,0,87,12,47,16,54,34,34,-3,35,19,43,22,22,6,41,-8,40,32,59,28,25,55,24,28,41,21,87,38,54,141,65,6,125,38,65,0,54,-17,60,33,113,-22,60,-2,52,-21,42,-62,70,-31,97,61,57,-6,37,-14,32,-3,38,163,155,-10,40,3,57,35,90,36,154,-60,21,-39,44,-14,67,-36,36,0,13,-163,-192,-686,-617,-164,-1449,-2310,-497,2,-9,-15,-72,-114,-111,-289,-133,-141,-46,-111,-64,-26,-92]]]
2352947	n	3.1237,6.9369,3.5763,7.3332	[[[31237,71600,10,-222,33,-219,54,-215,75,-209,95,-201,68,-113,2279,-1052,91,13,215,54,209,75,131,62,144,137,838,795,17,29,95,201,75,209,54,215,33,219,10,222,-10,222,-33,219,-54,215,-75,209,-95,201,-114,190,-132,178,-150,165,-147,133,-3494,-761,-50,-106,-75,-209,-54,-215,-33,-219,-10,-222]]]
2350841	n	4.9649,6.5735,5.5371,7.3852	[[[49649,72732,683,-335,-10,-45,0,-38,10,-31,0,-65,19,-92,1,-148,9,-65,1,-157,-18,-120,1,-64,-46,-102,-28,-19,-110,-204,-27,-37,-111,-194,-73,-111,-18,-56,-9,-65,0,-147,29,-176,-9,-55,10,-65,28,-92,1,-64,65,-176,20,-101,0,-111,-18,-129,-81,-379,-73,-287,-14,-15,33,-49,20,-148,-9,-37,10,-120,38,-231,0,-92,38,-92,10,-65,-9,-129,10,-111,149,-174,233,-137,65,-28,0,-46,66,-184,93,-83,93,-55,47,-36,14,-21,42,21,64,19,168,-64,167,-138,1,-37,-28,-55,-36,-120,-36,-213,0,-120,-9,-65,1,-73,28,-93,94,-202,19,-28,19,-46,5,-53,41,-21,10,-27,37,-55,37,-37,11,-7,2901,1884,-244,1249,523,-8,774,-12,-14,120,0,74,-20,129,-37,92,-103,156,-19,56,-122,248,-47,65,-84,92,-37,64,-19,65,-56,128,-28,28,-29,148,27,101,0,46,-28,46,-140,83,-27,0,-28,9,-63,50,-272,86,-93,55,-232,73,-74,36,-65,18,-38,10,-194,6,121,134,120,161,162,1273,-311,433,-39,23,-10,33,-578,621,-1544,242,-1768,-902,-2,-9,-31,-209],[51453,71847,1687,-826,-299,38,-130,-1,-167,18,-74,27,-177,92,-177,174,-47,64,-27,9,-140,74,-46,36,-270,147,-121,137,-12,11]]]
2347470	r	9.2654,9.6501,10.4893,10.962	[[[92654,103642,2590,-6350,209,-111,397,-178,408,-152,418,-125,424,-98,430,-71,434,-42,436,-14,436,14,434,42,430,71,424,98,418,125,408,152,397,178,384,204,370,228,355,251,337,274,213,198,1887,6226,-58,246,-126,413,-154,404,-180,394,-205,381,-230,366,-254,351,-277,334,-298,315,-318,296,-337,274,-355,251,-370,228,-384,204,-397,178,-408,152,-418,125,-424,98,-289,48,-3820,-540,-138,-61,-384,-204,-370,-228,-355,-251,-337,-274,-318,-296,-298,-315,-277,-334,-173,-240,-287,-3235]]]
2351943	p	2332459
2334802	r	7.2533,12.6499,7.9467,13.3004	[[[72533,129900,8,-222,22,-222,37,-219,52,-217,65,-213,80,-208,94,-203,107,-196,120,-189,132,-181,144,-172,155,-163,165,-152,176,-141,184,-130,193,-117,200,-105,206,-92,213,-78,217,-65,221,-50,224,-37,225,-21,227,-8,227,8,225,21,224,37,221,50,217,65,213,78,206,92,200,105,193,117,184,130,176,141,165,152,155,163,144,172,132,181,120,189,107,196,94,203,80,208,65,213,52,217,37,219,22,222,8,222,-8,222,-22,222,-37,219,-52,217,-65,213,-80,208,-94,203,-107,196,-120,189,-132,181,-144,172,-155,163,-165,152,-176,141,-184,130,-193,117,-200,105,-121,54,-389,-236,-81,-65,-119,-78,-139,-125,-75,-58,-507,-264,-201,-120,-423,-267,-204,-114,-880,-528,-505,-166,-380,44,-261,1,-484,87,-47,-122,-65,-213,-52,-217,-37,-219,-22,-222,-8,-222]]]
2325590	r	4.2253,7.407,4.86,8.0573	[[[42253,78378,141,-69,190,-163,69,-84,42,-73,99,-137,88,-61,49,-23,54,-65,15,-72,-61,-122,15,-103,46,-169,296,263,-3,51,77,160,45,91,65,88,73,73,34,106,-19,244,15,99,90,80,-14,23,0,65,-26,141,-31,107,-42,63,-1307,-513]],[[42912,77158,258,-576,190,-319,1190,-359,706,346,649,0,1853,-2180,84,12,216,54,209,75,170,80,163,394,-141,832,-1394,2187,703,449,349,951,-41,82,-1781,1248,-681,139,76,-25,-83,-8,-15,-50,11,-76,27,-73,0,-251,-57,-282,-76,-100,-57,-51,-6,-6,-208,39,-99,-40,-60,-42,-45,-49,-63,-26,-130,66,-190,5,-77,-36,-50,-13,-28,-32,-53,-33,-25,-49,-41,-52,-83,-53,34,-52,7,-32,-6,-32,28,-50,12,-190,-11,-71,19,-111,-184,106,-34,42,-15,8,-48,-751,-788,-703,-10,-56,42,-137,72,-198,42,-46,42,-69,23,-103,62,-105,37,-89,0,-31,-15,-42,-50,-76,-34,-23,-27,38,-72,46,-50,15,-57,42,-65,70,-76,110,-73,244,-80,118,-7,29,-88,-79]]]
2338900	n	4.2339,7.2539,4.7747,7.6263	[[[42339,74928,2211,-1952,68,-199,0,-1,4,-13,111,-52,209,-75,216,-54,220,-32,222,-11,222,11,220,32,216,54,209,75,201,95,190,114,179,132,165,149,149,165,132,178,115,190,95,201,53,149,-1841,2166,-649,0,-706,-346,-1190,359,-1021,-1335]]]
2340451	r	10.8864,10.0158,11.4536,10.571	[[[108864,102900,6,-184,17,-174,3426,-2384,121,28,178,54,173,64,169,76,164,87,158,97,151,107,143,117,136,125,126,135,118,142,108,149,98,156,88,162,76,168,66,172,54,176,42,179,30,181,18,183,6,184,-6,184,-18,183,-30,181,-42,179,-54,176,-66,172,-76,168,-88,162,-98,156,-108,149,-118,142,-126,135,-136,125,-143,117,-151,107,-158,97,-164,87,-169,76,-173,64,-178,54,-181,42,-183,30,-185,18,-185,6,-185,-6,-185,-18,-183,-30,-181,-42,-178,-54,-173,-64,-169,-76,-164,-87,-158,-97,-151,-107,-143,-117,-136,-125,-126,-135,-118,-142,-108,-149,-98,-156,-88,-162,-76,-168,-66,-172,-54,-176,-42,-179,-30,-181,-18,-183,-6,-184]]]
2566636	p	2332459
2325330	r	6.7421,5.1914,7.28,5.6568	[[[67421,54800,6,-189,18,-188,31,-186,43,-184,55,-181,66,-176,78,-172,88,-167,100,-160,110,-154,119,-146,129,-137,138,-129,145,-120,153,-110,160,-100,167,-89,171,-78,176,-66,181,-55,183,-43,186,-31,188,-18,188,-7,188,7,188,18,186,31,68,16,1870,1685,-224,2057,-3427,840,-1508,-662,-1,-2,-66,-176,-55,-181,-43,-184,-31,-186,-18,-188,-6,-189]]]
2346229	r	8.0246,4.5739,8.701,5.3375	[[[80246,48000,11,-222,33,-219,53,-215,75,-209,94,-201,114,-190,132,-178,148,-165,164,-149,178,-132,190,-114,200,-95,208,-75,214,-54,219,-32,221,-11,221,11,219,32,176,45,4,10,95,161,196,118,154,140,-30,233,-90,77,-113,34,-97,56,-40,143,15,93,79,223,35,63,-124,166,-151,429,-100,88,-96,55,-114,132,-101,159,-65,138,163,109,-39,233,-158,290,-102,187,-135,173,-547,516,0,61,62,0,50,-70,99,-116,122,-107,109,-48,124,-36,72,-89,112,-216,57,-165,11,-9,240,-133,271,-204,13,-17,69,-94,-46,-135,200,-111,79,-19,-43,-98,-32,-38,260,-236,286,-15,220,176,15,75,52,266,62,0,-40,-302,-7,-49,-98,-356,18,-275,296,-110,130,22,176,88,16,66,33,219,5,116,577,-283,19,72,89,192,20,88,39,79,89,102,105,88,81,39,90,-22,68,-47,21,-47,-4,-2,9,0,171,166,-38,143,-30,138,-32,213,88,154,273,201,61,181,393,620,0,1,149,208,23,50,-18,108,-56,241,-71,236,-87,232,-102,225,-116,217,-130,210,-143,201,-156,191,-169,180,-179,169,-191,157,-200,144,-209,130,-217,117,-225,102,-230,87,-236,71,-240,56,-243,41,-245,24,-246,8,-246,-8,-245,-24,-243,-41,-240,-56,-236,-71,-80,-31,-806,-3512,-899,-1129,-15,-62,-33,-219,-11,-222]]]
2344082	p	2332459
2324623	r	8.4863,10.1203,8.9752,10.6508	[[[84863,104209,132,-113,76,-128,84,2,86,-85,12,-20,86,-77,41,-114,-19,-145,-69,-149,110,-59,41,-74,164,-89,76,118,6,19,37,48,87,-30,112,-175,73,162,87,45,88,-52,26,6,108,150,8,9,14,2,73,179,-19,47,-43,-2,-117,-38,-4,-84,-76,-12,-70,-24,-59,48,-19,4,-45,78,-12,65,-76,60,-27,90,8,126,83,70,15,50,23,22,1,64,-42,67,-92,101,-66,14,-103,-17,-10,-14,-157,-96,-191,68,-29,42,-145,36,-87,36,-180,-231]],[[86345,103977,31,-26,23,-42,102,-106,170,12,41,35,9,104,15,49,15,17,16,8,105,-7,19,13,29,51,46,-6,39,32,29,114,-31,43,-28,27,-104,27,-40,54,-61,-27,-35,15,-68,56,-22,-20,-37,-52,-4,-67,-20,-9,-87,-85,-6,-15,-85,-25,-35,-128,-26,-42]],[[86717,101246,1,-43,51,35,-7,43,104,-4,2069,846,109,115,118,143,109,150,99,157,88,163,77,168,65,173,55,177,42,180,30,182,19,184,6,185,-6,185,-19,184,-30,182,-42,180,-55,177,-65,173,-77,168,-88,163,-99,157,-109,150,-118,143,-128,135,-136,126,-144,117,-152,108,-97,60,-33,-105,-157,-321,-128,-178,-67,-95,-71,-154,-88,-222,-24,-166,21,-75,3,-72,14,-99,-2,-56,-88,-170,-51,-68,-98,-100,-124,-175,-2,-45,60,-16,24,-41,39,-27,35,-6,0,-13,23,-27,29,4,49,-14,29,-25,43,0,19,-26,50,-24,76,-24,87,-74,111,-134,36,-49,33,-78,-31,6,-96,-160,-57,-123,-11,-102,-29,-69,-18,-156,7,-68,-7,-132,-86,-94,-215,-83,-58,-38,-61,-13,-77,8,-72,-28,-38,-1,-43,-29,-56,-268,-162,-180,-264,-191,-52,-342,-82,-284,-7,-24,12,-86,-15,-130]]]
2327220	r	5.9934,7.3,6.6022,7.8161	[[[59934,75900,11,-222,10,-67,10,-16,38,-101,10,-65,28,-73,1,-64,-20,-9,10,-39,75,-209,95,-201,75,-126,-292,-143,65,-1565,4755,194,1217,1356,-1214,2380,-488,-240,-27,75,-95,201,-114,190,-133,178,-149,165,-165,149,-178,132,-191,114,-201,95,-209,75,-216,54,-220,32,-222,11,-222,-11,-220,-32,-216,-54,-209,-75,-201,-95,-191,-114,-178,-132,-165,-149,-149,-165,-133,-178,-114,-190,-95,-201,-75,-209,-54,-215,-33,-219,-11,-222]]]
2338325	n	5.6071,7.3077,5.9765,7.6875	[[[56071,74784,311,-983,1523,-724,37,5,216,54,209,75,201,95,191,114,178,132,165,149,149,165,133,178,114,190,95,201,60,168,-20,1,-100,234,-52,35,7,87,42,111,0,46,12,35,86,-24,23,12,23,17,36,76,46,69,9,0,-11,220,-32,219,-54,215,-75,209,-11,23,-206,300,-9,91,-116,155,-128,141,-2197,-331,-5,-28,-7,-136,-28,-56,-76,-87,-53,0,-62,25,-101,28,-43,-3,-121,-166,-83,-130,-55,-102,-46,-65,-64,-185,-54,-268,10,-83,-9,-102,-8,-175,-18,-166,-28,-43,-4,-18]]]
2318044	n	12.2324,8.9839,12.7075,9.5061	[[[122324,92800,11,-222,33,-219,54,-215,76,-209,42,-90,1,0,28,-186,54,-215,75,-209,96,-201,114,-190,133,-178,150,-165,166,-149,179,-132,192,-114,201,-95,211,-75,216,-54,221,-32,223,-11,223,11,221,32,216,54,211,75,201,95,192,114,179,132,166,149,150,165,133,178,114,190,96,201,75,209,54,215,33,219,11,222,-11,222,-33,219,-54,215,-75,209,-43,90,1,0,-28,186,-54,215,-76,209,-95,201,-115,190,-133,178,-150,165,-165,149,-180,132,-191,114,-202,95,-210,75,-217,54,-221,32,-223,11,-223,-11,-221,-32,-217,-54,-210,-75,-202,-95,-191,-114,-180,-132,-165,-149,-150,-165,-133,-178,-115,-190,-95,-201,-76,-209,-54,-215,-33,-219,-11,-222]]]
2319480	r	7.6132,4.6167,8.2171,5.3975	[[[76132,47435,54,-58,210,-197,223,-184,234,-168,245,-153,254,-136,263,-119,269,-102,276,-84,281,-65,3,-1,2760,3464,806,3512,161,703,-67,56,-376,72,-2085,-430,-1517,-2518,-21,8,-40,-24,-17,-17,23,-23,15,-10,-1395,-2315,-521,-864,-38,-347]]]
2352379	r	4.8445,7.37,5.4619,7.9037	[[[48445,74309,62,-174,95,-201,94,-155,14,0,74,9,130,-17,46,-19,65,-9,65,-8,102,0,242,-35,92,19,46,18,177,10,148,29,74,65,64,47,28,32,-1,88,-9,46,9,83,18,37,101,139,46,47,102,83,55,37,102,93,102,19,64,10,56,0,74,-9,177,-72,65,-19,176,-26,65,-18,186,-27,55,0,167,-27,65,10,74,0,65,-8,47,-37,83,0,167,-26,279,-8,139,38,92,9,112,-27,74,10,74,0,204,66,21,-7,212,988,86,-6,131,-34,20,1,20,130,83,108,147,157,107,132,18,66,-14,66,-45,49,-91,38,-45,13,821,1007,-672,1898,-1254,-923,-1331,-522,-2,-10,-162,-452,-30,-113,-31,-83,-26,23,-75,98,-93,51,-480,-1059,-309,-29,-1554,-1333,-155,-376]]]
2327735	n	4.0131,7.6525,4.4669,8.3561	[[[40131,81300,11,-222,33,-219,54,-215,41,-114,809,-879,3505,1046,41,162,33,219,11,222,-11,222,-33,219,-54,215,-75,209,-95,201,-115,190,-132,178,-150,165,-165,149,-179,132,-191,114,-201,95,-209,75,-216,54,-221,32,-222,11,-222,-11,-221,-32,-216,-54,-209,-75,-201,-95,-191,-114,-179,-132,-165,-149,-150,-165,-132,-178,-115,-190,-95,-201,-75,-209,-54,-215,-33,-219,-11,-222]],[[40725,78087,506,55,127,23,160,-75,735,288,1307,513,-46,70,-30,88,-103,114,-27,69,-72,118,-122,80,-89,15,-117,101,-15,29,-80,80,-96,57,-110,-11,-145,-46,-152,-91,-16,-252,-38,-34,-53,-8,-88,-53,-65,-27,-114,-27,-69,-61,8,-95,53,-122,35,-99,19,-99,-58,-34,-106,-4,-122,-38,-96,-61,-175,-54,-164,-7,-141,3,-76,69,-99,76,-93,40,13,-175,-149,-253,-37,-162]],[[43000,77237,7,-29,80,-118,73,-244,76,-110,65,-70,57,-42,50,-15,72,-46,27,-38,34,23,50,76,15,42,0,31,-37,89,-62,105,-23,103,-42,69,-42,46,-72,198,-42,137,10,56,-296,-263]]]
2330100	n	6.3221,9.3939,6.7778,9.8461	[[[63222,96200,11,-222,33,-219,54,-215,76,-209,95,-201,115,-190,133,-178,150,-165,166,-149,180,-132,191,-114,202,-95,211,-75,217,-54,221,-32,223,-11,223,11,221,32,217,54,211,75,202,95,191,114,180,132,166,149,150,165,133,178,115,190,95,201,76,209,54,215,33,219,11,222,-11,222,-33,219,-54,215,-76,209,-95,201,-115,190,-133,178,-150,165,-166,149,-180,132,-191,114,-202,95,-211,75,-217,54,-221,32,-223,11,-223,-11,-221,-32,-217,-54,-211,-75,-202,-95,-191,-114,-180,-132,-166,-149,-150,-165,-133,-178,-115,-190,-95,-201,-76,-209,-54,-215,-33,-219,-11,-222]]]
7732748	p	2332459
2347209	r	5.722,8.7936,6.298,9.3664	[[[57220,90800,6,-187,18,-187,31,-185,43,-182,54,-179,67,-176,78,-171,89,-165,99,-159,110,-152,119,-145,129,-137,138,-128,146,-119,153,-109,160,-99,166,-88,172,-78,176,-66,181,-54,183,-43,186,-30,188,-18,188,-7,188,7,188,18,186,30,183,43,181,54,176,66,172,78,166,88,160,99,153,109,146,119,138,128,129,137,119,145,110,152,99,159,89,165,78,171,67,176,54,179,43,182,31,185,18,187,6,187,-6,187,-18,187,-31,185,-43,182,-54,179,-67,176,-78,171,-89,165,-99,159,-110,152,-119,145,-129,137,-138,128,-146,119,-153,109,-160,99,-166,88,-172,78,-176,66,-181,54,-183,43,-186,30,-188,18,-188,7,-188,-7,-188,-18,-186,-30,-183,-43,-181,-54,-176,-66,-172,-78,-166,-88,-160,-99,-153,-109,-146,-119,-138,-128,-129,-137,-119,-145,-110,-152,-99,-159,-89,-165,-78,-171,-67,-176,-54,-179,-43,-182,-31,-185,-18,-187,-6,-187]]]
2331140	r	8.1335,7.3444,8.9065,8.11	[[[81335,77300,8,-252,25,-251,41,-249,58,-246,73,-241,89,-237,104,-229,120,-223,133,-214,148,-205,160,-195,173,-185,185,-172,195,-160,206,-147,214,-133,223,-119,231,-105,237,-88,242,-74,246,-57,249,-41,252,-25,253,-8,253,8,252,25,249,41,140,33,-4,44,3,147,14,112,-7,98,35,56,-34,288,168,398,118,207,104,165,124,236,118,133,519,411,197,179,86,90,55,-25,68,-68,25,-79,11,-240,14,-71,-11,-119,36,-96,6,-8,1304,1498,14,141,8,252,-8,252,-25,251,-41,249,-58,246,-73,241,-89,237,-104,229,-120,223,-133,214,-148,205,-160,195,-173,185,-185,172,-195,160,-206,147,-214,133,-223,119,-231,105,-237,88,-242,74,-246,57,-110,18,-1288,0,-110,-18,-246,-57,-242,-74,-237,-88,-231,-105,-223,-119,-214,-133,-206,-147,-195,-160,-185,-172,-173,-185,-160,-195,-148,-205,-133,-214,-120,-223,-104,-229,-89,-237,-73,-241,-58,-246,-41,-249,-25,-251,-8,-252]]]
2326171	r	4.3761,5.8874,6.0042,7.7502	[[[43761,66632,1,-148,9,-33,29,-59,28,-46,46,-46,28,-18,130,-36,75,-37,74,-45,84,-37,278,-54,38,-46,18,-46,29,-110,24,-50,-5,-52,28,-101,76,-222,37,-92,75,-147,47,-120,56,-36,28,18,45,213,27,65,55,194,64,102,37,74,9,37,33,55,22,56,37,37,27,65,28,46,57,74,449,-735,-2,-28,94,-139,66,-147,19,-46,-9,-70,-19,-13,-390,81,19,-93,1,-129,-63,-259,-37,-83,-138,-204,-73,-139,-37,-18,-37,-1,-47,9,-31,38,-32,-5,-39,31,-56,19,-37,-1,-74,-28,-65,-9,-99,-27,-12,-39,-27,-27,-28,-93,16,-49,54,-14,70,8,120,56,55,19,102,19,167,-45,84,-36,65,-19,91,-14,53,-31,64,0,86,-16,101,-51,41,-41,67,-35,16,-19,0,-1,1,-1,-9,-46,1,-139,-27,-148,-73,-139,-55,-74,-36,-32,-218,-321,1281,-1047,115,-81,342,-267,321,-270,246,-227,233,-218,598,-612,684,-754,84,-86,88,-78,209,-249,396,612,253,565,113,226,229,503,120,233,132,236,179,251,73,127,-8,20,4,12,38,16,10,11,-6,12,-35,10,-9,10,5,17,40,-4,9,10,-8,21,-50,42,3,8,22,-6,15,4,0,23,12,19,-6,6,-23,2,-10,20,-13,9,-40,0,8,66,-60,35,-14,15,16,42,-3,15,-53,3,-26,-17,-9,-19,3,-57,-12,-22,-14,-8,-20,6,-66,67,-13,6,-12,-2,-8,-9,-8,-32,-8,-9,-14,-3,-61,16,-41,86,-1,23,11,33,-7,19,-22,23,-18,9,-44,-31,-15,-2,-13,9,5,29,31,29,3,16,-9,19,-49,54,-4,20,7,51,-15,38,-45,25,-22,30,-31,13,-29,1,-40,-11,-33,8,-11,16,2,54,-9,35,-78,113,-37,32,-67,12,-50,24,-46,36,-50,63,-20,45,-7,44,18,80,54,82,22,22,85,54,26,25,23,39,-5,37,-45,50,-21,37,12,208,13,15,12,3,84,-6,47,25,25,42,17,117,8,15,13,8,23,-2,59,-53,45,-26,57,-11,47,7,35,20,66,96,93,47,64,43,43,50,37,77,23,26,7,23,-21,45,-34,31,-14,4,-2,10,17,43,-11,35,37,17,10,28,-14,18,-34,10,-10,11,4,47,78,51,29,36,40,71,68,55,25,28,25,13,44,38,24,40,32,18,5,17,44,53,7,30,18,1,29,42,12,6,23,35,14,10,-5,40,-9,15,-19,2,-8,16,1,59,30,39,12,31,7,99,-4,26,7,41,17,23,36,29,3,31,13,29,-2,26,-12,9,-1,16,31,32,5,22,-13,30,-14,13,11,52,-57,58,-74,18,-66,46,-37,37,-37,55,-10,27,-41,21,-5,53,-19,46,-19,28,-94,202,-28,93,-1,73,9,65,0,120,36,213,36,120,28,55,-1,37,-167,138,-168,64,-64,-19,-42,-21,-14,21,-47,36,-93,55,-93,83,-66,184,0,46,-65,28,-233,137,-149,174,-10,111,9,129,-10,65,-38,92,0,92,-38,231,-10,120,9,37,-20,148,-33,49,14,15,73,287,81,379,18,129,0,111,-20,101,-65,176,-1,64,-28,92,-10,65,9,55,-29,176,0,147,9,65,18,56,73,111,111,194,27,37,110,204,28,19,46,102,-1,64,18,120,-1,157,-9,65,-1,148,-19,92,0,65,-10,31,0,38,10,45,-683,335,31,209,2,9,1768,902,1544,-242,578,-621,-18,59,-10,56,0,110,8,130,-10,101,-76,369,-66,157,-112,202,-38,129,-28,56,-19,55,-34,11,-21,7,-204,-66,-74,0,-74,-10,-112,27,-92,-9,-139,-38,-279,8,-167,26,-83,0,-47,37,-65,8,-74,0,-65,-10,-167,27,-55,0,-186,27,-65,18,-176,26,-65,19,-177,72,-74,9,-56,0,-64,-10,-102,-19,-102,-93,-55,-37,-102,-83,-46,-47,-101,-139,-18,-37,-9,-83,9,-46,1,-88,-28,-32,-64,-47,-74,-65,-148,-29,-177,-10,-46,-18,-92,-19,-242,35,-102,0,-65,8,-65,9,-46,19,-130,17,-74,-9,-102,-1,-195,-29,-268,-29,-84,-19,-101,-56,-176,-75,-65,-55,-27,-37,-9,-37,0,-74,-2,-21,-2646,-1796,-833,-1605,311,-2107,-63,-57,-55,-37,-139,-66,-74,-74,-27,-65,-18,-92,-28,-47,-73,-102,-139,-139,-9,-28,2,-286,9,-55,-9,-46,-18,-47,-28,-18,-46,-19,-37,-28]],[[44323,63422,184,-66,365,-164,172,-90,151,308,-62,63,-159,119,-65,-10,-46,-19,-492,-117,-48,-24]],[[51453,71847,12,-11,121,-137,270,-147,46,-36,140,-74,27,-9,47,-64,177,-174,177,-92,74,-27,167,-18,130,1,299,-38,-1687,826]],[[53529,70932,194,-6,38,-10,65,-18,74,-36,232,-73,93,-55,272,-86,25,42,28,28,212,112,37,28,74,74,37,74,-10,55,-37,37,-93,46,-102,27,-93,18,-241,-29,-56,46,-10,83,9,55,-47,166,-38,166,-1,120,9,83,45,204,-84,138,28,46,-1,231,-94,119,-149,129,-19,27,-18,46,-26,13,-253,97,-8,4,311,-433,-162,-1273,-120,-161,-121,-134]],[[55044,73162,76,-13,75,1,46,-9,250,1,177,-17,111,-18,287,1,232,-17,102,1,84,-9,74,-18,93,-27,46,-37,1,-28,56,-184,56,-74,38,-92,122,-248,56,-55,84,-65,46,-45,19,-120,94,-148,74,-55,65,1,65,-18,103,-46,37,-37,0,-83,-27,-37,-37,-28,-167,-84,-36,-37,-56,-37,-194,-103,-46,0,-111,-75,-46,-55,-18,-65,28,-46,74,-83,28,-83,-8,-83,-65,-56,-74,-18,-74,-10,-176,-10,-93,-38,-73,-102,-28,-83,-8,-111,-27,-138,0,-93,-9,-83,-37,-46,-46,-37,-64,-38,-111,-37,-195,-38,-46,-38,-28,-46,-45,-120,-9,-46,0,-74,-9,-28,1,-240,-17,-259,1,-92,-55,-130,-28,-37,-27,-80,47,-67,19,-148,-9,-92,-46,-56,-28,-19,-102,-19,-46,-28,-55,-83,1,-120,22,-85,16,-15,37,-84,47,-74,56,-147,5,-52,13,-47,-17,-104,10,-111,-8,-111,28,-92,65,-83,28,-55,28,-28,56,1,74,102,156,148,148,130,93,38,111,10,93,-74,46,-46,56,-36,75,-37,352,85,119,213,120,121,166,84,148,65,93,75,36,46,73,213,-9,55,-38,83,-18,28,-19,55,18,74,27,65,46,46,37,74,46,56,8,231,18,65,83,139,18,64,-19,111,-28,111,-19,46,-10,74,-37,55,-29,73,28,121,8,120,53,162,6,35,72,36,22,80,31,42,-4,42,-27,17,-3,22,25,4,47,-17,12,14,-6,34,18,19,8,23,2,35,15,23,-8,45,35,107,91,14,33,59,70,18,147,61,44,32,6,15,-5,18,-47,41,-22,56,-28,17,-21,-2,-13,25,4,35,29,46,86,25,87,47,30,29,-21,31,6,40,22,18,35,58,-24,35,27,35,38,111,24,27,31,81,83,46,39,1,5,33,20,17,6,21,-79,42,-54,18,-11,29,11,22,18,7,17,35,45,35,20,-2,2,41,54,38,42,-9,43,39,-4,28,-43,70,-45,27,3,39,19,29,7,52,-44,35,12,47,2,93,-6,35,-22,47,6,47,64,51,18,24,6,52,18,41,52,58,18,40,29,41,46,40,24,35,6,29,-6,29,-11,24,-17,17,-45,94,-5,29,24,52,-11,100,18,34,81,23,57,5,173,46,46,5,27,-7,209,34,23,12,58,63,6,59,-5,23,-86,47,-33,71,1,70,47,92,-11,24,-29,18,-16,52,6,29,-46,47,-11,24,-5,41,29,46,42,128,58,63,58,29,1,64,-6,24,-22,58,-132,42,-60,0,-60,-168,-95,-201,-114,-190,-133,-178,-149,-165,-165,-149,-178,-132,-191,-114,-201,-95,-209,-75,-216,-54,-37,-5,-1523,724,-312,984,-76,-283,-111,-185,-55,-46,-74,-93,-36,-65,-101,-148,-46,-93,-46,-74,-65,-56,-92,-167,-37,-37,-27,-64,-92,-149,-168,-163]],[[56926,76544,2197,331,128,-141,116,-155,-10,93,-38,129,-29,157,-56,120,-19,83,45,157,19,19,18,37,9,37,0,37,-19,18,-93,36,-157,-28,-139,-38,-250,-94,-74,-37,-74,-19,-74,0,-149,54,-55,-9,-28,-19,-30,-34,-154,55,-208,125,-72,15,-54,-101,-115,-87,-278,-181,-118,-94,-171,-181,-45,-111,-6,-73,-17,-101]],[[59582,76188,11,-23,75,-209,54,-215,32,-219,11,-220,106,-7,74,-24,75,11,2,1,20,9,-1,64,-28,73,-10,65,-38,101,-149,230,-57,120,-37,37,-28,46,-9,27,-75,92,-28,41]]]
2320576	n	7.2744,5.3038,7.7866,5.8439	[[[72744,55300,11,-222,32,-219,54,-215,74,-209,95,-201,114,-190,132,-178,149,-165,164,-149,177,-132,125,-74,986,-300,143,-7,198,10,893,525,1775,367,-4,11,-1083,3186,55,85,93,127,79,65,45,69,42,90,3,107,38,117,15,234,-3,72,-15,76,-291,43,-664,50,-128,33,-76,33,-262,72,-43,28,-148,-4,-28,-130,-30,-88,-5,-93,30,-108,5,-74,24,-49,69,-54,59,-88,10,-35,-433,-440,-2313,-1135,-66,-185,-54,-215,-32,-219,-11,-222]]]
2337181	r	3.247,7.6521,3.7535,8.0478	[[[37269,80390,-54,-22,-40,-7,-105,-33,-277,0,-217,-26,-132,6,-389,40,-283,20,-198,-7,-283,7,-244,26,-224,59,-139,-1,-113,26,-18,-31,-20,-106,66,-184,-66,-297,-59,-191,13,-105,7,-218,-60,-151,-118,-171,-205,-152,-112,-59,-105,-145,-59,-198,-92,-241,-91,-42,-347,-99,-612,-25,-223,33,9,-74,74,-91,33,-107,157,-182,41,-99,50,-314,0,-182,49,-91,133,-165,148,-74,149,-58,107,-75,57,-63,191,88,165,91,248,99,91,75,42,231,33,83,57,49,595,50,331,49,99,42,91,24,74,116,8,99,0,132,-8,42,50,24,58,-8,314,-115,446,-182,575,-198,61,47,27,75,88,34,163,0,89,34,75,0,81,75,14,68,-89,183,-108,285,-14,136,0,163,-56,-14,-47,13,-26,66,59,52,14,73,-7,118,-13,80,-46,32,-14,47,-13,98,7,40,39,26,27,27,-46,6,-60,27,0,59,40,26,6,40,-26,6,0,165,26,26,33,20,-6,40,-40,20,-26,92,13,33,53,19,79,0,46,7,59,40,13,72,-6,152,-20,85,20,132,-73,99,-64,154]]]
2318123	r	5.6063,4.279,6.6753,5.3892	[[[56063,48761,33,-333,71,-431,99,-426,126,-419,154,-409,180,-398,205,-386,230,-371,254,-355,277,-338,167,-179,39,-19,42,-68,50,-54,318,-298,141,-116,5,0,-9,111,30,72,72,31,112,-9,-103,-250,36,-73,53,-44,354,-254,370,-231,276,-148,83,82,-31,167,-151,342,154,-93,51,-44,75,341,60,0,-11,-172,11,-169,16,-34,131,-194,-18,-29,-60,-16,14,-337,159,-73,142,-6,152,-65,83,-72,54,-21,59,-18,27,213,-44,156,-82,118,-53,110,42,132,-42,86,-44,142,-19,147,30,102,121,38,120,-49,104,-27,109,-12,-36,-270,-1,-157,47,16,111,26,45,20,-27,-137,-135,-238,-41,-166,-7,-182,34,-141,8,-8,91,-28,230,-54,25,18,34,48,251,-68,371,20,284,96,56,94,-135,39,-64,0,-80,-39,-1,142,60,59,83,26,62,46,71,146,66,196,13,265,-69,166,-109,155,-107,233,182,-40,113,-89,84,-109,98,-97,-77,180,-47,249,-18,254,11,198,62,0,160,-485,45,-538,342,409,80,33,62,-3,81,-19,130,-11,-654,-736,-203,-425,237,-279,198,74,155,4,3501,8115,194,589,-1612,2184,-6934,-3278,-2144,-1853]]]
2341374	r	8.4149,6.6897,9.6283,7.9386	[[[84149,71288,2619,-3499,76,-47,364,-195,377,-170,386,-145,395,-120,403,-94,407,-67,411,-40,413,-14,413,14,411,40,407,67,403,94,395,120,386,145,377,170,364,195,351,217,335,241,320,261,301,282,282,301,262,319,241,335,218,351,195,363,170,376,146,386,120,395,94,401,67,407,25,259,-3990,5549,-41,-4,-350,-77,-600,-224,-99,53,-46,151,86,185,158,218,99,112,125,92,79,132,18,43,60,19,5,4,-314,437,-242,56,-28,4,-2160,-2479,-1304,-1498,-6,8,-36,96,11,119,-14,71,-11,240,-25,79,-68,68,-55,25,-86,-90,-197,-179,-519,-411,-118,-133,-124,-236,-104,-165,-118,-207,-168,-398,34,-288,-35,-56,7,-98,-14,-112,-3,-147,4,-44,2,-27,-1947,-2236]]]
2338400	r	3.7677,6.6791,4.2263,7.168	[[[37677,66825,477,-4,580,-9,478,117,-40,-84,-4,-38,560,-10,774,3,284,-9,-18,61,-4,39,-23,38,-87,30,-39,4,-26,23,30,114,-26,84,-46,64,-17,5,1577,386,-645,337,138,125,149,165,132,178,114,190,95,201,75,209,54,215,33,219,10,222,-10,222,-33,219,-54,215,-75,209,-95,201,-114,190,-132,178,-112,124,-908,422,-3,-5,-6,-47,31,-28,50,-19,54,-69,-22,-22,-29,9,-34,0,-44,-31,-19,-76,8,-19,18,-9,21,5,42,59,19,1,42,-12,16,-32,-22,-66,-160,4,-114,49,-118,12,-266,-138,-138,39,-79,-23,-278,-149,-42,-15,-42,-118,-12,-57,-68,-42,-145,-42,-487,0,-160,-8,-577,-3,-130,-11,-30,-51,-95,-201,-75,-209,-10,-40,187,-536,-335,-2955]]]
2566633	p	2332459
2337704	p	2325590
2338313	p	2332459
2566696	p	2332459
2566676	p	2332459
2323675	r	5.2657,5.6374,6.0755,6.14	[[[52657,59030,38,34,209,37,-230,-382,-15,-6,3,-85,26,-270,44,-268,62,-265,79,-260,95,-254,112,-248,99,-185,135,368,62,0,16,-187,-23,-148,-77,-223,60,-95,156,-219,730,136,47,48,189,4,14,-6,4550,844,1717,1348,-1909,2652,-5746,-626,-20,-37,-112,-248,-95,-254,-79,-260,-62,-265,-44,-268,-26,-270,-5,-142]]]
2343983	n	4.7065,7.4685,5.0154,7.916	[[[47065,77704,1394,-2187,141,-832,1554,1333,-588,1382,384,410,0,137,-96,150,-64,132,-41,222,-11,192,-80,120,-94,76,-150,137,6,23,77,35,176,126,-1556,-56,-349,-951,-703,-449]]]
2325314	r	5.3882,6.7619,5.9447,7.3162	[[[53882,72832,26,-13,18,-46,19,-27,149,-129,94,-119,1,-231,-28,-46,84,-138,-45,-204,-9,-83,1,-120,38,-166,47,-166,-9,-55,10,-83,56,-46,241,29,93,-18,102,-27,93,-46,37,-37,10,-55,-37,-74,-74,-74,-37,-28,-212,-112,-28,-28,-25,-42,63,-50,28,-9,27,0,140,-83,28,-46,0,-46,-27,-101,29,-148,28,-28,56,-128,19,-65,37,-64,84,-92,47,-65,122,-248,19,-56,103,-156,37,-92,20,-129,0,-74,14,-120,-774,12,-523,8,244,-1249,1300,59,-4,45,-56,147,-47,74,-37,84,-16,15,-22,85,-1,120,55,83,46,28,102,19,28,19,46,56,9,92,-19,148,-47,67,27,80,28,37,55,130,-1,92,17,259,-1,240,9,28,0,74,9,46,45,120,28,46,46,38,195,38,111,37,64,38,46,37,37,46,9,83,0,93,27,138,8,111,28,83,73,102,93,38,176,10,74,10,74,18,65,56,8,83,-28,83,-74,83,-28,46,18,65,46,55,111,75,46,0,194,103,56,37,36,37,167,84,37,28,27,37,0,83,-37,37,-103,46,-65,18,-65,-1,-74,55,-94,148,-19,120,-46,45,-84,65,-56,55,-122,248,-38,92,-56,74,-56,184,-1,28,-46,37,-93,27,-74,18,-84,9,-102,-1,-232,17,-287,-1,-111,18,-177,17,-250,-1,-46,9,-75,-1,-76,13,-81,-32,-148,-84,-83,-28,-149,-1,-43,-11,0,2,-86,-19,-185,-57,-139,-28,-84,-1,-65,-19,-99,-52]],[[57856,69683,29,-73,37,-55,10,-74,19,-46,28,-111,19,-111,-18,-64,-83,-139,-18,-65,-5,-155,1132,1328,441,2226,-483,229,-5,-39,22,-47,6,-35,-2,-93,-12,-47,44,-35,-7,-52,-19,-29,-3,-39,45,-27,43,-70,4,-28,-43,-39,-42,9,-54,-38,-2,-41,-20,2,-45,-35,-17,-35,-18,-7,-11,-22,11,-29,54,-18,79,-42,-6,-21,-20,-17,-5,-33,-39,-1,-83,-46,-31,-81,-24,-27,-38,-111,-27,-35,24,-35,-35,-58,-22,-18,-6,-40,21,-31,-30,-29,-87,-47,-86,-25,-29,-46,-4,-35,13,-25,21,2,28,-17,22,-56,47,-41,5,-18,-6,-15,-44,-32,-147,-61,-70,-18,-33,-59,-91,-14,-35,-107,8,-45,-15,-23,-2,-35,-8,-23,-18,-19,6,-34,-12,-14,-47,17,-25,-4,3,-22,27,-17,4,-42,-31,-42,-22,-80,-72,-36,-6,-35,-53,-162,-8,-120,-28,-121]]]
2338106	r	7.5079,4.8646,7.9643,5.3941	[[[75079,52979,870,-4142,131,-49,199,-61,202,-47,205,-34,5,0,1395,2315,-15,10,-23,23,17,17,40,24,21,-8,1517,2518,-1777,396,-1775,-367,-1012,-595]]]
2325457	p	2332459
2336905	r	4.0529,7.485,4.336,7.8165	[[[40529,76750,158,-91,116,-210,88,-143,43,-91,168,-92,115,-21,81,-56,44,-86,97,-84,-17,-30,3,2,-12,-24,-18,-21,26,-67,61,-41,56,-8,-14,-32,-6,-73,-15,-47,17,-99,57,-102,68,-190,9,-65,-28,-24,226,-205,238,0,249,78,1021,1335,-190,319,-258,576,-1394,932,-160,75,-127,-23,-17,-2,-403,-449,-38,-121,-65,28,-48,-49,-47,-6,6,-55,123,-129,20,-170,20,-108,-40,-265,-170,-21,-43,-45],[41646,76011,466,232,-45,-22,-421,-210]]]
2336056	p	2318044
2349019	p	2326016
2350434	p	2332459
2339937	r	5.8042,11.3476,7.3035,12.4774	[[[58043,121700,18,-551,55,-548,91,-544,128,-537,162,-527,197,-516,231,-502,264,-486,296,-468,326,-448,355,-426,383,-402,409,-377,433,-349,455,-321,475,-291,494,-260,510,-227,524,-195,536,-159,392,-90,3829,3754,2463,2416,2,1,443,434,761,1886,760,1883,-823,924,-5044,-824,24,-9,106,19,130,1,135,-47,157,-45,-46,-139,61,-13,47,-31,27,-39,44,-47,56,-2,101,-50,51,-11,55,-43,41,-18,4,-40,-13,-29,10,-35,35,-10,25,-18,24,-10,43,24,43,-7,48,-571,-48,-8,-111,14,-181,5,-33,51,-19,-1,-28,17,-121,6,-29,88,-39,18,-232,-9,12,39,-22,137,-262,14,-34,7,-79,-9,-33,-26,-166,4,-51,7,-130,-10,-16,54,-9,99,38,78,7,38,-8,32,-14,13,-51,5,-49,-7,-48,-9,-87,-50,-28,18,-50,-9,-11,-15,-19,-10,-6,7,-29,-2,-6,105,2,68,-7,44,-18,43,-60,105,-30,72,-5893,-963,-2295,-375,-22,-214,-18,-551]]]
2329821	n	13.0418,10.0474,13.4773,10.4961	[[[130418,102700,11,-222,33,-219,54,-215,75,-209,96,-201,115,-190,134,-178,150,-165,166,-149,180,-132,192,-114,203,-95,210,-75,218,-54,58,-8,167,320,333,127,258,28,527,56,186,81,143,84,93,54,212,161,117,149,159,338,22,133,-16,116,-69,204,3,130,42,115,182,506,101,563,-60,127,-115,190,-134,178,-150,165,-166,149,-180,132,-192,114,-203,95,-210,75,-218,54,-221,32,-224,11,-224,-11,-221,-32,-218,-54,-210,-75,-203,-95,-192,-114,-180,-132,-166,-149,-150,-165,-134,-178,-115,-190,-96,-201,-75,-209,-54,-215,-33,-219,-11,-222]]]
2338273	p	2339354
2323411	r	3.4141,6.6672,3.8012,7.1674	[[[34141,69235,70,-1048,259,-668,-4,-15,-11,-72,-10,-174,-49,-209,6,-46,-18,-64,-4,-72,8,-131,34,-35,0,-29,14,1,11,24,30,23,11,32,24,-28,34,-9,37,-21,32,-4,7,20,14,11,-5,12,11,27,-26,27,-6,21,1,47,2388,-17,80,-8,598,-5,335,2955,-359,1027,-253,9,-88,-10,-36,30,-28,41,26,92,111,64,141,46,28,13,-75,212,-768,370,-2570,-2439]]]
2320831	n	7.724,5.5839,8.3057,6.1161	[[[77240,59821,2384,-2104,78,-918,658,-917,219,-32,221,-11,221,11,219,32,215,54,209,75,200,95,190,114,178,132,164,149,149,165,132,178,114,190,95,201,74,209,54,215,33,219,10,222,-10,222,-33,219,-54,215,-74,209,-95,201,-114,190,-132,178,-149,165,-164,149,-178,132,-190,114,-200,95,-209,75,-215,54,-186,27,-7,-13,-2,2,-149,165,-164,149,-178,132,-190,114,-200,95,-209,75,-215,54,-219,32,-221,11,-221,-11,-219,-32,-215,-54,-209,-75,-200,-95,-190,-114,-178,-132,-164,-149,-149,-165,-132,-178,-114,-190,-69,-145]]]
12129605	n	9.4312,11.3339,9.8892,11.7861	[[[94312,115520,7,-142,33,-219,54,-215,76,-209,96,-201,116,-190,134,-178,151,-165,167,-149,180,-132,193,-114,204,-95,212,-75,218,-54,222,-32,225,-11,225,11,222,32,218,54,212,75,204,95,193,114,180,132,167,149,151,165,134,178,116,190,96,201,76,209,54,215,33,219,11,222,-11,222,-33,219,-54,215,-76,209,-96,201,-116,190,-134,178,-151,165,-167,149,-180,132,-193,114,-204,95,-212,75,-218,54,-222,32,-225,11,-225,-11,-222,-32,-218,-54,-212,-75,-41,-19,-952,-1493,80,-41,-166,-200,-90,-36,-242,-380]]]
2329660	p	2332459
2328765	p	2326016
2322733	p	2332459
2337207	n	5.3169,7.2832,5.6129,7.6852	[[[53169,74424,34,-11,19,-55,28,-56,38,-129,112,-202,66,-157,76,-369,10,-101,-8,-130,0,-110,10,-56,18,-59,37,-40,12,-15,8,-5,253,-97,99,52,65,19,84,1,139,28,185,57,86,19,0,-2,43,11,149,1,83,28,148,84,81,32,168,163,92,149,27,64,37,37,92,167,65,56,46,74,46,93,101,148,36,65,74,93,55,46,111,185,76,283,5,17,28,43,18,166,8,175,-118,67,-115,94,-6,9,-312,984,-176,124,-172,148,-163,77,-210,75,-215,54,-220,32,-36,2,-588,-720,45,-13,91,-38,45,-49,14,-66,-18,-66,-107,-132,-147,-157,-83,-108,-20,-130,-20,-1,-131,34,-86,6,-212,-988]]]
2337765	n	4.6295,7.9104,5.1259,8.2444	[[[46295,80434,1781,-1248,41,-82,1728,169,60,39,107,149,69,49,84,42,148,217,19,54,34,-29,98,-60,13,-12,782,653,-2,47,-33,219,-54,215,-75,209,-95,201,-114,190,-133,178,-149,165,-165,149,-179,132,-191,114,-201,95,-210,75,-216,54,-168,25,-634,-859,-2345,-1150]]]
2323390	n	3.1628,8.4439,3.617,8.886	[[[31628,86700,11,-222,33,-219,54,-215,75,-209,96,-201,114,-190,133,-178,150,-165,165,-149,179,-132,191,-114,202,-95,210,-75,216,-54,220,-32,223,-11,223,11,220,32,216,54,210,75,202,95,191,114,179,132,165,149,150,165,133,178,114,190,96,201,75,209,54,215,33,219,9,177,-847,1806,-161,119,-191,114,-202,95,-198,71,-691,-435,-492,-169,-569,-216,-445,-215,-366,127,-111,-186,-96,-201,-75,-209,-54,-215,-33,-219,-11,-222]]]
2325592	p	2332459
2348773	p	2326016
2338385	r	4.9414,7.6018,5.4009,8.1583	[[[49414,78976,150,-137,94,-76,80,-120,11,-192,41,-222,64,-132,96,-150,0,-137,-384,-410,588,-1382,309,29,480,1059,93,-51,75,-98,26,-23,31,83,30,113,162,452,2,10,1331,522,1254,923,62,1300,-30,48,-150,210,-164,199,-176,187,-189,176,-199,164,-210,150,-182,112,-2232,-1861,-13,12,-98,60,-34,29,-19,-54,-148,-217,-84,-42,-69,-49,-107,-149,-232,-152,-176,-126,-77,-35,-6,-23]]]
2337490	p	2325590
2322794	r	6.8262,8.9785,7.4249,9.5317	[[[68262,91800,7,-230,23,-229,38,-227,52,-224,67,-220,82,-216,96,-209,109,-203,122,-196,44,-61,4221,690,1126,2944,-352,-60,-361,19,-196,30,-442,-79,-161,-36,-409,-109,-49,74,-55,65,-10,430,-163,688,-84,315,-2,229,94,321,-28,3,-231,8,-231,-8,-231,-22,-228,-38,-226,-52,-221,-67,-217,-81,-211,-95,-204,-108,-197,-122,-188,-134,-179,-146,-169,-157,-158,-168,-147,-178,-135,-187,-122,-196,-109,-203,-96,-209,-82,-216,-67,-220,-52,-224,-38,-227,-23,-229,-7,-230]]]
2344053	p	2325590
2334327	n	3.6949,8.8953,4.068,9.1883	[[[36949,90005,2860,-1052,134,99,165,149,150,165,133,178,115,190,95,201,75,209,4,15,-559,187,-216,138,-184,292,-277,707,-230,246,-584,154,-369,-61,-308,-169,-246,-185,-169,-261,-15,-338,-92,-400,-231,-338,-251,-126]]]
2323090	p	2332459
2337313	p	2332459
2341355	p	2338900
2343784	p	2327735
2342490	r	6.8155,11.1288,7.6497,11.9875	[[[68155,115200,10,-319,32,-318,53,-315,73,-311,94,-305,112,-295,23,31,88,32,107,245,139,162,72,-12,24,23,129,12,82,1,47,-23,106,-68,58,-11,94,-80,94,-46,24,-23,70,-11,71,1,59,23,70,12,70,1,106,12,74,-126,-2,-32,-35,14,-34,-131,96,-75,23,-94,-2,-64,-37,-33,-58,-139,-117,-127,-82,-58,-24,-23,-81,-93,-94,-139,-12,-46,80,-62,234,-122,264,-172,48,-26,59,-23,72,5,35,-4,115,-45,63,-36,65,-45,139,-136,107,-91,135,-70,90,-70,51,-105,59,-68,150,-81,78,-13,95,21,114,40,89,55,40,16,144,97,7,17,-9,198,64,124,132,86,-12,57,-23,2,-48,23,-27,55,-21,76,-39,67,-21,63,-16,149,-37,88,-4,54,151,35,51,89,70,61,53,25,75,-25,36,-3,111,-29,31,0,43,23,35,33,22,-10,30,6,45,-27,31,-10,77,13,30,-2,56,88,43,-71,37,-36,42,-22,16,-5,32,-15,136,-43,210,-27,92,3,74,16,12,62,56,198,-3,210,23,81,0,34,35,104,35,46,70,116,82,162,12,46,23,46,56,32,76,-27,221,-13,268,44,133,-7,48,-17,105,-184,65,-54,69,-6,47,20,45,29,147,51,16,-81,-2,-131,82,-12,62,-35,1136,1114,-4801,5404,-186,-55,-303,-113,-138,-61,-2463,-2416,-75,-163,-114,-299,-94,-305,-73,-311,-53,-315,-32,-318,-10,-319]]]
2338711	n	3.533,8.6138,3.9873,9.0005	[[[35330,88447,840,-1792,7,-17,160,-118,192,-114,201,-95,210,-75,217,-54,220,-32,223,-11,223,11,220,32,217,54,210,75,201,95,192,114,179,132,165,149,150,165,133,178,114,190,96,201,75,209,54,215,33,219,11,222,-11,222,-33,219,-29,115,-2851,1049,-394,-197,-517,-207,-467,-186,-71,-150,-75,-209,-54,-215,-33,-219,-8,-175]]]
2346615	p	2324774
2338269	p	2325590
2353099	n	7.9447,6.1039,8.336,6.4415	[[[79447,61761,55,-60,165,-149,178,-132,190,-114,200,-95,209,-75,215,-54,220,-32,221,-11,221,11,220,32,215,54,209,75,200,95,190,114,178,132,165,149,149,165,132,178,114,190,95,201,74,209,54,215,33,219,11,222,-11,222,-33,219,-54,215,-74,209,-95,201,-30,49,-2090,-559,-1526,-2095]]]
2326899	p	2324774
2350249	n	7.6176,5.6799,7.9702,5.983	[[[76176,58273,664,-50,291,-43,15,-76,3,-72,-15,-234,-38,-117,-3,-107,-42,-90,-45,-69,-79,-65,-46,-63,2821,-488,-78,918,-2395,2113,-83,-50,-56,-42,22,-28,36,-250,-100,-168,-129,-46,-129,41,-146,14,-10,4,-111,-149,-114,-190,-94,-201,-75,-209,-54,-215,-10,-68]]]
2332515	r	7.8787,8.11,9.4586,9.1194	[[[78787,81100,12362,0,3436,6847,-35,113,-228,603,-266,586,-305,567,-341,546,-119,166,-2645,666,-4941,-563,-37,-23,-28,-86,-15,-98,-28,-73,-2,-61,-54,-86,-65,-62,-65,-37,-78,-61,-193,-37,-51,-1,-46,8,-57,99,-44,123,-35,141,-103,129,-798,-165,-5219,-9241]]]
2341656	n	10.8096,12.6439,11.2704,13.0961	[[[108096,128700,11,-222,34,-219,55,-215,76,-209,96,-201,117,-190,134,-178,152,-165,168,-149,181,-132,194,-114,204,-95,213,-75,220,-54,223,-32,226,-11,226,11,223,32,220,54,213,75,204,95,194,114,181,132,168,149,152,165,134,178,117,190,96,201,76,209,55,215,34,219,11,222,-11,222,-34,219,-55,215,-76,209,-96,201,-117,190,-134,178,-152,165,-168,149,-181,132,-194,114,-204,95,-213,75,-220,54,-223,32,-226,11,-226,-11,-223,-32,-220,-54,-213,-75,-204,-95,-194,-114,-181,-132,-168,-149,-152,-165,-134,-178,-117,-190,-96,-201,-76,-209,-55,-215,-34,-219,-11,-222]]]
2330028	n	4.2089,7.1575,4.4618,7.4928	[[[42090,74850,214,-1473,689,-1802,49,7,215,54,210,75,200,95,191,114,179,132,164,149,150,165,132,178,114,190,21,43,-68,199,-2211,1952,-249,-78]]]
2347954	r	13.0197,10.8311,14.6179,12.1013	[[[130197,110467,6543,-2156,11,15,0,8,8,4,27,38,7,27,27,29,18,41,22,7,345,487,0,16,43,44,4,7,44,188,5,19,-44,53,-28,45,-87,48,4,24,-29,15,8,29,-18,38,5,46,-8,60,9,37,10,7,28,4,21,-5,9,9,57,12,-3,30,62,79,15,46,12,10,-20,40,2,111,46,80,50,-6,6,6,5,-6,20,3,32,-7,13,6,16,-9,27,-4,28,125,110,172,161,136,310,178,71,40,120,155,171,398,240,419,331,415,376,377,384,306,308,1,394,-112,701,-295,207,-30,110,28,14,66,23,29,17,17,24,7,1,0,37,-34,21,4,21,-27,42,2,17,-6,4,-12,16,-3,53,13,30,-3,26,32,35,-10,33,22,6,15,8,7,11,18,1,8,6,2,8,13,5,2,1,3,21,10,0,30,13,6,10,-9,21,23,106,27,126,156,12,26,18,77,61,96,24,12,173,41,150,52,147,88,114,62,114,48,91,57,75,27,53,30,25,22,33,15,253,177,315,255,154,144,77,56,81,125,34,38,33,17,30,0,58,-19,66,-1,21,5,15,4,11,2,61,39,59,7,4,-33,11,7,367,324,209,125,517,185,172,91,120,183,103,237,1,3,17,56,-3580,2148,51,274,-482,-15,-5274,3163,-1901,-2992,-1472,-2319,-3324,-5235]]]
2337659	p	2325590
2336589	r	10.9425,8.4748,11.7775,9.3052	[[[109425,88900,9,-272,27,-270,45,-268,62,-265,79,-260,96,-254,113,-248,129,-239,144,-231,159,-221,173,-210,187,-198,200,-186,211,-172,222,-159,232,-143,241,-128,248,-112,256,-96,262,-79,266,-62,269,-44,272,-26,273,-9,273,9,272,26,269,44,266,62,262,79,256,96,248,112,241,128,232,143,222,159,211,172,200,186,187,198,173,210,159,221,144,231,129,239,113,248,96,254,79,260,62,265,45,268,27,270,9,272,-9,272,-27,270,-45,268,-62,265,-79,260,-96,254,-113,248,-129,239,-144,231,-159,221,-173,210,-187,198,-200,186,-211,172,-222,159,-232,143,-241,128,-248,112,-256,96,-262,79,-266,62,-269,44,-272,26,-273,9,-273,-9,-272,-26,-269,-44,-266,-62,-262,-79,-256,-96,-248,-112,-241,-128,-232,-143,-222,-159,-211,-172,-200,-186,-187,-198,-173,-210,-159,-221,-144,-231,-129,-239,-113,-248,-96,-254,-79,-260,-62,-265,-45,-268,-27,-270,-9,-272]]]
2327143	r	7.2057,5.6081,7.607,6.0506	[[[72057,58626,727,-2545,2436,1195,433,440,-10,35,-59,88,-69,54,-24,49,-5,74,-30,108,5,93,30,88,28,130,148,4,43,-28,260,-71,100,1204,-179,70,-159,77,-141,164,-119,94,-138,161,-134,90,-95,14,-167,-48,-180,-42,-143,23,-100,-9,-210,-76,-147,0,-114,62,-176,242,-105,34,-478,24,-184,26,-82,0,-127,39,-30,16,-43,-45,-471,-1134,-26,5,-91,-8,-1,-63,69,-233,-32,105,-210,-506]]]
2327879	r	4.4755,8.0434,4.991,8.4423	[[[44755,82471,12,-283,4,-5,68,-156,102,-360,0,-333,13,-163,102,-251,279,-204,238,-129,41,-14,681,-139,2345,1150,1270,1723,-123,171,-135,165,-146,155,-156,145,-165,135,-173,124,-182,112,-188,101,-17,8,-3870,-1952]]]
2343093	p	2346229
2328684	r	7.0545,6.7212,7.76,7.2808	[[[70545,69448,1160,-607,54,124,118,47,222,16,71,-96,249,-101,397,-244,87,-87,79,-162,17,-83,-4,-179,-44,-292,31,-123,135,-117,83,-88,88,-122,37,-86,159,-36,135,61,144,87,349,131,188,96,127,79,131,39,88,15,134,47,192,26,201,0,166,17,284,18,113,35,87,87,35,105,25,41,-25,11,-227,87,-96,18,-78,22,-258,100,-458,39,-131,83,-79,166,1,36,-62,82,-118,126,-78,48,-193,83,-144,22,-196,13,-144,35,-319,53,-148,118,-79,144,-22,104,9,118,83,170,31,88,-22,135,-29,43,-168,-98,189,110,150,189,267,102,166,71,142,103,47,134,-16,181,95,71,323,0,157,71,103,63,141,-40,213,-260,110,-47,237,-331,48,-36,78,-121,39,-119,71,-173,32,-63,47,-71,71,-252,71,-126,63,-71,220,-79,205,-55,158,-157,102,-181,27,-40,1111,1963,-99,160,-161,224,-175,213,-188,201,-201,188,-213,175,-224,160,-234,146,-243,129,-251,114,-258,97,-263,80,-269,63,-271,44,-275,27,-275,9,-275,-9,-275,-27,-271,-44,-269,-63,-263,-80,-258,-97,-251,-114,-243,-129,-234,-146,-127,-91,-989,-2560]]]
2328952	r	9.9506,12.382,10.7574,13.3538	[[[99506,129518,5949,-5698,149,24,328,75,323,96,315,117,307,136,297,156,253,154,146,8344,-113,79,-286,175,-297,156,-307,136,-189,70,-1728,-663,-1288,-125,-1325,-43,-1317,-624,-52,-22,-155,-185,-197,-269,-177,-281,-159,-291,-139,-301,-119,-310,-98,-316,-76,-322,-45,-268]]]
2339631	r	9.7661,12.1807,10.3139,12.7193	[[[97661,124500,6,-176,17,-175,30,-174,40,-172,52,-169,63,-164,74,-161,85,-155,95,-150,104,-143,114,-136,122,-129,131,-121,139,-111,145,-103,152,-93,159,-83,163,-73,168,-62,171,-51,175,-40,176,-29,179,-17,179,-6,179,6,179,17,176,29,175,40,171,51,168,62,163,73,159,83,152,93,145,103,139,111,131,121,122,129,114,136,104,143,95,150,85,155,74,161,63,164,52,169,40,172,30,174,17,175,6,176,-6,176,-17,175,-30,174,-40,172,-52,169,-63,164,-74,161,-85,155,-95,150,-104,143,-114,136,-122,129,-131,121,-139,111,-145,103,-152,93,-159,83,-163,73,-168,62,-171,51,-175,40,-176,29,-179,17,-179,6,-179,-6,-179,-17,-176,-29,-175,-40,-171,-51,-168,-62,-163,-73,-159,-83,-152,-93,-145,-103,-139,-111,-131,-121,-122,-129,-114,-136,-104,-143,-95,-150,-85,-155,-74,-161,-63,-164,-52,-169,-40,-172,-30,-174,-17,-175,-6,-176]]]
2338403	p	2338400
2319668	n	6.1923,6.4739,6.5561,6.9079	[[[61923,65210,121,-90,190,-114,201,-95,209,-75,215,-54,219,-32,222,-11,222,11,219,32,215,54,209,75,201,95,190,114,179,132,164,149,149,165,132,178,114,190,95,201,75,209,54,215,32,219,11,222,-11,222,-32,219,-54,215,-75,209,-95,201,-114,190,-132,178,-149,165,-164,149,-179,132,-190,114,-180,85,-1492,-276,-771,-3593]]]
2347059	r	3.6952,12.0437,4.6711,12.9464	[[[36952,124500,11,-325,32,-323,54,-320,75,-316,96,-311,116,-304,137,-296,155,-286,175,-276,192,-264,210,-251,226,-237,241,-222,255,-206,178,-125,3464,2658,-70,28,-62,59,-82,137,586,-69,236,22,189,139,275,-47,132,25,202,75,65,60,-93,337,-26,247,103,-11,202,-66,240,9,86,188,198,205,-127,238,2088,1603,-47,124,-137,296,-155,286,-175,276,-192,264,-210,251,-226,237,-241,222,-255,206,-269,189,-280,172,-291,153,-301,134,-309,114,-317,95,-321,73,-326,53,-329,32,-330,11,-330,-11,-329,-32,-326,-53,-321,-73,-47,-14,-109,-282,-116,-94,-32,-17,-177,-200,-48,-81,-82,-174,-250,-255,-33,-62,-65,-187,-175,-245,-73,-138,-49,-48,-20,-30,-602,-413,-80,-71,-92,-86,-1140,-841,-396,-339,-59,-249,-54,-320,-32,-323,-11,-325]]]
2324857	n	10.722,9.7539,11.1781,10.2061	[[[107220,99800,11,-222,33,-219,54,-215,75,-209,96,-201,115,-190,133,-178,151,-165,165,-149,180,-132,192,-114,202,-95,211,-75,217,-54,221,-32,224,-11,224,11,221,32,217,54,211,75,202,95,192,114,180,132,165,149,151,165,133,178,115,190,96,201,75,209,54,215,33,219,11,222,-11,222,-33,219,-54,215,-68,188,-1976,1375,-55,38,-83,4,-224,-11,-221,-32,-217,-54,-211,-75,-202,-95,-192,-114,-180,-132,-165,-149,-151,-165,-133,-178,-115,-190,-96,-201,-75,-209,-54,-215,-33,-219,-11,-222]]]
2348595	n	9.9606,11.4539,10.4193,11.9061	[[[99607,116800,11,-222,33,-219,54,-215,76,-209,97,-201,115,-190,134,-178,151,-165,167,-149,181,-132,193,-114,203,-95,212,-75,219,-54,222,-32,225,-11,225,11,222,32,219,54,212,75,203,95,193,114,181,132,167,149,151,165,134,178,115,190,97,201,76,209,54,215,33,219,11,222,-11,222,-33,219,-54,215,-76,209,-97,201,-115,190,-134,178,-151,165,-167,149,-181,132,-193,114,-203,95,-212,75,-219,54,-222,32,-225,11,-225,-11,-222,-32,-219,-54,-212,-75,-203,-95,-193,-114,-181,-132,-167,-149,-151,-165,-134,-178,-115,-190,-97,-201,-76,-209,-54,-215,-33,-219,-11,-222]]]
2328811	p	2326016
2338287	p	2352379
2332504	n	5.1927,8.6239,5.6474,9.0761	[[[51927,88500,11,-222,33,-219,54,-215,75,-209,96,-201,114,-190,133,-178,150,-165,165,-149,179,-132,192,-114,201,-95,210,-75,217,-54,220,-32,223,-11,223,11,220,32,217,54,210,75,201,95,192,114,179,132,165,149,150,165,133,178,114,190,96,201,75,209,54,215,33,219,11,222,-11,222,-33,219,-54,215,-75,209,-96,201,-114,190,-133,178,-150,165,-165,149,-179,132,-192,114,-201,95,-210,75,-217,54,-220,32,-223,11,-223,-11,-220,-32,-217,-54,-210,-75,-201,-95,-192,-114,-179,-132,-165,-149,-150,-165,-133,-178,-114,-190,-96,-201,-75,-209,-54,-215,-33,-219,-11,-222]]]
2350523	p	2332459
2334008	r	4.9174,9.8528,6.0226,10.9472	[[[49174,104000,12,-358,36,-356,59,-353,82,-349,105,-343,127,-335,149,-326,171,-316,191,-304,210,-291,230,-277,247,-261,264,-245,279,-227,294,-208,307,-190,319,-168,329,-148,339,-126,346,-104,352,-81,357,-59,360,-35,361,-12,361,12,360,35,357,59,352,81,346,104,339,126,329,148,319,168,307,190,294,208,279,227,264,245,247,261,230,277,210,291,191,304,171,316,149,326,127,335,105,343,82,349,59,353,36,356,12,358,-12,358,-36,356,-59,353,-82,349,-105,343,-127,335,-149,326,-171,316,-191,304,-210,291,-230,277,-247,261,-264,245,-279,227,-294,208,-307,190,-319,168,-329,148,-339,126,-346,104,-352,81,-357,59,-360,35,-361,12,-361,-12,-360,-35,-357,-59,-352,-81,-346,-104,-339,-126,-329,-148,-319,-168,-307,-190,-294,-208,-279,-227,-264,-245,-247,-261,-230,-277,-210,-291,-191,-304,-171,-316,-149,-326,-127,-335,-105,-343,-82,-349,-59,-353,-36,-356,-12,-358]]]
2333604	p	2352778
2346995	r	11.5516,9.9785,12.9296,11.2881	[[[115516,108711,2505,-7907,7027,-1019,860,165,3387,10453,-3,5,-3257,2473,-7285,-1504,-3234,-2666]]]
2326302	p	2336905
2332079	p	2324623
2318921	r	9.1149,6.9809,10.6732,8.7608	[[[91149,81100,178,-1572,146,-202,314,-437,-5,-4,-60,-19,-18,-43,-79,-132,-125,-92,-99,-112,-158,-218,-86,-185,46,-151,99,-53,600,224,350,77,41,4,3990,-5549,2033,-2827,68,2,582,57,577,95,569,133,559,169,547,205,533,241,515,275,496,307,475,340,452,370,427,398,399,426,371,450,341,474,308,495,276,514,241,531,206,546,170,557,132,568,96,575,57,580,19,583,-19,583,-57,580,-96,575,-132,568,-170,557,-206,546,-241,531,-276,514,-308,495,-341,474,-371,450,-399,426,-427,398,-452,370,-475,340,-496,307,-515,275,-533,241,-547,205,-559,169,-569,133,-577,95,-582,57,-584,19,-584,-19,-582,-57,-577,-95,-569,-133,-559,-169,-547,-205,-397,-180,-2836,-5650]]]
2338669	n	3.0692,7.314,3.4002,7.6478	[[[30692,74705,17,-46,23,-29,22,-116,40,-64,28,-64,81,-23,75,-58,95,-143,80,-81,170,-78,81,-47,80,-104,69,-70,63,-29,214,-53,151,-12,145,11,174,0,191,-24,75,-41,6,-29,69,-58,184,-192,45,-110,92,-64,104,-41,128,0,46,12,89,190,65,104,41,47,65,139,71,75,23,34,164,127,35,58,12,35,30,23,23,29,1,35,-29,81,-17,29,30,52,-29,52,1,46,12,24,23,23,23,17,88,34,29,35,12,52,-63,47,-8,18,26,34,6,4,-1655,1872,-8,10,-57,-14,-210,-75,-201,-95,-190,-114,-179,-132,-164,-149,-150,-165,-132,-178,-114,-190,-95,-201,-75,-209,-18,-72,19,-63,-42,-64,0,-52]]]
2343299	p	2337207
2337148	n	7.814,6.1755,8.0973,6.5168	[[[78140,63800,11,-222,33,-219,54,-215,74,-209,95,-201,114,-190,132,-178,149,-165,164,-149,179,-132,190,-114,107,-51,1531,2101,-2006,1312,-731,-717,-52,-210,-33,-219,-11,-222]]]
2338876	r	2.7151,6.6111,3.4577,7.1972	[[[27151,69798,33,-362,136,-384,49,-419,-106,-419,-27,-217,51,-197,58,-78,18,-24,85,-60,102,-31,5,0,119,-11,59,-46,13,-68,7,-33,33,-461,-56,-113,-123,-81,-181,-161,-115,-215,-3,-204,21,-103,2105,635,99,54,129,38,53,-8,499,151,70,149,18,23,89,168,19,57,50,77,57,15,304,-35,98,13,372,14,347,4,205,19,438,15,194,16,103,-8,103,-53,49,-92,54,-133,76,-156,27,-179,-4,-78,29,-27,183,-73,32,-21,27,-29,17,6,46,-8,143,17,23,-12,65,-16,89,-66,17,-38,25,-31,61,-27,37,-41,1,-20,13,-2,1,-30,14,-8,638,-18,139,33,94,-12,-34,51,-17,78,-90,150,-14,-1,0,29,-34,35,-8,131,-221,-18,-20,-27,-90,47,-99,80,-46,148,-40,73,11,24,-10,31,1,29,13,127,18,104,30,110,7,70,12,40,18,122,-4,92,9,39,-8,61,-34,72,-6,9,290,87,-70,1048,-5770,2663,-461,74,-141,-150,-149,-182,1,-18,-10,-138,-33,-95,-80,-103,-92,-190,-43,-67,-10,-69,38,-130,86,-108,262,-214,58,-95,-39,-108,-103,-54,-128,-38,-116,-55,-260,-360]]]
2338630	p	2352379
2343985	n	7.897,6.5171,8.2861,6.8561	[[[78970,65171,3764,389,30,84,53,215,33,219,11,222,-11,222,-33,219,-53,215,-75,209,-95,201,-114,190,-132,178,-149,165,-165,149,-178,132,-190,114,-201,95,-209,75,-215,54,-219,32,-222,11,-222,-11,-219,-32,-215,-54,-209,-75,-201,-95,-190,-114,-73,-54,-301,-2955]]]
2339150	p	2350841
2324767	r	10.6702,11.3059,11.4057,12.1141	[[[106702,117100,9,-264,26,-263,44,-261,61,-258,78,-252,94,-248,111,-241,126,-233,142,-224,156,-215,170,-204,184,-193,195,-181,208,-168,217,-154,228,-139,237,-125,244,-109,251,-93,256,-77,262,-60,264,-43,267,-26,268,-9,49,2,3208,6488,-6,9,-170,204,-184,193,-195,181,-208,168,-217,154,-228,139,-237,125,-244,109,-251,93,-256,77,-262,60,-264,43,-267,26,-268,9,-268,-9,-267,-26,-264,-43,-262,-60,-256,-77,-251,-93,-244,-109,-237,-125,-228,-139,-217,-154,-208,-168,-195,-181,-184,-193,-170,-204,-156,-215,-142,-224,-126,-233,-111,-241,-94,-248,-78,-252,-61,-258,-44,-261,-26,-263,-9,-264]]]
2334652	r	7.5546,8.5138,8.208,9.1862	[[[75546,87297,32,-84,91,-200,104,-194,117,-187,129,-179,140,-170,151,-160,162,-151,171,-139,179,-129,188,-116,195,-103,202,-91,207,-78,211,-64,216,-50,218,-35,220,-22,221,-7,221,7,220,22,218,35,216,50,211,64,207,78,202,91,195,103,188,116,179,129,171,139,162,151,151,160,140,170,129,179,117,187,104,194,91,200,78,206,65,211,50,214,36,217,22,219,7,220,-7,220,-22,219,-36,217,-50,214,-65,211,-78,206,-91,200,-104,194,-117,187,-20,28,-114,-34,-385,35,-375,124,63,702,-101,73,-188,116,-195,103,-202,91,-207,78,-211,64,-216,50,-218,35,-220,22,-221,7,-221,-7,-220,-22,-97,-15,-2616,-4521]]]
2331158	p	2332459
2343252	r	3.6188,6.2788,4.6061,6.7639	[[[36188,64923,2,-34,28,-14,78,-18,76,-42,34,-5,33,29,12,39,51,40,36,15,32,-5,14,7,67,-9,987,417,545,220,134,40,169,27,82,-10,37,-10,119,-52,510,-423,119,-34,188,-32,63,7,-7,-762,309,-48,14,68,-78,5,74,558,-1,54,99,-4,72,-55,8,-22,0,-35,34,-35,26,-60,20,-20,91,-20,76,-46,109,-24,52,-38,32,-58,51,-73,135,-124,46,14,54,0,54,10,67,-24,48,-45,56,-26,31,-12,86,-11,112,56,174,32,69,-23,70,-89,67,-17,156,10,144,25,94,-43,101,-148,277,-240,799,-84,284,-55,0,22,546,-100,322,-141,486,115,46,19,65,10,159,-119,62,-63,-129,-264,24,-11,384,-245,109,-102,93,136,168,372,139,368,-16,19,-67,35,-41,41,-101,51,-86,16,-64,0,-53,31,-91,14,-65,19,-84,36,-167,45,-102,-19,-55,-19,-120,-56,-70,-8,-54,14,-16,49,28,93,27,27,12,39,99,27,65,9,74,28,37,1,56,-19,39,-31,32,5,31,-38,47,-9,37,1,37,18,73,139,138,204,37,83,63,259,-1,129,-19,93,390,-81,19,13,9,70,-19,46,-66,147,-94,139,2,28,-449,735,-57,-74,-28,-46,-27,-65,-37,-37,-22,-56,-33,-55,-9,-37,-37,-74,-64,-102,-55,-194,-27,-65,-45,-213,-28,-18,-56,36,-47,120,-75,147,-37,92,-76,222,-28,101,5,52,-24,50,-29,110,-18,46,-38,46,-278,54,-84,37,-74,45,-75,37,-130,36,-28,18,-46,46,-28,46,-29,59,-9,33,-1,148,37,28,46,19,28,18,18,47,9,46,-9,55,-2,286,9,28,139,139,73,102,28,47,17,89,-2047,103,-1577,-386,17,-5,46,-64,26,-84,-30,-114,26,-23,39,-4,87,-30,23,-38,4,-39,18,-59,129,-3,-129,1,-284,9,-774,-3,-560,10,4,38,40,84,-478,-117,-580,9,-1075,9,-80,8,-11,-50,-28,-52,-43,-56,-9,-25,-9,-71,2,-26,-73,-120,-5,-38,2,-23,23,-33,15,-16,26,-12,41,-48,92,-155,0,-26,25,-38,-80,-99,-72,-64,-96,-67,-115,-133,-43,-30,-50,-14,-88,-43,-78,-97,-24,-46,-41,-122,-14,-25,-109,-76,50,-244,-8,-20,-91,-46],[36770,65236,7,18,22,-5,-7,-21,-5,7,-17,1]],[[37330,64248,354,17,-209,2,-145,-19]]]
2342192	n	13.9801,12.1439,14.4389,12.5921	[[[139801,123700,11,-222,33,-219,55,-215,76,-209,96,-201,116,-190,135,-178,151,-165,167,-149,182,-132,193,-114,204,-95,213,-75,218,-54,224,-32,225,-11,225,11,224,32,218,54,213,75,204,95,193,114,182,132,167,149,151,165,135,178,116,190,96,201,76,209,55,215,33,219,1,16,-158,37,-2055,62,-154,32,-133,79,-91,152,-7,117,60,306,3,191,-52,165,-15,48,-13,773,-99,465,-24,-3,-218,-54,-213,-75,-204,-95,-193,-114,-182,-132,-167,-149,-151,-165,-135,-178,-116,-190,-96,-201,-76,-209,-55,-215,-33,-219,-11,-222]]]
2327827	p	2327220
2338497	p	2326016
2337352	p	2338385
2332357	p	2339354
2320829	p	2319133
2347303	p	2320576
2327223	p	2343983
2335713	n	8.0622,9.3539,8.4043,9.8054	[[[80622,95800,11,-222,33,-219,55,-215,75,-209,95,-201,115,-190,133,-178,151,-165,165,-149,180,-132,191,-114,202,-95,211,-75,217,-54,221,-32,223,-11,223,11,221,32,217,54,211,75,202,95,69,41,-1287,4207,-79,-4,-221,-32,-217,-54,-211,-75,-202,-95,-191,-114,-180,-132,-165,-149,-151,-165,-133,-178,-115,-190,-95,-201,-75,-209,-55,-215,-33,-219,-11,-222]]]
2338242	r	8.3521,5.355,9.3126,6.6418	[[[83521,60555,1514,-5844,3148,-1161,34,127,215,423,66,224,-5,211,-36,193,-14,196,62,216,150,195,188,179,152,196,44,241,-102,267,-188,196,-223,173,-202,195,-131,253,76,143,177,131,176,214,44,252,-88,174,-107,159,-19,202,107,165,353,236,135,170,170,164,215,-31,218,-78,177,22,36,130,22,285,53,68,161,83,126,134,214,309,0,1,923,957,1371,1103,255,356,138,290,-1,1,-207,389,-232,373,-256,358,-279,340,-301,322,-320,301,-340,279,-358,256,-373,233,-388,207,-400,182,-412,155,-420,128,-428,100,-434,72,-438,43,-150,5,-437,-423,-516,-678,-1039,-1698,-88,18,-57,1,-68,-11,-57,12,-127,-19,6,-46,-5,-30,6,-15,46,-7,48,35,19,-5,17,-14,-5,-38,-25,-38,-136,-58,-15,-16,4,-17,61,-59,61,-76,7,-21,-19,-5,-95,23,-31,-5,-21,-15,-15,-41,0,-154,-7,-37,-61,-41,-15,-17,0,-27,30,-25,-1,-13,-21,-10,-72,6,-50,-4,-47,-45,-28,-37,-54,-33,-11,-26,0,-41,20,-28,29,-7,115,-10,25,-27,3,-12,-31,-52,-54,4,-76,-19,-129,-3,-46,-12,-17,-30,16,-28,29,-86,1,-31,-7,-17,-15,-11,-27,-7,-70,14,-16,-4,-58,-112,-8,-38,2,-98,7,-7,15,2,41,18,14,-7,-9,-30,2,-30,41,-62,-847,-1383]]]
2351740	p	2326016
2345096	n	11.1847,11.3239,11.6392,11.7761	[[[111848,115082,4,-23,55,-215,75,-209,96,-201,116,-190,134,-178,151,-165,167,-149,181,-132,192,-114,204,-95,212,-75,218,-54,222,-32,225,-11,225,11,222,32,218,54,212,75,204,95,192,114,181,132,167,149,151,165,134,178,116,190,96,201,75,209,55,215,33,219,11,222,-11,222,-33,219,-55,215,-75,209,-96,201,-116,190,-134,178,-151,165,-167,149,-181,132,-192,114,-204,95,-212,75,-218,54,-222,32,-225,11,-225,-11,-222,-32,-218,-54,-212,-75,-176,-82,-437,-884,-762,-1541]]]
2328617	r	11.3932,8.8477,12.5048,10.0804	[[[113932,95229,5857,-6752,1749,3087,3510,8221,-7027,1019,-2697,-2741,-1392,-2834]]]
2335614	n	8.2757,9.3846,8.6019,9.8361	[[[82757,98053,1286,-4206,1,-1,79,4,221,32,217,54,211,75,202,95,191,114,180,132,166,149,150,165,133,178,52,85,-3,3,-42,24,-23,36,-35,145,-58,60,-68,209,-54,131,-27,153,14,116,109,160,14,97,-7,154,-10,26,48,157,74,164,212,223,29,120,0,18,-15,40,-95,201,-115,190,-133,178,-150,165,-166,149,-180,132,-191,114,-202,95,-211,75,-217,54,-221,32,-223,11,-223,-11,-221,-32,-217,-54,-211,-75,-202,-95,-69,-41]]]
2328090	n	5.4833,7.634,5.9367,8.0161	[[[54833,77900,11,-222,33,-219,54,-215,75,-209,95,-201,114,-190,39,-52,148,-128,176,-124,1348,204,17,101,6,73,45,111,171,181,118,94,278,181,115,87,54,101,72,-15,208,-125,154,-55,30,34,28,19,55,9,149,-54,74,0,74,19,74,37,250,94,139,38,157,28,93,-36,19,-18,0,-37,-9,-37,-18,-37,-19,-19,-45,-157,10,-41,44,124,54,215,33,219,11,222,-11,222,-33,219,-54,215,-75,209,-95,201,-114,190,-133,178,-149,165,-165,149,-179,132,-190,114,-202,95,-209,75,-216,54,-220,32,-222,11,-222,-11,-220,-32,-216,-54,-209,-75,-202,-95,-190,-114,-179,-132,-165,-149,-149,-165,-133,-178,-114,-190,-95,-201,-75,-209,-54,-215,-33,-219,-11,-222]]]
2338640	p	2326016
2349529	p	2338385
2338810	p	2352379
2325161	p	2326016
2350886	n	7.0939,6.4881,7.5406,6.8823	[[[70939,67100,11,-222,17,-114,49,-8,275,-161,35,-74,-9,-87,-70,-175,-70,-104,-7,-44,36,-77,114,-190,132,-178,149,-165,164,-149,179,-132,190,-114,201,-95,209,-75,215,-54,11,-1,2599,1698,37,326,-1205,631,-89,-45,-349,-131,-144,-87,-135,-61,-159,36,-37,86,-88,122,-83,88,-135,117,-31,123,44,292,1,89,-1257,658,-138,-124,-149,-165,-132,-178,-114,-190,-95,-201,-75,-209,-54,-215,-32,-219,-11,-222]]]
2325249	p	2337765
2336237	r	3.826,11.6237,4.986,12.6741	[[[38260,119789,105,-226,187,-345,209,-331,231,-317,252,-302,271,-285,289,-266,307,-248,322,-227,337,-206,350,-184,361,-161,371,-138,379,-113,387,-89,391,-63,395,-38,396,-13,396,13,12,1,65,455,-305,216,-217,224,-125,179,152,196,177,-11,189,-227,28,-198,192,23,127,96,378,201,118,95,110,58,257,292,136,105,-50,80,57,74,15,812,-4,-2,163,277,69,405,80,364,73,497,-149,250,-17,-5,-5,-10,0,17,18,6,4,-4,4,31,-218,174,-21,397,17,225,33,586,74,203,-330,64,-63,100,-35,28,263,50,65,159,-30,57,22,75,46,33,-86,117,81,27,33,6,166,282,155,144,-56,333,21,145,60,99,184,83,169,195,136,-73,209,-133,42,-36,90,25,13,12,60,-146,63,22,119,-161,0,-42,62,-148,26,-12,103,-5,139,6,38,18,141,-19,-1,58,-29,199,9,33,-27,382,84,187,119,200,337,156,88,184,-160,88,-12,630,-372,616,-256,351,-1,20,-607,-466,-2088,-1603,127,-238,-198,-205,-86,-188,-240,-9,-202,66,-103,11,26,-247,93,-337,-65,-60,-202,-75,-132,-25,-275,47,-189,-139,-236,-22,-586,69,82,-137,62,-59,70,-28,-3464,-2658,-845,-649]],[[48607,120476,100,-190,-6,-283,-34,-676,317,-211,64,102,187,345,164,355,140,365,115,374,90,380,65,385,38,388,13,390,-13,390,-38,388,-12,71,-129,30,-139,65,-25,-831,-754,-16,-23,-215,-110,-486,47,-232,22,-35,60,-147,-100,-273,0,-232,-39,-201]]]
2349276	p	2326016
2327494	n	7.6779,5.3939,8.0336,5.7287	[[[76779,57138,1083,-3186,17,-2,221,-11,221,11,219,32,215,54,209,75,200,95,190,114,178,132,164,149,148,165,132,178,114,190,95,201,74,209,54,215,23,156,-634,884,-2821,488,-47,-64,-55,-85]]]
2352250	p	2320831
2349558	p	2339354
2342628	p	2325200
2325733	n	3.2308,7.3889,3.6665,7.7537	[[[32308,76468,1655,-1872,23,13,29,29,100,75,99,52,111,75,64,58,70,40,76,11,-1,-46,-12,-41,35,-29,63,-81,46,-41,-12,-57,-18,-47,-30,-34,-12,-76,69,-69,52,-41,34,-75,80,-140,-19,-104,-76,-104,-7,-52,17,-23,47,5,47,29,139,23,111,98,70,46,42,52,23,12,24,52,76,58,12,29,35,52,2,62,-10,58,52,-42,78,-15,372,11,174,11,299,2,61,102,95,201,75,209,54,215,33,219,10,222,-10,222,-33,219,-54,215,-75,209,-95,201,-114,190,-133,178,-149,165,-165,149,-163,121,-178,68,-2,-19,-74,-116,-91,-24,-99,-42,-331,-49,-595,-50,-57,-49,-33,-83,-42,-231,-91,-75,-248,-99,-165,-91,-191,-88,-57,63,-107,75,-149,58,-148,74,-133,165,-49,91,0,182,-1,2,-35,-32,-149,-165,-133,-178,-114,-190,-94,-198]]]
2343822	n	7.5369,6.4344,7.9034,6.8799	[[[75369,66579,1911,-2215,98,-14,118,-6,-5,129,-22,254,-162,872,-136,254,-132,218,-22,37,-28,199,69,55,415,-27,286,0,264,-14,48,17,-22,67,103,189,63,149,86,150,111,252,141,284,229,173,102,63,63,79,87,71,-32,47,-102,-8,-24,39,-11,48,0,110,23,165,16,221,-2,9,-46,34,-190,114,-201,95,-209,75,-78,19,-172,-55,-150,0,-228,71,-126,-15,-158,-150,-142,-8,-279,-108,-177,37,-113,86,-99,-47,-190,-114,-78,-58,-860,-1517,-37,-326]]]
2331005	r	7.1514,11.4471,7.9023,12.3516	[[[71514,120081,182,-206,4801,-5404,442,64,1,5,-19,65,-47,91,-46,62,-76,75,42,89,7,144,25,41,-3,58,-27,72,184,117,23,42,109,94,73,200,-16,27,-37,15,-64,90,-15,38,-4,65,20,25,37,24,44,8,31,14,34,1,5,37,145,52,30,82,187,69,87,49,123,15,46,-7,30,4,30,-13,35,-30,32,-1,14,52,71,38,29,1,65,36,22,-5,36,-27,80,10,22,-13,8,-18,12,-9,73,3,15,7,37,89,29,26,38,12,22,27,40,14,82,-8,8,11,-10,14,2,13,49,66,80,-49,29,-8,74,15,25,-1,53,-61,40,7,13,36,-14,83,-80,32,-10,28,58,70,-33,45,9,43,-37,78,8,14,21,2,16,17,5,23,-83,105,-57,12,-48,29,-10,68,-93,252,15,22,4,45,-18,64,-68,56,-33,329,-25,70,3,154,-23,70,19,90,-26,27,29,65,52,210,47,100,-23,7,-74,73,-72,46,-5,72,-40,86,-142,201,-9,89,0,80,-24,144,56,107,16,57,-41,-11,54,116,101,148,108,52,42,38,32,137,69,98,99,168,-21,59,-21,149,-32,106,-42,69,17,38,-1,38,-28,29,2,16,18,8,5,8,-22,51,3,28,37,86,-4,15,-13,12,-54,28,-10,33,0,104,16,29,7,51,-27,10,-33,34,-24,7,-19,20,-136,47,86,74,105,2,-11,101,-38,33,-3,40,40,20,21,104,-6,41,33,82,1,82,52,63,12,39,0,38,-33,29,-43,60,43,13,89,13,17,182,-80,130,-56,143,125,89,9,10,-59,31,-339,151,-349,130,-357,106,-363,84,-368,60,-371,36,-373,12,-373,-12,-371,-36,-368,-60,-363,-84,-357,-106,-349,-130,-339,-151,-329,-174,-317,-194,-303,-214,-288,-233,-168,-155,-761,-1886]]]
2334756	r	5.9559,12.2772,7.2157,13.1641	[[[59559,125900,13,-408,41,-405,68,-403,94,-397,120,-390,146,-381,172,-372,165,-304,5893,963,30,-72,60,-105,18,-43,7,-44,-2,-68,6,-105,29,2,6,-7,19,10,11,15,50,9,28,-18,87,50,48,9,49,7,51,-5,14,-13,8,-32,-7,-38,-38,-78,9,-99,16,-54,130,10,51,-7,166,-4,33,26,79,9,34,-7,262,-14,22,-137,-12,-39,232,9,39,-18,29,-88,121,-6,28,-17,19,1,33,-51,181,-5,111,-14,48,8,-48,571,-43,7,-43,-24,-24,10,-25,18,-35,10,-10,35,13,29,-4,40,-41,18,-55,43,-51,11,-101,50,-56,2,-44,47,-27,39,-47,31,-61,13,46,139,-157,45,-135,47,-130,-1,-106,-19,-24,9,4964,811,25,149,-2023,5011,-429,-3,-334,36,-305,115,-324,236,-363,330,-590,665,-354,-115,-558,144,-21,-52,-24,-205,-260,-144,-759,-703,-73,29,-137,23,-90,48,-53,81,-31,36,-67,48,-73,39,-35,51,-35,86,-25,103,-229,298,-270,5,-32,82,-35,15,-104,0,-2,64,87,13,45,53,-10,41,-56,46,-77,16,21,170,-40,0,-121,-38,-245,-154,-100,-89,-42,10,-29,-29,-38,26,-327,73,31,69,72,50,-134,151,-80,-68,-56,61,-328,-146,-366,-192,-352,-215,-337,-238,-321,-258,-303,-279,-284,-298,-263,-315,-242,-331,-219,-347,-195,-359,-56,-120,145,-583,39,-112,-97,-353,-383,59,-76,0,-10,-34,-94,-397,-68,-403,-41,-405,-13,-408]]]
2343270	p	2326016
2339156	r	6.4837,6.8027,7.0476,7.4173	[[[64838,72800,302,-3544,956,-937,127,-58,188,-71,193,-58,196,-46,199,-32,200,-20,201,-7,201,7,200,20,199,32,196,46,193,58,188,71,183,83,178,95,171,106,163,117,156,128,147,137,137,147,128,155,117,164,107,171,95,177,83,183,70,188,59,193,46,196,32,198,20,200,7,201,-7,201,-20,200,-32,198,-46,196,-59,193,-70,188,-83,183,-95,177,-107,171,-117,164,-128,155,-137,147,-147,137,-156,128,-163,117,-171,106,-178,95,-183,83,-188,71,-193,58,-196,46,-199,32,-200,20,-201,7,-201,-7,-200,-20,-199,-32,-196,-46,-193,-58,-188,-71,-183,-83,-178,-95,-171,-106,-163,-117,-156,-128,-147,-137,-137,-147,-128,-155,-117,-164,-5,-7]]]
2328185	p	2324774
2351979	n	5.9641,6.0239,6.4159,6.4761	[[[59641,62500,11,-222,32,-219,54,-215,75,-209,95,-201,114,-190,132,-178,149,-165,164,-149,178,-132,190,-114,200,-95,209,-75,215,-54,220,-32,221,-11,221,11,220,32,215,54,209,75,200,95,190,114,178,132,164,149,149,165,132,178,114,190,95,201,75,209,54,215,32,219,11,222,-11,222,-32,219,-54,215,-75,209,-95,201,-114,190,-132,178,-149,165,-164,149,-178,132,-190,114,-200,95,-209,75,-215,54,-220,32,-221,11,-221,-11,-220,-32,-215,-54,-209,-75,-200,-95,-190,-114,-178,-132,-164,-149,-149,-165,-132,-178,-114,-190,-95,-201,-75,-209,-54,-215,-32,-219,-11,-222]]]
2342883	n	7.8967,6.3856,8.3059,6.556	[[[78967,65168,2006,-1312,2086,558,-10,208,-32,219,-54,215,-75,209,-95,201,-56,94,-3767,-389,-3,-3]]]
2320920	n	6.9655,5.8394,7.2807,6.0457	[[[69655,59123,32,-89,55,-13,126,-13,65,-26,17,-14,-41,-57,-21,-43,-43,-45,-50,-77,0,-1,130,-351,2132,232,210,506,-37,128,1,63,91,8,26,-5,459,1106,-11,25,-1683,-206,-1413,-1039,-45,-89]]]
2328790	r	6.9149,5.5728,7.2784,5.8626	[[[69149,56568,3427,-840,208,353,-727,2545,-2132,-232,-776,-1826]]]
2348892	n	6.0336,6.8803,6.4863,7.2961	[[[60337,70700,11,-222,32,-219,54,-215,75,-209,95,-201,66,-109,2024,-722,1479,274,27,24,149,165,133,178,114,190,95,201,75,209,54,215,32,219,11,222,-11,222,-32,219,-54,215,-75,209,-95,201,-114,190,-133,178,-149,165,-164,149,-179,132,-190,114,-201,95,-209,75,-216,54,-219,32,-222,11,-222,-11,-219,-32,-216,-54,-209,-75,-201,-95,-190,-114,-179,-132,-164,-149,-149,-165,-133,-178,-114,-190,-95,-201,-75,-209,-54,-215,-32,-219,-11,-222]]]
2331939	r	6.1131,7.455,7.6384,8.7388	[[[61131,84415,245,31,258,65,156,82,138,56,221,-10,266,-46,267,-101,322,-211,137,-156,48,-39,-994,-556,2,-260,1092,-2650,-341,260,-82,73,-184,46,-166,9,-128,-9,-92,-46,-19,-73,-9,-74,-55,-46,-9,-73,101,-230,73,-74,37,-46,19,-230,55,-137,110,-166,101,-110,175,-83,55,-73,9,-102,147,-36,111,-111,73,-128,28,-129,-28,-92,-27,-64,9,-120,-19,-202,0,-120,-80,-101,90,-55,119,-92,37,-73,46,-37,110,9,92,19,221,9,365,214,575,-1397,1214,-2380,6494,0,3764,2592,104,2590,-1247,1316,-1673,744,-8007,3563,-1020,-571,-124,407,-64,303,-110,322,-83,303,-73,175,-184,193,-46,129,-166,230,-349,285,-212,147,-349,110,-211,0,-381,-64,-176,-326,-210,-368,-73,-252,-82,-204,-65,-211,-146,-285,-82,-122,-16,-170,-41,-277,-24,-276,-32,-220,0,-163,-7,-35]]]
2343641	n	5.9139,6.5138,6.2694,6.9531	[[[59139,67400,10,-222,33,-219,54,-215,75,-209,95,-201,114,-190,132,-178,149,-165,164,-149,179,-132,190,-114,201,-95,209,-75,215,-54,219,-32,222,-11,222,11,219,32,80,20,773,3601,-2042,728,-117,-42,-201,-95,-190,-114,-179,-132,-164,-149,-149,-165,-132,-178,-114,-190,-95,-201,-75,-209,-54,-215,-33,-219,-10,-222]]]
2338401	p	2343983
2345521	n	11.7306,11.5239,12.1894,11.9761	[[[117306,117500,11,-222,33,-219,55,-215,76,-209,96,-201,116,-190,134,-178,151,-165,167,-149,181,-132,193,-114,203,-95,212,-75,218,-54,223,-32,225,-11,225,11,223,32,218,54,212,75,203,95,193,114,181,132,167,149,151,165,134,178,116,190,96,201,76,209,55,215,33,219,11,222,-11,222,-33,219,-55,215,-76,209,-96,201,-116,190,-134,178,-151,165,-167,149,-181,132,-193,114,-203,95,-212,75,-218,54,-223,32,-225,11,-225,-11,-223,-32,-218,-54,-212,-75,-203,-95,-193,-114,-181,-132,-167,-149,-151,-165,-134,-178,-116,-190,-96,-201,-76,-209,-55,-215,-33,-219,-11,-222]]]
2344245	r	8.9869,11.2449,9.7473,12.2854	[[[89869,120706,16,-22,75,-40,114,-17,24,14,21,45,18,10,24,-1,277,62,28,-17,275,-5,24,-131,25,-30,25,-112,40,-139,-1,-45,102,-34,377,109,207,188,23,134,160,123,96,56,119,-8,49,-18,17,-145,136,-142,140,-397,-50,-248,-121,-140,-17,-36,-40,-40,-8,-22,-34,-39,60,-54,5,-102,-5,-221,-43,-134,-7,-61,41,5,28,-30,131,-72,-96,-160,-141,-178,-26,-128,-55,-108,-31,-30,-131,-54,-217,3,51,-358,-27,-70,-11,-139,-55,-72,67,-62,-114,-100,-43,-79,-2,-223,268,-126,60,-43,71,28,38,22,-5,19,74,69,20,30,110,114,233,52,105,-169,99,-197,-25,-94,-2,-59,13,-45,-2,-8,-107,12,-9,-31,10,-10,-7,-25,64,-10,32,-16,-3,-40,-15,-56,3,-155,131,-27,195,14,38,-54,-103,-77,16,-39,128,-140,81,-63,70,-66,147,-114,73,-82,84,-35,263,-46,11,-31,55,-86,-171,-291,-127,-151,-319,-179,-78,76,-66,-37,-80,-105,-52,-45,-105,-115,-80,-39,-48,-149,-128,-49,-34,-29,-48,-110,-20,-122,25,-85,2,-77,-76,-201,24,-65,0,-97,-138,-158,-144,-336,-156,-45,-345,-21,-105,12,-69,-49,-148,-86,-78,-96,-56,-39,60,-32,317,-142,327,-121,333,-100,334,-76,2200,3451,90,36,166,200,-80,41,2743,4303,-1944,1934,-89,40,-327,121,-333,100,-340,78,-344,56,-347,33,-349,12,-349,-12,-347,-33,-344,-56,-340,-78,-333,-100,-327,-121,-317,-142,-308,-162,-296,-182,-245,-173,-325,-1089]]]
