3617763	r	-86.7484,11.836,-85.8373,12.6675	[[[-867484,121441,208,-558,378,-642,233,-288,246,-188,115,-116,49,-139,33,-149,103,-191,67,-123,156,-219,108,-107,1414,609,803,345,1109,189,1893,-1504,254,909,-38,236,51,68,8,13,24,33,14,28,39,42,22,14,-15,6,17,18,13,38,16,90,18,-12,20,-4,43,17,45,32,64,-6,89,72,-1,61,16,36,2,47,-23,33,-170,43,189,676,228,121,-190,256,-29,16,-41,71,-13,6,-36,-7,-47,16,-19,14,-42,6,-3,55,-9,26,-32,19,-24,38,-21,16,880,376,126,126,-46,102,198,39,1,-10,39,-1,15,-18,9,-1,12,7,8,15,18,7,21,-12,16,-34,28,-4,15,12,2,26,13,3,11,-7,10,-39,49,-23,28,9,21,-11,27,-18,7,-27,11,-9,60,23,34,-21,164,54,-4,102,-16,169,-28,167,-39,165,-50,162,-61,158,-7,15,-463,719,-100,105,-126,116,-133,108,-139,98,-146,90,-152,79,-157,70,-161,60,-165,49,-167,38,-170,28,-171,17,-172,5,-172,-5,-171,-17,-170,-28,-167,-38,-165,-49,-161,-60,-157,-70,-152,-79,-144,-89,191,2008,-502,348,-2152,167,-2562,-5234],[-864076,121365,5,35,0,-1,-5,-34],[-863468,121736,53,74,48,66,-101,-140]]]
3618030	r	-87.0987,12.1877,-86.5994,12.7155	[[[-870987,124175,273,-288,564,-319,128,-154,2047,-1229,249,-211,64,-97,104,46,162,86,156,95,122,86,1124,2295,-3,96,-18,179,-30,179,-42,176,-53,173,-65,169,-76,164,-87,160,-97,153,-107,147,-116,140,-126,132,-134,123,-142,115,-150,105,-156,95,-162,86,-167,74,-172,64,-176,52,-179,41,-181,30,-178,17,-2376,-2980]]]
3617723	p	3617763
3620381	r	-87.4213,12.4175,-86.8763,12.9112	[[[-874213,127058,765,-866,30,49,78,95,28,54,54,-174,45,-104,83,-84,625,-475,124,-51,78,-72,114,-107,262,-324,163,-140,-102,371,62,0,225,-420,86,-65,138,-40,128,-101,249,-269,-218,42,-229,91,-196,128,-115,149,26,-231,690,-304,33,-35,2224,2790,-1,3,-50,161,-60,158,-71,154,-81,149,-91,143,-100,137,-109,131,-118,123,-125,115,-133,107,-139,99,-61,36,-44,-55,-68,63,-129,104,-136,96,-142,86,-148,78,-152,68,-157,58,-160,47,-163,38,-165,26,-167,17,-167,5,-167,-5,-167,-17,-165,-26,-163,-38,-160,-47,-157,-58,-152,-68,-148,-78,-142,-86,-136,-96,-129,-104,-122,-113,-115,-120,-106,-127,-97,-133,-89,-140,-78,-145,-70,-150,-59,-154,-48,-157,-38,-160,-5,-32]]]
3617708	r	-86.277,12.57,-85.4269,13.2179	[[[-862770,126508,502,-348,1955,-460,6030,3249,3,35,11,316,-11,316,-31,316,-53,312,-73,308,-94,303,-113,297,-134,288,-152,279,-170,269,-139,191,-3063,-1460,-62,287,-216,-180,-10,3,-15,-7,-3,7,-6,-2,2,10,-19,1,-10,13,-13,-3,-7,7,-16,-14,-13,6,-34,-19,-10,2,-6,-17,-24,-13,-3,-12,-8,-1,-15,-40,-15,-4,-5,-11,-21,0,2,8,-9,6,-16,-5,-15,1,-1,6,-6,-18,-14,-4,-7,4,-1,-9,-8,14,-9,-2,2,9,-13,6,-16,-6,-3,-16,-11,-5,-46,6,-56,-20,-20,-27,4,-52,-35,-16,-3,-13,22,-23,5,-26,-41,-22,-20,-58,1,-25,-4,-5,-13,0,-13,-19,-12,-2,6,-11,-8,-7,-4,-17,-11,-1,-1,-15,-4,-20,11,-21,-16,-15,3,-9,-6,-11,-18,-14,-4,-22,-357,-2,-8,-8,-57,-5,-24,6,-27,-17,-13,8,-29,-8,-19,-21,-1,-10,-46,-12,5,-12,-42,-32,6,-11,-5,-23,-12,-6,5,-33,23,-33,-3,-25,8,-4,1,-16,9,-4,3,-17,-17,-3,-31,22,-15,-4,0,10,-27,11,-9,-9,-6,11,-9,-13,-33,3,-32,-18,-15,4,-39,-26,-11,5,-103,-21,-46,-136,-1585,-756,-970,-2543]]]
3619194	r	-86.8319,12.6508,-86.1647,13.4056	[[[-868319,130900,10,-303,30,-301,51,-299,59,-250,715,-1141,2532,-1931,2152,-167,970,2543,0,2019,26,5,127,16,-153,176,0,2789,-753,-146,-275,-53,-1030,-554,-1,-1,-1690,-909,-2,-1,-2768,-1488,0,-4]]]
3619136	r	-86.0569,11.6598,-85.5716,12.2147	[[[-860569,118360,592,-1762,1864,436,1409,62,-69,250,185,44,517,1312,-874,2732,-927,475,-275,-145,1,3,17,10,-6,2,4,9,-10,3,-2,14,7,2,-6,10,7,3,-8,23,18,23,-9,1,5,6,-7,7,-3,22,-9,10,5,3,-11,8,4,5,-18,-3,5,10,-12,3,4,9,-8,3,2,4,-12,-2,-7,6,4,6,-11,0,6,15,-10,0,1,9,-14,4,-11,-4,-6,33,-19,5,-7,31,13,6,-11,14,14,19,0,11,-290,-94,-34,21,-60,-23,-11,9,-7,27,-27,18,-21,11,-28,-9,-49,23,-10,39,-11,7,-13,-3,-2,-26,-15,-12,-28,4,-16,34,-21,12,-18,-7,-8,-15,-12,-7,-9,1,-15,18,-39,1,-1,10,-198,-39,46,-102,-126,-126,-880,-376,21,-16,24,-38,32,-19,9,-26,3,-55,42,-6,19,-14,47,-16,36,7,13,-6,41,-71,29,-16,190,-256,-228,-121,-189,-676,170,-43,23,-33,-2,-47,-16,-36,1,-61,-89,-72,-64,6,-45,-32,-43,-17,-20,4,-18,12,-16,-90,-13,-38,-17,-18,15,-6,-22,-14,-39,-42,-14,-28,-24,-33,-8,-13,-51,-68,38,-236,-254,-909]],[[-856079,117509,363,84,-41,128,-322,-212]]]
3617697	p	3617763
3618929	r	-86.1801,12.905,-85.4678,13.6275	[[[-861800,129051,1585,756,46,136,103,21,11,-5,39,26,15,-4,32,18,33,-3,9,13,6,-11,9,9,27,-11,0,-10,15,4,31,-22,17,3,-3,17,-9,4,-1,16,-8,4,3,25,-23,33,-5,33,12,6,5,23,-6,11,42,32,-5,12,46,12,1,10,19,21,29,8,13,-8,27,17,24,-6,57,5,8,8,357,2,4,22,18,14,6,11,-3,9,16,15,-11,21,4,20,1,15,11,1,4,17,8,7,-6,11,12,2,13,19,13,0,4,5,-1,25,20,58,41,22,-5,26,-22,23,3,13,35,16,-4,52,20,27,56,20,46,-6,11,5,3,16,16,6,13,-6,-2,-9,9,2,8,-14,1,9,7,-4,14,4,6,18,1,-6,15,-1,16,5,9,-6,-2,-8,21,0,5,11,15,4,15,40,8,1,3,12,24,13,6,17,10,-2,34,19,13,-6,16,14,7,-7,13,3,10,-13,19,-1,-2,-10,6,2,3,-7,15,7,10,-3,216,180,62,-287,3063,1460,561,267,-63,205,-128,333,-150,325,-171,314,-192,303,-212,289,-230,276,-249,260,-265,244,-281,226,-295,207,-309,189,-321,168,-331,147,-340,125,-348,104,-353,81,-209,33,-2675,-2219,0,-2789,153,-176,-127,-16,-26,-5,0,-2019]]]
3619267	p	3620381
3617459	r	-84.7076,11.4459,-84.2124,11.9342	[[[-847076,116900,5,-160,16,-159,27,-157,36,-156,47,-153,57,-149,67,-146,77,-141,85,-135,95,-130,102,-124,111,-116,118,-109,126,-102,131,-93,138,-84,143,-75,147,-66,152,-57,155,-46,158,-36,160,-26,161,-16,162,-5,162,5,161,16,160,26,158,36,155,46,152,57,147,66,143,75,138,84,131,93,126,102,118,109,111,116,102,124,95,130,85,135,77,141,67,146,57,149,47,153,36,156,27,157,16,159,5,160,-5,160,-16,159,-27,157,-36,156,-47,153,-57,149,-67,146,-77,141,-85,135,-95,130,-102,124,-111,116,-118,109,-126,102,-131,93,-138,84,-143,75,-147,66,-152,57,-155,46,-158,36,-160,26,-161,16,-162,5,-162,-5,-161,-16,-160,-26,-158,-36,-155,-46,-152,-57,-147,-66,-143,-75,-138,-84,-131,-93,-126,-102,-118,-109,-111,-116,-102,-124,-95,-130,-85,-135,-77,-141,-67,-146,-57,-149,-47,-153,-36,-156,-27,-157,-16,-159,-5,-160]]]
3616035	p	3617763
3618908	r	-85.6945,11.4606,-84.672,12.7264	[[[-856945,121434,874,-2732,-517,-1312,-116,-294,625,413,322,212,41,-128,2239,-1497,2227,-1489,4530,9254,-15,38,-200,436,-230,422,-256,407,-284,389,-308,370,-333,349,-354,328,-376,303,-396,279,-134,82,-5736,-4557,-291,-231,-1312,-1042]]]
3828262	p	3617763
3620680	r	-84.0165,11.7574,-83.6658,12.2627	[[[-840165,120100,5,-165,17,-165,27,-163,38,-161,49,-158,59,-155,69,-150,79,-146,89,-140,98,-135,106,-128,115,-120,123,-113,129,-105,137,-96,142,-88,148,-78,153,-68,157,-58,161,-48,164,-38,165,-27,167,-16,168,-5,168,5,167,16,165,27,164,38,139,41,-202,798,-96,82,-167,-5,-89,-39,-55,-102,-68,-195,14,-77,42,-65,-11,-46,-147,-16,-101,12,-98,35,-73,52,-86,193,-136,154,-160,143,-131,87,42,87,84,91,98,72,86,29,57,38,185,236,38,28,52,18,56,29,52,61,13,67,-23,63,-34,57,-17,55,20,73,89,185,21,90,-8,132,-22,123,-41,107,-59,79,-245,98,-122,73,53,33,413,-123,179,6,57,191,17,161,151,217,37,169,-29,132,-70,105,-168,173,-75,0,-129,-136,-160,92,-14,149,303,31,188,-87,176,-169,131,-195,52,-170,-80,-230,-145,-98,-85,-107,105,-254,249,-306,71,-170,-41,-206,75,28,68,40,-76,215,-73,1280,201,1075,-117,43,-161,48,-164,38,-165,27,-167,16,-168,5,-168,-5,-167,-16,-165,-27,-164,-38,-161,-48,-157,-58,-153,-68,-148,-78,-142,-88,-137,-96,-129,-105,-123,-113,-115,-120,-106,-128,-98,-135,-89,-140,-79,-146,-69,-150,-59,-155,-49,-158,-38,-161,-27,-163,-17,-165,-5,-165]],[[-837361,119418,23,-360,76,-272,64,-83,-6,134,-58,365,17,161,52,182,69,164,66,102,5,32,-4,19,-12,8,-15,3,-206,-140,-71,-315]]]
3617448	r	-86.7701,13.3857,-86.1448,13.872	[[[-867701,137263,590,-412,3718,-2599,565,-395,275,53,153,140,145,152,135,161,124,169,112,177,101,184,87,189,75,195,62,199,48,203,35,206,21,207,7,208,-7,208,-21,207,-35,206,-48,203,-62,199,-75,195,-87,189,-101,184,-112,177,-124,169,-135,161,-145,152,-156,142,-34,28,-251,-263,-117,-180,11,-19,-12,-42,3,-38,-6,-17,-53,-8,-63,-236,-58,-151,-116,-128,-149,-71,-184,-44,-516,-33,-70,10,-94,30,-60,41,-157,159,-147,-21,-134,-69,-145,-45,-177,49,-332,177,-394,-22,-816,-152,-436,53,-209,-17,-227,-112,-115,-78,-48,-40,-17,-61,-22,-129]]]
3617154	r	-84.3853,13.0791,-82.7257,15.0121	[[[-843853,140400,22,-636,64,-633,106,-627,148,-620,189,-609,229,-595,269,-579,307,-561,344,-541,379,-517,413,-491,445,-465,476,-434,503,-404,530,-370,553,-336,574,-300,593,-263,610,-224,623,-185,634,-144,468,-75,-256,1516,-56,122,75,63,-71,138,-19,241,109,1287,179,661,209,497,2,192,42,239,-15,490,212,1020,25,120,385,1262,240,928,139,319,201,277,476,325,71,122,51,165,358,424,831,1304,272,631,48,342,-52,393,-485,1371,-83,477,-94,187,-21,56,-166,744,-225,1008,-90,87,-72,-71,6,-229,-82,135,-105,99,-115,33,-113,-61,84,-34,184,-110,73,-62,-153,-185,-152,48,-144,135,-131,77,-68,91,-108,411,-137,107,-34,-44,-97,-100,105,238,442,553,197,178,118,72,162,59,143,-33,62,-200,28,-202,107,-258,8,-189,-77,95,-100,36,-114,-15,-119,-54,0,-62,89,-54,32,7,78,47,-1,-67,-8,-49,-20,-46,-34,-56,0,75,-84,-97,-28,-48,-24,-59,344,133,120,89,82,125,24,98,19,214,25,97,52,72,127,121,27,47,35,138,90,169,122,144,128,60,74,114,96,212,121,117,146,-169,91,94,87,39,-467,106,-236,-105,-443,7,-42,-7,-121,46,-74,50,8,53,119,56,-441,46,-171,-12,-152,-96,-51,133,-16,9,-339,11,-117,-4,-138,-148,-202,-117,-235,-27,-92,49,-122,181,-19,19,-286,-28,54,-78,-53,-66,-16,-62,-6,-151,-98,88,-56,-43,-13,-116,30,-134,-56,26,-148,42,22,-30,27,-71,19,-35,-144,-42,-249,-193,-245,-89,-49,-108,-21,-135,-43,-122,-75,0,-85,105,-184,53,-221,11,-199,-26,-186,-87,-39,-111,95,-287,-74,0,-38,86,-74,45,-103,14,-127,-8,21,-155,-208,-79,-558,-33,72,-117,49,-49,78,-51,-185,-2,-198,-62,-178,-96,-122,-107,-58,72,-35,24,-39,11,-72,29,49,-94,12,-42,-128,33,-161,168,-120,66,-50,-229,-2,-92,52,-83,-989,-51,-172,20,-19,78,-41,22,-470,-429,-445,-465,-413,-491,-379,-517,-344,-541,-307,-561,-269,-579,-229,-595,-189,-609,-148,-620,-106,-627,-64,-633,-22,-636]],[[-828083,143664,44,-4,531,-45,183,81,68,278,-33,164,-88,81,-132,1,-163,-79,-73,-94,-36,-115,-66,-112,-161,-88,5,-39,-12,-25,-21,-5,-7,1,-39,0]]]
3617052	r	-86.1721,11.0809,-85.3178,11.7593	[[[-861721,115098,54,-172,40,-81,144,-128,436,-244,341,-356,267,-136,335,-401,155,-143,348,-97,33,-42,153,-107,47,-21,88,-63,1067,-1179,182,-267,94,-361,79,-177,141,-76,194,-30,499,-205,7,-3,241,387,183,392,281,374,334,137,286,-145,283,-251,323,-179,780,-285,70,84,195,269,177,281,158,291,138,302,119,309,97,317,76,322,55,326,32,329,11,331,-11,331,-32,329,-55,326,-76,322,-97,317,-28,71,-2239,1497,-363,-84,-625,-413,-1409,-62,-1864,-436,-1744,-1500]],[[-856773,117346,69,-250,116,294,-185,-44]]]
3618926	r	-86.4519,11.6018,-86.0078,11.9864	[[[-864519,118500,5,-162,16,-162,27,-160,38,-158,47,-156,58,-152,69,-148,77,-143,87,-138,96,-132,105,-126,113,-118,120,-111,127,-103,134,-95,140,-86,146,-76,150,-67,154,-58,158,-47,161,-37,162,-26,164,-16,165,-5,165,5,164,16,162,26,161,37,158,47,154,58,150,67,146,76,140,86,134,95,127,103,120,111,113,118,28,34,-491,1463,-1893,1504,-1109,-189,-803,-345,-12,-32,-47,-156,-38,-158,-27,-160,-16,-162,-5,-162]]]
3620674	r	-85.9061,12.2281,-85.4139,12.7119	[[[-859061,124700,6,-158,15,-158,27,-156,36,-154,47,-152,57,-148,66,-144,76,-139,85,-135,94,-129,102,-122,110,-115,118,-109,124,-100,131,-92,137,-84,142,-74,146,-66,151,-56,154,-46,157,-35,159,-26,160,-16,161,-5,161,5,160,16,159,26,157,35,154,46,151,56,25,11,1040,827,39,53,85,135,76,139,66,144,57,148,47,152,36,154,27,156,15,158,6,158,-6,158,-15,158,-27,156,-36,154,-47,152,-57,148,-66,144,-76,139,-85,135,-94,129,-102,122,-110,115,-118,109,-124,100,-131,92,-137,84,-142,74,-146,66,-151,56,-154,46,-157,35,-159,26,-160,16,-161,5,-161,-5,-160,-16,-159,-26,-157,-35,-154,-46,-151,-56,-146,-66,-142,-74,-137,-84,-131,-92,-124,-100,-118,-109,-110,-115,-102,-122,-94,-129,-85,-135,-76,-139,-66,-144,-57,-148,-47,-152,-36,-154,-27,-156,-15,-158,-6,-158]]]
3616232	r	-86.7664,13.238,-86.3393,13.6851	[[[-867664,136390,23,-17,87,-64,38,-65,7,-160,-62,-320,1,-20,4,-150,323,-1200,-16,-156,-128,-276,-15,-143,38,-99,60,-31,68,-16,64,-57,73,-127,21,-61,59,-286,-21,-154,-78,-131,-67,-61,11,-9,138,-83,143,-75,147,-65,151,-56,155,-46,158,-36,159,-26,161,-15,162,-5,162,5,89,8,1690,909,20,24,95,129,85,135,76,139,67,145,57,148,47,152,19,78,-3718,2599,-63,-38,-131,-93,-125,-100,-118,-108,-111,-116,-5,-6]]]
