2747891	n	4.4349,51.8146,4.5502,51.9904	[[[44350,518588,626,-442,526,343,-372,1403,-425,12,-355,-179,0,-1137]]]
2759794	n	4.7196,52.153,5.1159,52.4509	[[[47197,523529,553,-417,0,-1029,1249,-553,465,217,366,94,1329,1169,-486,732,-43,227,57,321,-1392,219,-594,-359,-572,-143,-460,43,-310,0,-162,-521]]]
2747373	n	4.01,51.9682,4.4062,52.1661	[[[40100,519801,79,-119,1025,91,2734,883,124,444,-627,561,-588,-532,-1428,-1073,-342,-137,-387,-40,-465,65,-69,-67,-56,-76]]]
2745912	n	4.8906,52.0412,5.175,52.1841	[[[48906,521126,2844,-714,0,1095,-1920,334,-366,-94,-465,-217,-93,-404]]]
2755251	n	6.1948,53.1044,6.9451,53.446	[[[61949,532200,18,-222,54,-219,90,-215,124,-209,140,-179,23,0,4537,-78,1983,-34,90,90,157,201,124,209,90,215,54,219,18,222,-18,222,-54,219,-90,215,-124,209,-157,201,-189,190,-220,178,-247,165,-273,149,-295,132,-316,114,-333,95,-346,75,-357,54,-364,32,-338,10,-786,-73,-867,-152,-145,-41,-316,-114,-295,-132,-273,-149,-247,-165,-220,-178,-189,-190,-157,-201,-124,-209,-90,-215,-54,-219,-18,-222]]]
2756253	n	5.1559,51.2181,5.6901,51.596	[[[51559,513419,64,-85,181,-190,64,-54,105,-7,176,-140,1,-71,102,-71,262,-149,103,-48,90,14,1027,-27,157,-4,208,48,32,14,388,172,197,60,216,-16,235,-93,93,-76,92,-76,71,-193,32,-228,35,-18,13,1,343,54,333,75,319,95,304,114,98,46,-2002,3394,-1606,-419,-1733,-2122]]]
2746301	n	4.8895,51.3346,5.3292,51.6991	[[[48895,513979,208,-60,216,37,252,154,195,165,36,30,156,162,69,123,34,93,60,60,154,25,28,-24,300,-124,196,-235,-35,-166,-111,-160,-36,-216,64,-98,345,-238,52,-87,35,-74,141,4,269,25,1769,2166,-2565,1450,-1406,-1354,-426,-1658]]]
2758401	n	4.5653,51.3979,4.9321,51.6912	[[[45653,516699,1122,-2255,537,412,330,106,145,-8,181,-44,168,-69,103,-85,22,-150,-62,-144,-45,-151,73,-174,-436,127,-113,-10,-57,-120,212,-58,700,-15,184,-31,178,-51,426,1658,-2538,1275,-1130,-213]]]
2750053	n	5.6369,51.6221,6.1561,51.9317	[[[56369,518905,1312,-2331,1775,-353,99,15,336,75,322,95,306,114,74,34,-278,76,-229,182,134,283,-99,64,-224,105,-114,34,-291,-4,-99,25,8,107,60,37,163,101,17,202,-133,193,-228,108,35,90,166,73,408,45,193,51,207,95,144,48,407,68,240,-40,85,-14,235,-38,161,-24,-134,131,-254,165,-3712,599,-1092,-411]]]
2759879	n	5.063,52.2829,5.4984,52.5231	[[[50630,523969,43,-227,486,-732,2395,-181,1430,462,-2771,1940,-187,-39,-1339,-902,-57,-321]]]
2755003	n	4.4704,52.2941,4.7359,52.4242	[[[44704,522943,3,-1,2490,587,162,521,-123,113,-1667,79,-488,-878,-377,-421]]]
2759661	n	5.7461,51.8634,6.2747,52.105	[[[57461,519316,3712,-599,-63,41,-56,37,-124,58,218,74,122,40,322,-94,322,-161,305,-78,97,100,153,201,120,209,87,215,53,219,17,222,-17,222,-53,219,-82,204,-802,270,-3411,335,-920,-1734]]]
2747351	n	5.0345,51.5541,5.5145,51.8879	[[[50345,518259,382,-1268,2565,-1450,1606,419,247,153,-2335,2766,-2465,-620]]]
2756071	n	6.6305,52.0422,7.0482,52.3968	[[[66305,520671,103,-70,266,-149,66,-30,-10,79,69,104,90,26,105,5,120,37,35,27,46,36,81,127,53,57,170,109,160,55,57,4,591,41,126,71,221,278,194,125,429,116,200,109,234,235,51,36,1,3,32,40,2,40,14,25,43,28,-1,18,66,19,51,-1,65,15,77,-10,6,-7,13,4,22,-8,110,41,28,52,-25,28,-59,67,-88,213,6,183,72,151,147,210,54,76,84,365,-140,257,-61,60,-3976,-3297]]]
13696813	p	2759794
13696817	p	2759794
13696818	p	2759794
2744114	n	4.7236,52.4007,4.9295,52.5446	[[[47236,524163,123,-113,310,0,460,-43,572,143,594,359,-528,369,-602,568,-732,-92,-197,-1191]]]
2759821	n	5.2651,52.0542,5.6739,52.3291	[[[52651,521637,1271,-1095,2178,1073,639,501,-239,1044,-1516,131,-1430,-462,-903,-1192]]]
2759706	n	5.65,52.0715,6.1792,52.3977	[[[56500,523160,239,-1044,1642,-1066,3411,-335,-2076,2973,-1916,289,-1300,-817]]]
13696815	p	2759794
2753801	n	4.4707,52.2083,4.775,52.3529	[[[44707,522942,1391,-749,1652,-110,0,1029,-553,417,-2490,-587]]]
2743477	n	5.78,52.3688,6.3873,52.7361	[[[57800,523977,1916,-289,3856,407,301,432,-847,2418,-76,35,-311,114,-327,95,-341,75,-351,54,-358,32,-362,11,-362,-11,-358,-32,-351,-54,-341,-75,-327,-95,-311,-114,-291,-132,-268,-149,-243,-165,-216,-178,-32,-32,0,-2347]]]
2751792	n	5.4351,52.9739,6.1849,53.4035	[[[54351,532000,18,-222,54,-219,89,-215,124,-209,158,-201,189,-190,219,-178,247,-165,273,-149,295,-132,316,-114,332,-95,347,-75,357,-54,364,-32,367,-11,367,11,364,32,357,54,347,75,332,95,316,114,295,132,273,149,247,165,219,178,189,190,158,201,124,209,89,215,54,219,18,222,-18,222,-54,219,-89,215,-124,209,-158,201,-189,190,-219,178,-247,165,-273,149,-295,132,-316,114,-143,41,-587,-181,-229,-11,-361,-155,-1601,-387,-349,-181,-479,-49,-202,-43,-181,-111,-156,-137,-169,-114,-368,-96,-216,-114,-352,-247,-121,-182,-2,-27]]]
2751283	n	5.6223,50.7521,5.8657,51.0613	[[[56223,508527,22,-224,162,-153,121,-53,46,-21,59,-25,216,-66,156,-29,-18,-118,-103,-230,182,-66,108,-14,104,14,50,47,108,102,88,43,101,-24,66,-46,138,-97,103,-46,725,12,-843,3070,-18,10,-81,-32,-51,-97,-24,-132,136,-116,-159,-244,-393,-398,223,38,96,-1,97,-37,-115,-122,-172,-232,-129,-123,-48,-25,-116,-26,-115,-29,-722,-510]]]
2751773	n	4.3435,52.11,4.6098,52.2943	[[[43435,521661,627,-561,1524,0,512,1093,-1391,749,-3,1,-635,-708,-634,-574]]]
2756669	n	4.47,51.6699,4.9974,51.9096	[[[44700,516969,953,-270,1130,213,3191,1428,-934,656,-1389,100,-2149,-607,-526,-343,-276,-1177]]]
7648384	p	2759794
2743856	n	4.3938,51.9891,4.6107,52.11	[[[43938,520656,767,-752,425,-12,715,187,262,544,-521,477,-1524,0,-124,-444]]]
2745641	n	5.8358,51.1449,6.2078,51.5906	[[[58358,512867,18,-32,151,-201,182,-190,210,-178,237,-165,262,-149,283,-132,303,-114,319,-95,333,-75,342,-54,349,-32,37,-1,89,74,-210,123,228,117,80,30,-230,49,-498,-215,-235,82,-71,185,29,223,86,199,102,111,211,161,513,594,104,64,254,111,100,88,53,125,31,219,58,88,-151,113,14,184,76,212,36,198,-48,182,-22,98,-49,229,-1,0,-403,291,-149,128,-234,202,-224,192,-267,-42,-333,-75,-319,-95,-35,-13,-1611,-2814]]]
2756987	n	5.9715,52.0432,6.4799,52.4095	[[[59716,523688,2076,-2973,842,-283,31,4,339,75,326,95,308,114,290,132,266,149,242,165,215,178,148,151,-14,313,-1213,2287,-3856,-407]]]
2757345	n	4.1204,51.9607,4.4705,52.0657	[[[41204,519773,2204,-166,942,118,355,179,-767,752,-2734,-883]]]
2759899	n	4.6097,52.5354,4.9077,52.796	[[[46097,525650,1336,-296,732,92,911,601,-162,1887,-2221,26,-95,-307,-27,-151,-178,-495,-296,-1357]]]
2754652	n	5.7814,50.7475,6.0637,51.1061	[[[57814,510603,843,-3070,142,2,114,-23,109,-22,726,-15,201,24,22,130,-65,61,-100,44,-76,84,-42,128,152,-24,29,17,-10,-1,-10,11,-47,2,-10,12,-44,18,10,43,21,27,8,-4,15,11,11,29,36,17,64,-23,83,-45,40,90,-22,92,-9,86,88,101,85,31,11,27,33,1,34,13,5,-5,16,4,59,28,85,8,19,13,11,-1,50,18,7,12,14,1,29,17,17,-5,3,-34,57,96,3,80,-85,206,19,66,53,54,19,40,-326,72,-236,94,-76,53,-26,80,-15,144,39,83,61,84,-21,52,-359,-27,-262,55,-139,12,-135,-25,-259,-81,-137,-17,-10,252,-154,287,-57,235,280,93,138,-50,119,-97,134,-77,184,12,123,86,192,254,134,98,80,39,81,40,406,201,-247,23,-349,11,-349,-11,-345,-32,-339,-54,-329,-75,-316,-95,-25,-10,-54,-98,-54,-71,-76,-65,-99,53]]]
6544881	p	2759794
13696816	p	2759794
2754064	n	4.983,52.1507,5.3555,52.301	[[[49830,521841,1920,-334,901,130,903,1192,-2395,181,-1329,-1169]]]
2754394	n	6.4785,52.0668,7.0281,52.4506	[[[64785,521808,14,-313,50,-51,214,-178,242,-165,267,-149,289,-132,309,-114,131,-38,3980,3300,-540,538,-122,-67,-11,-11,-93,-53,-23,-5,-4707,-2562]]]
2748413	n	4.8164,52.429,5.2026,52.6047	[[[48165,525446,602,-568,528,-369,1392,-219,1339,902,-2950,855,-911,-601]]]
2751738	n	5.2213,52.316,5.78,52.7361	[[[52213,525231,2771,-1940,1516,-131,1300,817,0,2347,-32,32,-216,178,-243,165,-268,149,-291,132,-311,114,-327,95,-341,75,-351,54,-358,32,-362,11,-362,-11,-358,-32,-12,-2,-1755,-2085]]]
2759798	p	2759794
2747930	n	4.2774,51.4176,4.6775,51.6969	[[[42774,516664,1321,-2116,199,72,537,123,295,31,126,-15,80,-83,-14,-167,-84,-125,-19,-98,191,-85,133,-8,288,33,319,-50,155,6,135,32,103,48,236,182,-1122,2255,-953,270,-1926,-305]]]
2749234	n	5.281,51.6113,5.7681,51.9125	[[[52810,518879,2335,-2766,2536,461,-1312,2331,-269,54,-2861,166,-91,-31,-338,-215]]]
2747596	n	4.3408,51.8588,4.435,51.9725	[[[43408,519607,469,-885,473,-134,0,1137,-942,-118]]]
2746932	n	3.9665,51.6664,4.4976,51.8914	[[[39665,518400,18,-222,30,-125,102,47,283,-121,241,-137,169,-207,63,-332,144,-131,696,-133,253,-112,105,-68,-340,-18,-172,-45,-93,-63,1610,-69,1926,305,276,1177,-626,442,-473,134,-3570,192,-9,-31,23,-63,58,-41,67,-34,255,-218,75,-91,-122,-65,-104,-29,-74,-5,-41,5,-279,94,-334,47,-151,-7,-6,-76]]]
2754447	n	5.4898,51.2549,5.9946,51.6574	[[[54898,515960,2002,-3394,10,-17,43,1,350,32,344,54,333,75,320,95,30,11,28,49,0,1,1588,2774,-14,24,-152,201,-182,190,-211,178,-1706,340,-2536,-461,-247,-153]]]
2745467	n	4.0179,51.8722,4.3877,51.9773	[[[40179,519682,33,-49,190,-392,33,-154,-22,-32,-47,-39,-46,-55,-13,-47,3570,-192,-469,885,-2204,166,-1025,-91]]]
2759887	n	6.3572,52.1808,6.9492,52.4739	[[[63572,524095,1213,-2287,4707,2562,-227,-40,-263,-11,-282,28,-517,121,-791,69,-264,79,-174,123,-3101,-212,-301,-432]]]
2755420	n	4.5845,51.8996,4.904,52.11	[[[45845,520079,1806,-983,1389,-100,-151,2103,-2782,-476,-262,-544]]]
2744118	p	2744114
2759875	n	4.5586,52.0623,4.8999,52.2193	[[[45586,521100,521,-477,2782,476,17,27,93,404,-1249,553,-1652,110,-512,-1093]]]
2753638	n	4.8914,52.5192,5.3974,52.8651	[[[48914,527934,162,-1887,2950,-855,187,39,1761,2093,-110,142,-187,190,-216,178,-244,165,-269,149,-292,132,-311,114,-329,95,-342,75,-352,54,-359,32,-20,1,-2029,-717]]]
2759633	n	6.1868,52.7828,6.9325,53.1156	[[[61868,530000,18,-222,54,-219,89,-215,123,-209,157,-201,188,-190,218,-178,246,-165,272,-149,294,-132,314,-114,331,-95,345,-75,52,-8,7,1,2,0,1083,58,3616,2169,1,0,47,28,-11,138,-54,219,-89,215,-123,209,-140,179,-6510,112,-89,-90,-157,-201,-123,-209,-89,-215,-54,-219,-18,-222]]]
2745673	n	4.5569,52.4163,4.7433,52.565	[[[45569,524242,1667,-79,197,1191,-1336,296,-128,-584,-196,-257,0,-73,-87,-283,-117,-211]]]
2756429	n	5.61,51.8905,5.8381,52.2116	[[[56100,518959,269,-54,1092,411,920,1734,-1642,1066,-639,-501,0,-2656]]]
2759145	n	3.9483,51.284,4.4162,51.6747	[[[39483,514524,87,34,418,-27,163,-42,551,-299,201,-77,208,-43,899,-17,220,42,117,95,102,-45,19,-78,-5,-103,27,-122,63,-91,792,25,66,-200,97,11,168,-18,6,-8,-90,-44,330,-13,190,63,50,173,-61,98,-224,167,-78,90,7,102,66,78,20,71,-121,83,324,119,-1321,2116,-1610,69,-38,-25,-30,-85,3,-114,31,-115,50,-87,80,-60,100,-43,107,-25,394,-11,39,-1,126,-76,47,-188,-4,2,-235,124,-262,50,-895,28,-265,-47,-531,-157,791,-463,241,-89,150,-16,317,24,153,-8,414,-115,358,-40,93,-11,280,-102,208,-162,81,-216,-135,-228,-194,-33,-110,-19,-326,10,-197,-40,-197,64,-520,-45,-240,43,-148,125,-197,345,-132,157,-412,224,-486,123,-154,10,-36,-917]],[[39703,513856,16,-22,182,-190,211,-178,238,-165,262,-149,284,-132,304,-114,224,-66,262,129,265,227,128,110,56,99,75,233,3,24,-12,23,-205,75,-196,14,-63,-37,-172,-161,-346,18,-64,16,-100,51,-242,21,-111,24,-89,61,-112,155,-66,63,-144,57,-234,56,-216,7,-95,-89,-43,-160]],[[40027,516263,522,63,177,43,164,71,104,101,-21,161,-98,44,-48,1,-215,-99,-262,-149,-238,-165,-85,-71]]]
2758012	n	4.513,51.8489,4.7651,52.0079	[[[45130,519892,372,-1403,2149,607,-1806,983,-715,-187]]]
2750325	n	4.8888,51.8259,5.3148,52.1126	[[[48889,521099,151,-2103,934,-656,371,-81,2465,620,338,215,-1398,1318,-2844,714,-17,-27]]]
2745774	n	5.3239,51.8959,5.61,52.1615	[[[53239,519125,2861,-166,0,2656,-2178,-1073,-683,-1417]]]
2743977	n	5.175,51.9094,5.3922,52.1637	[[[51750,520412,1398,-1318,91,31,683,1417,-1271,1095,-901,-130,0,-1095]]]
2757220	n	4.6693,52.7934,5.1328,53.1797	[[[46693,527960,2221,-26,2079,735,51,66,124,209,89,215,53,219,18,222,-18,222,-1,4,-528,-286,-392,-105,-399,-32,-207,-46,-425,-223,-227,-78,-393,-16,-410,73,-234,183,150,306,-75,74,-99,-58,-615,58,-116,-87,-75,-206,-40,-238,-10,-186,-97,-328,-423,-665,-1,-6]],[[47077,530285,191,-254,352,-88,337,60,224,265,471,234,279,259,130,156,70,131,-205,0,0,62,173,78,3,158,-103,177,-141,139,56,48,0,3,-232,51,-220,33,-169,-167,-236,-300,-472,-245,-248,-243,-198,-296,-62,-261]]]
2754861	n	6.3023,52.4527,6.8352,52.7887	[[[63024,526951,849,-2424,3101,212,-23,17,-61,149,-15,176,-35,179,-123,157,166,9,555,171,-328,169,-70,65,-3,83,45,83,20,90,-84,104,173,77,179,79,335,63,647,7,-2691,1470,-1083,-58,-120,-35,-311,-114,-292,-132,-268,-149,-244,-165,-216,-178,-103,-105]]]
2756136	n	6.5661,52.626,7.1682,53.0056	[[[65661,527887,2691,-1470,302,3,530,-98,493,45,151,-39,357,-68,182,214,24,118,49,234,93,1080,87,334,102,173,77,131,820,782,63,97,-227,125,-292,132,-313,114,-329,95,-343,75,-354,54,-360,32,-187,6,-3616,-2169]]]
2749450	n	4.6783,51.5637,5.0727,51.8341	[[[46783,516912,2538,-1275,1406,1354,-382,1268,-371,81,-3191,-1428]]]
2750896	n	3.3494,51.2783,3.9519,51.7204	[[[33494,513752,83,-366,234,-134,285,-132,303,-114,320,-95,334,-75,128,-20,109,17,160,6,398,56,136,5,111,4,256,-26,456,-95,340,53,334,75,320,95,303,114,285,132,262,149,170,118,-239,-65,-242,-22,-381,69,-404,0,-213,57,-320,178,-975,175,-633,256,-157,-11,-148,-77,-1615,-327]],[[34470,515460,40,-163,109,-107,329,-181,120,-116,134,-159,152,-142,180,-61,566,-80,226,6,414,97,157,-11,391,-235,603,-186,273,-181,108,-30,107,11,129,52,359,24,154,51,113,104,297,351,52,20,36,917,-803,53,0,62,67,38,170,72,105,26,-93,146,-143,123,-161,93,-150,54,-222,19,-2685,-181,-1029,-395,-105,-91]],[[36867,516927,133,-121,206,-38,448,16,59,34,186,139,-98,37,-320,95,-334,75,-256,40,-24,-277]]]
