3143244	n	10.1747,59.5908,11.1207,60.3557	[[[101747,602564,2193,-2016,1872,-1721,130,-6,87,32,127,93,58,17,449,-74,80,55,65,106,79,68,224,-111,289,-55,126,-63,-75,-68,134,-319,-112,-358,-191,-380,-63,-231,1768,-1625,2220,301,-796,1132,-2425,3453,-1941,2763,-293,-22,-853,-108,-827,-149,-795,-190,-754,-228,-706,-264,-70,-32]],[[106269,598406,730,-671,-18,37,-178,501,-248,294,-286,-161]]]
3161732	n	4.9358,60.1656,5.7745,60.6161	[[[49358,602855,27,-104,79,-136,222,-149,300,-165,190,-85,54,236,128,-73,108,-134,78,-160,3,-18,128,-47,361,-108,81,93,-10,148,-25,141,-39,123,-57,97,-124,101,-278,137,-81,110,326,-7,148,127,-39,220,-232,274,-684,524,-203,366,-51,46,-85,26,-194,-46,-43,-90,100,-242,50,-82,89,-56,34,-82,-111,-159,43,-87,59,-266,73,-57,154,-48,130,-91,135,-55,164,58,-136,-273,-154,94,-152,14,-510,-58,-56,-57]],[[49724,605355,54,-112,128,-181,153,-78,125,22,132,40,124,18,97,-43,44,-101,10,-95,42,-57,148,12,0,-69,-46,-7,-29,-12,-61,-43,144,-93,539,-118,-135,-84,-36,-74,27,-149,66,-107,149,-6,525,170,120,130,4,174,-106,219,-440,303,-1238,215,-344,233,-196,-107]],[[51410,603514,62,-77,112,-20,403,-33,131,-54,165,-120,-308,18,-162,-7,-106,-49,-52,-93,-39,-129,8,-114,83,-49,1058,-137,338,7,-132,-165,-743,-381,280,-36,700,142,310,-45,0,-61,-269,-58,-119,-57,-90,-90,162,-86,522,-119,0,-45,363,26,296,37,2,2,364,151,415,261,102,39,34,125,382,522,97,76,63,208,147,231,181,209,161,138,12,-56,42,-92,14,-57,97,99,109,89,127,66,150,26,76,50,223,88,185,26,-42,-130,-134,-86,-352,-82,-166,-72,-69,-71,-73,-110,-55,-104,-13,-55,-87,-73,-263,-293,-55,-88,-59,-61,-129,-49,-119,-87,-35,-176,161,86,132,140,140,113,183,3,51,-84,-109,-115,-289,-204,261,48,303,5,166,91,265,178,230,190,190,201,151,209,108,215,65,219,22,222,-22,222,-65,219,-108,215,-151,209,-190,201,-74,61,6,-37,-1,-147,-57,-132,-177,-89,-241,-58,-168,-86,39,-170,-359,-136,-444,-23,-455,57,-516,144,-275,113,-514,352,-113,39,-208,97,-289,192,-305,140,-255,-59,-420,-332,-12,-154,261,-232,-44,-39,-86,-159,330,-298,147,-50,-323,-90,-879,16,-312,-205,-55,-167]],[[51752,606041,138,-102,338,-197,277,-108,243,-42,253,16,723,196,589,285,-226,29,-441,32,-446,11,-446,-11,-441,-32,-432,-54,-129,-23]],[[53240,605468,688,-347,428,-356,87,-54,149,-46,268,-222,161,-73,270,-20,798,88,29,43,49,94,78,94,120,42,264,-11,131,29,54,88,-72,475,-1,24,-27,18,-300,165,-331,149,-358,132,-382,114,-403,95,-186,-48,-411,-163,-107,-71,-88,-87,-58,-40,-230,-50,-473,-9,-147,-53]],[[55641,601995,84,25,83,31,-167,-8,0,-48]]]
3133880	n	9.8879,63.2039,10.8921,63.6561	[[[98879,634300,24,-222,73,-219,106,-190,203,103,129,173,192,332,-132,218,-482,276,-16,-30,-73,-219,-24,-222]],[[99237,635135,322,-70,68,-28,65,-35,47,-36,63,-32,55,16,58,33,69,18,426,16,393,58,861,294,272,41,112,33,236,145,130,34,788,0,153,20,312,90,349,32,142,30,1138,401,371,57,330,99,-176,38,-464,75,-477,54,-488,32,-492,11,-492,-11,-488,-32,-477,-54,-464,-75,-446,-95,-422,-114,-396,-132,-365,-149,-331,-165,-294,-178,-253,-190,-211,-201,-24,-30]],[[99287,633410,185,-176,253,-190,294,-178,331,-165,365,-149,396,-132,422,-114,446,-95,464,-75,477,-54,488,-32,492,-11,492,11,488,32,477,54,464,75,446,95,422,114,396,132,365,149,331,165,294,178,253,190,211,201,166,209,119,215,73,219,24,222,-21,189,-140,-29,-1,-1,-349,-19,-112,-34,-196,-194,-123,-38,-142,56,-249,157,-628,86,-56,50,-1135,-216,-307,42,-302,122,-341,76,-346,21,-318,-45,-286,-92,-138,-14,-184,32,-375,188,-167,28,-1445,-142,-620,-136,-103,-61,-236,-176,-105,-37,-87,-49,13,-116,69,-129,73,-90,123,-74,153,-42,1609,-172,210,-122,22,-30,46,-20,47,-31,22,-55,-13,-61,-26,-27,-24,-17,-12,-29,1,-232,-36,-87,-96,-57,-46,471,-122,119,-309,25,-724,-65,-396,26,-523,274,-336,96,-342,16,-479,-217,-26,-8]],[[106564,635485,152,3,159,31,147,55,122,75,158,69,381,22,57,15,-290,144,-279,114,-27,-22,-38,-58,-21,-55,-34,-41,-78,-17,-113,-45,-60,-99,-74,-94,-162,-34,0,-63]],[[107588,635175,189,-300,448,-116,614,-61,-15,43,-119,215,-166,209,-211,201,-145,109,-375,-85,-220,-215]]]
3137115	n	5.5232,58.9066,6.1657,59.1344	[[[55232,589914,178,-68,379,45,127,-120,-105,51,-105,-1,-102,-41,-99,-71,431,-210,228,-143,98,-100,-87,-179,841,16,-6,98,53,331,93,249,-1651,615,-80,-290,-68,-110,-125,-72]],[[55357,589460,75,-112,61,-140,12,-51,102,-91,558,11,-188,79,-298,274,-109,43,-106,74,-93,14,-14,-101]],[[55752,591240,264,-88,654,-148,837,-281,241,83,37,208,-26,113,-119,52,-249,65,-181,13,-231,-55,-204,23,-307,82,-120,8,-105,-5,-164,34,-143,-19,-85,-53,-99,-32]],[[57294,589099,2271,45,-224,218,-145,89,-371,142,-166,41,-124,16,-317,-16,-44,-36,21,-176,-14,-60,-173,-44,-467,21,-186,-52,-61,-188]],[[58727,590870,28,-208,164,-208,220,-173,202,-100,198,-17,385,87,167,5,109,-56,174,-172,134,-46,-189,-53,-255,-19,-223,-69,-90,-207,76,-117,396,-360,246,5,799,675,336,145,14,2,-45,157,-104,215,-144,209,-183,201,-220,190,-254,178,-287,165,-15,6,-148,-44,-988,-126,-324,-96,-179,-169]],[[60665,589166,871,17,37,76,63,219,21,222,-5,45,-387,-124,-212,-117,-274,-221,-114,-117]]]
3149318	n	7.5744,58.0403,8.3885,58.3761	[[[75744,581500,21,-222,61,-219,101,-215,141,-209,179,-201,35,-31,-15,120,79,-45,82,-20,181,-3,-73,191,103,27,321,-88,192,21,400,94,1606,119,405,113,-222,162,195,153,539,198,148,193,53,194,-55,196,-180,202,255,18,161,-208,144,-266,197,-153,-122,-85,-141,-54,-289,-71,109,-110,115,-132,55,-37,133,-29,327,-19,114,-49,130,-15,138,130,213,295,147,16,136,-132,156,-99,213,118,-8,53,1,116,21,52,26,63,217,81,87,74,141,176,-68,26,-136,36,-76,6,156,44,360,52,135,72,84,59,278,156,85,33,349,-28,-131,147,-214,190,-249,178,-281,165,-309,149,-336,132,-358,114,-377,95,-394,75,-405,54,-413,32,-417,11,-417,-11,-413,-32,-405,-54,-394,-75,-377,-95,-358,-114,-336,-132,-309,-149,-281,-165,-249,-178,-214,-190,-179,-201,-141,-209,-101,-215,-61,-219,-21,-222]]]
3159016	n	9.7543,59.5139,10.5786,59.9533	[[[97543,597400,22,-222,64,-219,106,-215,148,-209,187,-201,224,-190,261,-178,294,-165,324,-149,351,-132,375,-114,396,-95,411,-75,425,-54,432,-32,437,-11,437,11,360,27,-118,74,-201,181,-105,168,321,-10,634,-264,210,-45,167,30,53,13,52,29,91,230,41,281,7,248,-40,270,-117,202,-192,144,-628,190,-128,39,-155,15,-118,39,-191,179,-136,48,145,150,280,9,297,-77,357,-205,150,-11,52,2,13,1,67,3,106,-43,34,-24,231,-162,54,-53,57,-116,28,-89,40,-204,119,-345,18,-96,-68,-438,5,-95,247,75,351,132,324,149,294,165,261,178,80,69,-736,466,-4511,2854,-244,-44,-396,-95,-375,-114,-351,-132,-324,-149,-294,-165,-261,-178,-224,-190,-187,-201,-148,-209,-106,-215,-64,-219,-22,-222]]]
3147465	n	10.7611,59.7339,11.4986,60.1861	[[[107611,601328,2800,-3987,89,-2,440,11,435,32,427,54,415,75,398,95,377,114,354,132,326,149,296,165,262,178,226,190,189,201,148,209,107,215,65,219,21,222,-21,222,-65,219,-107,215,-148,209,-189,201,-226,190,-262,178,-296,165,-326,149,-354,132,-377,114,-398,95,-415,75,-427,54,-435,32,-440,11,-440,-11,-435,-32,-427,-54,-415,-75,-398,-95,-377,-114,-354,-132,-43,-20]]]
3140321	n	5.478,58.6239,6.1741,58.9183	[[[54780,587547,289,-248,113,-157,82,-199,215,-273,140,-230,120,-29,401,-75,413,-54,421,-32,426,-11,426,11,421,32,413,54,401,75,386,95,365,114,342,132,316,149,286,165,254,178,219,190,182,201,144,209,103,215,63,219,11,120,-381,-2,-426,76,-1225,564,-126,99,-9,9,-2271,-45,-138,-426,-126,203,-14,217,-841,-16,-1,-4,-9,4,-558,-11,15,-13,84,-52,19,-61,-84,-125,-104,-39,-145,-26,-87,-63,64,-151,28,-198,0,-183,-43,-166,-87,-148,-315,-181,-172,-113]],[[60223,589157,116,-105,130,110,-246,-5]],[[60576,589020,72,-166,172,-146,206,-110,164,-62,551,-29,-20,215,-63,219,-103,215,-19,27,-871,-17,-28,-30,-61,-116]]]
3156529	n	10.6957,59.0194,11.216,59.4299	[[[106957,593084,50,-17,83,43,155,188,102,43,95,-36,85,-78,107,-74,157,-24,-175,-194,-179,-255,-105,-271,49,-242,113,72,125,210,111,72,-66,-203,178,-255,-51,-169,229,-6,209,-248,183,-26,68,52,4,72,19,66,112,28,111,13,102,32,193,91,-44,-159,29,-169,73,-142,85,-76,177,-18,99,89,8,156,-86,183,123,1,409,-76,89,-34,95,-132,189,-73,131,-81,-73,-157,586,0,80,62,-18,143,-96,273,194,-251,117,-84,167,-1,118,78,33,71,-3833,2728,-52,-10,-195,-48,-469,-1157]],[[108291,590994,93,-130,34,-62,39,-44,100,-16,141,29,50,-14,27,-45,63,10,233,184,73,101,-6,109,-33,48,-129,-8,-257,-91,-146,-74,-16,33,34,36,59,30,29,43,-27,33,-97,-12,-129,-54,-101,-56,-34,-50]],[[109915,590336,93,-40,82,-4,26,-38,19,-38,47,-22,123,14,159,60,85,91,-44,64,11,38,132,54,107,70,69,94,6,94,-73,32,-54,-12,-7,-17,9,-27,-229,-17,-78,12,4,66,-58,79,-136,24,-175,-48,-101,-99,2,-143,-19,-154,0,-133]],[[111702,591348,122,-188,336,-55,-418,298,-40,-55]]]
3140390	n	9.834,58.9565,10.3256,59.3048	[[[98340,590234,221,-190,256,-178,288,-165,291,-136,178,2,263,42,311,122,186,204,-166,402,167,-26,202,-82,57,-48,171,32,273,141,141,32,309,130,146,7,63,-168,-78,-80,-362,-129,-112,-95,263,-52,342,54,320,111,208,126,44,114,-63,98,-93,87,-53,77,14,115,100,228,17,134,67,0,290,-643,24,-114,70,92,-14,469,40,196,99,-146,46,-154,61,-142,142,-104,-110,250,-89,302,28,197,239,-66,-19,117,14,197,39,202,85,170,-3361,1082,-1555,-2814]]]
3162657	n	10.0607,59.6166,10.7906,60.0548	[[[100607,599491,5254,-3325,249,45,1,0,-6,23,-114,206,-164,181,-195,77,-234,52,-209,140,-167,197,-110,226,-55,266,-12,307,22,146,19,131,101,174,-249,77,16,86,327,215,214,108,237,18,280,-14,-1872,1721,-412,-30,-425,-54,-413,-75,-396,-95,-377,-114,-352,-132,-325,-149,-294,-165,-262,-178,-77,-65]],[[105602,597262,153,-266,220,-150,171,126,31,-341,83,-258,66,-110,180,43,377,114,352,132,325,149,294,165,52,35,-687,632,-41,-152,-179,354,-730,671,-123,-69,-129,-198,-245,-475,-140,-180,-30,-222]]]
3140084	n	10.7737,59.0988,11.5496,59.5061	[[[107737,594254,3769,-2683,25,54,-29,127,-147,80,312,89,97,47,46,-87,-5,-38,-25,-36,-16,-84,22,-73,45,-49,70,-49,35,23,81,-50,50,-68,-58,-35,-178,7,-84,-20,-5,-6,418,-298,6,-1,972,48,308,-38,259,-107,17,-19,167,64,320,149,289,165,257,178,222,190,185,201,145,209,105,215,63,219,21,222,-21,222,-63,219,-105,215,-145,209,-185,201,-222,190,-257,178,-289,165,-320,149,-347,132,-370,114,-390,95,-406,75,-418,54,-427,32,-431,11,-431,-11,-427,-32,-418,-54,-406,-75,-390,-95,-370,-114,-347,-132,-320,-149,-254,-145]]]
3134331	n	9.9835,59.1966,10.7404,59.4925	[[[99836,593236,59,-188,3361,-1082,28,56,19,75,44,51,273,48,28,64,-40,119,3,73,-20,199,17,62,108,24,446,-86,350,-161,184,-12,80,204,95,159,176,93,95,95,-155,169,-370,160,-172,131,23,158,254,292,81,182,-27,175,-186,113,-896,144,-356,372,-95,-7,-419,-54,-406,-75,-390,-95,-370,-114,-346,-132,-320,-149,-289,-165,-257,-178,-222,-190,-184,-201,-146,-209,-58,-120]],[[105916,594307,44,-70,393,-77,177,-78,67,-80,-36,-105,-133,-148,170,-155,56,-230,87,-207,216,-73,447,1103,-196,112,-320,149,-68,26,-69,-65,-127,-30,-135,59,58,140,-5,2,-358,110,-173,-189,-95,-194]]]
3163392	n	5.8045,62.2439,6.6459,62.6154	[[[58045,623624,67,-189,176,-140,123,-164,-41,-116,148,-63,383,-132,244,-68,1226,598,203,59,106,12,108,-2,-125,63,-396,120,-137,22,-135,37,-50,91,-18,111,-41,102,-211,208,-236,107,-269,19,-308,-61,-242,-82,-254,-124,-210,-175,-111,-233]],[[59637,622634,104,-23,449,-75,462,-54,472,-32,476,-11,476,11,472,32,462,54,449,75,431,95,133,37,-89,62,-205,341,-298,309,-44,69,-279,197,-635,-110,-1140,-328,-500,-59,-556,-167,-493,-260,-147,-163]],[[60234,624374,673,-350,744,-58,1533,74,36,26,27,25,29,16,49,1,-112,120,-181,24,-402,-14,-464,176,-149,35,-1783,-75]],[[62227,624592,202,-81,209,20,207,49,202,12,144,-48,240,-160,161,-72,385,-62,860,57,1619,367,3,26,-24,222,-1,4,-723,-2,-384,87,-791,13,-227,-62,-157,-66,-765,-174,-890,-42,-270,-88]],[[62494,625747,48,-71,102,-52,61,-75,-75,-138,29,-37,19,-4,-4,-18,-44,-77,2700,94,317,-94,-215,8,-671,-83,0,-68,910,-29,467,99,242,-108,-15,47,-115,215,-161,209,-204,201,-245,190,-284,178,-39,20,-2121,-69,-286,-59,-249,-96,-112,-81,-55,-102]],[[63900,623647,78,-280,199,-255,304,-229,201,69,354,149,320,165,284,178,245,190,204,201,161,209,115,215,22,69,-750,-151,-195,-69,0,-68,147,-56,36,-116,-5,-152,27,-161,-308,280,-101,68,-235,90,-206,12,-454,-40,-341,-93,-102,-225]]]
3139075	n	9.1713,58.9839,9.9895,59.4361	[[[91713,592100,21,-222,63,-219,105,-215,145,-209,184,-201,221,-190,257,-178,289,-165,319,-149,346,-132,369,-114,389,-95,405,-75,418,-54,426,-32,430,-11,430,11,426,32,7,1,72,99,52,-48,38,-30,122,16,21,232,-325,143,-402,78,-195,122,-133,258,-622,271,-200,182,618,-49,297,157,92,-41,7,-97,-121,-95,130,-57,35,-85,4,-102,36,-104,121,-170,76,-48,145,-55,32,166,-9,175,31,107,150,-38,6,-27,-6,-143,26,-57,60,-20,68,-8,51,-18,249,-218,92,-55,79,200,157,-12,379,-256,102,-97,1597,2889,-79,249,-68,59,-257,178,-289,165,-319,149,-346,132,-369,114,-389,95,-405,75,-418,54,-426,32,-430,11,-430,-11,-426,-32,-418,-54,-405,-75,-389,-95,-369,-114,-346,-132,-319,-149,-289,-165,-257,-178,-221,-190,-184,-201,-145,-209,-105,-215,-63,-219,-21,-222]]]
3133895	n	18.3042,69.4239,19.5958,69.8761	[[[183042,696500,22,-158,178,-11,759,75,-109,-60,-247,-64,-98,-53,-112,-41,-212,-4,19,-58,-93,-27,17,-40,154,-215,214,-209,247,-184,1075,135,748,-5,192,30,344,137,120,31,1059,-126,374,64,536,190,135,136,-86,186,-155,65,-190,23,-163,37,-77,113,39,84,95,106,114,99,94,59,351,79,387,28,373,68,553,345,636,102,239,197,34,237,-166,151,-245,120,-207,144,-130,52,-876,143,-393,-37,-214,10,68,115,46,46,91,44,-98,71,-244,-12,-615,-54,-596,-75,-325,-54,37,-63,146,-117,857,-399,154,-117,-331,-320,-158,-316,-41,-143,54,-114,203,-69,-551,-9,-441,262,-220,426,119,488,-681,-11,-282,-69,-237,-159,-122,-183,-73,-81,-112,-43,-194,12,-12,79,42,101,-42,81,-154,29,-300,-37,-143,36,-92,-43,-325,-190,-271,-201,-29,-28,13,-38,374,-100,2047,-90,389,-89,-219,-92,-1324,160,-1253,-40,-271,26,-95,-133,-93,-219,-31,-222]],[[184685,695041,63,-68,186,-72,469,-149,509,-132,544,-114,573,-95,596,-75,615,-54,627,-32,633,-11,585,10,10,34,-742,180,-185,118,-39,75,-15,162,-49,79,-128,79,-165,43,-171,15,-156,-6,88,54,67,63,43,74,12,88,-39,160,-89,56,-2221,-113,-659,-144,-671,-46,-233,-56,-58,-123]],[[189285,698757,1151,-371,121,-72,327,-304,332,-132,2124,248,350,92,-93,30,-509,132,-544,114,-573,95,-596,75,-615,54,-627,32,-633,11,-215,-4]],[[189443,696153,137,-542,152,-106,213,-109,219,-52,171,62,199,116,498,38,444,89,817,30,39,-147,96,-94,110,-85,89,-120,-125,13,-146,37,-136,55,-272,167,-179,2,-1078,-174,-372,-122,-262,-149,-130,-231,86,-188,204,-140,219,-89,265,-38,78,-31,45,-53,0,-4,551,48,596,75,573,95,544,114,509,132,469,149,426,165,378,178,325,190,271,201,214,209,154,215,93,219,31,222,-31,222,-93,219,-154,215,-214,209,-271,201,-325,190,-107,50,-320,-35,-1486,58,-467,-58,-161,-65,-315,-173,-171,-35,-448,-23,-217,-41,-195,-72,-133,-428,-1407,-781]]]
3160881	n	14.0324,67.0539,14.9615,67.4412	[[[140324,670991,246,-71,489,-114,516,-95,462,-64,-113,192,252,142,220,174,190,221,151,282,-269,79,-272,-177,-255,-265,-222,-182,-197,-42,-184,30,-669,249,-96,-20,47,-143,-296,-196]],[[142267,673773,122,-33,172,-2,187,30,94,27,823,114,256,76,208,146,63,103,-71,19,-36,5,-93,-40,-4,20,47,64,-29,64,-107,46,-181,-1,-624,-180,-298,-145,-103,-84,-102,-47,-102,-2,-36,-27,32,-37,-195,-47,-23,-69]],[[142674,670839,227,-81,866,19,1201,-143,550,7,2,0,505,70,516,95,489,114,459,132,423,149,383,165,340,178,293,190,244,201,156,169,-498,-42,-1016,81,-141,-22,-248,-93,-367,-68,-271,-82,-271,-26,-244,120,-234,71,-338,-43,-335,-99,-226,-100,1375,-34,718,-155,135,-54,105,-104,35,-102,-4,-113,-70,-56,-96,66,-245,259,-323,88,-2177,-68,34,-38,20,-33,29,-32,54,-33,-136,-114,-185,-126,-179,-58,-115,93,43,107,123,157,141,141,98,66,-889,-61,-178,-45,-171,-82,-63,-106,140,-115,-168,-111,-153,-129,-163,-111,-200,-59]],[[142676,670582,554,-32,570,-11,570,11,122,7,-119,45,-191,32,-1461,-34,-45,-18]],[[143283,672416,211,-65,209,29,203,63,203,34,1648,42,481,102,386,126,194,36,177,-26,-74,-62,25,-211,-217,-147,-559,-194,568,24,1374,280,243,106,-149,59,-314,25,-146,58,1348,52,509,-37,12,90,-28,222,-84,219,-139,215,-192,209,-244,201,-197,128,-191,-104,-293,-107,-296,73,128,124,64,48,81,33,-224,157,-280,15,-296,-32,-899,62,-294,-57,-61,-145,-200,-60,-103,-15,-108,0,0,-62,293,14,64,-59,-99,-106,-1095,-544,-403,-267,-341,-117,-109,-64,45,-86,-198,-97,-633,-182]]]
3162955	n	8.3407,58.281,9.0853,58.6861	[[[83407,584600,20,-222,62,-219,103,-215,142,-209,180,-201,216,-190,251,-178,283,-165,312,-149,109,-42,-21,21,70,103,319,196,341,345,83,-60,7,-73,66,-28,123,14,121,59,81,89,65,93,76,70,112,25,159,15,141,29,245,81,72,129,183,121,74,117,139,120,234,65,168,63,292,124,238,146,621,335,187,126,158,125,62,212,-38,221,26,104,-83,70,-219,99,-54,103,120,1,242,-67,56,-29,88,-87,73,-20,65,17,41,41,38,47,54,31,428,-55,515,182,-117,69,-312,149,-339,132,-361,114,-381,95,-397,75,-408,54,-417,32,-421,11,-421,-11,-417,-32,-408,-54,-397,-75,-381,-95,-361,-114,-339,-132,-312,-149,-283,-165,-251,-178,-216,-190,-180,-201,-142,-209,-103,-215,-62,-219,-20,-222]]]
3154084	n	10.6098,60.5639,11.5302,61.0161	[[[106098,607900,22,-222,67,-219,109,-215,152,-209,193,-201,233,-190,269,-178,303,-165,335,-149,362,-132,388,-114,408,-95,425,-75,438,-54,447,-32,451,-11,451,11,447,32,438,54,425,75,408,95,388,114,362,132,335,149,303,165,269,178,233,190,193,201,152,209,109,215,67,219,22,222,-22,222,-67,219,-109,215,-152,209,-193,201,-233,190,-269,178,-303,165,-335,149,-362,132,-388,114,-408,95,-425,75,-438,54,-447,32,-451,11,-451,-11,-447,-32,-438,-54,-425,-75,-408,-95,-105,-31,-632,-273,-761,-329,-159,-105,-233,-190,-193,-201,-152,-209,-109,-215,-67,-219,-22,-222]]]
3147474	n	10.005,60.8939,10.935,61.3461	[[[100050,611200,23,-222,66,-219,111,-215,154,-209,195,-201,235,-190,272,-178,306,-165,338,-149,367,-132,391,-114,413,-95,429,-75,443,-54,451,-32,456,-11,456,11,451,32,443,54,429,75,413,95,33,9,1551,670,90,59,235,190,195,201,154,209,111,215,66,219,23,222,-23,222,-66,219,-111,215,-154,209,-195,201,-235,190,-272,178,-306,165,-338,149,-367,132,-391,114,-413,95,-429,75,-443,54,-451,32,-456,11,-456,-11,-451,-32,-443,-54,-429,-75,-413,-95,-391,-114,-367,-132,-338,-149,-306,-165,-272,-178,-235,-190,-195,-201,-154,-209,-111,-215,-66,-219,-23,-222]]]
3145580	n	6.6748,62.5139,7.6503,62.9661	[[[66748,627172,66,-190,-25,-18,2,-5,117,-215,93,-120,491,141,1649,217,53,190,-149,154,-256,101,-261,32,-1088,-230,-284,26,68,74,-193,29,-184,-56,-99,-130]],[[67155,626452,121,-118,247,-190,287,-178,323,-165,356,-149,387,-132,413,-114,435,-95,453,-75,466,-54,476,-32,481,-11,481,11,476,32,466,54,453,75,435,95,358,99,-619,423,-496,122,-1064,106,-368,120,-147,16,-244,-300,34,-50,139,-123,34,-72,-29,-79,-135,-236,-43,-95,-60,0,-18,198,-156,299,-37,158,-95,130,-445,-26,-142,134,158,23,167,51,140,85,80,120,-1606,46,-442,-120,85,-89,95,-65,108,-39,122,-12,-133,-160,-72,-44,61,-56,66,-94,28,-90,-57,-39,-176,9,-20,27,35,43,-11,57,-188,132,-1047,488,-210,43,-263,-37,-143,-57]],[[67704,628170,140,-90,553,-136,291,-146,179,-47,139,50,32,103,-52,87,-94,63,-91,26,162,118,458,61,0,156,-178,151,-306,-27,-338,-89,-276,-35,-266,129,-156,33,-125,-88,-1,-91,75,-76,192,-99,-192,16,-128,-17,-18,-52]],[[68801,629111,489,10,190,-66,78,-186,484,-386,124,-68,1165,74,217,-57,373,-212,237,-72,-1562,115,-498,-115,-331,-178,-148,-128,-61,-137,42,-55,188,-58,43,-58,-34,-109,-82,-69,-109,-32,-116,5,214,-73,3421,184,391,114,437,11,198,31,354,118,1590,247,258,-17,-61,112,-162,209,-206,201,-247,190,-287,178,-323,165,-344,144,-306,36,-48,86,-45,15,-413,114,-435,95,-453,75,-466,54,-476,32,-481,11,-481,-11,-476,-32,-466,-54,-86,-15,-89,-37,-900,-218,-191,-77,-110,-106]],[[73597,626982,253,-106,1043,-8,356,52,1211,367,31,3,12,110,-23,222,-71,219,-26,47,-1668,-216,-685,-286,-365,-57,278,-119,93,-91,-110,-72,-329,-65]],[[74128,626147,99,-167,190,-139,210,-94,211,-42,229,96,100,51,-196,31,32,316,-230,197,-328,51,-263,-117,-54,-183]],[[75100,626495,230,-362,-5,-182,-55,-47,120,62,287,178,247,190,206,201,162,209,117,215,26,81,-266,-39,-458,-179,-479,-78,-126,-104,-6,-145]]]
