1283240	n	84.8735,27.4539,85.5239,28.1522	[[[848735,279145,15,-517,2084,-818,-77,-145,-84,-209,-60,-215,-37,-219,-12,-222,12,-222,8,-45,2225,-1959,25,-22,17,-2,249,-11,249,11,151,20,76,-10,1663,3397,-368,924,0,1,-3,8,-232,74,-241,54,-71,9,233,643,-464,1778,-396,52,-497,22,-497,-22,-493,-65,-483,-108,-468,-149,-450,-190,-427,-228,-400,-264,-369,-298,-334,-329,-297,-357,-247,-367]]]
1282898	n	83.715,28.0439,84.225,28.4961	[[[837150,282700,12,-222,37,-219,61,-215,84,-209,107,-201,129,-190,149,-178,168,-165,185,-149,201,-132,215,-114,226,-95,236,-75,243,-54,247,-32,250,-11,250,11,247,32,243,54,236,75,226,95,215,114,201,132,185,149,168,165,149,178,129,190,107,201,84,209,61,215,37,219,12,222,-12,222,-37,219,-61,215,-84,209,-107,201,-129,190,-149,178,-168,165,-185,149,-201,132,-215,114,-226,95,-236,75,-243,54,-247,32,-250,11,-250,-11,-247,-32,-243,-54,-236,-75,-226,-95,-215,-114,-201,-132,-185,-149,-168,-165,-149,-178,-129,-190,-107,-201,-84,-209,-61,-215,-37,-219,-12,-222]]]
1283613	n	84.1864,27.4539,84.6936,27.9061	[[[841864,276800,12,-222,37,-219,60,-215,84,-209,106,-201,128,-190,149,-178,167,-165,184,-149,200,-132,214,-114,225,-95,234,-75,241,-54,246,-32,249,-11,249,11,246,32,241,54,234,75,225,95,214,114,200,132,184,149,167,165,149,178,128,190,106,201,84,209,60,215,37,219,12,222,-12,222,-37,219,-60,215,-84,209,-106,201,-128,190,-149,178,-167,165,-184,149,-200,132,-214,114,-225,95,-234,75,-241,54,-246,32,-249,11,-249,-11,-246,-32,-241,-54,-234,-75,-225,-95,-214,-114,-200,-132,-184,-149,-167,-165,-149,-178,-128,-190,-106,-201,-84,-209,-60,-215,-37,-219,-12,-222]]]
1282931	p	1283240
1283581	n	84.6288,26.8442,85.1321,27.2461	[[[846288,270356,114,-72,1205,-294,113,2,135,93,164,53,156,-32,106,-157,2,-1,235,-127,498,-149,224,-115,146,-191,57,-209,84,-181,231,-107,124,-31,126,-16,172,-78,-11,-152,17,-134,198,-16,15,10,184,149,166,165,147,178,127,190,106,201,83,209,61,215,36,219,12,222,-12,222,-36,219,-61,215,-83,209,-106,201,-127,190,-147,178,-166,165,-184,149,-154,102,-1426,410,-19,1,-247,-11,-245,-32,-240,-54,-233,-75,-223,-95,-213,-114,-198,-132,-184,-149,-166,-165,-147,-178,-127,-190,-106,-201,-83,-209,-61,-215,-36,-219,-3,-66]]]
1283582	n	87.0744,26.3438,87.5208,26.6278	[[[870744,264501,89,-180,230,-274,287,-105,535,54,306,85,103,-93,69,-155,90,-131,131,-73,421,-169,135,-22,122,95,187,360,115,144,278,149,323,84,331,16,307,-52,355,-182,2,7,36,219,12,222,-12,222,-36,219,-60,215,-83,209,-105,201,-126,190,-147,178,-165,165,-183,149,-28,19,-503,11,-3016,-1777]]]
1283467	n	80.334,28.5329,80.846,28.9261	[[[803340,287000,12,-222,37,-219,61,-215,57,-141,184,23,192,46,201,-9,181,-95,423,-450,197,-94,49,132,-85,637,27,172,99,136,201,99,168,-4,214,-7,32,-59,-16,-86,-5,-94,67,-80,178,-80,171,-52,371,-59,127,-81,199,-335,104,-116,172,-72,313,-78,164,-97,185,-171,90,72,169,165,150,178,129,190,107,201,85,209,61,215,37,219,12,222,-12,222,-37,219,-61,215,-85,209,-107,201,-129,190,-150,178,-169,165,-186,149,-202,132,-215,114,-227,95,-237,75,-244,54,-248,32,-251,11,-251,-11,-248,-32,-244,-54,-237,-75,-227,-95,-215,-114,-202,-132,-180,-145,-213,-263,-278,-344,-70,-131,-85,-209,-61,-215,-37,-219,-12,-222]]]
1283339	n	84.777,27.2039,85.283,27.6561	[[[847770,274300,12,-222,36,-219,61,-215,83,-209,107,-201,127,-190,148,-178,167,-165,184,-149,150,-99,1436,-413,19,-1,248,11,246,32,240,54,234,75,225,95,213,114,199,132,184,149,167,165,148,178,127,190,107,201,83,209,61,215,36,219,12,222,-12,222,-9,52,-2243,1974,-18,2,-248,11,-248,-11,-246,-32,-240,-54,-234,-75,-225,-95,-213,-114,-199,-132,-184,-149,-167,-165,-148,-178,-127,-190,-107,-201,-83,-209,-61,-215,-36,-219,-12,-222]]]
1283318	n	85.6934,26.5661,86.1814,26.9561	[[[856934,268057,84,-91,78,-341,-74,-740,107,-353,141,-156,540,-384,90,-22,101,37,96,23,79,-63,19,-84,3,-88,18,-78,69,-56,163,24,216,114,683,530,174,91,236,24,357,100,303,-89,690,-388,52,-41,62,-23,142,8,28,33,127,190,105,201,83,209,60,215,36,219,12,222,-12,222,-36,219,-60,215,-83,209,-105,201,-127,190,-147,178,-166,165,-183,149,-198,132,-212,114,-223,95,-232,75,-239,54,-245,32,-246,11,-246,-11,-245,-32,-239,-54,-232,-75,-223,-95,-212,-114,-198,-132,-183,-149,-166,-165,-147,-178,-127,-190,-105,-201,-43,-108]]]
1283562	n	83.1964,27.595,83.7036,27.9161	[[[831964,276900,12,-222,36,-219,61,-215,84,-209,45,-85,4596,0,45,85,84,209,61,215,36,219,12,222,-12,222,-36,219,-61,215,-84,209,-106,201,-128,190,-148,178,-168,165,-184,149,-200,132,-213,114,-225,95,-235,75,-241,54,-246,32,-249,11,-249,-11,-246,-32,-241,-54,-235,-75,-225,-95,-213,-114,-200,-132,-184,-149,-168,-165,-148,-178,-128,-190,-106,-201,-84,-209,-61,-215,-36,-219,-12,-222]]]
1283460	n	87.0284,26.6267,87.5316,26.947	[[[870284,268100,2,-47,3474,-1775,508,-11,128,85,183,149,166,165,147,178,127,190,106,201,83,209,60,215,36,219,12,222,-12,222,-18,111,-4485,1037,-93,-114,-127,-190,-106,-201,-83,-209,-60,-215,-36,-219,-12,-222]]]
6941099	n	81.4533,27.8865,81.8745,28.2761	[[[814533,280933,7,-67,42,-93,153,-109,884,-404,203,-127,129,-184,3,-1,196,-136,504,-104,235,-76,215,-157,397,-378,453,-232,45,36,168,165,149,178,128,190,107,201,84,209,61,215,36,219,13,222,-13,222,-36,219,-61,215,-84,209,-107,201,-128,190,-149,178,-168,165,-185,149,-200,132,-214,114,-226,95,-235,75,-243,54,-247,32,-249,11,-249,-11,-106,-14,-1312,-1803]]]
6254843	n	81.3642,28.3739,81.8758,28.8261	[[[813642,286000,12,-222,37,-219,61,-215,85,-209,107,-201,129,-190,150,-178,168,-165,186,-149,202,-132,215,-114,227,-95,236,-75,244,-54,248,-32,251,-11,251,11,248,32,244,54,236,75,227,95,215,114,202,132,186,149,168,165,150,178,129,190,107,201,85,209,61,215,37,219,12,222,-12,222,-37,219,-61,215,-85,209,-107,201,-129,190,-150,178,-168,165,-186,149,-202,132,-215,114,-227,95,-236,75,-244,54,-248,32,-251,11,-251,-11,-248,-32,-244,-54,-236,-75,-227,-95,-215,-114,-202,-132,-186,-149,-168,-165,-150,-178,-129,-190,-107,-201,-85,-209,-61,-215,-37,-219,-12,-222]]]
8411054	p	1283240
1283161	n	86.2286,26.5148,86.6323,26.9461	[[[862286,267200,12,-222,36,-219,60,-215,83,-209,106,-201,32,-48,16,5,213,29,170,-30,72,-68,4,-142,70,-70,72,-9,216,25,89,0,299,-98,612,-297,307,-111,194,-42,157,-77,66,-53,1151,1356,-1188,2934,-89,12,-246,11,-246,-11,-245,-32,-239,-54,-232,-75,-223,-95,-212,-114,-198,-132,-183,-149,-166,-165,-147,-178,-126,-190,-106,-201,-83,-209,-60,-215,-36,-219,-12,-222]]]
1283095	n	80.0303,28.7375,80.4367,29.1832	[[[800303,288777,61,-407,184,-128,183,-33,88,-15,323,-168,334,-393,145,-100,191,-60,352,-54,81,-44,56,7,244,54,237,75,228,95,216,114,202,132,170,136,515,637,58,110,85,209,61,215,37,219,13,222,-13,222,-37,219,-61,215,-85,209,-107,201,-130,190,-150,178,-169,165,-187,149,-202,132,-216,114,-228,95,-237,75,-244,54,-110,14,114,-285,26,-154,-124,-132,-193,-49,-208,1,-171,21,-309,-132,-195,-380,-84,-446,32,-328,0,-2,-85,-173,-142,-98,-168,-76,-155,-108,-124,-163,-66,-169,-28,-181,-8,-201]]]
8410807	n	86.5142,26.6504,86.9516,27.0161	[[[865142,269421,1181,-2917,2907,457,218,429,19,69,37,219,12,222,-12,222,-37,219,-60,215,-83,209,-105,201,-127,190,-147,178,-166,165,-183,149,-198,132,-212,114,-223,95,-233,75,-239,54,-244,32,-247,11,-247,-11,-244,-32,-239,-54,-233,-75,-223,-95,-212,-114,-198,-132,-183,-149,-79,-78]]]
7997918	n	86.923,26.4501,87.376,26.8065	[[[869230,266961,374,-1679,120,38,128,87,302,283,145,108,114,4,31,-190,6,-169,115,-494,2,0,100,-293,77,-155,3016,1777,-3499,1787,-157,-85,-197,-132,-183,-149,-166,-165,-95,-115,-233,-458]]]
1282884	n	86.5172,26.4146,86.9605,26.6961	[[[865172,265148,71,-57,134,-142,3,0,199,-109,674,-277,699,-381,184,-36,105,74,66,118,75,99,137,18,353,-124,92,-16,255,66,245,146,193,197,103,225,311,166,281,88,252,79,-374,1679,-2907,-457,-1151,-1356]]]
1283679	n	85.3578,27.4039,85.7608,27.7957	[[[853578,274564,14,-12,200,-132,213,-114,225,-95,234,-75,241,-54,247,-32,248,-11,248,11,247,32,241,54,234,75,225,95,213,114,200,132,184,149,167,165,149,178,128,190,106,201,66,164,-2369,2358,-1661,-3393]]]
1283621	n	83.1968,27.3309,83.7032,27.595	[[[831968,275000,12,-222,37,-219,60,-215,84,-209,106,-201,128,-190,148,-178,167,-165,112,-91,2,-1,225,10,195,98,167,152,216,287,69,126,14,120,-152,185,-19,116,20,122,51,97,260,83,940,-8,1094,-131,730,-243,235,-113,54,134,60,215,37,219,12,222,-12,222,-37,219,-60,215,-84,209,-45,85,-4588,0,-45,-85,-84,-209,-60,-215,-37,-219,-12,-222]]]
1283368	n	81.1571,28.0933,81.5844,28.4361	[[[811571,283672,126,-59,207,-232,203,-595,136,-278,581,-592,135,-241,-151,-55,-40,-82,63,-77,163,-36,-32,-142,109,-45,166,24,144,65,92,117,41,124,65,92,153,18,228,-72,213,-136,180,-172,129,-184,47,-144,4,-37,1311,1803,-5,20,-85,209,-106,201,-129,190,-149,178,-168,165,-185,149,-201,132,-215,114,-226,95,-235,75,-243,54,-247,32,-250,11,-250,-11,-247,-32,-243,-54,-235,-75,-226,-95,-215,-114,-201,-132,-185,-149,-27,-27]]]
1283539	n	85.4871,27.5588,85.9639,28.0061	[[[854871,278881,368,-924,2369,-2358,11,-11,218,48,234,75,226,95,213,114,200,132,185,149,167,165,149,178,128,190,106,201,84,209,61,215,36,219,12,222,-12,222,-36,219,-61,215,-84,209,-106,201,-128,190,-149,178,-167,165,-185,149,-200,132,-213,114,-226,95,-234,75,-242,54,-246,32,-249,11,-249,-11,-246,-32,-242,-54,-234,-75,-226,-95,-213,-114,-200,-132,-185,-149,-167,-165,-149,-178,-118,-175]]]
6254845	n	80.6825,29.0339,81.1974,29.4861	[[[806826,292600,12,-222,37,-219,62,-215,85,-209,108,-201,130,-190,150,-178,170,-165,187,-149,203,-132,217,-114,228,-95,238,-75,245,-54,250,-32,252,-11,252,11,250,32,245,54,238,75,228,95,217,114,203,132,187,149,170,165,150,178,130,190,108,201,85,209,62,215,37,219,12,222,-12,222,-37,219,-62,215,-85,209,-108,201,-130,190,-150,178,-170,165,-187,149,-203,132,-217,114,-228,95,-238,75,-245,54,-250,32,-252,11,-252,-11,-250,-32,-245,-54,-238,-75,-228,-95,-217,-114,-203,-132,-187,-149,-170,-165,-150,-178,-130,-190,-108,-201,-85,-209,-62,-215,-37,-219,-12,-222]]]
1283465	n	87.078,26.843,87.582,27.2061	[[[870780,269800,12,-222,18,-110,4491,-1038,94,114,127,190,106,201,84,209,60,215,36,219,12,222,-12,222,-36,219,-60,215,-84,209,-106,201,-127,190,-147,178,-166,165,-183,149,-199,132,-212,114,-224,95,-232,75,-240,54,-245,32,-247,11,-247,-11,-245,-32,-240,-54,-232,-75,-224,-95,-212,-114,-199,-132,-183,-149,-166,-165,-147,-178,-127,-190,-106,-201,-84,-209,-60,-215,-36,-219,-12,-222]]]
