2193733	n	174.4395,-37.0287,175.0848,-36.575	[[[1744395,-368622,89,-383,405,-1141,92,-141,1333,524,9,37,86,124,264,161,334,78,362,15,1595,627,11,96,-218,115,-627,0,-466,83,-157,-21,-126,-56,-107,-76,-91,-96,-85,-114,-67,76,-19,-105,8,-138,-13,-122,-81,-51,-124,56,-44,136,-12,425,7,59,-47,37,-112,54,-48,24,-52,80,96,79,144,75,92,73,-175,36,-354,-44,-86,8,0,69,168,146,157,87,355,145,145,0,142,-274,194,-36,-46,-86,-7,-75,37,-62,84,-50,262,114,142,-39,130,-93,39,-9,178,-42,-24,60,-574,1444,-153,247,-205,173,419,-129,162,-14,246,76,461,216,46,55,-105,70,-119,-3,-427,-134,-274,16,-139,31,-99,55,-129,110,-48,27,5,187,-9,0,-272,-32,-267,-54,-259,-75,-249,-95,-236,-114,-221,-132,-204,-149,-185,-165,-164,-178,-141,-190,-118,-201,-93,-209,-67,-215,-40,-219,-14,-222,14,-222,40,-219,42,-135,-396,-46]],[[1749223,-368619,205,81,-76,165,-68,0,-61,-246]],[[1750078,-367908,14,-42,25,-77,98,30,105,74,-20,-2,-9,147,-28,153,-4,0,-76,10,-85,-122,-20,-171]],[[1750379,-367916,64,-11,110,-83,295,149,-469,-55]]]
2192362	n	172.3202,-43.7562,172.9121,-43.3039	[[[1723202,-435300,15,-222,45,-219,74,-215,102,-209,130,-201,156,-190,182,-178,204,-165,225,-149,244,-132,155,-68,237,29,268,-95,81,-70,66,-76,15,-4,295,-54,300,-32,304,-11,304,11,300,32,295,54,286,75,275,95,261,114,244,132,225,149,204,165,55,53,-84,73,-94,142,-43,152,-160,21,-358,3,-373,-69,-208,-196,-220,50,-278,34,-117,78,268,178,298,73,660,32,283,93,-611,124,-152,82,-83,139,49,66,118,-17,127,-114,19,159,-287,592,-181,624,-25,214,65,137,67,61,19,531,32,209,-281,74,-295,54,-300,32,-304,11,-304,-11,-300,-32,-295,-54,-286,-75,-275,-95,-261,-114,-244,-132,-225,-149,-204,-165,-182,-178,-156,-190,-130,-201,-102,-209,-74,-215,-45,-219,-15,-222]],[[1728807,-436623,69,67,156,190,89,137,-183,84,-89,-253,-42,-225]]]
2179537	n	174.5999,-41.445,174.9774,-41.1855	[[[1745999,-412573,95,-346,366,-285,488,-191,458,-71,132,46,123,91,115,66,105,-30,112,-62,108,17,92,65,66,79,64,229,-142,98,-468,89,57,161,84,123,118,100,158,95,121,43,-141,166,-908,235,-285,-265,-166,-111,-454,-68,-182,-75,-116,-199]],[[1748635,-414112,21,-83,135,-104,220,-123,161,-28,107,14,96,55,399,327,-935,1104,-94,-168,-76,-211,13,-245,66,-183,18,-165,-131,-190]]]
2187404	n	174.7166,-37.2161,175.1612,-36.8722	[[[1747166,-371526,179,-68,503,-75,201,6,-148,-96,-131,-11,-297,45,-114,-70,7,-47,109,-52,249,-95,260,-75,267,-54,273,-32,276,-11,276,11,273,32,267,54,260,75,249,95,237,114,222,132,204,149,185,165,165,178,142,190,118,201,93,209,67,215,40,219,14,222,-14,222,-25,133,-82,-46,-168,-44,-112,-63,-122,-40,-155,33,-128,174,112,457,-120,229,-210,69,-317,30,-234,-47,39,-166,163,-244,-125,-75,-255,-8,-228,-49,18,261,-79,229,-57,123,-448,-530,-54,-213,-97,-113,-66,-13,-34,44,-462,-545,68,-184,93,-129,156,46,191,-132,510,-164,-18,-108,84,-118,48,-136,-26,-114,-140,-48,-132,62,-381,354,-245,-20,-227,-144,-415,-400,9,217,-68,23,-543,-380,-150,-59]]]
2185964	p	2193733
2190324	n	174.9959,-38.0062,175.5641,-37.5539	[[[1749959,-377800,13,-222,41,-219,68,-215,94,-209,119,-201,143,-190,167,-178,187,-165,206,-149,224,-132,240,-114,252,-95,262,-75,271,-54,275,-32,279,-11,279,11,275,32,271,54,262,75,252,95,240,114,224,132,206,149,187,165,167,178,143,190,119,201,94,209,68,215,41,219,13,222,-13,222,-41,219,-68,215,-94,209,-119,201,-143,190,-167,178,-187,165,-206,149,-224,132,-240,114,-252,95,-262,75,-271,54,-275,32,-279,11,-279,-11,-275,-32,-271,-54,-262,-75,-252,-95,-240,-114,-224,-132,-206,-149,-187,-165,-167,-178,-143,-190,-119,-201,-94,-209,-68,-215,-41,-219,-13,-222]]]
2208032	n	175.8862,-37.9161,176.444,-37.488	[[[1758862,-376900,14,-222,41,-219,67,-215,94,-209,119,-201,143,-190,166,-178,187,-165,207,-149,223,-132,239,-114,252,-95,262,-75,270,-54,276,-32,278,-11,278,11,276,32,270,54,262,75,252,95,239,114,223,132,207,149,187,165,166,178,143,190,119,201,94,209,24,78,-198,156,-114,41,-290,53,-604,235,-273,54,-244,114,-354,507,-195,135,-133,-37,53,-142,224,-297,137,-484,-149,-15,-159,-37,-126,-4,-50,90,3,169,-12,123,-56,89,-135,69,-191,26,-67,-82,-50,-103,-143,-53,-103,58,-85,107,-99,59,-155,-87,-98,148,-58,145,-83,121,-176,71,-35,-21,-39,-50,-53,-50,-79,-23,-176,7,-52,21,-51,47,-16,49,-46,225,15,34,41,54,24,61,-18,54,-40,19,-106,17,-53,33,-28,-2,-51,-15,-60,11,-66,74,-15,72,13,74,29,70,36,57,-43,37,-82,-72,-166,-178,-143,-190,-119,-201,-94,-209,-67,-215,-41,-219,-14,-222]],[[1759906,-375149,253,-10,195,-97,138,-129,167,-124,349,-195,-313,-91,-102,-46,164,-123,153,-22,150,20,153,-12,120,-48,358,-223,-39,172,-121,124,-286,215,-83,121,-158,295,-102,134,-137,115,-168,109,-167,84,-68,-26,-239,-114,-217,-129]]]
2191562	n	170.1775,-46.0354,170.7908,-45.6439	[[[1701775,-458700,15,-222,47,-219,77,-215,106,-209,135,-201,163,-190,189,-178,212,-165,87,-55,532,539,742,382,854,204,2071,151,21,55,-2,69,53,66,102,57,41,15,204,-10,214,13,148,51,87,131,35,547,-39,155,-103,127,-106,-138,-114,-48,-126,-22,-137,-65,-121,-119,-152,-228,-138,-95,-453,-123,-303,-186,-361,-67,-187,-70,96,171,373,175,125,253,100,37,113,17,88,23,74,63,192,217,200,75,486,69,178,95,-5,134,-203,103,-262,97,-183,110,-133,-114,-129,14,-132,61,-152,39,-90,4,-42,23,-10,52,0,95,15,87,47,6,66,-16,83,21,205,126,126,57,67,13,-69,36,-272,114,-286,95,-298,75,-307,54,-313,32,-316,11,-316,-11,-313,-32,-307,-54,-298,-75,-286,-95,-272,-114,-254,-132,-235,-149,-212,-165,-189,-178,-163,-190,-135,-201,-106,-209,-77,-215,-47,-219,-15,-222]]]
2188164	n	174.811,-41.4054,175.2186,-41.0614	[[[1748110,-412090,141,-166,87,30,295,39,264,-58,114,-225,-46,-256,-126,-224,935,-1104,92,75,229,122,257,49,271,-23,447,-130,24,13,217,149,197,165,174,178,151,190,125,201,99,209,71,215,43,219,15,222,-15,222,-43,219,-71,215,-99,209,-125,201,-151,190,-174,178,-181,152,-3217,-1476]]]
2185018	n	175.3153,-40.5861,175.9047,-40.1338	[[[1753153,-403600,14,-222,42,-219,71,-215,97,-209,124,-201,148,-190,173,-178,194,-165,214,-149,233,-132,248,-114,261,-95,272,-75,281,-54,286,-32,289,-11,289,11,286,32,281,54,272,75,261,95,248,114,233,132,214,149,194,165,173,178,148,190,124,201,97,209,71,215,42,219,14,222,-14,222,-42,219,-71,215,-97,209,-124,201,-148,190,-173,178,-194,165,-214,149,-233,132,-248,114,-261,95,-272,75,-281,54,-286,32,-289,11,-289,-11,-286,-32,-281,-54,-272,-75,-261,-95,-248,-114,-233,-132,-214,-149,-194,-165,-173,-178,-148,-190,-124,-201,-97,-209,-71,-215,-42,-219,-14,-222]]]
2186239	n	173.8141,-39.2961,174.3693,-38.9682	[[[1738141,-391587,108,-179,146,-190,169,-178,191,-165,210,-149,228,-132,243,-114,257,-95,267,-75,276,-54,280,-32,284,-11,284,11,280,32,276,54,267,75,257,95,243,114,228,132,210,149,191,165,169,178,146,190,121,201,96,209,69,215,42,219,14,222,-14,222,-42,219,-69,215,-96,209,-55,92,-1081,61,-220,-51,-2559,-1251,-1030,-361,-386,-242]]]
2190224	n	176.5584,-39.8662,177.1189,-39.5032	[[[1765584,-396400,14,-222,42,-219,69,-215,97,-209,122,-201,147,-190,171,-178,192,-165,212,-149,230,-132,245,-114,259,-95,269,-75,278,-54,283,-32,286,-11,286,11,283,32,278,54,269,75,259,95,186,87,225,660,78,111,229,69,125,59,107,77,47,77,105,246,175,199,37,137,-317,64,-341,-34,-174,4,-131,64,-71,54,-259,153,-164,67,-61,58,-64,-2,-70,169,-32,194,-4,66,-3319,783,-107,-112,-147,-190,-122,-201,-97,-209,-69,-215,-42,-219,-14,-222]]]
2186313	n	176.619,-39.5815,177.0195,-39.2639	[[[1766190,-394900,9,-136,3302,-779,-54,865,-72,203,-114,111,-112,71,-86,90,-35,167,8,175,33,130,70,114,125,127,111,275,34,32,233,143,361,303,192,203,-250,70,-277,54,-283,32,-285,11,-285,-11,-283,-32,-277,-54,-269,-75,-258,-95,-245,-114,-229,-132,-212,-149,-191,-165,-171,-178,-146,-190,-123,-201,-96,-209,-69,-215,-42,-219,-14,-222]]]
6241325	n	175.9644,-38.3662,176.5356,-37.9139	[[[1759645,-381400,13,-222,41,-219,69,-215,94,-209,120,-201,144,-190,167,-178,188,-165,208,-149,225,-132,240,-114,253,-95,264,-75,272,-54,277,-32,280,-11,280,11,277,32,272,54,264,75,253,95,240,114,225,132,208,149,188,165,167,178,144,190,120,201,94,209,69,215,41,219,13,222,-13,222,-41,219,-69,215,-94,209,-120,201,-144,190,-167,178,-188,165,-208,149,-225,132,-240,114,-253,95,-264,75,-272,54,-277,32,-280,11,-280,-11,-277,-32,-272,-54,-264,-75,-253,-95,-240,-114,-225,-132,-208,-149,-188,-165,-167,-178,-144,-190,-120,-201,-94,-209,-69,-215,-41,-219,-13,-222]]]
2184397	n	174.7202,-41.2091,175.1337,-40.9191	[[[1747202,-411855,908,-235,3227,1481,-82,174,-125,201,-151,190,-174,178,-197,165,-217,149,-235,132,-250,114,-265,95,-75,20,-77,-166,-33,-250,-29,-99,-75,-124,-86,-91,-115,-91,-127,-69,-115,-27,-120,-43,-176,-182,-114,-42,-79,-62,75,-132,120,-121,54,-27,40,-134,4,-102,-53,-89,-127,-90,-132,260,-102,-4,-130,-116,-216,-72,-153,-97,-245,-427,-253,-174,-100,-93]]]
2189529	n	168.0268,-46.6228,168.6757,-46.1739	[[[1680268,-463737,2,0,177,-60,146,-32,25,54,-35,117,5,116,145,54,979,121,283,-53,166,-124,534,-691,207,-413,117,-136,204,-17,192,143,101,235,-81,252,254,2,186,-236,69,-324,-93,-267,-523,-304,-64,-68,-49,71,1,44,-18,27,-105,25,-107,4,-308,-66,20,-116,43,-87,74,-57,263,-61,60,-94,19,-94,35,-43,226,-75,363,-308,249,-30,22,2,-114,175,-303,270,-64,204,86,175,201,-32,402,-177,872,14,290,-81,113,-86,31,16,237,149,214,165,191,178,164,190,137,201,107,209,78,215,47,219,16,222,-16,222,-47,219,-78,215,-107,209,-137,201,-164,190,-191,178,-214,165,-237,149,-257,132,-274,114,-289,95,-301,75,-310,54,-316,32,-319,11,-319,-11,-316,-32,-310,-54,-301,-75,-289,-95,-274,-114,-257,-132,-237,-149,-214,-165,-191,-178,-164,-190,-137,-201,-107,-209,-78,-215,-38,-178]],[[1684192,-466020,627,-45,216,71,266,111,-118,16,-103,114,-121,28,-358,5,-143,-33,-83,-45,-57,-49,-126,-173]]]
6232008	n	174.5624,-37.1642,174.9513,-36.8538	[[[1745624,-370035,19,-106,14,-45,139,174,237,-175,82,4,96,103,51,112,52,205,-690,-272]],[[1745843,-370633,78,-133,142,-190,164,-178,185,-165,205,-149,221,-132,130,-62,-428,673,16,60,96,109,21,105,-99,84,-146,40,-400,-97,-185,35]],[[1747369,-369348,314,13,645,-93,-40,-110,-98,-100,-122,-73,-115,-27,-114,-125,19,-222,145,-98,256,246,91,-148,2,-7,462,545,-20,26,-56,130,-46,191,51,88,98,65,101,120,22,206,-1595,-627]],[[1749065,-369252,448,530,-85,184,-205,-81,-158,-633]]]
2186280	n	173.054,-41.4743,173.5788,-41.1143	[[[1730540,-411224,10,-8,62,-79,19,-48,25,-24,37,141,-56,99,-97,-81]],[[1732242,-412943,1830,-1800,137,49,251,114,236,132,217,149,197,165,174,178,151,190,126,201,98,209,72,215,43,219,14,222,-14,222,-43,219,-72,215,-98,209,-126,201,-151,190,-142,146,-4,-5,-136,-111,-170,-86,-345,-111,38,72,29,91,-5,78,-62,33,-104,-33,-112,-145,-249,-81,-621,-464,-386,-410,-171,-144,-346,-160,-256,-169]]]
6230919	n	174.0434,-35.9561,174.5873,-35.5039	[[[1740434,-357300,13,-222,40,-219,66,-215,91,-209,116,-201,140,-190,161,-178,183,-165,201,-149,218,-132,233,-114,245,-95,256,-75,263,-54,269,-32,271,-11,271,11,269,32,263,54,256,75,245,95,233,114,105,63,-76,67,224,180,171,199,42,197,-165,174,-216,62,-663,70,-182,-26,-76,-111,-61,-129,-87,-84,-154,20,-72,78,-28,123,13,131,53,103,35,168,-48,542,47,220,110,-105,80,-110,51,-120,31,-142,-4,-182,-32,-83,20,-20,159,5,45,33,54,140,68,32,64,-22,102,-93,70,-15,145,31,257,89,150,10,-11,-161,286,-68,-70,-188,225,-122,189,-166,25,-13,27,37,116,201,63,144,-13,48,67,239,-9,124,-102,107,-588,295,109,24,110,44,88,72,35,103,-42,86,-105,39,-257,49,145,62,53,13,-378,169,-166,115,105,51,180,-7,450,-60,152,-70,60,157,-73,127,-140,190,-161,178,-183,165,-201,149,-218,132,-233,114,-245,95,-256,75,-263,54,-269,32,-271,11,-271,-11,-269,-32,-263,-54,-256,-75,-245,-95,-233,-114,-218,-132,-201,-149,-183,-165,-161,-178,-140,-190,-116,-201,-91,-209,-66,-215,-40,-219,-13,-222]]]
2206854	n	177.7124,-38.8704,178.2662,-38.4239	[[[1777124,-386500,14,-222,42,-219,68,-215,95,-209,121,-201,145,-190,168,-178,190,-165,209,-149,226,-132,242,-114,256,-95,265,-75,204,-40,9,503,63,223,176,249,23,115,-86,111,-185,155,-22,47,-30,106,-4,52,11,119,38,6,62,-21,88,33,210,122,251,51,255,-45,395,-287,175,74,1020,707,844,738,-5,11,-121,201,-145,190,-168,178,-190,165,-209,149,-226,132,-242,114,-256,95,-265,75,-274,54,-279,32,-282,11,-282,-11,-279,-32,-274,-54,-265,-75,-256,-95,-242,-114,-226,-132,-209,-149,-190,-165,-168,-178,-145,-190,-121,-201,-95,-209,-68,-215,-42,-219,-14,-222]]]
6243926	n	173.6501,-41.7461,174.1929,-41.2939	[[[1736501,-415200,14,-222,43,-219,72,-215,99,-209,126,-201,151,-190,175,-178,198,-165,218,-149,237,-132,252,-114,266,-95,277,-75,286,-54,291,-32,294,-11,294,11,291,32,286,54,277,75,266,95,252,114,237,132,218,149,198,165,110,112,-29,76,-9,106,-59,187,-42,101,-50,128,-16,142,-552,711,-140,91,28,-154,91,-204,52,-45,-49,-202,-111,-27,-108,53,-36,39,34,62,-46,132,-118,122,-188,31,66,166,-19,144,-108,305,-14,189,49,123,238,240,187,268,158,288,79,102,-51,28,-252,114,-266,95,-277,75,-286,54,-291,32,-294,11,-294,-11,-291,-32,-286,-54,-277,-75,-266,-95,-252,-114,-237,-132,-218,-149,-198,-165,-175,-178,-151,-190,-126,-201,-99,-209,-72,-215,-43,-219,-14,-222]]]
2183472	n	172.8809,-41.5561,173.4086,-41.1329	[[[1728809,-413300,15,-222,43,-219,71,-215,99,-209,125,-201,151,-190,175,-178,197,-165,218,-149,235,-132,252,-114,266,-95,276,-75,285,-54,290,-32,293,-11,293,11,290,32,285,54,276,75,266,95,252,114,235,132,218,149,171,143,-13,13,-1,0,-1830,1800,-115,-76,-191,-71,-212,-29,-464,2,-221,39,-175,84,-71,148,39,75,172,62,57,62,-8,78,-124,270,-94,407,-78,128,-107,-125,-67,0,-29,114,-54,73,-156,123,-35,88,31,162,-202,-91,-235,-132,-218,-149,-197,-165,-175,-178,-151,-190,-125,-201,-99,-209,-71,-215,-43,-219,-15,-222]]]
2208330	n	176.7052,-38.1862,177.2694,-37.8799	[[[1767052,-379600,13,-222,41,-219,68,-215,94,-209,120,-201,144,-190,166,-178,188,-165,207,-149,225,-132,239,-114,253,-95,263,-75,271,-54,277,-32,279,-11,279,11,277,32,271,54,263,75,253,95,239,114,225,132,207,149,188,165,166,178,144,190,120,201,94,209,68,215,0,3,-45,61,-24,22,-655,0,-129,51,-83,73,-98,47,-168,-35,73,-104,43,-138,-24,-121,-129,-53,-145,18,-128,48,-462,260,-61,63,110,27,586,0,-376,166,-930,100,-547,276,-680,78,-602,184,-632,83,-348,133,-66,-145,-68,-215,-41,-219,-13,-222]]]
