287286	n	58.0041,23.129,58.5364,23.7246	[[[580041,235700,317,-16,-25,-633,1571,-860,2140,-2901,6,0,0,3869,73,91,97,93,51,89,50,57,136,99,122,76,56,14,77,39,100,21,113,-17,34,-19,20,-23,1,-77,12,-67,34,-34,26,-7,66,11,34,27,25,135,57,54,2,29,-22,-6,-76,66,-12,60,50,47,32,2,10,12,20,-6,18,11,27,39,55,272,26,84,-7,6,-24,-8,-34,4,-3,-7,-14,-6,15,11,-23,-11,-3,-10,-16,-2,-45,-2,-52,9,-62,32,-5,13,-21,20,16,15,11,-10,-2,8,-16,5,-8,16,-52,41,-21,-3,-1,-19,-39,-16,-11,20,-17,9,-9,-7,4,-16,-6,5,-9,-4,5,-28,-15,-8,-3,-13,-14,-8,-24,2,-7,-5,6,-2,-5,-6,12,-8,-2,-7,-33,-8,-21,-15,7,-5,-7,-21,3,-10,31,-9,-11,-1,-7,-11,1,12,-6,-1,-50,-34,-59,-26,-14,-11,-167,-70,-98,-32,-126,-30,-151,-18,-7,51,6,-53,-10,-1,-6,43,3,-40,-7,0,-7,47,-13,6,11,-7,7,-47,-14,-2,-3,44,1,-44,-66,-3,0,116,-415,-6,-463,54,-210,64,-138,41,-182,134,-368,343,-171,69,-171,34,-616,239,-448,88,-437,25,-11,-1,-4,-99,37,1,164,-9,1,-143,10,-61,-75,-6,-152,-24,-156,-47,34,-129,5,-47,-9,-94,7,-91,11,-41,15,-125,-220,-34,-41,-24,-6,-572]]]
288967	p	287286
288764	p	287286
287830	r	55.1934,20.8913,57.1434,23.832	[[[551934,226935,570,-880,807,-1249,809,-1249,808,-1249,808,-1249,531,-821,103,-219,6,-229,-374,-1129,-50,-151,-66,-198,-185,-558,-289,-867,-374,-1125,-442,-1332,-494,-1485,-527,-1589,-69,-208,332,-165,1531,-641,1573,-548,1609,-452,1637,-353,501,-76,2126,5595,2959,401,248,1582,204,95,113,131,22,206,-67,141,-154,174,410,2634,158,1060,319,1442,329,128,383,617,5,416,118,492,7,676,117,14,4,39,-13,50,-106,66,2,176,-224,359,-52,445,189,400,37,118,553,500,514,315,384,68,183,39,394,32,111,272,-59,163,-377,323,-134,-50,-339,271,-192,288,116,180,-89,80,-4,56,53,15,73,5,10,7,58,-7,100,155,212,214,-42,248,-121,82,238,692,-149,82,-165,39,-20,49,83,136,80,53,281,486,-275,293,10,147,18,47,245,-91,8,10,55,-4,-45,271,654,165,534,144,1,424,458,283,64,30,34,9,95,2,3,48,-13,32,-23,36,-38,27,-171,82,-355,70,-84,90,-36,45,173,389,-317,408,-343,288,-153,107,131,154,576,227,106,106,53,71,-580,404,-318,158,-176,-223,-269,-79,-112,-16,-230,127,-83,132,13,328,-336,61,-71,14,-168,175,-30,13,-1,21,118,241,-18,47,-23,20,-9,21,-16,12,-26,-8,-107,-8,-29,7,-28,15,-21,-3,-43,16,-124,-262,-186,-64,45,233,-28,355,-450,-522,-961,781,-178,208,-594,-110,-158,267,-2669,886,-8034,-4850,-867,361,-8,-9,-150,103,-469,-856,-68,-140,-510,-889,-161,-263,-300,-372,-84,-120,-58,-92,-42,-90,-15,-71,-6,-86,10,-92,-58,-130,16,-89,30,-79,-1,-75,-22,-35,-95,-112,-19,-72,8,-165,22,-84,9,-67,-32,-85,27,-79,-24,-175,11,-86,-42,-75,-9,-91,24,-169,-6,-92,22,-91,57,-76,22,-78,2,-98,-27,-157,-50,-85,9,-94,28,-89,46,-76,-30,-82,7,-94,38,-158,-73,-260,-74,-599,-14,-3,-22,34,-11,-2,-52,-45,-95,-106]]]
286621	r	52.7445,16.6423,55.3035,18.3432	[[[527445,172887,294,-16,171,-59,106,-138,387,-837,624,-1354,626,-1354,626,-1354,624,-1351,850,421,1633,503,844,120,1597,31,327,80,352,153,187,109,82,110,95,185,223,224,253,201,186,116,181,-51,207,77,207,115,150,48,20,-4,26,3,9,-3,8,-17,8,8,21,0,11,17,22,-8,8,12,30,-9,17,8,37,2,22,13,26,0,14,10,14,-2,27,10,21,-6,7,5,0,11,271,55,1,0,106,-29,21,4,14,17,167,35,65,-13,23,4,44,-12,127,10,2,25,12,14,0,8,81,5,252,49,111,105,32,61,50,43,6,-8,47,4,19,13,-4,11,7,16,16,11,48,9,163,137,-4,3,-38,-34,-5,6,-99,-88,-44,22,6,26,-16,-43,-7,3,28,75,-3,19,71,30,-16,29,-61,-26,-4,25,-21,72,-3,78,21,50,3,4,37,37,77,52,53,24,156,46,70,15,504,72,713,116,608,85,671,74,1,-2,27,-11,2,6,-22,4,-3,3,39,4,-5,-14,6,15,456,50,97,-21,94,-48,205,147,246,-17,471,-130,59,19,209,89,108,29,131,-1,353,-68,120,11,206,46,118,12,122,-22,288,-94,410,-71,112,-129,45,-176,81,-191,74,74,341,-211,113,40,184,-26,114,60,113,-125,166,1,334,124,410,52,186,58,156,158,143,-36,138,29,145,49,158,26,116,79,122,143,117,66,98,-152,62,0,449,311,408,447,122,56,82,125,54,139,52,89,153,80,303,90,95,109,-32,51,96,154,42,173,38,86,61,83,93,57,262,126,56,56,48,128,-3,77,-80,34,-61,54,-12,125,17,139,22,91,408,530,69,191,-3,456,-76,209,-194,197,-337,178,-106,134,-41,268,28,234,68,200,282,489,403,322,-231,417,-475,736,-524,703,-571,670,-615,632,-656,592,-695,549,-732,504,-763,458,-794,408,-819,357,-842,305,-860,251,-876,197,-888,141,-895,85,-899,28,-899,-28,-895,-85,-888,-141,-876,-197,-860,-251,-842,-305,-819,-357,-794,-408,-763,-458,-732,-504,-695,-549,-656,-592,-615,-632,-571,-670,-524,-703,-475,-736,-424,-763,-371,-789,-317,-811,-261,-828,-178,-738],[540071,169354,7,6,1,-2,-6,-4,-2,0]]]
286647	r	56.3074,23.5965,57.0589,24.2764	[[[563074,238320,2669,-886,158,-267,594,110,178,-208,961,-781,450,522,28,-355,-45,-233,186,64,124,262,43,-16,21,3,28,-15,29,-7,107,8,26,8,16,-12,0,1,6,-5,3,-17,23,-20,18,-47,-118,-241,1,-21,30,-13,168,-175,71,-14,78,199,-26,675,93,298,5,95,78,434,76,350,332,712,-103,203,-768,10,102,250,111,336,65,50,71,91,6,50,699,494,13,-10,73,59,25,-16,60,50,114,116,16,35,160,-61,59,-32,190,-151,85,-80,87,51,7,7,-16,8,31,17,16,1,-13,10,14,8,-61,49,10,-7,-102,82,-95,86,-20,6,-22,18,-11,3,1,-1,-23,6,-72,42,-167,118,-112,87,25,20,-545,426,-302,331,-19,23,20,19,-1,4,-20,-21,-10,18,-12,7,19,8,16,-6,-14,7,-24,-8,-15,18,-186,257,-121,201,-172,185,-145,191,-9,0,-34,-66,-63,-44,-30,4,-31,20,-73,7,-45,-34,-30,-42,-29,-8,-200,-122,-1171,-318,-658,-849,-113,-400,-59,-156,-146,8,-54,-17,12,-24,-5,-10,4,-23,-24,-85,-27,-36,-6,-43,-21,-50,-41,-28,538,-204,466,-513,92,263,259,216,321,-74,124,-166,392,81,26,2,29,-8,426,-445,-183,-482,214,-296,-488,-546,-414,-137,-26,0,-41,18,-19,21,-8,26,-16,21,-21,13,-113,30,-188,-543,-449,174,-76,162,138,185,-217,156,-621,-248,-94,3,-18,16,-29,2,-61,27,-88,343,-231,145,-243,148,23,136,-34,86,-84,39,14,121,-1,73,-114,95,-78,-4,-56,77,-213,71,-331,-21,-90,63,-887,-749,-12,-134]],[[568152,242728,85,-122,98,-121,-12,40,-92,186,-36,53,-43,-36]]]
289011	r	57.0074,23.151,57.7085,23.6847	[[[570074,234515,153,-107,343,-288,317,-408,-173,-389,36,-45,84,-90,355,-70,171,-82,38,-27,23,-36,13,-32,-3,-48,-95,-2,-34,-9,-64,-30,-458,-283,0,-23,2702,-667,216,-86,98,9,414,-103,55,-24,28,-26,30,-5,107,-91,202,-43,11,82,31,-7,1877,378,534,2655,-542,742,-88,-6,22,96,-495,677,-6,18,-2,8,-107,-10,-1504,55,-112,649,-1240,-55,-490,-169,-656,-496,-955,-479,-550,-171,580,-404,-53,-71,-106,-106,-576,-227,-131,-154]]]
286282	r	56.1819,23.8319,56.8409,24.9782	[[[561819,248284,768,-5958,212,14,-23,-122,143,-70,43,-122,-109,-65,-106,-85,256,-94,16,-43,-9,-70,113,-41,245,-163,62,-105,28,-164,61,-82,-26,-132,46,-64,42,-275,99,-450,244,-1,72,-136,43,-22,-17,-113,-239,-69,-104,-51,-18,-37,-211,-39,-497,12,-33,4,166,-1287,887,749,90,-63,331,21,213,-71,56,-77,78,4,114,-95,1,-73,-14,-121,84,-39,34,-86,-23,-136,243,-148,395,151,143,63,68,282,123,34,71,213,487,158,93,140,-466,513,-538,204,41,28,21,50,6,43,27,36,24,85,-4,23,5,10,-12,24,54,17,146,-8,59,156,113,400,658,849,1171,318,200,122,29,8,30,42,45,34,73,-7,31,-20,30,-4,63,44,34,66,9,0,-172,213,-85,122,43,36,-181,266,-319,357,-9,14,-241,320,-22,43,9,13,-18,-17,-9,9,7,4,-18,23,-16,3,0,5,48,6,-23,2,-29,-8,-5,5,-182,283,-17,2,-50,-64,-4,5,45,64,0,9,-66,28,-91,54,-64,48,-296,267,-157,134,-43,49,-10,-4,4,11,-6,7,-10,-2,-18,22,-11,36,39,37,1,11,-11,17,9,-26,-39,-32,0,-28,-30,36,46,33,-30,-19,-13,10,-16,-11,-26,20,-12,43,31,18,-46,66,49,37,12,40,-19,52,-27,48,38,-82,-14,-7,-20,8,17,-9,15,1,4,-19,-8,2,-1,-4,9,1,-1,-7,-16,-27,-4,7,-3,-3,6,-5,-7,-5,-11,-6,-4,4,-48,-27,-74,113,-120,144,45,25,114,-137,32,22,8,-8,-110,131,-29,7,99,56,11,13,-114,-68,-15,21,-26,9,28,-14,-13,-8,6,2,10,-14,-43,-26,-24,35,22,6,-30,-3,-14,16,6,-26,-54,-32,-1043,1806,-67,416,-65,233,-107,102,-642,1220,-221,809,-543,-55,-45,-48,-52,-54,-32,-326,-18,-179,-7,-69,-53,-99,-280,-182,-56,-51,-330,-295,-180,-79,-374,-43,-44,-18]]]
288955	r	57.0417,23.5648,57.6742,23.947	[[[570417,236308,493,-660,955,479,656,496,490,169,1240,55,112,-649,1504,-55,107,10,2,-8,766,1710,-290,49,-588,170,-768,317,-695,170,33,7,-35,-6,-1006,246,-27,11,-134,32,-597,212,-9,-23,-164,56,-17,3,-16,-9,-19,-34,-6,3,10,5,5,23,12,14,-3,7,-157,54,-193,78,-127,59,-17,-11,-2,-39,-9,-24,5,37,-7,47,-95,39,-12,-9,-9,21,-227,110,-84,-84,-42,-71,-39,-75,5,-8,-37,-65,-27,-68,-6,2,-51,-125,-95,-94,-20,-77,7,-107,109,-154,309,-269,24,-65,-22,-117,-218,-280,-75,-210,-285,-616,-277,-380,-300,-49,-37,-250]]]
288789	r	57.5976,23.4618,58.0628,23.7896	[[[575976,236145,6,-18,495,-677,-22,-96,88,6,542,-742,3248,433,25,633,-317,16,6,572,41,24,220,34,-15,125,-11,41,-7,91,9,94,-5,47,-34,129,156,47,152,24,75,6,-10,61,-1,143,-164,9,-37,-1,4,99,-1292,-67,-251,31,-285,132,-242,60,-106,75,-287,346,-183,38,-677,-38,-229,12,-126,21,-766,-1710]],[[577906,237893,24,-16,27,-4,2,-11,-7,-6,10,3,26,-12,23,9,4,15,-5,9,-31,1,-54,5,-10,10,-9,-3]]]
286590	r	57.6551,22.8314,58.4054,23.5051	[[[576551,231963,3810,-3648,3693,2962,-4,5,-6,8,-2140,2901,-1571,860,-3248,-433,-534,-2655]]]
289317	r	55.4524,23.4193,56.4039,24.9777	[[[554524,234643,417,-144,577,-161,586,-125,133,-20,6837,4127,12,134,-166,1287,33,-4,497,-12,211,39,18,37,104,51,239,69,17,113,-43,22,-72,136,-244,1,-99,450,-42,275,-46,64,26,132,-61,82,-28,164,-62,105,-245,163,-113,41,9,70,-16,43,-256,94,106,85,109,65,-43,122,-143,70,23,122,-212,-14,-768,5958,-105,-43,-2,-1,-164,-373,-215,-239,-60,-171,-90,-103,-192,-49,-211,-7,-17,2,-142,18,-306,223,-294,689,-373,309,-72,148,33,125,175,49,140,-31,129,-60,240,-158,-40,214,-83,440,-114,296,-272,156,-25,3,-405,56,-384,-91,-348,-201,-44,-36,-284,-237,-303,-351,-104,-309,78,-720,242,104,26,-51,24,-18,22,-32,37,-34,10,-120,-16,-120,1,-98,-27,-79,3,-45,-14,-38,-1,-48,2,-40,13,-43,-2,-125,58,-162,23,-170,-204,-162,20,-117,-72,-61,-94,-79,145,-141,-319,-281,-2,-9,-140,-139,-27,-36,-25,-391,207,-439,348,-455,71,-304,68,-3,-3,-819,-263,-170,-161,-313,-234,-170,-87,-13,-55,-149,-10,-114,128,-26,112,25,65,-37,106,-86,62,-21,93,-95,17,6,24,-5,173,-82,25,-18,204,100,173,42,762,69,11,1,14,-6,19,9,27,2,-38,-86,4,-5,112,31,-37,-44,0,-65,14,-90,30,-17,27,-70,37,-31,4,-26,-90,-120,143,-246,201,-204,46,-77,25,-58,120,-218,-15,-22,47,-213,-333,-38,-243,-16,-183,-62,-392,-80,-150,-71,-109,-42,-28,-28,-90,-38,-94,-65,-78,-1,-54,-15,-15,-17,-54,-26,-20,-20,-131,67,-120,40,-69,2,-205,304,-221,-41,-153,59,-28,-14,-40,20,-40,0,-55,-22,180,-308,-5,0,-164,-57,-154,-4,-326,51,-328,7,-141,-48,-480,-236,-65,-64,-46,-26,-526,-229,-182,-67,-80,-44,-45,-35,-54,-57,-8,-23,6,-22,119,-123,20,-38,9,-38,-1,-121,8,-22,17,-23,123,-68,160,-219,45,-288,32,-759,-42,-132,-6,-9,257,-209,37,-40,63,-103,27,-178,-21,-129,25,-604,-13,-44,-52,-101,-215,-224,-96,-134,-119,-251,-128,-115,-119,-92,-149,-209,-125,-226,-183,-257]]]
286987	r	57.2991,22.4543,58.0326,23.1963	[[[572991,225053,40,-20,306,-128,314,-110,321,-90,327,-71,331,-51,334,-30,336,-10,336,10,334,30,331,51,327,71,321,90,314,110,306,128,296,147,285,164,273,182,260,197,245,213,229,227,213,241,196,253,177,264,159,275,138,283,118,292,98,298,70,279,-3775,3615,-1877,-378,-223,-866,64,-23,-133,47,-154,34,-23,-10,-104,10,-20,23,-12,-16,-172,-47,-247,-1,-232,-244,-45,-7,65,-127,23,-6,50,2,3,-28,27,2,5,-61,-31,-2,34,-17,121,-137,389,-32,116,-432,-63,-246,-268,-212,-60,-491,106,-157,-899,-3488]]]
286245	n	59.2868,22.3439,59.7709,22.7379	[[[592868,225700,12,-222,35,-219,58,-215,80,-209,102,-201,123,-190,142,-178,160,-165,177,-149,192,-132,205,-114,215,-95,225,-75,232,-54,236,-32,238,-11,238,11,236,32,232,54,225,75,215,95,205,114,192,132,177,149,160,165,142,178,123,190,102,201,39,102,-58,5,-67,14,-63,22,-51,27,-67,71,-8,60,12,45,1,29,-27,51,-18,107,-28,46,-55,15,-157,-20,-61,5,-404,283,-267,101,-770,-247,-146,-12,-121,12,-73,64,-2,141,64,-34,84,-21,61,25,-10,105,-57,48,-230,122,-229,187,-314,153,-418,367,-135,153,-56,161,-241,357,-95,-80,-160,-165,-142,-178,-123,-190,-102,-201,-80,-209,-58,-215,-35,-219,-12,-222]],[[597415,225247,145,-153,53,-87,14,37,58,215,24,147,-145,-21,-106,-3,-43,-135]]]
286839	r	58.4514,22.7785,59.2482,23.5421	[[[584514,231329,5577,-3219,85,-269,233,-44,358,-12,151,5,128,16,111,-19,57,5,27,36,37,22,102,-8,75,20,93,44,21,0,23,-11,39,4,31,40,26,3,-1,24,31,35,3,35,28,32,3,24,15,27,9,39,63,25,25,0,84,28,5,28,53,18,18,16,49,-6,7,-8,-10,-22,26,-8,26,2,14,-22,69,60,33,-2,10,33,53,47,16,5,28,-29,17,-4,13,9,18,30,75,43,14,4,-15,2,-27,23,-58,85,0,15,-8,6,12,14,-14,10,3,11,-18,30,-6,51,-12,8,3,36,-12,-1,-6,5,4,26,-25,11,2,28,-25,31,-7,1,2,7,-15,19,3,15,-20,18,1,16,-8,3,-5,25,5,7,-12,11,-1,31,34,20,-22,34,-12,54,-11,6,3,14,-20,27,-1,4,219,164,-90,158,-248,274,-338,236,-532,288,-280,208,-46,48,-42,70,-58,298,-42,80,-636,601,-84,591,-152,201,-303,269,-97,157,-170,430,-143,180,-360,152,-586,505,-130,193,-102,457,-80,138,36,151,-69,164,-240,300,-94,-43,-1073,-1441,-24,19,6,21,-46,9,-33,-57,-29,-15,-49,11,-35,-5,-65,-121,-31,-30,4,-26,16,-16,21,-6,2,-9,-27,-15,-20,-35,54,-29,30,0,-1714,-2304]]]
288899	n	57.0561,22.7539,57.4643,23.2052	[[[570561,229800,11,-222,36,-219,58,-215,80,-209,103,-201,123,-190,142,-178,161,-165,177,-149,193,-132,205,-114,216,-95,226,-75,232,-54,237,-32,239,-11,239,11,237,32,177,42,237,917,-106,157,60,491,268,212,63,246,-116,432,-389,32,-121,137,-34,17,31,2,-5,61,-27,-2,-3,28,-50,-2,-23,6,-65,127,45,7,232,244,247,1,172,47,12,16,20,-23,104,-10,23,10,154,-34,69,-24,192,748,-63,54,-150,32,-107,91,-30,5,-28,26,-55,24,-414,103,-98,-9,-216,86,-697,172,-24,-1,-237,-32,-232,-54,-226,-75,-216,-95,-205,-114,-193,-132,-177,-149,-161,-165,-142,-178,-123,-190,-103,-201,-80,-209,-58,-215,-36,-219,-11,-222]]]
289199	r	56.518,23.5317,57.2635,24.0733	[[[565180,238319,231,-145,88,-343,61,-27,29,-2,18,-16,94,-3,621,248,217,-156,-138,-185,76,-162,449,-174,188,543,113,-30,21,-13,16,-21,8,-26,19,-21,41,-18,26,0,414,137,488,546,-214,296,183,482,-426,445,-29,8,-26,-2,-392,-81,-124,166,-321,74,-259,-216,-92,-263,-93,-140,-487,-158,-71,-213,-123,-34,-68,-282,-143,-63,-395,-151]],[[568614,238941,768,-10,103,-203,-332,-712,-76,-350,-78,-434,-5,-95,-93,-298,26,-675,-78,-199,336,-61,-13,-328,83,-132,230,-127,112,16,269,79,176,223,318,-158,550,171,-493,660,37,250,300,49,277,380,285,616,75,210,218,280,22,117,-24,65,-309,269,-109,154,-7,107,20,77,95,94,51,125,6,-2,27,68,37,65,-5,8,39,75,42,71,84,84,227,-110,9,-21,12,9,95,-39,7,-47,-5,-37,9,24,2,39,17,11,127,-59,193,-78,157,-54,3,-7,-12,-14,-5,-23,-10,-5,6,-3,19,34,16,9,17,-3,164,-56,9,23,-792,280,-328,193,-676,504,-44,48,-85,49,-46,34,-81,60,-55,42,61,-49,-14,-8,13,-10,-16,-1,-31,-17,16,-8,-7,-7,-87,-51,-85,80,-190,151,-59,32,-160,61,-16,-35,-114,-116,-60,-50,-25,16,-73,-59,-13,10,-699,-494,-6,-50,-71,-91,-65,-50,-111,-336,-102,-250]],[[569915,240713,112,-87,167,-118,72,-42,23,-6,-349,273,-25,-20]]]
287832	n	58.2866,22.4639,58.7734,22.9161	[[[582866,226900,12,-222,35,-219,58,-215,80,-209,102,-201,123,-190,142,-178,161,-165,177,-149,192,-132,205,-114,215,-95,225,-75,232,-54,236,-32,239,-11,239,11,236,32,232,54,225,75,215,95,205,114,192,132,177,149,161,165,142,178,123,190,102,201,80,209,58,215,35,219,12,222,-12,222,-35,219,-58,215,-80,209,-102,201,-123,190,-142,178,-161,165,-177,149,-192,132,-205,114,-215,95,-225,75,-232,54,-236,32,-239,11,-239,-11,-236,-32,-232,-54,-225,-75,-215,-95,-205,-114,-192,-132,-177,-149,-161,-165,-142,-178,-123,-190,-102,-201,-80,-209,-58,-215,-35,-219,-12,-222]]]
287614	r	56.0774,25.6138,56.5406,26.3886	[[[560774,260610,232,19,507,119,114,-12,157,-386,51,-205,-22,-183,-66,-297,-41,-897,-68,-143,-193,-246,-48,-149,44,-171,233,-282,46,-124,-71,-131,-129,-91,-108,-104,-8,-172,47,-447,57,-120,17,-8,39,-21,235,-38,89,-67,100,-201,70,-75,157,-40,160,28,416,108,-53,119,-72,333,72,365,141,325,139,213,0,-211,145,78,111,128,166,271,198,174,-12,237,12,74,124,213,164,211,68,219,-158,238,97,98,146,15,163,-42,7,-4,3,-32,63,1,11,-6,1,0,27,-13,5,-14,20,2,5,-2,4,-7,45,-30,2,15,-24,55,-4,24,11,41,8,-8,36,25,55,15,5,10,19,9,3,21,38,22,-37,-9,-21,-22,-17,4,-6,-7,-16,2,-15,-9,-22,2,7,8,78,47,-221,55,-37,16,-11,9,-2,19,-9,9,21,20,-19,14,-1,22,-41,-25,-13,0,-4,3,-6,11,0,3,-1,1,-6,10,-94,117,11,8,10,-3,-1,21,-21,4,-10,17,5,22,30,14,9,-5,2,-8,9,5,3,-5,17,0,10,8,29,-5,-5,14,8,5,-8,51,7,14,19,0,10,-7,11,15,9,-1,17,-19,12,-3,6,-17,6,1,8,-16,11,-3,10,7,-13,45,-19,7,4,19,-20,-1,-17,16,29,39,-6,15,6,8,-30,-3,-13,11,4,7,-11,3,0,6,7,4,-1,25,1,1,-1,2,-1,25,2,11,11,10,-9,8,3,13,-17,10,9,-5,-1,22,2,1,7,23,6,-5,6,4,5,-7,12,7,-3,19,11,25,-1,19,-26,5,-25,-24,-135,109,-181,-87,-2,2,3,10,-17,11,-21,2,20,23,16,-4,12,10,-1,7,23,13,-27,9,-9,-5,-29,1,-4,22,-15,7,3,19,21,-3,7,27,18,13,16,1,13,-13,15,1,1,13,14,1,1,26,8,3,9,-8,7,2,7,-17,17,1,-5,29,37,-7,8,10,-2,14,19,-5,7,27,14,-10,3,7,10,-17,-6,-51,8,-3,2,-16,20,9,3,-8,15,3,9,-8,16,9,12,-14,10,30,10,2,6,-10,8,8,7,-10,3,7,14,-1,5,11,-12,13,2,7,29,13,25,-15,13,-27,19,1,22,15,11,-1,7,-10,8,6,13,-7,-4,16,10,8,-18,14,5,14,-10,5,5,10,-6,17,45,27,-54,37,-5,11,5,14,5,1,0,9,20,9,7,21,4,-3,-1,18,10,-1,7,13,7,-5,4,19,-6,8,49,26,14,-8,9,2,8,20,11,2,4,8,7,-2,3,12,10,-1,14,-34,31,13,8,10,-1,13,16,3,26,17,13,19,9,2,-1,7,27,11,3,10,29,1,5,5,14,-10,9,7,26,0,-7,18,-22,7,-5,35,-10,-13,-36,-1,-20,-12,3,-9,-12,-4,-13,-1,9,7,86,132,-597,-7,1,3,-15,0,-1,19,-8,9,7,2,-6,5,3,6,-16,9,-7,-9,-16,-3,-7,-13,-13,-1,-3,-10,-28,-20,1,1,-43,0,-13,13,10,15,-10,15,11,16,-5,16,5,19,-16,-9,-6,27,-6,4,-16,-28,-39,-27,-12,-28,-26,-10,16,-25,-42,0,-116,44,3,0,-8,23,7,15,-18,20,1,29,25,6,6,-7,8,3,-3,22,16,5,-14,24,17,7,-15,22,14,22,10,-3,20,16,-6,19,11,32,-39,19,1,27,-14,16,-13,-1,-2,-20,-16,-1,-7,81,-63,63,-108,-32,-83,-108,-39,-91,-12,3,-11,27,-9,-6,-19,7,-7,24,15,17,25,-5,3,-6,0,12,17,12,24,-5,-19,14,-1,13,6,11,15,5,7,66,34,37,-1,21,10,17,-15,-6,-26,-51,-36,-24,-42,-54,-21,-7,-10,6,-3,18,12,37,-12,6,-4,12,7,36,18,10,-6,11,4,13,-19,22,-15,-11,-1,0,43,92,-29,52,1,1,12,0,11,-14,29,7,10,-12,38,-11,13,21,35,-7,0,18,19,21,34,-12,-4,13,7,5,14,-9,32,18,2,14,-30,10,12,10,28,4,26,-10,6,29,-16,20,-70,5,12,58,9,1,7,21,30,40,65,0,-17,22,3,40,-5,10,42,8,47,-35,-6,28,23,23,2,12,19,5,5,-4,11,11,31,9,41,-10,12,-19,-34,-13,-47,-56,-19,-81,3,-76,-3,0,3,-1,2,-30,24,14,2,-1,-13,-23,11,6,23,-4,7,-10,-3,-10,16,-9,-2,-6,13,-15,-18,-25,-15,-10,3,-26,22,-31,-11,-5,-2,-8,-21,-6,0,-31,-28,-22,-1,-11,15,-2,14,12,16,3,13,-1,3,-7,7,2,36,88,21,6,24,-13,9,13,3,10,-9,25,-31,-7,-4,5,5,26,8,6,-8,11,8,28,-18,17,1,14,11,-1,0,8,30,1,10,36,25,3,14,10,15,-10,10,-20,12,4,6,-7,18,4,-11,31,9,15,6,-108,74,-122,54,-20,-5,-3,-19,8,-4,-4,-30,6,0,-32,-18,-9,-3,-23,21,-6,0,10,21,15,22,-4,8,-30,19,-2,8,-15,4,-22,-34,-42,6,-8,3,8,16,6,25,-32,17,8,18,-13,-7,-31,8,-10,-3,-8,16,7,9,-19,17,10,7,-17,19,5,4,11,10,0,2,9,7,-3,-3,11,6,-2,0,10,13,1,3,22,12,6,16,-3,-2,-27,12,-4,12,6,5,19,27,12,9,-18,-7,-21,15,4,9,-4,26,15,-3,26,13,15,6,-2,5,-21,38,-6,-1,-8,11,-3,7,6,26,-1,3,-14,20,8,7,-9,15,8,18,-6,10,18,25,12,22,-4,26,-28,0,-10,-10,-9,8,-11,-2,-16,-10,-11,9,-5,31,12,12,17,12,1,1,6,22,12,11,-13,24,11,4,-12,25,-14,-1,9,9,9,-3,25,-14,8,-9,-7,-4,14,-12,1,8,14,-19,17,20,9,-6,20,7,4,-14,31,-23,-20,-19,-2,-3,-21,-9,0,-9,-11,-14,19,-25,-16,-13,5,-3,19,13,22,61,-1,-69,182,-132,103,-151,81,-53,50,1,0,-5,27,-31,5,-10,10,-6,15,14,20,16,-10,17,4,16,-9,3,-13,22,-14,12,-23,8,4,14,62,-17,28,0,9,-12,6,-2,18,-22,9,5,15,59,11,31,-13,5,37,-7,25,20,13,13,-1,10,19,-10,17,3,13,10,4,46,-141,92,34,34,56,3,-2,2,-7,-10,-15,10,-6,-2,-18,14,-16,-8,-5,-2,-14,-36,4,7,-13,-3,-12,-12,1,-1,-8,-19,-11,-15,-45,8,2,9,20,16,8,17,-4,4,-6,14,5,13,-15,12,-3,3,-20,-14,-6,-2,5,-12,-1,14,-10,-2,-16,-7,0,-5,-10,5,-6,-3,-17,23,-15,20,10,16,31,11,-3,20,10,36,-3,15,-11,-4,12,-15,9,8,17,17,14,-1,17,-20,43,4,14,-22,1,-24,13,-4,22,8,16,-33,16,-13,23,3,17,18,11,1,50,-6,15,55,88,24,24,37,3,9,13,16,1,11,14,-24,-5,-12,5,-11,-21,-26,-1,-6,-3,22,35,-111,140,-109,-19,-31,-24,0,3,7,18,-6,8,-30,-11,-17,6,8,-16,-3,-12,-13,-9,-6,4,-8,-13,18,-10,2,-5,-25,-19,-91,-41,-135,42,-84,61,-13,16,14,14,-28,-11,-3,2,-177,168,72,1,9,7,-3,11,-20,7,1,8,31,11,-5,10,-20,4,-19,12,11,19,-41,7,-1,20,25,30,3,58,-12,0,138,81,2,-1,-3,-16,10,-13,26,-20,8,4,84,-11,-18,32,11,8,-3,13,-20,6,-9,17,4,16,-12,9,-3,11,136,108,-4,-10,10,-13,2,13,14,2,6,13,12,-6,36,27,15,-8,-8,-32,7,-25,-8,-5,3,-17,12,-4,20,44,22,21,9,31,30,11,30,22,17,3,12,16,16,1,8,8,44,-12,15,5,37,-5,39,-9,3,-6,19,15,23,-2,68,25,12,-6,53,0,17,-21,-24,-21,-10,-42,13,-13,30,12,28,24,41,-17,22,-16,20,9,5,-6,18,0,11,17,39,29,17,37,-15,28,-25,15,-12,1,-3,-9,-35,-14,-31,14,-7,-11,-27,-1,-14,15,0,14,44,3,21,98,-73,183,0,2,31,38,4,18,-5,6,-29,-9,-16,-18,-13,32,-10,-3,-1,1,-17,5,-8,13,-3,-8,17,-15,-190,-61,3,-7,-23,-2,-9,12,-16,-1,-3,-9,6,-16,47,-12,6,-17,-5,-12,20,-10,0,-9,5,0,23,-77,21,-45,-129,-6,-122,11,-17,4,1,0,3,21,-9,19,-13,5,-14,-15,-25,-13,-2,-3,-156,39,-2,1,1,1,-22,18,3,16,-12,22,20,48,26,12,-4,17,-35,-28,-10,-26,-13,-1,-13,6,-29,59,-11,3,-4,-28,-12,-5,-4,5,-58,25,-95,-71,-5,14,2,1,-15,33,1,12,19,11,21,-3,-32,38,-11,27,6,16,9,6,16,3,17,-12,27,3,-2,15,9,21,-9,12,-12,3,-1,26,-38,48,-30,-47,-47,46,-50,-44,-3,-2,-1,20,-6,5,-38,-13,5,-8,-11,-34,-97,-57,5,9,-5,15,12,0,0,24,8,0,6,11,-1,21,20,20,-4,50,-6,6,4,11,-14,5,-15,-22,-12,0,-8,9,-15,-4,-6,-35,18,-25,-27,-12,-1,-11,-42,82,2,3,14,45,-2,21,23,46,-8,27,-13,-10,-3,-38,-36,-47,-34,69,-62,0,-31,-138,-1,2,-26,1,-26,33,-18,0,-13,-12,-3,-35,13,-11,30,3,3,-14,-9,-9,-18,7,0,-20,-17,-2,-20,-17,-11,-16,0,-26,-44,-53,-10,-28,3,-13,-7,-16,6,-21,-9,-47,10,-21,-16,-19,-3,-29,8,-34,8,-8,55,-1,22,33,27,2,-101,-112,-59,-32,-61,0,-55,-18,-42,-93,43,-13,-36,-64,22,2,12,-14,30,-6,13,-15,12,-4,6,4,35,-15,32,-41,13,-27,-9,-28,9,7,11,-8,24,0,18,15,27,-7,-2,-28,9,-5,-8,-20,21,-8,4,-10,-2,-8,-11,-6,-7,-24,8,-21,24,29,29,3,16,17,11,-1,8,7,16,-11,-6,-8,3,-24,28,-2,-42,-112,-132,42,-80,58,8,8,-6,10,-35,9,-3,-1,-62,45,0,3,-4,0,-25,18,0,9,-19,5,-2,1,-4,14,-18,3,-43,30,0,-158,-11,-63,-4,-16,1,-1,-43,-235,-15,-17,1,-12,7,-7,-4,-23,-3,-8,-10,-4,-4,-24,-7,-8,-15,2,-2,-20,-14,-13,-11,-38,12,-5,-9,-14,-2,-50,-6,-7,16,-12,7,-30,18,-7,2,-10,-19,-19,5,-27,-13,-21,12,-3,2,-3,-31,2,-70,-111,-5,31,10,17,-8,13,3,14,-14,8,-2,12,1,1,-2,1,-3,16,9,9,3,19,-18,34,-4,-3,-1,5,-48,46,6,10,-9,20,-14,9,-8,-16,-45,43,-131,44,-61,-29,-53,-65,-260,-13,-82,-76,-9,5,45,72,-14,28,-22,22,-6,20,6,22,-17,49,-18,8,-5,-4,-17,24,9,7,10,24,10,3,-10,75,13,81,-13,23,-13,6,-14,-2,-2,10,-19,-24,-18,8,-16,-18,-4,3,3,42,-9,55,-164,-80,-101,-91,-241,-449,-662,-946,-95,-358,-45,-94,-1,-3],[563201,262007,7,12,22,0,5,-10,-34,-2],[563243,262009,9,14,14,-2,10,12,11,0,29,18,25,-5,-8,21,21,17,4,14,13,5,6,-4,17,3,-11,12,-1,22,19,32,3,25,16,0,10,-12,9,-1,10,-14,-1,-14,21,-9,0,14,22,11,5,22,27,-6,9,32,26,0,1,-8,6,-1,2,12,-11,11,-4,24,31,19,16,-23,10,41,7,3,-8,7,3,11,8,1,16,31,12,9,17,-2,9,8,17,-3,5,-23,15,-8,1,-23,-8,-14,17,5,20,-25,-9,-50,-10,-15,1,-1,-52,13,-107,-24,-272,-180,-48,-2],[563354,261178,15,9,16,23,14,-3,-37,-85,-5,7,-3,49],[563367,261827,69,87,47,25,2,-2,12,-21,-1,-13,7,-11,7,3,1,-9,-10,-12,-21,3,9,-29,-19,-8,-33,-35,-45,1,-19,9,-6,12],[563492,261944,43,22,6,-3,-2,-12,-12,2,-25,-11,-10,2],[563549,263573,19,1,-4,16,12,42,24,40,7,8,11,-185,-55,-119,-8,-9,2,37,24,89,4,48,-7,13,-29,19],[563737,262213,16,7,-5,9,10,5,-7,8,10,24,-3,18,8,7,-2,11,-14,1,-3,11,5,1,6,28,11,-4,3,10,-11,12,1,19,13,0,2,-7,6,17,-6,6,10,0,1,14,13,12,26,-5,0,-14,-19,-27,12,-40,-5,-47,29,44,2,43,8,12,24,9,2,17,2,3,52,-21,12,-11,-6,-27,-10,-13,5,-6,-13,-12,-9,-29,5,-22,33,34,24,-11,12,14,19,2,12,11,6,-5,45,-90,-14,-42,-7,2,-11,-9,-14,6,-8,-8,21,-12,10,5,3,-1,-8,-25,-66,-8,-235,58,2,2,-5,14],[563845,260230,10,12,6,-8,-16,-7,0,3],[563984,261835,3,2,-2,-2,-1,0],[564426,259392,0,1,11,11,-5,-9,-6,-3],[564655,263226,41,13,12,0,-8,-18,-23,-22,-20,26,-2,1],[564783,263235,27,-1,-2,-7,-13,-6,-12,14],[564817,263234,24,-2,-3,-3,-20,2,-1,3],[564844,263232,92,-4,-21,-24,-21,-2,-21,24,-19,-2,-10,8]],[[564134,263792,2,-11,34,-22,5,-18,2,-6,3,15,-5,20,10,33,-9,25,37,14,1,7,-10,-4,-15,9,-24,-9,-31,-53]],[[564458,263705,22,-37,26,-14,24,10,22,-14,33,9,24,-32,4,-2,2,9,-3,13,9,3,6,21,32,33,1,24,-46,-18,-10,1,-10,11,-36,-5,-9,8,0,22,-11,9,-34,10,-17,-4,-10,-23,-14,-10,-5,-24]],[[565118,263593,25,0,14,7,9,-14,46,37,41,16,96,-6,31,14,22,24,4,19,-17,9,-31,-15,-16,-17,-7,3,-7,22,20,26,5,46,-14,10,0,7,-10,-7,-11,5,-4,9,6,17,-8,9,-7,-3,-17,10,0,16,-9,0,2,13,-7,3,2,17,-10,2,-18,-9,-6,-21,-15,2,4,-43,-9,-21,21,-1,12,-17,-11,-16,1,-28,-26,-11,0,-38,-10,-9,-24,-4,-17,-26,-30,-8,-12,4,-8,-33]]]
