3703443	r	-79.8046,8.3772,-78.9911,9.5013	[[[-798046,91255,294,-669,66,-18,22,-41,0,-15,-12,-11,0,-43,8,-5,-2,-6,-8,3,-1,-8,-1,-20,33,-75,8,-4,13,-14,7,-34,21,-3,-2,-25,18,-5,9,-10,-1,-23,9,-22,-3,-21,-8,-2,679,-1547,90,39,67,-21,71,-47,111,-37,0,62,-54,119,144,74,456,81,227,-84,146,105,47,215,-18,61,-54,187,62,0,0,35,17,-1,79,-61,95,-131,61,-61,-12,-12,43,-18,26,-27,5,-12,4,4,34,-34,132,-92,-37,119,-36,60,7,5,-12,3,-133,223,107,32,19,66,-9,85,20,90,123,74,-50,13,54,-14,0,4,154,94,32,34,32,21,7,47,20,47,75,22,29,4,47,7,124,46,174,33,96,38,93,7,89,-67,104,53,119,61,6,0,561,-54,246,76,0,-69,62,0,262,52,803,-141,170,55,12,56,20,6,-4,55,49,-26,49,-80,11,-44,242,-66,65,-33,155,-34,140,119,103,170,46,123,-28,211,-117,86,-129,38,-61,68,17,76,48,44,74,18,93,5,97,21,56,47,32,48,24,21,57,39,122,181,62,52,99,3,31,-52,26,-63,80,-30,42,28,127,137,67,52,81,26,27,2,-41,243,-58,247,-73,242,-90,236,-105,231,-120,223,-134,215,-149,206,-161,195,-174,185,-186,173,-197,160,-206,148,-217,133,-224,119,-232,105,-238,89,-243,73,-248,58,-251,41,-254,25,-254,8,-254,-8,-46,-5,63,94,74,30,25,34,-161,39,-91,62,-155,-63,-12,-88,-29,-28,-74,23,-47,-25,-96,50,-17,46,-94,1,-49,-9,-157,-104,-72,36,-29,-8,-42,-11,-59,32,-25,-79,-81,2,-37,-43,-59,30,-44,-23,13,-114,-60,-37,35,-27,-12,-48,25,5,-29,-34,28,-22,-22,-13,17,-41,-40,0,7,-62,-64,-30,30,-66,-9,-52,35,-12,-32,-51,-38,17,-18,-54,-57,-19,-11,-91,40,-30,-63,-13,-5,-56,-44,-41,25,4,27,-33,-53,-15,3,-57,-58,-36,33,-21,-28,-23,35,-21,-4,-50,100,6,-31,-16,46,-64,-12,-53,33,2,1,-33,-17,-54,-73,-13,-80,-100,-130,-203,24,-43,-47,-16,59,-46,-66,-50,22,-191,-19,-106,53,-216,-34,-202,-38,-32,-119,8,-27,12,-11,53,-40,-3,-19,-35,-54,33,-26,-56,42,-21,6,-54,-10,-20,-54,7,-18,-68,-260,33,-67,-146,-63,-329,-155,-99,-17,-76,-128,-140,15,-94,-101,-71,-101,41,-347,54,-110,-4,-188,-81,-281,73,-42,60]],[[-795716,87892,24,-61,65,-18,74,15,39,-36,34,-52,46,15,22,58,-7,55,-61,21,-46,30,-28,61,22,24,-6,30,-31,-9,-64,21,-71,-60,-12,-94]],[[-791301,84049,179,-134,194,-143,84,53,41,84,14,77,-74,49,39,125,-55,35,-22,-92,-47,-38,-102,122,-132,104,-119,-242]],[[-791077,90756,188,-18,80,-110,16,-174,-5,-207,-20,-94,-39,-55,-28,-57,13,-98,42,-55,254,-178,442,-97,17,44,73,242,58,247,42,249,25,252,8,253,-8,253,-15,151,-181,-64,-162,-130,-97,-5,-89,135,-62,0,-61,-168,-113,-139,-164,-87,-214,-15,0,-75]]]
3701329	p	3703443
3708306	p	3703443
3711668	r	-82.711,8.1933,-82.149,8.7099	[[[-827110,84300,6,-183,18,-182,30,-181,41,-178,54,-176,64,-171,1,-1,307,0,362,-75,701,-279,409,-110,256,48,83,-38,69,-3,189,41,-21,73,-33,75,-40,69,-42,56,0,68,186,83,44,127,16,124,101,76,-9,-101,15,-80,46,-59,85,-34,0,-61,-181,-67,20,-118,144,-113,188,-50,129,34,285,147,159,24,-22,65,-21,142,-18,66,172,-60,177,10,175,54,164,70,-43,-210,73,-129,151,-65,195,-17,11,56,159,328,54,35,122,9,235,-7,-162,-39,-80,-72,-12,-103,49,-133,-49,-4,-10,18,2,27,-12,27,-46,-55,-24,-55,12,-50,58,-45,0,-68,-58,-98,11,-140,41,-111,54,65,107,149,97,156,87,161,76,167,64,171,54,176,41,178,30,181,18,182,6,183,-6,183,-18,182,-30,181,-41,178,-54,176,-64,171,-76,167,-87,161,-97,156,-107,149,-117,141,-126,134,-134,125,-142,117,-150,106,-156,97,-162,86,-167,76,-173,64,-176,54,-179,41,-181,30,-183,18,-184,6,-184,-6,-183,-18,-181,-30,-179,-41,-176,-54,-173,-64,-167,-76,-162,-86,-156,-97,-150,-106,-142,-117,-134,-125,-126,-134,-117,-141,-107,-149,-97,-156,-87,-161,-76,-167,-64,-171,-54,-176,-41,-178,-30,-181,-18,-182,-6,-183]],[[-824309,82600,62,-134,122,-156,142,-128,118,-53,168,40,348,182,201,51,-280,198,0,75,157,-46,99,47,7,97,-120,107,-215,56,-519,-365,-228,29,-62,0]],[[-823157,82149,77,-157,66,-31,200,-26,11,-2,64,40,150,106,142,117,23,21,-172,53,-142,63,-327,-92,-92,-92]]]
3712076	r	-80.4709,8.9624,-79.4482,9.6293	[[[-804709,91223,2007,-1073,1681,410,6,-6,6,-50,45,-22,-55,-45,-42,-107,39,-84,-33,-62,513,-560,668,110,-32,14,-4,34,41,22,34,4,4,56,6,13,10,-3,25,-23,14,-11,8,6,11,12,-3,15,14,-3,3,3,0,1,-2,16,-12,17,7,22,17,-1,19,-13,10,15,2,9,9,8,16,-9,13,-19,26,35,14,1,1,1,3,5,11,60,11,66,4,6,6,31,-6,48,13,60,21,41,2,63,15,17,8,40,-49,66,-18,106,-114,230,-9,51,5,44,46,107,164,207,15,37,48,381,17,32,107,122,116,58,196,26,225,-12,32,-17,99,-33,36,-5,58,13,60,25,57,0,23,-9,65,-51,24,-12,151,-118,24,-39,74,-293,11,-29,8,2,60,-87,281,-73,188,81,110,4,347,-54,101,-41,101,71,-15,94,128,140,17,76,155,99,63,329,67,146,260,-33,18,68,54,-7,10,20,-6,54,-42,21,26,56,54,-33,19,35,40,3,11,-53,27,-12,119,-8,38,32,34,202,-53,216,19,106,-22,191,66,50,-59,46,47,16,-24,43,130,203,80,100,73,13,17,54,-1,33,-33,-2,12,53,-46,64,31,16,-100,-6,4,50,-35,21,28,23,-33,21,58,36,-3,57,53,15,-27,33,-25,-4,44,41,5,56,63,13,-40,30,11,91,57,19,18,54,38,-17,32,51,-35,12,9,52,-30,66,64,30,-7,62,40,0,-17,41,22,13,-28,22,29,34,-25,-5,12,48,-35,27,60,37,-13,114,44,23,59,-30,37,43,81,-2,25,79,59,-32,42,11,539,1014,-30,17,-53,90,-70,-187,-5,-86,-199,59,-81,37,-62,46,-68,0,-29,-59,-28,-29,-36,-20,-49,-34,-36,76,-3,23,-98,43,0,62,104,58,-1,76,-54,96,-49,118,-181,50,-255,-115,-197,-63,-160,22,-181,-52,-86,-100,-111,-89,-145,-62,-53,-105,-59,-42,-65,-42,57,-61,88,24,112,42,48,-53,-80,-73,-177,-68,-69,-241,-63,-257,-149,-103,-92,-57,-66,-106,-34,-25,-19,-33,-28,-74,-21,-30,-168,-105,-298,-109,-149,-134,-37,-67,-113,62,-76,-84,0,-48,-22,-10,16,-37,-134,-65,27,13,-44,20,-33,59,-75,32,-73,-37,-6,-21,-89,-7,-17,39,-80,18,-49,-5,-44,-65,-43,-6,-27,-50,42,5,5,-39,-158,-73,124,-1,-2,-23,-77,-24,30,-66,47,34,-10,-28,25,5,-54,-29,38,3,7,-16,-33,-15,50,-106,-84,2,-28,72,-23,5,13,29,-88,13,-58,-34,30,-83,-99,2,35,-12,-24,-19,80,8,-24,-20,32,-6,-14,-21,23,-31,-121,-142,2,-197,-73,0,-24,27,-35,-16,-4,19,-19,-43,-67,4,-13,4,-40,48,-21,100,16,8,-15,7,20,362,-36,92,-10,1,0,1,-2,0,-51,4,-252,-100,-29,-47,-35,-29,14,-5,-101,-162,-33,-48,0,-6,-12,-19,-4,-20,-49,-30,2,-47,31,1,-3,-17,-36,-34,-153,-52,-5,-64,-33,-43,-144,-79,-70,-73,34,-27,-237,-208,-356,-402,-289,-161,-332,-133,-370,-97,-350,-39,-99,-42,-327,-187,-151,-50,-1157,-91,-626,-200]]]
3714637	p	3703443
3706567	p	3703443
3707961	r	-80.2702,8.4858,-79.6897,9.186	[[[-802702,90150,3363,-5292,18,34,54,42,91,20,70,51,152,141,42,17,112,23,51,21,32,35,19,76,-17,110,74,96,378,92,326,106,193,74,400,359,338,261,37,73,-4,84,-48,0,-37,-47,-115,-63,-301,-150,-322,-129,-341,77,-126,124,163,81,170,45,25,39,-12,45,7,37,126,26,125,60,39,29,60,69,52,80,40,83,23,78,31,54,21,54,9,63,-21,32,-47,20,-47,30,-21,58,-43,595,43,193,84,145,134,142,163,83,171,-29,-24,51,-16,51,-28,34,0,69,66,-10,23,-9,12,-17,30,-33,8,4,-679,1547,8,2,3,21,-9,22,1,23,-9,10,-18,5,2,25,-21,3,-7,34,-13,14,-8,4,-33,75,1,20,1,8,8,-3,2,6,-8,5,0,43,12,11,0,15,-22,41,-66,18,-294,669,-18,27,-8,-2,-11,29,-74,293,-24,39,-151,118,-24,12,-65,51,-23,9,-57,0,-88,-37,-30,-1,-36,5,-99,33,-32,17,-225,12,-196,-26,-116,-58,-107,-122,-17,-32,-48,-381,-15,-37,-164,-207,-46,-107,-5,-44,9,-51,114,-230,18,-106,49,-66,-8,-40,-15,-17,-2,-63,-21,-41,-13,-60,6,-48,-6,-31,-4,-6,-11,-66,-11,-60,-3,-5,-1,-1,-14,-1,-26,-35,-13,19,-16,9,-9,-8,-2,-9,-10,-15,-19,13,-17,1,-7,-22,12,-17,2,-16,0,-1,-3,-3,-14,3,3,-15,-11,-12,-8,-6,-14,11,-25,23,-10,3,-6,-13,-4,-56,-34,-4,-41,-22,4,-34,32,-14,-668,-110,-513,560,33,62,-39,84,42,107,55,45,-45,22,-6,50,-6,6,-1681,-410]]]
3703227	p	3703443
3700563	p	3703443
3701117	r	-81.2709,7.8101,-80.6891,8.39	[[[-812709,81000,6,-190,19,-188,31,-188,43,-184,55,-182,67,-178,79,-172,90,-168,100,-161,111,-154,121,-147,130,-138,139,-130,147,-120,155,-111,162,-100,123,-66,254,0,0,69,-86,39,-59,55,-37,78,-23,107,62,0,116,-192,152,134,216,399,-23,-618,70,-267,227,128,62,0,-13,-128,-63,-59,-78,-14,174,-29,190,-18,190,-6,190,6,190,18,188,31,185,43,182,55,178,67,174,79,167,89,162,100,155,111,147,120,139,130,130,138,121,147,111,154,100,161,90,168,79,172,67,178,55,182,43,184,31,188,19,188,6,190,-6,190,-19,188,-31,188,-43,184,-55,182,-67,178,-79,172,-90,168,-100,161,-111,154,-121,147,-130,138,-139,130,-147,120,-155,111,-162,100,-167,89,-174,79,-178,67,-182,55,-185,43,-188,31,-190,18,-190,6,-190,-6,-190,-18,-188,-31,-185,-43,-182,-55,-178,-67,-174,-79,-167,-89,-162,-100,-155,-111,-147,-120,-139,-130,-130,-138,-121,-147,-111,-154,-100,-161,-90,-168,-79,-172,-67,-178,-55,-182,-43,-184,-31,-188,-19,-188,-6,-190]]]
3703068	r	-80.6628,8.2343,-80.0572,8.8214	[[[-806628,85200,7,-197,19,-196,33,-195,45,-192,57,-189,70,-185,82,-179,93,-174,105,-168,115,-160,126,-153,135,-144,145,-134,153,-126,161,-114,168,-105,175,-93,180,-81,186,-70,9,-2,494,487,182,118,40,68,-15,54,5,43,100,40,-49,-49,60,-70,132,-86,273,-68,79,23,175,84,88,24,55,-7,129,-45,89,-11,477,63,295,118,697,357,223,115,57,92,93,174,82,179,70,185,57,189,45,192,33,195,19,196,7,197,-7,197,-19,196,-33,195,-45,192,-57,189,-70,185,-82,179,-93,174,-105,168,-115,160,-126,153,-135,144,-145,134,-153,126,-161,114,-168,105,-175,93,-180,81,-186,70,-189,57,-193,45,-196,32,-197,19,-198,6,-198,-6,-197,-19,-196,-32,-193,-45,-189,-57,-186,-70,-180,-81,-175,-93,-168,-105,-161,-114,-153,-126,-145,-134,-135,-144,-126,-153,-115,-160,-105,-168,-93,-174,-82,-179,-70,-185,-57,-189,-45,-192,-33,-195,-19,-196,-7,-197]]]
