3936456	r	-77.1992,-12.7088,-76.621,-11.5725	[[[-771992,-116936,156,-186,138,-237,-15,-281,-31,-59,-14,-26,-50,-32,-13,25,-49,-7,-43,59,-70,-2,14,-31,-19,-14,35,-75,-28,-33,60,-2,0,1,19,-1,81,-121,-2,-37,43,-27,-23,-50,27,-5,9,-81,-63,-30,32,-39,-60,-14,-23,-44,32,28,72,-30,29,32,178,-3,15,34,67,9,7,22,47,-18,38,29,128,-3,120,-163,-11,-46,29,-82,-32,-10,99,-77,-6,-107,54,-21,51,-540,-4,-12,-51,-37,-12,-71,47,-49,25,-99,-247,48,-41,56,-35,10,1,-5,47,-82,1,0,1,-3,6,-11,15,-11,7,-27,20,-36,3,-72,3,-14,7,-10,-6,-52,18,2,62,-55,-30,-54,-1,-7,-21,-32,-14,-24,-9,-28,-13,-11,4,-32,52,-22,25,28,57,-59,14,26,33,-68,19,-1,1,-4,15,-3,8,4,4,-7,11,-3,6,-41,19,4,6,-15,18,-8,20,-38,-4,-5,0,-4,-32,-65,1,-1,-55,-105,13,-6,-1,-14,5,-9,11,3,0,-21,77,14,10,-103,81,7,-15,-36,-94,-18,5,-95,-175,-20,-3,-86,-71,-80,90,-47,-2,0,307,-161,186,-134,156,-395,-18,-108,-41,-76,-27,-87,24,-140,62,-96,8,-7,-3,-5,16,-8,153,-142,37,-52,109,-5,573,-238,506,-279,67,-52,234,-114,147,-80,282,-499,345,-285,85,-382,-87,-375,-207,-260,106,-221,-23,-43,39,8,5,-10,191,-141,438,-290,314,-420,155,-152,78,-97,8,-94,-11,-267,93,-132,208,-402,106,56,11,6,-983,3045,164,19,221,132,164,9,81,59,73,160,-73,12,-66,57,79,338,41,-2,69,110,88,36,38,203,136,54,117,277,-3,64,44,71,-11,129,-154,61,-33,54,-69,41,-50,171,-93,146,17,45,-114,11,-69,87,-93,119,-37,104,123,104,-112,63,-76,98,-119,14,-66,134,114,138,103,-22,108,26,107,131,-47,198,-226,208,-31,16,-28,-18,-39,171,-118,157,46,65,92,8,85,64,157,-35,108,92,121,11,131,117,13,145,-237,219,13,98,-114,58,-15,43,-105,92,-13,53,-93,51,-75,-7,-69,46,-89,131,-122,-188,-107,-20,-75,-76,-278,-163,-68,-84,-63,-18,-202,17,-71,-66,-6,-67,-34,-40,-60,11,-102,81,-48,6,-132,-99,-149,-58,-38,-13,-218,677,66,38,-1,103,26,47,-12,16,-143,-8,-69,214,-37,116,46,5,83,51,43,26,-6,34,-31,170,17,79,93,22,114,-8,76,-6,160,-43,103,8,79,124,87,69,91,15,206,214,-77,59,-204,55,-202,-42,-129,9,-102,52,-36,80,-81,-2,-89,54,-173,-26,-8,-122,-68,-70,-114,-42,-54,43,-70,7,-25,22,-110,342,-193,-61,30,94,-43,146,47,65,-11,42,-137,10,-86,-21,-96,15,-76,48,-92,-8,-65,233,-37,53,189,193,34,127,72,46,-8,47,-117,78,-60,80,-130,65,-97,97,-80,34,-88,-19,-43,51,-100,-45,-78,-276,-207,-156,-13,-65,-124,-37,-97,50,-63,-66,-15,-35,63,-44,3,-80,62,-53,3,-61,-69,20,-84,-54,-123,56,-113,-27,-89,-50,-51,-66,-162,-69,12,-120,-24,-18,-25,16,-20,-31]]]
3946083	r	-77.2537,-12.1159,-77.0767,-11.7699	[[[-772537,-120635,57,-140,113,-158,190,-122,133,-94,124,18,105,-28,-38,65,-85,94,-389,346,-114,65,-96,-46]],[[-771921,-117836,98,-156,2,34,-81,121,-19,1]],[[-771886,-117716,16,-23,49,7,13,-25,50,32,14,26,-36,-5,-106,-12]],[[-771872,-118253,2,-10,12,22,60,14,-32,39,63,30,-9,81,-27,5,23,50,-40,25,6,-9,-58,-247]],[[-771867,-118273,50,-186,153,-237,45,-99,75,-299,85,-227,52,-671,-34,-185,-3,-8,-16,-23,-14,-59,-77,-123,-114,-143,-84,-186,420,-39,185,-55,114,-34,-90,47,71,80,3,86,175,20,-5,95,94,18,15,36,-81,-7,-10,103,-77,-14,0,21,-11,-3,-5,9,1,14,-13,6,55,105,-1,1,32,65,0,4,4,5,-20,38,-18,8,-6,15,-19,-4,-6,41,-11,3,-4,7,-8,-4,-15,3,-1,4,-19,1,-33,68,-14,-26,-57,59,-25,-28,-52,22,-4,32,13,11,9,28,14,24,21,32,1,7,30,54,-62,55,-18,-2,6,52,-7,10,-3,14,-3,72,-20,36,-7,27,-15,11,-6,11,-1,3,-1,0,-47,82,-1,5,35,-10,41,-56,247,-48,-25,99,-47,49,12,71,51,37,4,12,-51,540,-54,21,6,107,-99,77,32,10,-29,82,11,46,-120,163,-128,3,-38,-29,-47,18,-7,-22,-67,-9,-15,-34,-178,3,-29,-32,-72,30,-18,-16]]]
3947322	r	-72.629,-17.0919,-70.8045,-15.3482	[[[-726290,-164000,23,-688,70,-685,116,-679,131,-542,72,0,581,-241,417,-69,99,-47,216,-141,63,-29,101,-24,68,-58,104,-145,89,-65,84,-11,92,0,113,-33,229,-156,557,-629,91,-193,-6,-195,46,-176,244,-146,479,-107,238,-105,103,-170,85,-88,404,-226,137,-129,22,-105,-13,-212,53,-99,83,-38,626,-47,227,-58,215,-90,545,-309,201,-184,3658,576,1024,743,-30,23,-26,71,55,61,0,64,44,39,147,17,2,45,99,15,68,82,-11,119,30,100,-105,115,-78,202,-12,212,65,74,-69,76,-23,126,4,112,74,78,43,114,-5,52,42,73,-15,160,48,160,30,32,49,-5,106,82,62,20,27,-30,36,-1,252,115,161,-53,29,-29,34,-143,46,-32,98,-17,54,-53,4,2,2,-2,138,87,14,50,146,60,52,42,15,8,2,6,8,6,33,101,-86,57,-16,44,24,157,97,84,-8,152,43,94,12,418,50,83,138,23,11,141,-35,62,35,75,65,48,37,85,43,139,25,270,41,65,2,13,5,8,2,25,12,56,-6,11,1,20,-127,210,57,68,-2,6,5,6,-23,73,35,40,59,-29,67,41,104,13,128,-32,93,-79,391,7,184,-40,26,10,15,61,107,68,162,-46,30,45,63,-30,58,19,22,51,60,-15,33,18,92,-89,78,40,111,-4,66,78,-3,-60,57,-55,-30,-37,21,-75,49,-23,5,-63,181,-12,66,-117,64,31,51,-29,76,18,140,160,136,-1,98,82,1,4,6,5,22,117,-105,105,-12,129,-88,106,-19,76,8,75,68,26,42,85,-100,55,-13,32,57,214,-64,79,30,80,-59,65,-13,154,-63,87,0,132,293,15,134,-60,32,41,13,114,233,165,143,47,139,-72,68,4,43,29,45,159,44,71,137,171,94,56,-32,66,-193,47,5,62,121,131,5,86,-63,211,-141,46,-43,44,108,127,6,68,-48,59,8,64,41,63,-190,104,-39,74,-57,44,53,59,56,-5,97,63,-30,132,113,13,9,104,92,134,522,12,-29,143,-135,110,69,148,-26,122,-120,36,11,100,73,107,-78,2,-74,39,-56,146,1,10,87,97,-69,40,24,48,-34,24,3,44,-52,116,-93,-30,-36,97,-3382,5130,-620,182,-694,156,-704,112,-709,67,-712,23,-712,-23,-709,-67,-704,-112,-694,-156,-682,-200,-666,-243,-650,-284,-628,-324,-605,-364,-580,-401,-550,-436,-521,-471,-487,-502,-452,-532,-415,-560,-376,-584,-336,-607,-294,-627,-251,-644,-207,-659,-162,-670,-116,-679,-70,-685,-23,-688]]]
3691175	r	-79.2605,-8.3674,-78.7536,-7.8446	[[[-792605,-79681,768,-575,590,-395,5,-245,1058,-910,327,-368,-43,-146,245,-328,18,-219,552,-807,7,4,160,85,153,95,147,105,140,114,132,123,124,132,115,139,105,147,95,153,86,159,74,164,64,169,52,172,42,176,29,177,18,180,6,180,-6,180,-18,180,-29,177,-42,176,-52,172,-64,169,-74,164,-86,159,-95,153,-105,147,-115,139,-124,132,-132,123,-140,114,-147,105,-153,95,-160,85,-164,75,-170,63,-173,53,-176,41,-178,29,-180,18,-181,5,-181,-5,-180,-18,-178,-29,-176,-41,-173,-53,-170,-63,-164,-75,-160,-85,-153,-95,-147,-105,-140,-114,-132,-123,-124,-132,-115,-139,-105,-147,-7,-11]]]
3693528	r	-81.0817,-6.2372,-80.0099,-4.5853	[[[-810817,-60872,678,-519,878,-503,500,-343,86,-20,687,-114,6,-1,5439,2650,-550,2953,58,10,123,-20,234,-98,139,-62,128,-132,125,-72,209,-72,392,-308,278,-129,316,-226,170,-73,-108,335,41,256,76,94,10,144,-39,40,-12,57,287,43,54,136,-100,110,48,172,-33,101,126,276,16,108,-15,298,22,126,19,104,-27,12,-125,-34,-48,17,-54,-43,-59,6,-50,141,-150,127,-38,134,-179,83,-40,48,-1298,1760,-706,459,-212,243,23,97,19,51,5,118,-78,-8,-104,16,34,158,10,83,27,92,7,32,2,62,46,163,27,253,-40,80,159,32,22,148,39,51,37,35,34,21,43,81,30,31,27,42,21,15,3,4,19,10,83,-1,66,42,27,68,1,6,14,31,7,15,9,55,25,30,120,-24,290,37,70,23,106,90,22,0,45,32,-29,94,7,20,13,12,14,22,0,70,-83,53,-3,0,-40,27,-4,34,13,48,4,39,-103,70,-85,-32,-38,-6,-35,17,-6,13,3,8,19,12,15,2,39,15,5,31,198,73,57,-26,17,-15,82,21,20,-9,22,-1,43,-78,46,-11,91,92,170,53,18,71,36,54,24,55,65,87,11,26,35,35,35,18,14,3,99,41,35,30,21,3,14,-4,20,8,118,100,123,65,37,8,36,-11,-79,148,11,78,-23,54,-104,89,49,97,187,163,41,77,-35,70,43,89,-40,50,-72,25,-10,73,25,67,-116,160,200,56,97,51,83,154,-47,135,-150,130,1,50,39,55,140,99,159,-9,71,28,58,-7,58,42,117,27,65,57,60,183,98,58,-1,185,-134,135,-138,64,-88,-36,-529,-36,-62,-26,-5,-50,-46,-21,-28,-50,-94,38,-34,47,1,78,-25,48,-48,33,-22,73,-63,41,-119,376,-28,13,-21,10,-291,-42,-55,19,-100,-58,-196,155,-41,67,-109,-21,-132,46,-54,-44,-72,-6,-101,-101,-110,-3,-136,-62,-144,-133,-242,-78,-39,-103,-29,0,-37,-55,-13,-133,-223,-39,-27,-43,-85,8,-65,-23,-49,-75,13,-51,-67,-113,-27,-100,-51,2,4,-10,-5,-14,-1,-49,18,-10,2,-20,16,11,5,-4,-6,-39,5,-22,-9,-3,31,-15,-2,-3,4,-1,-16,-19,5,-12,8,-8,13,-37,28,-25,43,4,15,-57,14,-6,5,-17,2,-51,28,-37,8,-27,32,-55,20,-12,2,-8,30,-27,35,-13,2,-13,16,-10,29,-39,127,-56,-49,-66,77,-88,42,0,4,-16,2,-8,9,-10,1,-31,-25,-1,-10,9,-14,-18,2,-10,-29,-25,-71,-37,-99,9,-9,4,-80,9,-8,-5,-6,-10,-3,-21,-37,-47,-174,-38,-28,-56,-9,-28,-17,-24,-47,-35,-7,-3,-55,-39,-60,10,-38,-4,-35,17,-63,10,-12,-3,-23,9,-18,-14,-68,-15,-24,-36,-8,-4,-102,17,-40,28,-5,2,-44,2,-29,21,-43,-31,-62,-25,-21,-2,-75,14,-4,-1,-17,5,-86,60,-145,-26,-39,-30,-143,-108,-54,-68,-44,-130,-46,-35,2,-24,11,-25,-2,-32,11,-21,-11,-29,-41,-39,-54,-31,-91,-13,0,-1,-14,-132,1,-16,-3,-2,0,-1,-85,-58,-72,-3,-6,0,-56,-3,-32,-53,-66,-66,-10,-106,-1,-1,0,-2,-116,-119,-19,-68,-71,-138,-3,-48,-11,-16,-16,-71,-153,-37,2,-15,-7,-18,-10,-69,4,-42,-11,-41,-7,-14,-12,-81,-32,-56,-19,-51,-14,-9,-17,-29,7,-25,-204,27,-23,4,-207,29,-102,-261,-1590,-165,-410,-1985,-272,209,-202,6,-127,-41,-169,43,-111,61,-71,-33,1,-3,-169,-76,54,-244,218,-102,336,-335,12,-382,-5,-20,285,-145,-165,-798,172,-191,506,-1101,250,-766,-78,-934,-394,-707,-365,-362,-317,48,-380,144,-176,83,-545,-2639]]]
3698350	r	-80.1405,-7.0615,-79.5495,-6.4595	[[[-801405,-66370,216,-136,1144,-903,161,-169,237,-296,157,-327,36,-319,139,-315,540,-455,112,-207,518,-512,609,-606,124,47,186,83,179,96,172,108,165,118,158,129,148,139,139,148,129,157,118,165,107,173,96,179,84,185,72,190,59,194,46,198,33,201,20,202,6,203,-6,203,-20,202,-33,201,-46,198,-59,194,-72,190,-84,185,-96,179,-107,173,-118,165,-129,157,-139,148,-148,139,-158,129,-165,118,-172,108,-179,96,-186,83,-190,72,-194,59,-198,46,-201,33,-202,20,-203,7,-203,-7,-202,-20,-201,-33,-198,-46,-194,-59,-190,-72,-186,-83,-179,-96,-172,-108,-165,-118,-158,-129,-148,-139,-139,-148,-129,-157,-118,-165,-107,-173,-96,-179,-20,-43]]]
3939459	r	-75.7144,-12.4101,-74.7056,-11.5734	[[[-757144,-120700,4,-100,1792,0,-4,-100,7,-209,21,-209,35,-207,48,-204,62,-200,75,-196,88,-191,100,-185,112,-178,124,-170,135,-162,146,-153,155,-143,164,-133,173,-122,181,-110,188,-99,194,-87,199,-73,203,-61,208,-48,210,-34,211,-20,213,-7,213,7,211,20,210,34,208,48,203,61,199,73,194,87,188,99,181,110,173,122,164,133,155,143,146,153,135,162,124,170,112,178,100,185,88,191,75,196,62,200,48,204,35,207,21,209,7,209,-4,100,1792,0,4,100,-11,325,-32,323,-54,321,-75,316,-96,311,-116,304,-136,296,-156,287,-174,276,-193,264,-209,251,-226,237,-240,222,-256,207,-268,189,-280,171,-291,154,-301,134,-309,114,-316,95,-321,73,-326,53,-328,32,-330,11,-4794,-3428,-78,-253,-75,-316,-54,-321,-32,-323,-11,-325]]]
3941584	r	-72.4105,-13.9612,-71.5295,-13.0988	[[[-724105,-135300,9,-282,28,-281,47,-278,66,-275,84,-270,101,-264,119,-257,136,-249,152,-240,168,-229,183,-218,197,-206,210,-193,223,-179,235,-164,244,-149,255,-133,262,-117,270,-99,276,-82,281,-64,284,-46,287,-28,288,-9,288,9,287,28,284,46,281,64,276,82,270,99,262,117,255,133,244,149,235,164,223,179,210,193,197,206,183,218,168,229,152,240,136,249,119,257,101,264,84,270,66,275,47,278,28,281,9,282,-9,282,-28,281,-47,278,-66,275,-84,270,-101,264,-119,257,-136,249,-152,240,-168,229,-183,218,-197,206,-210,193,-223,179,-235,164,-244,149,-255,133,-262,117,-270,99,-276,82,-281,64,-284,46,-287,28,-288,9,-288,-9,-287,-28,-284,-46,-281,-64,-276,-82,-270,-99,-262,-117,-255,-133,-244,-149,-235,-164,-223,-179,-210,-193,-197,-206,-183,-218,-168,-229,-152,-240,-136,-249,-119,-257,-101,-264,-84,-270,-66,-275,-47,-278,-28,-281,-9,-282]]]
3696183	r	-73.6858,-4.2634,-72.6527,-3.1618	[[[-736858,-33575,2593,-2511,-126,-115,-149,-165,-131,-178,-114,-190,-94,-201,-75,-209,-53,-215,-6,-38,-45,56,-62,121,-31,25,-759,-1483,13,-2,34,-22,53,-62,13,-2,67,20,12,-8,6,-15,-15,-20,-14,-8,-40,-3,-15,-7,4,-25,16,-7,28,10,61,59,11,54,-11,54,5,13,15,10,28,-1,22,-23,7,-48,-15,-39,-28,-44,-6,-29,7,-20,11,-10,37,-12,31,10,16,17,16,33,9,45,-14,72,-43,66,0,19,6,9,31,8,58,-31,33,-11,67,14,27,-7,12,-21,-12,-69,-38,-79,3,-15,8,-5,35,-1,58,18,17,20,8,39,-27,54,6,29,13,12,22,8,43,-3,14,6,11,26,-2,32,19,8,58,-52,54,-65,11,-14,13,-39,17,-13,21,2,13,16,2,29,-9,34,3,20,14,9,35,-8,15,-16,4,-14,-10,-69,4,-33,26,-22,23,0,15,14,4,22,-34,71,-12,55,-2,17,6,28,27,-75,94,-201,114,-190,131,-178,149,-165,163,-149,178,-132,189,-114,200,-95,116,-42,-2,-5,-16,-2,-16,7,-13,-10,0,-10,27,-1,8,-8,-37,-16,-8,-30,-43,20,-9,-3,7,-43,20,18,17,-31,-53,-11,-12,15,-24,-1,-16,-8,-5,-23,16,-23,-29,-31,21,-12,-38,-23,-5,-10,25,-34,-25,-8,-33,-45,7,-9,25,0,0,-7,-20,-7,-11,-11,8,-10,19,5,6,-25,-34,-28,-23,-47,-2,-21,10,-13,22,4,25,-46,21,25,10,1,-1,-28,11,-12,-14,-16,28,-13,8,-13,-11,-5,-23,7,-2,-15,14,-31,-45,-20,15,-15,33,21,8,-1,4,-10,-4,-9,-25,-18,-1,-22,-62,-3,1,-6,25,-2,-24,-30,6,-6,21,5,1,-7,-18,-22,23,-3,9,-19,-5,-5,-29,-2,-1,-8,11,-13,-29,-35,6,-4,20,6,-5,-28,27,11,6,-12,-26,-11,-10,-55,-6,-6,-10,2,-3,19,-18,-14,-13,1,-8,29,-11,2,-5,-75,-12,-9,-27,0,-9,-7,3,-7,17,-1,7,-7,-4,-12,-20,-14,-7,-27,8,-21,11,-6,33,-8,26,38,306,223,255,175,36,18,127,10,103,0,58,23,90,78,53,90,11,204,1,60,-21,79,12,-1,221,11,218,32,214,54,208,75,200,95,189,114,174,130,2123,-3084,71,45,318,228,302,250,286,268,267,287,248,303,227,319,207,334,184,346,161,358,138,367,113,376,89,382,64,388,38,391,13,392,-2,50,-118,0,2,50,-13,385,-37,383,-63,379,-87,375,-111,369,-135,360,-158,350,-181,340,-202,327,-223,313,-243,297,-262,281,-280,263,-296,244,-311,225,-326,203,-338,181,-349,159,-358,136,-367,111,-373,88,-378,62,-381,38,-383,13,-383,-13,-381,-38,-378,-62,-373,-88,-367,-111,-358,-136,-349,-159,-338,-181,-326,-203,-311,-225,-296,-244,-280,-263,-218,-234],[-735011,-38493,13,25,17,10,19,2,9,-2,21,-60,-13,0,-40,-12,-19,5,-5,10,-2,22]]]
3693345	n	-74.777,-8.6261,-74.313,-8.1539	[[[-747770,-83800,11,-222,33,-219,54,-215,75,-209,95,-201,13,-21,2,1,85,-180,114,-190,133,-178,150,-165,165,-149,179,-132,191,-114,201,-95,210,-75,216,-54,220,-32,223,-11,223,11,220,32,216,54,210,75,201,95,191,114,179,132,165,149,150,165,133,178,114,190,95,201,75,209,55,215,32,219,11,222,-11,222,-32,219,-55,215,-75,209,-95,201,-13,21,-2,-1,-85,180,-115,190,-132,178,-150,165,-165,149,-179,132,-191,114,-201,95,-210,75,-216,54,-220,32,-223,11,-223,-11,-220,-32,-216,-54,-210,-75,-201,-95,-191,-114,-179,-132,-165,-149,-150,-165,-132,-178,-115,-190,-95,-201,-75,-209,-54,-215,-33,-219,-11,-222]]]
3698304	r	-78.7791,-9.7607,-77.8499,-8.359	[[[-787791,-85811,198,-272,90,-386,72,-260,-22,-153,46,-233,-24,-285,-115,-79,-75,-86,-1,-93,-21,-93,470,-617,206,-283,147,-174,80,-147,113,-208,79,-153,59,-254,-2,-219,-48,-66,-81,21,6,-107,242,-88,87,-87,-48,-100,-69,-165,-15,-166,93,-161,20,-15,65,-65,21,5,-1,11,65,9,-16,-19,18,19,43,6,-16,-25,28,0,26,30,16,2,84,-4,23,-5,55,-23,106,-96,102,-141,15,-36,52,-144,22,-187,-1,-81,-48,-119,-61,-80,-236,69,-154,55,-48,-46,40,-54,-8,-106,142,-148,193,-221,133,-274,113,-34,8,119,-46,201,-4,125,-46,80,33,80,81,53,148,58,195,-55,188,-114,92,-240,-15,-200,-76,-198,-115,-26,-88,-72,-91,-65,77,-88,93,-60,19,-113,13,-93,225,-253,88,54,139,14,127,-47,56,-127,84,-56,89,-115,109,-41,-62,-59,-77,-78,-29,-166,45,-273,208,-155,131,-2,81,-160,-126,-125,-82,-138,65,-242,94,-143,-9,-139,39,-166,189,-102,-63,-279,45,-306,154,-168,120,-207,100,-101,81,-180,169,-174,64,-235,322,-367,24,-21,4166,9294,-31,100,-179,474,-211,461,-240,447,-269,430,-296,411,-323,392,-349,369,-371,347,-394,321,-414,295,-433,267,-449,239,-378,170,-4955,-2221]]]
3928128	r	-70.8671,-18.3378,-69.6427,-17.3195	[[[-708671,-180200,236,-66,173,-101,580,-514,58,-23,101,-13,46,-27,55,-60,55,-107,33,-44,501,-462,489,-252,366,-188,166,-87,39,-23,1,1,150,-79,309,-188,619,-428,497,-303,250,-213,253,130,230,15,64,45,159,58,300,37,194,-7,770,-124,483,29,989,502,653,-6,193,76,594,589,462,331,441,538,615,1271,-75,51,-9,53,-50,28,-64,-4,-87,-65,-4,2,5,12,32,190,-25,187,-82,191,-222,365,-54,169,-19,253,-89,423,-171,347,-115,349,78,426,317,325,423,21,468,-63,451,73,151,99,261,172,-266,355,-303,355,-328,335,-350,313,-370,291,-389,267,-407,242,-422,217,-437,189,-448,161,-458,133,-467,105,-473,74,-476,45,-364,12,-5290,-4310,-996,-2695]]]
3938527	r	-76.2203,-14.7773,-75.0057,-13.4352	[[[-762203,-142747,133,-68,157,-114,117,-23,39,68,-101,54,-32,83,-62,114,-173,38,-78,-38,0,-114]],[[-761951,-141808,2,-3,54,-159,84,-136,164,-58,155,-75,121,-180,78,-215,61,-105,94,-190,71,-130,-16,-98,-78,-92,-275,-30,104,-317,66,-75,100,-36,244,-24,103,-46,135,-137,193,-267,119,-112,277,-168,1,-4,3,2,57,-35,189,-94,47,-36,65,-125,-2,-3,9,-11,9,-17,-6,-31,18,-4,13,-13,27,-69,3,5,14,-29,-70,-158,-47,-91,31,-113,101,-61,172,-241,133,-211,24,-234,31,-234,-34,-225,148,-145,417,-205,74,-52,71,-66,68,-99,60,-111,75,-92,111,-39,84,-20,99,-48,83,-54,35,-49,499,-237,75,-60,108,-3,474,15,471,46,468,75,462,105,453,134,444,163,431,191,418,219,403,244,385,270,366,293,346,317,324,337,301,358,276,376,250,394,224,408,195,421,167,433,138,443,107,451,78,457,46,460,16,463,-16,463,-46,460,-78,457,-107,451,-138,443,-167,433,-195,421,-224,408,-250,394,-276,376,-301,358,-324,337,-346,317,-366,293,-385,270,-403,244,-418,219,-9,4,-3632,-2132,-4213,-5324]]]
3928245	p	3936456
3937513	r	-70.6044,-15.7999,-69.735,-15.1064	[[[-706044,-155000,10,-301,30,-300,51,-297,70,-293,90,-289,110,-281,128,-275,146,-265,164,-256,181,-245,167,-197,6101,1911,1323,356,49,203,41,241,25,244,8,244,-8,244,-25,244,-41,241,-57,238,-73,234,-89,229,-104,222,-119,216,-133,207,-146,199,-160,189,-173,179,-183,167,-195,155,-205,142,-214,129,-222,115,-230,101,-235,86,-242,71,-245,56,-248,40,-251,24,-252,8,-252,-8,-251,-24,-248,-40,-245,-56,-242,-71,-235,-86,-230,-101,-222,-115,-214,-129,-205,-142,-195,-155,-183,-167,-173,-179,-160,-189,-146,-199,-133,-207,-119,-216,-40,-85,1509,-731,-2307,1117,-64,-117,-128,-275,-110,-281,-90,-289,-70,-293,-51,-297,-30,-300,-10,-301]]]
3699088	r	-79.0191,-7.6785,-77.9809,-6.6415	[[[-790191,-71600,11,-339,34,-338,55,-335,77,-330,99,-325,119,-317,141,-309,160,-300,179,-288,198,-276,215,-262,233,-248,247,-231,263,-216,276,-197,289,-180,299,-160,310,-140,317,-119,326,-99,330,-77,335,-55,339,-33,339,-11,339,11,339,33,335,55,330,77,326,99,317,119,310,140,299,160,289,180,276,197,263,216,247,231,233,248,215,262,198,276,179,288,160,300,141,309,119,317,99,325,77,330,55,335,34,338,11,339,-11,339,-34,338,-55,335,-77,330,-99,325,-119,317,-141,309,-160,300,-179,288,-198,276,-215,262,-233,248,-247,231,-263,216,-276,197,-289,180,-299,160,-310,140,-317,119,-326,99,-330,77,-335,55,-339,33,-339,11,-339,-11,-339,-33,-335,-55,-330,-77,-326,-99,-317,-119,-310,-140,-299,-160,-289,-180,-276,-197,-263,-216,-247,-231,-233,-248,-215,-262,-198,-276,-179,-288,-160,-300,-141,-309,-119,-317,-99,-325,-77,-330,-55,-335,-34,-338,-11,-339]]]
3696417	r	-76.5859,-10.2731,-75.8941,-9.5869	[[[-765859,-99300,7,-224,22,-224,37,-221,52,-219,65,-215,80,-210,93,-204,107,-198,120,-191,132,-182,143,-174,155,-164,165,-153,175,-143,184,-130,192,-119,200,-106,206,-92,212,-79,217,-66,220,-51,223,-36,226,-22,226,-8,226,8,226,22,223,36,220,51,217,66,212,79,206,92,200,106,192,119,184,130,175,143,165,153,155,164,143,174,132,182,120,191,107,198,93,204,80,210,65,215,52,219,37,221,22,224,7,224,-7,224,-22,224,-37,221,-52,219,-65,215,-80,210,-93,204,-107,198,-120,191,-132,182,-143,174,-155,164,-165,153,-175,143,-184,130,-192,119,-200,106,-40,18,-618,224,-197,46,-223,36,-226,22,-226,8,-226,-8,-226,-22,-223,-36,-220,-51,-217,-66,-212,-79,-206,-92,-200,-106,-192,-119,-184,-130,-175,-143,-165,-153,-155,-164,-143,-174,-132,-182,-120,-191,-107,-198,-93,-204,-80,-210,-65,-215,-52,-219,-37,-221,-22,-224,-7,-224]]]
3934876	p	3936456
12157007	p	3936456
3691674	r	-81.0015,-5.0602,-80.2476,-4.313	[[[-810015,-47777,1320,-2825,1590,165,102,261,213,-29,-69,14,86,-18,204,-27,-7,25,17,29,14,9,19,51,32,56,12,81,7,14,11,41,-4,42,10,69,7,18,-2,15,153,37,16,71,11,16,3,48,71,138,19,68,116,119,0,2,1,1,10,106,66,66,32,53,56,3,5,0,1,0,72,3,85,58,0,1,3,2,-1,16,14,132,0,1,91,13,54,31,41,39,11,29,-11,21,2,32,-11,25,-2,24,46,35,44,130,54,68,143,108,39,30,145,26,86,-60,17,-5,4,1,75,-14,21,2,62,25,43,31,29,-21,44,-2,5,-2,40,-28,102,-17,8,4,24,36,68,15,18,14,23,-9,12,3,63,-10,35,-17,38,4,60,-10,55,39,7,3,47,35,17,24,9,28,28,56,174,38,37,47,3,21,6,10,8,5,80,-9,9,-4,99,-9,71,37,29,25,-2,10,14,18,10,-9,25,1,-1,31,-13,14,2,4,-4,16,-42,0,-77,88,49,66,-127,56,-29,39,-16,10,-2,13,-35,13,-30,27,-2,8,-20,12,-32,55,-8,27,-28,37,-2,51,-5,17,-14,6,-15,57,-43,-4,-28,25,-13,37,-8,8,-5,12,16,19,-4,1,2,3,-31,15,9,3,-5,22,6,39,-5,4,-16,-11,-2,20,-18,10,1,49,5,14,-4,10,51,-2,27,100,67,113,-13,51,49,75,65,23,85,-8,27,43,223,39,13,133,37,55,29,0,39,103,242,78,144,133,136,62,54,2,314,846,-24,30,-262,280,-279,263,-218,179,-64,-50,-410,-219,-96,-87,-78,-7,-178,-5,-166,60,-449,254,-135,121,-88,210,38,170,272,362,-47,21,-359,136,-366,111,-373,88,-378,62,-381,38,-383,12,-383,-12,-96,-10,-1501,-2633,23,-13,-29,-53,1,-69,-25,-35,-86,-34,-213,-375,46,-110,194,-261,244,-149,57,-87,46,-155,97,-195,43,-163,-1530,-289,-3,-4]]]
3943789	n	-76.303,-13.5971,-75.8991,-13.1839	[[[-763030,-132607,287,-266,532,-703,251,-706,81,-367,66,-746,-32,-161,1839,-415,171,123,168,149,152,165,135,178,116,190,97,201,76,209,55,215,34,219,11,222,-11,222,-34,219,-55,215,-76,209,-97,201,-116,190,-135,178,-152,165,-168,149,-182,132,-195,114,-204,95,-214,75,-220,54,-224,32,-226,11,-226,-11,-224,-32,-220,-54,-214,-75,-204,-95,-195,-114,-182,-132,-168,-149,-97,-106]]]
3947019	r	-74.5582,-13.4916,-73.8818,-12.8284	[[[-745582,-131600,7,-217,22,-216,36,-214,50,-211,64,-208,78,-203,92,-198,104,-191,117,-184,129,-176,140,-168,151,-159,162,-148,171,-138,180,-126,188,-114,195,-103,202,-89,207,-77,212,-63,215,-49,219,-35,220,-22,221,-7,221,7,220,22,219,35,215,49,212,63,207,77,202,89,195,103,188,114,180,126,171,138,162,148,151,159,140,168,129,176,117,184,104,191,92,198,78,203,64,208,50,211,36,214,22,216,7,217,-7,217,-22,216,-36,214,-50,211,-64,208,-78,203,-92,198,-104,191,-117,184,-129,176,-140,168,-151,159,-162,148,-171,138,-180,126,-188,114,-195,103,-202,89,-207,77,-212,63,-215,49,-219,35,-220,22,-221,7,-221,-7,-220,-22,-219,-35,-215,-49,-212,-63,-207,-77,-202,-89,-195,-103,-188,-114,-180,-126,-171,-138,-162,-148,-151,-159,-140,-168,-129,-176,-117,-184,-104,-191,-92,-198,-78,-203,-64,-208,-50,-211,-36,-214,-22,-216,-7,-217]]]
12157008	p	3693528
3931276	r	-70.4804,-16.286,-69.5596,-15.5521	[[[-704804,-158400,10,-292,29,-290,49,-288,69,-284,87,-279,106,-274,125,-265,142,-258,159,-248,175,-237,191,-225,206,-213,220,-200,233,-185,245,-170,256,-154,266,-138,274,-120,282,-103,288,-85,294,-66,297,-47,300,-29,301,-9,301,9,300,29,297,47,294,66,288,85,282,103,274,120,266,138,256,154,245,170,233,185,220,200,206,213,191,225,175,237,159,248,142,258,125,265,106,274,87,279,69,284,49,288,29,290,10,292,-10,292,-29,290,-49,288,-69,284,-87,279,-106,274,-125,265,-142,258,-159,248,-175,237,-140,164,-2109,-567,-5984,-1875,-14,-145,-10,-292]]]
3696378	r	-78.0043,-10.0009,-77.0557,-9.0591	[[[-780043,-95300,10,-308,31,-307,50,-304,71,-300,90,-295,109,-288,128,-281,146,-272,164,-261,181,-251,197,-238,212,-225,227,-211,240,-195,252,-180,264,-162,273,-146,283,-127,290,-108,297,-90,303,-70,306,-50,309,-30,310,-10,310,10,309,30,306,50,303,70,297,90,290,108,283,127,273,146,264,162,252,180,240,195,227,211,212,225,197,238,181,251,164,261,146,272,128,281,109,288,90,295,71,300,50,304,31,307,10,308,-10,308,-31,307,-50,304,-71,300,-90,295,-109,288,-128,281,-146,272,-164,261,-181,251,-197,238,-212,225,-227,211,-240,195,-252,180,-264,162,-273,146,-283,127,-290,108,-297,90,-303,70,-306,50,-309,30,-310,10,-310,-10,-309,-30,-306,-50,-303,-70,-297,-90,-290,-108,-283,-127,-273,-146,-264,-162,-252,-180,-240,-195,-227,-211,-212,-225,-197,-238,-181,-251,-164,-261,-146,-272,-128,-281,-109,-288,-90,-295,-71,-300,-50,-304,-31,-307,-10,-308]]]
12157013	p	3936456
3691582	r	-81.3376,-4.838,-80.6778,-3.966	[[[-813376,-46783,341,-424,801,-858,237,-315,1982,603,3,4,1530,289,-43,163,-97,195,-46,155,-57,87,-244,149,-194,261,-46,110,213,375,86,34,25,35,-1,69,29,53,-23,13,1501,2633,601,1056,-3092,2436,-59,-61,-538,-811,-158,-325,-108,-111,-181,-42,-189,-66,-140,-156,-187,-330,-226,-232,-872,-593,-112,-137,-137,-217,-113,-237,-48,-198,146,-560,-3,-228,-143,-340,-75,-113,-61,-57,-69,-49,-105,-93,-41,-151,62,-192,96,-204,56,-180,-4,-158,-86,-512,86,-226,26,-197,-151,-146,-123,-62,-49,-139]]]
3691148	r	-80.753,-3.904,-80.1999,-3.3935	[[[-807530,-36990,59,-132,106,-198,118,-191,131,-183,142,-174,153,-165,164,-154,173,-142,182,-131,190,-119,198,-106,204,-93,209,-80,215,-65,218,-51,221,-37,223,-22,224,-7,224,7,223,22,221,37,218,51,215,65,209,80,204,93,198,106,190,119,182,131,173,142,144,135,-17,37,-200,321,-47,201,18,77,43,69,33,77,-10,99,-61,187,-9,77,0,100,16,88,65,195,16,99,-12,109,-57,192,-2,111,-27,94,-87,41,-98,32,-65,69,1,77,78,270,18,191,0,99,-24,88,-64,73,-165,68,-60,56,-23,209,61,207,17,140,4,35,-39,30,-101,78,-379,101,-163,84,-68,36,-4,-98,-43,-109,-133,-225,-28,-110,-67,-178,-163,-132,-205,-85,-192,-43,-346,12,4,7,26,23,-6,3,-29,-10,-2,4,19,10,-16,4,-50,-40,-295,10,-156,-60,-89,-52,-100,-16,-80,-33,-61,-208,-423,-620,-285,-276,-1399,-833]]]
3943423	p	3936456
3931470	n	-69.4301,-12.8161,-68.9699,-12.3638	[[[-694301,-125900,11,-222,33,-219,55,-215,76,-209,97,-201,116,-190,134,-178,152,-165,167,-149,182,-132,193,-114,204,-95,213,-75,219,-54,223,-32,226,-11,226,11,223,32,219,54,213,75,204,95,193,114,182,132,167,149,152,165,134,178,116,190,97,201,76,209,55,215,33,219,11,222,-11,222,-33,219,-55,215,-76,209,-97,201,-116,190,-134,178,-152,165,-167,149,-182,132,-193,114,-204,95,-213,75,-219,54,-223,32,-226,11,-226,-11,-223,-32,-219,-54,-213,-75,-204,-95,-193,-114,-182,-132,-167,-149,-152,-165,-134,-178,-116,-190,-97,-201,-76,-209,-55,-215,-33,-219,-11,-222]]]
12165736	p	3936456
3692462	p	3696183
12157025	p	3947322
12157030	p	3939459
12157128	p	3947322
3948642	r	-73.2557,-13.9976,-72.5043,-13.2624	[[[-732557,-136300,8,-240,24,-240,40,-237,56,-234,72,-231,86,-225,102,-219,116,-212,129,-204,144,-196,156,-186,168,-175,179,-165,190,-152,200,-140,209,-127,216,-114,224,-99,230,-85,236,-69,239,-55,243,-39,244,-24,246,-8,246,8,244,24,243,39,239,55,236,69,230,85,224,99,216,114,209,127,200,140,190,152,179,165,168,175,156,186,144,196,129,204,116,212,102,219,86,225,72,231,56,234,40,237,24,240,8,240,-8,240,-24,240,-40,237,-56,234,-72,231,-86,225,-102,219,-116,212,-129,204,-144,196,-156,186,-168,175,-179,165,-190,152,-200,140,-209,127,-216,114,-224,99,-230,85,-236,69,-239,55,-243,39,-244,24,-246,8,-246,-8,-244,-24,-243,-39,-239,-55,-236,-69,-230,-85,-224,-99,-216,-114,-209,-127,-200,-140,-190,-152,-179,-165,-168,-175,-156,-186,-144,-196,-129,-204,-116,-212,-102,-219,-86,-225,-72,-231,-56,-234,-40,-237,-24,-240,-8,-240]]]
3934608	r	-71.5628,-17.7795,-69.8021,-15.976	[[[-715627,-170343,1165,-1050,1,0,582,-525,-207,-179,-149,-269,-130,-75,-45,-76,-245,-28,-57,-107,-81,-50,-48,-97,-67,-51,183,-122,17,-72,-55,-97,-6,-87,70,40,18,-51,91,-39,9,-46,38,11,43,-35,53,26,15,-53,70,-21,48,-109,-14,-161,81,30,59,-139,37,9,21,-42,32,9,43,-26,-3,-33,20,18,94,-54,15,-69,33,-22,47,-106,-25,-41,27,-11,14,-60,-40,-98,46,-87,16,-112,80,-165,3,-85,64,-58,34,-80,-2,-65,-20,-12,38,-61,2,-68,-53,-51,-14,-65,72,-185,-48,-59,79,-232,-6,-207,141,-248,12,-82,1,10,49,-8,19,-14,21,5,49,-2,16,7,42,-5,20,5,58,-45,31,-15,48,-34,38,-40,37,2,138,-61,78,-61,91,-36,5,-15,-2,-116,27,-28,27,-12,127,-14,135,-28,34,0,27,11,15,14,20,4,46,-10,77,44,35,1,46,-10,136,39,113,-1,34,-13,49,0,22,-9,37,-28,24,-28,24,-14,32,-9,72,17,39,-12,56,-53,38,-26,2,-18,-8,-11,-8,-41,6,-26,14,-16,90,10,48,-13,34,2,30,-14,26,-3,55,4,38,18,11,-2,17,-35,15,-10,38,-7,10,-46,-19,-74,27,-35,-25,-31,3,-15,24,-18,60,-21,68,0,-2,10,22,36,87,29,156,-43,85,93,136,-9,89,58,98,-53,120,166,18,89,103,46,98,-55,118,37,68,49,83,0,249,-116,189,2,25,218,28,48,-23,71,49,116,5,146,812,-731,554,-499,5290,4310,4364,3555,-2613,1711,56,51,39,131,-32,45,62,65,81,16,26,55,80,37,-33,100,93,27,160,-11,146,115,-13,195,-76,76,-56,23,-17,119,134,134,-31,185,-34,63,-56,34,-27,66,-70,29,-39,60,-56,-31,-45,3,-144,65,-74,-109,-135,-6,-128,-84,-19,-54,-36,-22,-173,76,-100,90,-227,100,-110,133,-91,-7,-78,27,-34,47,-1,79,-70,65,31,100,-36,120,12,107,-50,46,-7,136,-36,57,-157,-20,-197,263,-85,72,-148,16,-309,129,-126,83,-142,46,-122,105,8,80,63,130,-104,28,8,128,-92,141,-77,60,-159,-43,-122,50,43,105,-104,81,-153,63,108,114,9,58,140,10,0,55,83,74,27,67,-8,86,76,167,-78,172,-2,42,30,38,-40,68,47,75,28,132,-48,140,88,110,21,75,64,28,5,107,33,62,-46,125,-60,38,-57,7,-176,-79,-44,23,-65,75,16,97,-66,134,-103,84,-42,102,-136,83,-64,282,72,158,-2,25,-54,8,35,145,-77,118,-54,-4,-38,59,-75,25,-22,43,-45,12,-68,261,-64,13,-183,-159,-40,6,-128,103,-123,-12,-124,26,-30,81,-74,-34,-84,67,-39,122,-74,24,-103,156,-125,82,-27,58,-71,-65,-76,-19,-85,32,-66,-40,-197,-31,-124,-82,-160,154,-155,-159,-89,-40,-31,-59,-48,14,-88,-91,-54,4,-181,-111,-167,-24,-68,31,-43,81,-80,68,-78,-4,-74,31,-87,-42,-34,7,-22,39,-53,-3,-44,75,-150,135,17,91,-63,73,-30,-9,-13,-78,-32,-33,-127,95,-73,-107,-11,-100,120,-36,26,-122,-69,-148,135,-110,29,-143,-522,-12,-92,-134,-9,-104,-113,-13,30,-132,-97,-63,-56,5,-53,-59,57,-44,39,-74,190,-104,-41,-63,-8,-64,48,-59,-6,-68,-108,-127,43,-44,141,-46,63,-211,-5,-86,-121,-131,-5,-62,193,-47,32,-66,-94,-56,-137,-171,-44,-71,-45,-159,-43,-29,-68,-4,-139,72,-143,-47,-233,-165,-13,-114,-32,-41,-134,60,-293,-15,0,-132,63,-87,13,-154,59,-65,-30,-80,64,-79,-57,-214,13,-32,100,-55,-42,-85,-68,-26,-8,-75,19,-76,88,-106,12,-129,105,-105,-22,-117,-6,-5,-1,-4,-98,-82,-136,1,-140,-160,-76,-18,-51,29,-64,-31,-66,117,-181,12,-5,63,-49,23,-21,75,30,37,-57,55,3,60,-66,-78,-111,4,-78,-40,-92,89,-33,-18,-60,15,-22,-51,-58,-19,-63,30,-30,-45,-162,46,-107,-68,-15,-61,-26,-10,-184,40,-391,-7,-93,79,-128,32,-104,-13,-67,-41,-59,29,-35,-40,23,-73,-5,-6,2,-6,-57,-68,127,-210,-1,-20,6,-11,-12,-56,-2,-25,-5,-8,-2,-13,-41,-65,-25,-270,-43,-139,-37,-85,-65,-48,-35,-75,35,-62,-11,-141,-138,-23,-50,-83,-12,-418,-43,-94,8,-152,-97,-84,-24,-157,16,-44,86,-57,-33,-101,-8,-6,-2,-6,-15,-8,-52,-42,-146,-60,-14,-50,-138,-87,-2,2,-4,-2,-54,53,-98,17,-46,32,-34,143,-29,29,-161,53,-252,-115,-36,1,-27,30,-62,-20,-106,-82,-49,5,-30,-32,-48,-160,15,-160,-42,-73,5,-52,-43,-114,-74,-78,-4,-112,23,-126,69,-76,-65,-74,12,-212,78,-202,105,-115,-30,-100,11,-119,-68,-82,-99,-15,-2,-45,-147,-17,-44,-39,0,-64,-55,-61,26,-71,30,-23,-1024,-743]],[[-712757,-177320,878,-475,-177,109,-353,186,-20,5,-304,167,-24,8]]]
3698105	r	-80.365,-5.5655,-79.6741,-4.6029	[[[-803650,-52324,104,-16,78,8,-5,-118,-19,-51,-23,-97,212,-243,706,-459,1298,-1760,40,-48,179,-83,38,-134,150,-127,50,-141,59,-6,54,43,48,-17,125,34,27,-12,-19,-104,206,48,304,93,297,112,290,132,280,150,271,169,258,185,246,203,232,218,217,232,202,247,185,259,168,271,150,281,131,290,112,299,92,305,73,310,51,315,32,317,10,319,-10,319,-32,317,-51,315,-73,310,-92,305,-112,299,-131,290,-150,281,-168,271,-185,259,-202,247,-217,232,-232,218,-246,203,-258,185,-271,169,-280,150,-290,132,-297,112,-304,93,-310,72,-314,52,-316,31,-280,9,28,-13,119,-376,63,-41,22,-73,48,-33,25,-48,-1,-78,34,-47,94,-38,28,50,46,21,5,50,62,26,529,36,88,36,138,-64,134,-135,1,-185,-98,-58,-60,-183,-65,-57,-117,-27,-58,-42,-58,7,-71,-28,-159,9,-140,-99,-39,-55,-1,-50,150,-130,47,-135,-83,-154,-97,-51,-200,-56,116,-160,-25,-67,10,-73,72,-25,40,-50,-43,-89,35,-70,-41,-77,-187,-163,-49,-97,104,-89,23,-54,-11,-78,79,-148,-36,11,-37,-8,-123,-65,-118,-100,-20,-8,-14,4,-21,-3,-35,-30,-99,-41,-14,-3,-35,-18,-35,-35,-11,-26,-65,-87,-24,-55,-36,-54,-18,-71,-170,-53,-91,-92,-46,11,-43,78,-22,1,-20,9,-82,-21,-17,15,-57,26,-198,-73,-5,-31,-39,-15,-15,-2,-19,-12,-3,-8,6,-13,35,-17,38,6,85,32,103,-70,-4,-39,-13,-48,4,-34,40,-27,3,0,83,-53,0,-70,-14,-22,-13,-12,-7,-20,29,-94,-45,-32,-22,0,-106,-90,-70,-23,-290,-37,-120,24,-25,-30,-9,-55,-7,-15,-14,-31,-1,-6,-27,-68,-66,-42,-83,1,-19,-10,-3,-4,-21,-15,-27,-42,-30,-31,-43,-81,-34,-21,-37,-35,-39,-51,-22,-148,-159,-32,40,-80,-27,-253,-46,-163,-2,-62,-7,-32,-27,-92,-10,-83,-34,-158]],[[-802087,-46054,58,-46,100,58,55,-19,221,32,-265,-9,-169,-16]]]
3929631	p	3936456
12157037	p	3693345
12157038	p	3936456
12157129	p	3941584
3939285	r	-77.4873,-11.7716,-76.6795,-10.9738	[[[-774873,-113859,295,-155,-56,34,-228,132,-11,-11]],[[-774519,-114050,311,-258,430,-191,173,-112,125,-172,77,-76,108,-31,90,-47,78,-111,137,-252,171,-195,40,-78,2,-86,-70,-95,33,-67,172,-222,112,-105,129,-46,146,-78,146,-192,111,-237,44,-212,3,-5,4,-3,24,18,-12,120,162,69,51,66,89,50,113,27,123,-56,84,54,69,-20,-3,61,-62,53,-3,80,-63,44,15,35,63,66,97,-50,124,37,13,65,207,156,78,276,100,45,43,-51,88,19,80,-34,97,-97,130,-65,60,-80,117,-78,8,-47,-72,-46,-34,-127,-189,-193,37,-53,65,-233,92,8,76,-48,96,-15,86,21,137,-10,11,-42,-47,-65,43,-146,-30,-94,193,61,2795,3007,-44,265,-80,337,-101,332,-124,324,-145,315,-165,306,-186,294,-204,281,-223,268,-240,253,-256,236,-271,220,-285,202,-298,182,-310,164,-320,143,-328,122,-336,100,-223,51,-2962,-3099,7,-9,-26,-88,42,-121,48,-43,24,-40,63,-33,107,-6,72,-15,20,2,104,62,78,10,22,-10,66,-10,12,-7,18,-25,17,-4,-23,-26,-8,-54,-43,-56,-15,-33,-16,-88,-1,-4,-1,-7,1,-5,0,-14,6,-20,4,-19,6,-11,1,-2,6,-9,12,-22,3,-3,6,-9,62,-54,23,-43,-5,-62,-35,-140,-38,-65,-32,-24,-33,-41,-106,-39,-82,0,-15,-5,-18,-26,-57,-28,-80,-64,-34,-54,-15,-62,-29,-19,-4,-33,9,-41,-50,-71,-3,-45,-14,6,-43,39,-187,115,-78,40,-370,222]],[[-771908,-117686,22,-30,106,12,-128,18]],[[-771850,-117106,139,-255,10,-51,3,53,-138,237,-14,16]],[[-771780,-117704,36,5,31,59,1,23,-68,-87]]]
3932145	r	-76.4556,-13.9845,-75.9194,-13.5556	[[[-764556,-138230,39,-84,87,-159,27,-43,36,75,0,106,-70,30,-23,68,-96,7]],[[-763940,-139080,210,-8,186,-106,171,29,124,-45,71,83,27,160,66,49,107,-24,51,-63,-11,-70,-31,-75,-9,-71,25,-124,179,-106,70,-174,-13,-129,169,-38,182,-30,182,-17,184,-6,184,6,182,17,182,30,178,41,176,52,172,63,167,74,162,85,156,95,149,104,142,114,134,123,126,131,117,139,107,146,96,152,87,159,76,164,65,168,53,172,42,174,29,178,18,178,6,180,-6,180,-18,178,-29,178,-42,174,-53,172,-41,106,-2462,556,-136,-669,-116,-315,-92,-258,-12,4,-6,-55,-6,-17,-36,-270,6,-203,-86,-302,-148,-445,-55,-211,-8,-212,-78,-105,-188,145,-130,66,-94,76,24,136,101,143,-54,114,-122,16,-177,6,-183,-142,-179,38,-94,-76,47,-128,-109,-139,-135,-320,-24,-140,-5,-261]]]
3937547	p	3936456
13132929	p	3937513
12157056	p	3941584
3944797	n	-76.4785,-10.8961,-76.0215,-10.4439	[[[-764785,-106700,11,-222,33,-219,54,-215,76,-209,96,-201,115,-190,133,-178,151,-165,166,-149,180,-132,193,-114,202,-95,212,-75,217,-54,222,-32,224,-11,224,11,222,32,217,54,212,75,202,95,193,114,180,132,166,149,151,165,133,178,115,190,96,201,76,209,54,215,33,219,11,222,-11,222,-33,219,-54,215,-76,209,-96,201,-115,190,-133,178,-151,165,-166,149,-180,132,-193,114,-202,95,-212,75,-217,54,-222,32,-224,11,-224,-11,-222,-32,-217,-54,-212,-75,-202,-95,-193,-114,-180,-132,-166,-149,-151,-165,-133,-178,-115,-190,-96,-201,-76,-209,-54,-215,-33,-219,-11,-222]]]
3827811	p	3696183
3698658	p	3693528
3694112	r	-81.1998,-5.4447,-80.8695,-4.7777	[[[-811997,-48380,102,-135,164,-300,237,-355,313,-237,331,-338,216,-475,-39,-324,-16,-29,-10,-32,-68,-100,-14,-8,-16,7,-10,-4,-35,-61,-25,-24,-174,-14,-4,10,-21,-12,-21,-2,-4,6,-4,-2,2,-4,-33,-3,-165,169,-178,-99,-127,16,-4,3,-1,-2,-27,3,-49,-84,-1,0,-6,-12,-30,-51,2,-10,-2,0,-1,-7,6,-9,39,-188,43,-171,-6,-7,-134,-34,-2,-26,-21,3,-6,-7,3,-17,15,4,7,-5,-7,-82,82,-103,24,-75,-2,-64,-23,-36,5,-13,-10,-21,0,-12,-6,-17,-11,-5,-10,-15,5,-22,-2,-5,-9,-24,-28,-10,0,-6,-106,-43,-66,-83,-50,-98,57,-85,0,-4,4,-3,142,-212,257,-292,209,-327,240,-171,131,45,223,-59,169,-210,932,-901,131,-147,165,798,-285,145,5,20,-12,382,-336,335,-218,102,-54,244,169,76,-1,3,71,33,111,-61,169,-43,127,41,202,-6,272,-209,410,1985,-1320,2825,-1982,-603]]]
3940002	r	-77.9094,-11.4472,-77.0202,-10.4957	[[[-779094,-105707,609,-1031,216,-190,77,-85,57,-109,58,-118,152,-110,288,-265,-12,-74,171,-232,-53,-90,-1,-147,183,-165,257,-199,-24,-158,154,-227,149,-193,108,-175,74,-198,-13,-130,85,-158,91,-204,-104,-95,-41,-85,184,-228,86,-193,-47,-84,103,-176,-47,-101,204,-224,2,-5,-40,-79,-17,18,-7,-1,-4,-31,-13,-18,16,2,7,-6,0,-1,1,-2,2,-14,-7,-8,37,-32,22,-29,6,-3,40,-57,-1,-9,16,-16,34,-58,6,-11,-2,-11,7,-2,20,-33,32,-65,30,-120,6,-169,-38,-145,-6,-13,-112,-38,-91,-55,-7,0,-107,26,0,6,11,9,-23,3,-19,-7,-6,6,-6,-14,-3,-3,-54,-3,-9,-9,-2,-2,-16,10,-4,-8,5,-7,-9,-20,-23,-24,-3,3,-4,-10,-8,-9,-11,-7,7,-16,24,-70,-70,-62,37,-145,-9,0,10,-4,-14,-5,0,-21,12,5,6,-5,7,-14,2,-9,1,-10,0,-1,21,-220,-22,-113,-8,-4,-8,1,-1,8,-10,-3,-6,7,-22,2,-17,-11,35,-32,14,9,7,-14,6,2,21,-17,3,-20,-8,-11,-8,7,-9,-41,11,13,9,-31,8,2,8,-8,2,7,12,3,12,-13,21,0,221,-101,92,-67,1212,-635,11,11,228,-132,485,-292,78,-40,187,-115,43,-39,14,-6,3,45,50,71,-9,41,4,33,29,19,15,62,34,54,80,64,57,28,18,26,15,5,82,0,106,39,33,41,32,24,38,65,35,140,5,62,-23,43,-62,54,-6,9,-3,3,-12,22,-6,9,-1,2,-6,11,-4,19,-6,20,0,14,-1,5,1,7,1,4,16,88,15,33,43,56,8,54,23,26,-17,4,-18,25,-12,7,-66,10,-22,10,-78,-10,-104,-62,-20,-2,-72,15,-107,6,-63,33,-24,40,-48,43,-42,121,26,88,-7,9,2962,3099,733,768,-60,159,-171,372,-195,360,-218,347,-241,332,-262,316,-283,298,-302,279,-319,259,-336,238,-352,216,-364,193,-377,168,-387,144,-396,119,-402,92,-408,67,-412,40,-413,13,-413,-13,-412,-40,-408,-67,-402,-92,-396,-119,-387,-144,-377,-168,-199,-106]]]
3938415	r	-71.653,-17.9384,-70.8229,-17.1393	[[[-716530,-172288,115,-28,47,-21,168,-106,175,-152,94,-61,237,-76,388,-65,161,-49,168,-125,138,-313,26,-28,354,-240,273,-341,78,-50,64,-18,41,-42,45,-339,139,-396,42,-186,93,-1008,56,-200,32,-199,-44,-231,-147,-195,-65,-116,8,-105,44,26,67,8,4,4,0,-3,0,-1,-25,-34,-14,-3,-23,-28,-8,0,-11,-31,10,-11,-8,-5,-6,-17,22,-9,-2,7,8,3,12,22,39,-23,20,10,33,1,18,33,14,7,-7,60,22,25,29,9,44,3,76,-21,117,-58,100,-39,96,-56,315,-161,94,-57,31,-11,304,-167,20,-5,353,-186,177,-109,-8,4,118,-130,1,-10,13,-16,13,-46,-6,-37,22,-4,6,-7,15,5,9,-10,15,4,3,-9,-11,-40,12,-12,21,1,24,-22,13,0,7,-25,19,-10,32,5,11,-8,2,-11,49,-25,105,-17,13,18,118,69,-119,-79,1,0,515,-484,203,-27,591,-184,202,-106,421,-308,160,-63,7,-4,27,31,199,267,180,279,162,289,141,299,120,307,99,314,78,319,47,272,-812,731,-5,-146,-49,-116,23,-71,-28,-48,-25,-218,-189,-2,-249,116,-83,0,-68,-49,-118,-37,-98,55,-103,-46,-18,-89,-120,-166,-98,53,-89,-58,-136,9,-85,-93,-156,43,-87,-29,-22,-36,2,-10,-68,0,-60,21,-24,18,-3,15,25,31,-27,35,19,74,-10,46,-38,7,-15,10,-17,35,-11,2,-38,-18,-55,-4,-26,3,-30,14,-34,-2,-48,13,-90,-10,-14,16,-6,26,8,41,8,11,-2,18,-38,26,-56,53,-39,12,-72,-17,-32,9,-24,14,-24,28,-37,28,-22,9,-49,0,-34,13,-113,1,-136,-39,-46,10,-35,-1,-77,-44,-46,10,-20,-4,-15,-14,-27,-11,-34,0,-135,28,-127,14,-27,12,-27,28,2,116,-5,15,-91,36,-78,61,-138,61,-37,-2,-38,40,-48,34,-31,15,-58,45,-20,-5,-42,5,-16,-7,-49,2,-21,-5,-19,14,-49,8,-1,-10,-12,82,-141,248,6,207,-79,232,48,59,-72,185,14,65,53,51,-2,68,-38,61,20,12,2,65,-34,80,-64,58,-3,85,-80,165,-16,112,-46,87,40,98,-14,60,-27,11,25,41,-47,106,-33,22,-15,69,-94,54,-20,-18,3,33,-43,26,-32,-9,-21,42,-37,-9,-59,139,-81,-30,14,161,-48,109,-70,21,-15,53,-53,-26,-43,35,-38,-11,-9,46,-91,39,-18,51,-70,-40,6,87,55,97,-17,72,-183,122,67,51,48,97,81,50,57,107,245,28,45,76,130,75,149,269,207,179,-582,525,-291,-65,-327,-95,-320,-116,-312,-135,-301,-155,-290,-173,-228,-156],[-711263,-178128,11,42,23,27,15,28,0,-2,-49,-95],[-713733,-176868,21,-19,-7,-16,-14,35],[-713722,-176817,46,75,-10,-42,-36,-33],[-713585,-176597,34,32,1,-1,-8,-8,2,-8,-29,-15],[-713546,-176560,43,39,-21,-28,-22,-11],[-713534,-176487,10,-2,26,-13,-36,15],[-713513,-176450,40,12,-6,-6,-34,-6],[-713469,-176444,0,7,29,9,-16,-12,-5,5,2,-7,-10,-2],[-713457,-176270,15,7,11,-14,-26,7],[-713448,-176258,18,24,0,-11,-18,-13],[-713440,-176428,26,60,-14,-39,-12,-21],[-711871,-177800,30,-18,44,-38,-1,-14,-73,70],[-711771,-177897,1,-1,0,-8,-1,9],[-711217,-177989,3,9,0,-23,-3,14],[-711215,-177856,18,33,7,8,-25,-41],[-711158,-177762,7,20,9,6,-16,-26],[-711099,-177664,3,13,23,29,-26,-42],[-711030,-177451,19,56,-14,-105,-5,49],[-711011,-177395,36,41,33,22,-69,-63],[-710942,-177332,45,-1,55,-27,-100,28],[-710824,-177348,2,4,0,-2,-2,-2]]]
3691348	n	-76.2276,-9.5161,-75.7724,-9.0639	[[[-762276,-92900,11,-222,33,-219,54,-215,76,-209,95,-201,115,-190,133,-178,150,-165,165,-149,180,-132,191,-114,202,-95,210,-75,217,-54,221,-32,223,-11,223,11,221,32,217,54,210,75,202,95,191,114,180,132,165,149,150,165,133,178,115,190,95,201,76,209,54,215,33,219,11,222,-11,222,-33,219,-54,215,-76,209,-95,201,-115,190,-133,178,-150,165,-165,149,-180,132,-191,114,-202,95,-210,75,-217,54,-221,32,-223,11,-223,-11,-221,-32,-217,-54,-210,-75,-202,-95,-191,-114,-180,-132,-165,-149,-150,-165,-133,-178,-115,-190,-95,-201,-76,-209,-54,-215,-33,-219,-11,-222]]]
3696150	r	-79.2761,-6.1769,-78.3439,-5.2431	[[[-792761,-57100,10,-305,30,-304,50,-302,69,-297,89,-293,107,-286,126,-278,144,-269,161,-260,177,-248,194,-236,208,-223,223,-209,236,-194,248,-178,259,-161,269,-144,277,-127,286,-107,292,-89,297,-69,301,-50,303,-30,305,-10,305,10,303,30,301,50,297,69,292,89,286,107,277,127,269,144,259,161,248,178,236,194,223,209,208,223,194,236,177,248,161,260,144,269,126,278,107,286,89,293,69,297,50,302,30,304,10,305,-10,305,-30,304,-50,302,-69,297,-89,293,-107,286,-126,278,-144,269,-161,260,-177,248,-194,236,-208,223,-223,209,-236,194,-248,178,-259,161,-269,144,-277,127,-286,107,-292,89,-297,69,-301,50,-303,30,-305,10,-305,-10,-303,-30,-301,-50,-297,-69,-292,-89,-286,-107,-277,-127,-269,-144,-259,-161,-248,-178,-236,-194,-223,-209,-208,-223,-194,-236,-177,-248,-161,-260,-144,-269,-126,-278,-107,-286,-89,-293,-69,-297,-50,-302,-30,-304,-10,-305]]]
3927758	r	-76.1459,-11.8699,-75.2341,-10.9701	[[[-761459,-114200,10,-294,29,-293,48,-291,68,-286,87,-282,105,-276,123,-268,141,-260,157,-250,174,-239,189,-228,204,-214,218,-202,231,-186,242,-172,253,-155,264,-139,271,-122,280,-103,285,-86,291,-67,294,-48,297,-29,298,-9,298,9,297,29,145,24,569,407,2734,1955,46,85,123,268,105,276,87,282,68,286,48,291,29,293,10,294,-10,294,-29,293,-48,291,-68,286,-87,282,-105,276,-123,268,-141,260,-157,250,-174,239,-189,228,-204,214,-218,202,-231,186,-242,172,-253,155,-264,139,-271,122,-280,103,-285,86,-291,67,-294,48,-297,29,-298,9,-298,-9,-297,-29,-294,-48,-291,-67,-285,-86,-280,-103,-271,-122,-264,-139,-253,-155,-242,-172,-231,-186,-218,-202,-204,-214,-189,-228,-174,-239,-157,-250,-141,-260,-123,-268,-105,-276,-87,-282,-68,-286,-48,-291,-29,-293,-10,-294]]]
3694564	r	-77.7448,-7.253,-75.7485,-4.807	[[[-777448,-54069,26,-165,106,-129,121,-69,151,-198,63,-33,26,-67,94,-112,108,-48,76,-103,53,-4,49,-47,4,-36,81,-46,72,-101,9,-48,-44,-79,18,-24,-69,-70,9,-53,-40,0,25,-78,-62,-67,-18,-74,59,-55,-23,-33,49,-79,-10,-36,54,-15,-2,-38,54,-49,2,-40,41,-12,52,-78,20,-111,52,-33,-32,-50,0,-77,69,-131,127,-92,-21,-18,20,-25,70,-1,62,-128,118,-46,4,-42,-47,-73,88,-30,67,-60,8,-25,-45,-31,74,-18,33,79,26,-23,69,-1,28,-32,-14,37,104,65,101,-23,20,58,-21,59,24,3,24,-46,34,-11,47,59,3545,-15443,366,-60,795,-79,799,-26,799,26,795,79,789,130,778,182,765,232,749,282,728,330,705,378,678,422,650,466,618,508,583,547,547,584,507,619,465,650,423,680,376,706,330,729,282,749,232,766,181,779,131,790,78,796,26,800,-26,800,-78,796,-131,790,-181,779,-232,766,-282,749,-330,729,-376,706,-423,680,-465,650,-507,619,-547,584,-583,547,-618,508,-650,466,-678,422,-705,378,-728,330,-749,282,-765,232,-778,182,-789,130,-795,79,-799,26,-799,-26,-795,-79,-789,-130,-778,-182,-765,-232,-749,-282,-728,-330,-705,-378,-678,-422,-238,-171,964,-4200,-78,-209,-140,-44,-53,55,-193,35,-78,40,-16,142,37,89,-110,91,-209,56,-119,159,-154,-38,-87,15,-167,-53,-321,95]]]
3939470	r	-75.4771,-13.2879,-74.4673,-12.3333	[[[-754771,-127900,11,-326,32,-324,54,-321,76,-318,96,-311,117,-305,137,-297,156,-288,175,-276,194,-265,210,-252,227,-238,242,-222,257,-207,270,-190,281,-172,293,-154,302,-134,311,-115,317,-94,324,-74,327,-53,330,-32,332,-11,332,11,330,32,327,53,324,74,317,94,311,115,302,134,238,125,2546,4997,-53,315,-76,318,-96,311,-117,305,-137,297,-156,288,-175,276,-194,265,-210,252,-227,238,-242,222,-257,207,-270,190,-281,172,-293,154,-228,101,-6439,-2137,-124,-228,-137,-297,-117,-305,-96,-311,-76,-318,-54,-321,-32,-324,-11,-326]]]
3698540	r	-78.2155,-6.5758,-77.5245,-5.8842	[[[-782155,-62300,8,-226,22,-225,37,-224,51,-220,66,-216,79,-212,93,-206,107,-200,119,-192,132,-184,144,-175,154,-165,165,-155,175,-143,184,-132,192,-119,199,-107,206,-94,211,-79,217,-66,220,-51,223,-37,225,-22,226,-8,226,8,225,22,223,37,220,51,217,66,211,79,206,94,199,107,192,119,184,132,175,143,165,155,154,165,144,175,132,184,119,192,107,200,93,206,79,212,66,216,51,220,37,224,22,225,8,226,-8,226,-22,225,-37,224,-51,220,-66,216,-79,212,-93,206,-107,200,-119,192,-132,184,-144,175,-154,165,-165,155,-175,143,-184,132,-192,119,-199,107,-206,94,-211,79,-217,66,-220,51,-223,37,-225,22,-226,8,-226,-8,-225,-22,-223,-37,-220,-51,-217,-66,-211,-79,-206,-94,-199,-107,-192,-119,-184,-132,-175,-143,-165,-155,-154,-165,-144,-175,-132,-184,-119,-192,-107,-200,-93,-206,-79,-212,-66,-216,-51,-220,-37,-224,-22,-225,-8,-226]]]
