2088122	n	146.9901,-9.5874,147.3777,-9.2539	[[[1469901,-93191,16,-41,125,-486,96,-186,260,-386,129,-312,173,-132,184,-80,114,-3,1,0,43,10,35,62,14,96,-25,111,-62,71,-159,52,-51,82,166,38,139,13,123,-30,118,-89,61,-132,51,-336,59,-116,215,-148,305,-150,313,-95,232,15,-113,198,34,84,123,-6,160,-71,179,-112,142,-118,88,-161,7,-224,67,68,187,-98,53,-71,5,8,96,201,75,209,54,215,33,219,11,222,-11,222,-33,219,-54,215,-75,209,-96,201,-115,190,-133,178,-150,165,-166,149,-179,132,-192,114,-202,95,-210,75,-217,54,-221,32,-223,11,-223,-11,-221,-32,-217,-54,-210,-75,-202,-95,-192,-114,-179,-132,-155,-139]]]
2092740	n	146.7739,-6.9409,147.2261,-6.4939	[[[1467739,-67200,11,-222,32,-219,54,-215,75,-209,95,-201,114,-190,132,-178,149,-165,164,-149,179,-132,190,-114,201,-95,209,-75,179,-45,-27,96,-64,474,-11,482,39,228,152,418,15,241,146,66,171,17,334,-15,166,43,249,188,135,43,493,18,155,-18,121,-39,96,-57,75,-78,56,-100,124,17,303,-17,10,202,-11,222,-32,219,-54,215,-75,209,-95,201,-114,190,-132,178,-149,165,-164,149,-179,132,-190,114,-201,95,-209,75,-215,54,-219,32,-222,11,-222,-11,-219,-32,-215,-54,-209,-75,-201,-95,-190,-114,-179,-132,-164,-149,-149,-165,-132,-178,-114,-190,-95,-201,-75,-209,-54,-215,-32,-219,-11,-222]]]
2100633	n	155.3441,-6.4561,155.7633,-6.0643	[[[1553441,-62300,11,-222,32,-219,54,-215,75,-209,95,-201,114,-190,132,-178,149,-165,164,-149,178,-132,190,-114,200,-95,209,-75,215,-54,220,-32,221,-11,221,11,220,32,215,54,209,75,200,95,190,114,178,132,164,149,149,165,132,178,55,91,-47,28,-127,130,-110,157,-124,238,-86,120,-100,52,-100,11,-101,34,-78,56,-102,228,-242,241,38,113,-84,72,-22,47,13,37,24,43,0,74,-154,-125,-22,-148,-53,-113,-248,-30,-219,89,-105,166,-74,157,-117,72,-88,-106,-92,-70,-130,-29,-55,29,-506,521,-339,681,-16,47,-64,-58,-149,-165,-132,-178,-114,-190,-95,-201,-75,-209,-54,-215,-32,-219,-11,-222]]]
2090409	n	144.0042,-6.0861,144.4558,-5.6339	[[[1440042,-58600,11,-222,33,-219,54,-215,74,-209,95,-201,114,-190,132,-178,149,-165,164,-149,178,-132,190,-114,200,-95,209,-75,215,-54,219,-32,221,-11,221,11,219,32,215,54,209,75,200,95,190,114,178,132,164,149,149,165,132,178,114,190,95,201,74,209,54,215,33,219,11,222,-11,222,-33,219,-54,215,-74,209,-95,201,-114,190,-132,178,-149,165,-164,149,-178,132,-190,114,-200,95,-209,75,-215,54,-219,32,-221,11,-221,-11,-219,-32,-215,-54,-209,-75,-200,-95,-190,-114,-178,-132,-164,-149,-149,-165,-132,-178,-114,-190,-95,-201,-74,-209,-54,-215,-33,-219,-11,-222]]]
2088163	n	148.0028,-8.9961,148.4572,-8.5441	[[[1480028,-87700,11,-222,32,-219,55,-215,75,-209,95,-201,115,-190,132,-178,150,-165,165,-149,180,-132,191,-114,201,-95,210,-75,217,-54,220,-32,223,-11,223,11,220,32,217,54,210,75,201,95,191,114,180,132,165,149,150,165,132,178,115,190,95,201,75,209,55,215,32,219,11,222,-11,222,-32,219,-55,215,-75,209,-90,191,-302,92,-54,67,-25,89,-62,77,-78,53,-75,20,-131,53,-164,102,-197,57,-231,-75,-98,131,-356,170,-160,115,-81,147,-26,105,-192,-9,-220,-32,-217,-54,-210,-75,-201,-95,-191,-114,-180,-132,-165,-149,-150,-165,-132,-178,-115,-190,-95,-201,-75,-209,-55,-215,-32,-219,-11,-222]]]
2091996	r	143.9736,-6.0015,147.2438,-4	[[[1439736,-50057,29,-39,66,-23,-11,-82,91,-25,37,-37,65,10,-15,-78,33,-113,57,-20,55,-79,63,-1,105,-107,44,3,82,-41,201,-7,36,-27,94,20,280,-64,18,-32,-36,-49,13,-35,105,-67,71,-2,33,-44,13,-72,-38,-62,29,-63,-54,-48,128,-68,-19,-105,58,-130,50,-18,22,-72,79,-61,14,-47,112,-114,112,6,38,-110,72,-11,71,-69,119,36,119,-22,56,-36,190,82,13,-31,-21,-59,83,-56,23,-59,69,-28,85,10,51,-68,45,11,62,-62,417,-11,1847,-625,27,-15,1,-82,70,-42,89,-31,180,16,81,-293,105,-52,54,-79,13,-140,-17,-29,34,-54,166,-2,112,-114,40,21,174,-31,69,12,196,-183,92,-38,81,-112,80,-41,179,-180,9,-55,154,-68,27,-106,38,-3,108,-98,156,-16,81,-132,103,-13,13,-84,77,-24,-42,-142,-40,-22,48,-35,46,-171,96,-24,27,27,69,-36,45,6,114,-72,104,16,19,-36,81,-41,9,-94,30,-52,98,-82,74,-117,33,3,61,-64,103,-18,21,-26,149,6,100,-125,12,-63,132,-39,-36,-207,56,-51,103,-31,76,-53,112,6,9,34,78,21,96,-29,97,18,48,-45,98,24,59,-33,55,8,30,-48,-27,-163,38,-110,-60,-256,87,-129,58,-19,23,-169,-20,-62,113,-70,4,-59,65,-34,66,-123,123,33,73,-59,127,-29,223,18,81,-116,82,-53,74,9,181,-196,97,-63,28,-51,-1,-91,112,-65,64,-127,71,-70,135,-51,209,168,153,62,90,-64,46,80,222,-46,-7,-94,44,28,8,49,56,59,75,-6,122,-113,76,-258,922,353,-9,-27,25,-24,-29,-8,7,-95,24,-46,54,-30,-18,-37,21,-11,-7,-38,88,-36,-38,-29,18,-43,530,-770,70,82,115,-9,73,38,22,-42,97,-68,-12,-63,510,38,375,635,875,-125,84,-548,1606,0,11,-76,49,-74,191,-94,4996,0,34,-15,19,15,1427,0,2952,1771,-18,67,-50,184,-84,54,-228,50,-342,205,-664,178,-1258,985,-119,52,-240,52,-64,78,-38,99,-50,95,-188,137,-185,5,-195,-40,-220,-2,62,0,-133,-11,-108,33,-87,74,-69,46,-184,116,-77,18,-119,3,-132,-17,-208,-60,-105,2,-88,57,-95,89,-96,61,-180,-51,-107,33,-191,91,-251,14,-112,37,-47,120,-49,84,-117,25,-244,-7,-173,56,-340,153,-107,-5,-43,45,-38,28,-48,-8,-76,-65,-222,127,-183,48,-170,63,-177,178,-132,-94,-151,-13,-148,-29,-121,-142,-39,29,-29,15,-69,23,-10,-77,-43,-124,-15,-71,-68,0,-146,315,-239,63,-606,-106,-283,94,-211,233,-111,312,26,323,179,320,24,124,-9,112,-46,152,-11,81,51,216,357,503,65,185,17,183,-14,425,9,104,44,222,24,358,-8,27,53,111,73,114,11,85,-22,84,-92,138,-23,58,-25,203,-103,410,-9,236,58,453,71,213,114,92,31,83,-105,185,-148,190,-89,94,-340,98,-35,43,-157,105,-188,77,-155,136,-1091,1219,-213,470,-155,173,-57,4,-71,-25,-83,-3,-95,61,-212,284,-84,155,-360,418,-614,511,-410,513,-388,155,-427,-49,-430,-102,-399,-4,-1035,336,-268,147,-368,532,-145,83,-36,54,2,363,-51,63,-222,140,-298,292,-173,91,-444,80,-125,105,-58,134,5,119,46,53,127,56,26,67,-10,60,-24,31,-23,18,-11,31,-50,55,-240,150,-301,83,-176,122,-264,230,-394,146,-1245,195,-147,59,-14,7,-110,0,-45,-5880,-5251,-4012,-755,-165]],[[1450237,-40705,9,-183,44,-192,93,-148,164,-60,212,6,146,35,96,84,60,153,28,189,-28,155,-97,118,-175,77,-96,39,-74,-34,-172,-140,-24,24,-74,24,-78,-24,-34,-123]],[[1458757,-46868,35,-159,78,-152,53,-71,325,-298,144,-61,257,61,268,105,369,229,111,91,50,112,22,221,34,113,49,78,5,347,-23,250,-53,151,-371,391,-142,117,-214,53,-195,-100,-494,-515,-107,-176,-151,-415,-44,-198,-6,-174]],[[1462029,-48246,98,-179,196,-108,150,10,-40,171,51,3,11,10,-1,22,13,39,64,-44,67,-30,-4,142,-53,117,-148,219,-180,1,-126,-83,-74,-136,-24,-154]],[[1470044,-53020,7,-174,53,-155,108,-144,371,-273,408,-472,281,-195,347,-15,234,162,108,44,78,-9,56,-38,57,-15,81,62,40,146,-10,193,27,195,148,154,0,62,-148,122,-107,197,-65,234,-22,239,-6,142,-32,56,-234,108,-139,108,-345,377,-214,-9,-174,-101,-151,-130,-150,-101,-376,-104,-94,-85,-77,-228,-60,-353]]]
2093685	n	152.0448,-4.5661,152.418,-4.1425	[[[1520448,-43400,11,-222,32,-219,54,-215,74,-209,95,-201,113,-190,132,-178,148,-165,164,-149,178,-132,189,-114,200,-95,208,-75,215,-54,218,-32,221,-11,221,11,218,32,215,54,208,75,141,67,-9,19,-85,338,43,344,494,1117,34,151,-56,159,-142,2,-417,-127,-179,0,-617,68,-137,38,-88,83,-70,93,-76,66,-131,26,-92,-32,-66,-46,-53,-22,-199,60,-78,117,-3,376,-50,244,-6,145,56,94,109,8,50,-91,23,-119,29,-76,69,-33,176,-38,61,-4,142,31,23,80,-124,447,-149,165,-180,141,-154,173,-230,-60,-80,-192,-47,-219,-127,-151,-105,3,-254,60,-51,-29,-36,-35,-31,-11,-63,-85,-113,-190,-95,-201,-74,-209,-54,-215,-32,-219,-11,-222]]]
2090990	n	143.4341,-6.3761,143.8859,-5.9239	[[[1434341,-61500,11,-222,33,-219,53,-215,75,-209,95,-201,114,-190,132,-178,149,-165,164,-149,178,-132,190,-114,201,-95,208,-75,215,-54,220,-32,221,-11,221,11,220,32,215,54,208,75,201,95,190,114,178,132,164,149,149,165,132,178,114,190,95,201,75,209,53,215,33,219,11,222,-11,222,-33,219,-53,215,-75,209,-95,201,-114,190,-132,178,-149,165,-164,149,-178,132,-190,114,-201,95,-208,75,-215,54,-220,32,-221,11,-221,-11,-220,-32,-215,-54,-208,-75,-201,-95,-190,-114,-178,-132,-164,-149,-149,-165,-132,-178,-114,-190,-95,-201,-75,-209,-53,-215,-33,-219,-11,-222]]]
2093967	n	149.9144,-5.7761,150.3656,-5.3397	[[[1499144,-55500,11,-222,32,-219,54,-215,74,-209,95,-201,114,-190,132,-178,149,-165,164,-149,177,-132,190,-114,201,-95,208,-75,215,-54,219,-32,221,-11,221,11,219,32,215,54,208,75,201,95,190,114,177,132,164,149,149,165,132,178,114,190,95,201,74,209,54,215,32,219,11,222,-11,222,-32,217,-26,-21,-142,-54,-120,-66,-100,-151,-83,-161,-73,-101,-171,-51,-185,29,-201,59,-691,53,-208,59,-190,125,-129,174,-81,213,-43,215,-13,186,-32,131,-287,588,-257,405,-5,32,-39,-14,-201,-95,-190,-114,-177,-132,-164,-149,-122,-134,49,-10,87,-43,35,-120,-52,-173,-261,-425,-104,-125,-257,-175,-25,-172,-11,-222]]]
2096742	n	145.1642,-6.3061,145.6158,-5.8544	[[[1451642,-60800,10,-222,33,-219,54,-215,74,-209,95,-201,114,-190,132,-178,149,-165,164,-149,178,-132,190,-114,201,-95,208,-75,215,-54,220,-32,221,-11,221,11,220,32,215,54,208,75,201,95,190,114,178,132,164,149,149,165,132,178,114,190,95,201,74,209,54,215,33,219,10,222,-10,222,-33,219,-54,215,-74,209,-95,201,-114,190,-132,178,-63,70,-250,-422,-510,-38,12,63,-97,68,-22,42,-73,-38,-115,9,-70,-82,-530,770,-18,43,38,29,-88,36,7,38,-21,11,18,37,-54,30,-24,46,-7,95,29,8,-8,7,-121,-6,-28,-4,-781,-299,-17,56,-18,-9,-190,-114,-178,-132,-164,-149,-149,-165,-132,-178,-114,-190,-95,-201,-74,-209,-54,-215,-33,-219,-10,-222]]]
2083537	n	143.405,-3.7761,143.8335,-3.332	[[[1434050,-35500,11,-222,32,-219,54,-215,74,-209,95,-201,113,-190,132,-178,148,-165,164,-149,177,-132,189,-114,200,-95,208,-75,214,-54,218,-32,221,-11,221,11,218,32,214,54,208,75,200,95,189,114,177,132,164,149,148,165,132,178,113,190,51,107,-155,242,-155,73,-190,44,-357,28,-136,51,-103,87,-93,126,77,123,-21,62,-66,23,-58,3,-146,-104,-89,-42,-39,41,-295,95,-83,41,-81,52,-158,65,-66,51,-42,68,-100,279,-575,574,-174,117,-451,154,-285,50,-65,-88,-113,-190,-95,-201,-74,-209,-54,-215,-32,-219,-11,-222]],[[1435162,-33552,69,-58,108,-49,65,-17,281,-112,167,1,151,111,-64,189,-226,167,-66,-16,-208,-75,-200,-95,-77,-46]]]
2098329	n	142.9826,-9.1349,143.4047,-8.8539	[[[1429826,-90800,11,-222,32,-219,28,-108,217,132,245,200,168,83,889,273,147,27,66,32,48,68,30,69,27,36,48,5,106,-12,156,29,209,14,101,32,-69,69,296,55,567,2,299,79,166,82,113,76,239,221,82,141,-56,92,-133,178,-150,165,-165,149,-179,132,-192,114,-202,95,-210,75,-216,54,-221,32,-223,11,-223,-11,-221,-32,-216,-54,-210,-75,-202,-95,-192,-114,-179,-132,-165,-149,-150,-165,-133,-178,-115,-190,-95,-201,-75,-209,-55,-215,-32,-219,-11,-222]]]
