1172451	n	74.0667,31.2423,74.6151,31.92	[[[740667,314800,12,-222,38,-219,63,-215,73,-176,10,-2,860,-197,2263,-1346,1223,291,2,7,42,37,0,44,69,230,13,27,-20,23,-29,6,-22,36,10,0,17,17,30,-12,9,10,18,-4,6,15,-15,10,12,13,21,5,7,14,-3,14,-33,15,-5,29,37,18,-7,34,20,4,29,20,22,26,27,-6,11,25,-18,36,14,9,14,26,26,89,18,33,-24,6,-5,15,15,59,22,21,34,7,55,28,88,192,121,174,163,175,119,161,32,113,-21,50,-110,201,-49,70,124,9,-126,167,-21,3,-2,-34,-10,-20,-52,11,5,-6,-15,-5,-35,5,-38,18,-19,-1,-28,26,0,6,10,0,23,-8,1,-10,3,9,9,-1,5,-16,7,-1,4,18,19,2,11,-6,27,40,-52,23,-17,-2,-3,7,0,9,19,1,14,-14,7,1,-9,18,5,19,-34,7,25,27,-1,26,12,33,-270,881,-14,1,7,25,-6,18,-1,2,-8,8,2,1,-17,27,-20,17,1,12,-491,766,-2,1,-1,4,-24,39,-101,113,18,18,-46,21,17,52,26,28,-3,5,95,46,17,1,11,18,-1,27,23,70,-12,5,50,18,22,-15,27,-6,8,4,46,155,38,219,12,222,-12,222,-38,219,-63,215,-88,209,-111,201,-94,134,-621,0,-3449,-570,983,-2193,-472,-842,-603,-663,-7,-132]]]
1174872	r	66.6541,23.8715,67.8869,25.6768	[[[666541,248392,256,-86,117,20,249,89,530,57,103,38,229,-115,248,46,265,81,283,-12,212,-118,186,-149,193,-117,239,-26,-49,78,-23,76,-2,182,74,0,79,-104,143,-110,178,-87,179,-35,407,-283,188,-75,-88,216,75,75,187,-62,112,7,107,34,179,21,85,-35,78,-82,56,-102,4,-12,53,-200,87,-25,367,70,111,50,89,10,124,-90,104,-137,-26,-76,-283,-134,-246,-164,-245,-219,-185,-258,-74,-278,25,-194,78,-34,128,36,177,18,186,-39,149,-66,287,-169,-159,-63,-186,-16,-186,24,-159,55,16,-142,35,-148,59,-140,95,-122,226,-27,41,-73,-199,-166,198,-197,161,-208,100,-230,20,-259,148,78,69,54,61,72,-130,-444,-19,-260,113,-115,424,0,171,-38,200,-99,-261,25,-305,-36,-199,-132,68,-266,-35,-43,-54,-108,-48,-67,93,-112,39,-81,10,-497,23,-130,47,-129,261,-425,107,-248,42,-326,127,-155,296,-41,571,35,266,-61,218,-101,207,-20,233,182,-33,-154,-99,-98,-277,-171,-140,44,-101,-104,-169,-343,124,-57,428,-80,-66,-224,-29,-160,20,-100,101,-24,109,51,106,72,100,38,-83,-102,-117,-220,-80,-88,-99,-54,-73,-6,-73,8,-95,-16,126,-84,533,-116,10,5,-95,80,-58,113,25,79,140,-9,115,-96,52,-80,501,245,286,163,84,116,8,-33,-1,-29,1,-2,293,166,642,420,611,458,138,119,673,4575,-744,3254,-2362,4478,-2197,-1153,-188,58,-80,12,-35,22,-23,6,-50,44,0,18,-32,26,-21,13,-48,1,-41,52,-37,2,-5,9,-5,53,35,26,-40,25,-2,18,59,23,7,21,75,102,4,60,83,124,-10,30,11,39,-12,14,4,76,-14,22,12,37,52,32,69,17,50,161,104,137,16,93,29,28,10,19,34,11,19,17,33,43,46,91,39,116,8,13,39,26,0,19,31,52,-3,17,38,82,2,111,9,12,3,61,-1,88,20,48,51,47,-1,18,23,30,0,23,32,41,21,43,3,60,17,29,7,44,19,24,-2,14,19,16,32,2,8,25,-13,37,-1,13,11,30,-17,54,-4,46,10,16,109,34,24,25,14,40,-2,52,10,87,-2,144,-14,70,-86,158,-27,55,-9,40,-1,111,-15,34,-7,84,-4,76,7,20,-8,203,-17,60,11,53,-19,102,-6,93,8,131,-8,54,-27,77,-36,64,-29,71,-26,81,-5,57,-49,85,-25,11,-28,23,-349,150,-107,-466,-114,-119,-175,-132,-95,-60,-54,-51,-60,-73,-62,-137,-132,-219,-141,-131,-163,-105,-81,-29,-95,-63,-85,-133,-42,-156,-29,-65,-63,-64,-127,-104,-45,-198,-42,-269,64,-251,-261,-321,117,-190,-186,-233,-211,-366,1,-49,-55,-142,-142,-161,-208,-93,-72,-49,-147,-115,-67,-11,-111,-52,-50,-54,-6,-19,-136,92,-209,114,-220,95,-229,75,-235,54,-241,32,-243,11,-243,-11,-241,-32,-235,-54,-229,-75,-220,-95,-209,-114,-195,-132,-53,-44,97,-193,8,-216,-57,-162,-187,-225,-92,-165,-48,-190,-26,-598,-157,-766,0,-384,231,-116,0,-69,-53,-24,-23,-10,5,-6,-13,-11,-1,-18,-10,-18,-20,-13,-29,-4,-23,8,-15,13,-92,-42,-203,-208,-26,-195]],[[673755,240627,60,-165,39,-60,80,-121,160,-146,175,-60,270,59,69,133,44,139,201,79,1,0,-76,27,-198,115,-447,-139,-229,5,-149,134]]]
1168197	n	71.1091,33.7568,71.9014,34.4461	[[[711091,340000,13,-222,39,-219,65,-215,89,-209,114,-201,137,-190,158,-178,179,-165,196,-149,214,-132,228,-114,240,-95,251,-75,231,-48,1693,210,1912,-430,0,448,13,-5,251,-75,257,-54,263,-32,266,-11,266,11,263,32,257,54,251,75,22,9,-229,3067,283,372,-452,2081,-123,49,-250,75,-259,54,-263,32,-169,7,-1346,-2575,1368,2618,-196,148,-214,132,-229,114,-241,95,-251,75,-258,54,-264,32,-266,11,-266,-11,-264,-32,-258,-54,-251,-75,-241,-95,-229,-114,-214,-132,-197,-149,-179,-165,-159,-178,-137,-190,-114,-201,-90,-209,-65,-215,-39,-219,-13,-217,1847,-1124,-1759,1070,-209,-62,-240,-95,-228,-114,-214,-132,-196,-149,-179,-165,-158,-178,-137,-190,-114,-201,-89,-209,-65,-215,-39,-219,-13,-222]]]
1179400	n	72.7899,30.9939,73.6548,31.9069	[[[727899,313552,1,-2,584,-1983,416,-1417,95,-39,243,-75,250,-54,255,-32,257,-11,257,11,255,32,250,54,243,75,233,95,221,114,207,132,191,149,173,165,154,178,132,190,110,201,87,209,5,18,-377,1072,377,-1071,14,-11,207,-132,222,-114,233,-95,243,-75,250,-54,255,-32,258,-11,258,11,255,32,250,54,243,75,233,95,222,114,207,132,191,149,173,165,154,178,133,190,29,53,-2,3,-1,1,-1135,2040,-1313,244,-650,1452,-352,131,-1295,1283,-1359,1628,-1889,-3277,305,-499,-575,-1256,-1,-1,-44,-96,61,-20,-155,-121,-173,-165,-71,-82]]]
1166993	n	72.555,33.2769,73.6291,33.9418	[[[725550,337637,8,-4,0,-87,69,-41,32,-72,14,-79,36,-77,27,-91,-32,-50,2709,-1056,228,-1736,203,-1548,118,-27,1772,941,1,1,417,221,4353,-1079,512,531,85,88,73,172,64,215,39,219,13,222,-13,222,-39,219,-64,215,-89,209,-113,201,-136,190,-157,178,-177,165,-196,149,-212,132,-226,114,-239,95,-249,75,-256,54,-261,32,-264,11,-264,-11,-261,-32,-20,-5,192,260,-4519,-280,444,1914,-1646,1011,-1976,-637,0,-48,9,-14,44,18,94,-2,150,-52,-111,-110,-50,-69,-9,-68,-18,-55,-109,-30,0,-714]]]
1177662	n	73.9064,31.863,74.5249,32.4	[[[739064,322538,197,-814,1,-2,164,-679,157,-649,68,9,-48,-162,-38,-219,-13,-222,13,-222,37,-211,29,-18,1135,-719,3449,570,627,0,94,134,112,201,87,209,63,215,39,219,12,222,-12,222,-4,23,-24,32,-546,737,525,2016,-725,570,-1973,0,-665,-949,-2761,-513]]]
1169825	n	70.9305,29.8926,71.8734,30.552	[[[709305,300700,12,-222,38,-219,62,-215,86,-209,108,-201,131,-190,152,-178,171,-165,189,-149,40,-26,3655,1430,1274,-562,303,-134,148,234,0,1,849,1341,2211,987,-2466,2904,-75,-9,-248,-54,-240,-75,-231,-95,-219,-114,-205,-132,-189,-149,-171,-165,-81,-93,-814,1279,-1602,-2250,212,-352,-251,32,-254,11,-254,-11,-252,-32,-133,-29,-18,-8,-1,0,-867,-356,-121,-77,-189,-149,-171,-165,-152,-178,-131,-190,-108,-201,-86,-209,-62,-215,-38,-219,-12,-222]]]
1176734	r	68.0615,25.1458,68.9199,25.6337	[[[680615,253700,11,-222,36,-219,60,-215,82,-209,104,-201,125,-190,146,-178,164,-165,180,-149,196,-132,209,-114,221,-95,230,-75,236,-54,184,-24,1456,995,674,287,1676,40,865,-341,318,-33,134,30,230,75,221,95,209,114,196,132,181,149,164,165,76,93,-999,3078,-2281,-328,-984,280,-909,-191,-1951,138,229,-397,-155,-50,-221,-95,-209,-114,-196,-132,-180,-149,-164,-165,-146,-178,-125,-190,-104,-201,-82,-209,-60,-215,-36,-219,-11,-222]]]
1167528	n	66.5177,29.7278,67.5196,30.4261	[[[665177,300125,23,-56,218,-401,262,-380,304,-357,342,-329,378,-298,409,-264,438,-228,461,-190,480,-149,494,-108,505,-65,509,-22,509,22,505,65,494,108,480,149,461,190,438,228,409,264,378,298,342,329,304,357,262,380,218,401,172,418,124,431,75,439,25,443,-25,443,-75,439,-124,431,-172,418,-78,143,-2389,-888,-32,79,-109,201,-131,190,-152,178,-172,165,-189,149,-204,132,-219,114,-231,95,-240,75,-247,54,-252,32,-255,11,-255,-11,-252,-32,-247,-54,-240,-75,-231,-95,-219,-114,-204,-132,-189,-149,-172,-165,-152,-178,-131,-190,-109,-201,-86,-209,-62,-215,-37,-219,-12,-222,12,-222,37,-219,62,-215,86,-209,66,-122,-2388,-888]]]
1183460	n	70.0646,32.5278,71.1354,33.4322	[[[700646,329800,25,-443,78,-439,127,-431,177,-418,225,-401,270,-380,313,-357,353,-329,389,-298,422,-264,451,-228,475,-190,495,-149,509,-108,520,-65,525,-22,525,22,520,65,509,108,495,149,475,190,451,228,422,264,389,298,353,329,25,29,1040,1798,47,160,78,439,25,443,-25,443,-78,439,-127,431,-177,418,-225,401,-270,380,-313,357,-353,329,-389,298,-422,264,-451,228,-475,190,-495,149,-509,108,-520,65,-525,22,-525,-22,-520,-65,-509,-108,-495,-149,-475,-190,-451,-228,-23,-15,14,-27,-72,-329,-1552,-1097,-114,-160,-225,-401,-177,-418,-127,-431,-78,-439,-25,-443]]]
1166000	n	72.4526,31.9135,73.1112,32.4874	[[[724526,321299,486,-1024,1179,-1140,2783,996,-348,932,2486,3004,-59,67,-175,165,-27,21,-1355,291,-1220,263,-47,-10,-245,-75,-236,-95,-224,-114,-209,-132,-193,-149,-175,-165,-155,-178,-134,-190,-112,-201,-88,-209,-53,-182,25,-25,-247,-31,-64,-14,-1593,-1805]]]
1164909	n	74.2206,32.0369,74.91,32.7161	[[[742206,325214,284,-1214,1973,0,725,-570,-525,-2016,546,-737,139,-71,236,-95,245,-75,253,-54,101,-13,2917,2846,0,140,-46,110,-112,201,-134,190,-155,178,-175,165,-193,149,-210,132,-175,90,33,14,17,94,2,37,-317,-88,-385,-19,-357,106,-267,270,-300,698,-30,199,73,182,111,173,80,171,13,199,-53,302,-201,81,-246,75,-254,54,-258,32,-261,11,-261,-11,-258,-32,-180,-39,-329,-521,-2066,-1344]]]
1183880	n	71.4117,29.2188,71.9277,29.7561	[[[714117,296502,231,-2344,-177,-593,1,-6,61,-215,85,-209,68,-124,224,-263,353,-415,102,-81,98,-64,32,7,3817,812,70,128,85,209,61,215,37,219,12,204,-1252,1017,-1066,2465,-9,21,-146,33,-251,32,-253,11,-253,-11,-251,-32,-245,-54,-239,-75,-229,-95,-217,-114,-203,-132,-188,-149,-170,-165,-151,-178,-37,-54]]]
1184370	n	72.8186,29.9723,73.2747,30.4881	[[[728186,303377,340,-883,70,-2132,121,-116,1334,-523,2695,2116,-252,386,-467,2225,-328,300,-2235,131,-1278,-1504]]]
1180281	n	70.6153,31.4039,71.3235,32.0815	[[[706154,319100,13,-222,38,-219,63,-215,88,-209,4,-7,1,0,8,-150,39,-219,63,-215,87,-209,111,-201,133,-190,155,-178,174,-165,192,-149,208,-132,223,-114,223,-90,-9,-6,7,-132,38,-219,63,-215,87,-209,111,-201,133,-190,154,-178,174,-165,192,-149,208,-132,222,-114,234,-95,243,-75,251,-54,256,-32,259,-11,259,11,256,32,251,54,243,75,234,95,222,114,208,132,192,149,174,165,154,178,133,190,111,201,87,209,63,215,38,219,10,183,-252,356,-616,3114,-122,63,-234,95,-21,6,-1239,-374,-3673,1294,-149,-116,-174,-165,-155,-178,-133,-190,-111,-201,-88,-209,-63,-215,-38,-219,-13,-222]]]
1169607	n	73.2964,34.1813,73.7421,34.5961	[[[732964,345440,593,-2978,738,-649,2613,648,81,20,111,153,114,201,90,209,65,215,39,219,13,222,-13,222,-39,219,-65,215,-90,209,-114,201,-138,190,-159,178,-179,165,-198,149,-214,132,-229,114,-242,95,-251,75,-259,54,-264,32,-267,11,-267,-11,-264,-32,-259,-54,-251,-75,-242,-95,-229,-114,-214,-132,-10,-8]]]
1183105	n	72.7469,34.4563,73.2931,34.9061	[[[727469,346800,13,-222,40,-219,65,-215,90,-209,115,-201,137,-190,160,-178,180,-165,199,-149,215,-132,230,-114,242,-95,252,-75,260,-54,159,-19,2675,1023,107,148,115,201,90,209,65,215,40,219,13,222,-13,222,-40,219,-65,215,-90,209,-115,201,-137,190,-160,178,-180,165,-199,149,-215,132,-230,114,-242,95,-252,75,-260,54,-265,32,-268,11,-268,-11,-265,-32,-260,-54,-252,-75,-242,-95,-230,-114,-215,-132,-199,-149,-180,-165,-160,-178,-137,-190,-115,-201,-90,-209,-65,-215,-40,-219,-13,-222]]]
1180942	n	73.6076,30.6552,74.3209,31.4252	[[[736076,311059,1,-1,1664,-2209,806,-65,532,-275,1343,-1712,450,-245,238,30,250,54,241,75,54,22,13,58,33,81,146,96,65,202,76,80,163,125,83,107,67,87,56,72,84,71,151,98,75,74,-9,70,-91,199,35,41,197,53,203,135,112,177,-74,181,67,105,85,89,17,10,-5,78,-38,219,-6,22,-674,814,31,161,-1666,3717,-35,-2,0,1,-78,40,-233,95,-243,75,-250,54,-255,32,-53,2,-2813,-2008,-4,-22,-13,-222,2,-22,5,-2,-43,-28,-191,-149,-173,-165,-153,-178,-132,-190,-110,-201,-3,-6]]]
1175892	n	72.0573,31.0556,72.5642,31.4961	[[[720573,312700,12,-222,38,-219,63,-215,87,-209,110,-201,132,-190,154,-178,173,-165,191,-149,207,-132,221,-114,234,-95,180,-55,2351,932,913,2037,3,6,-14,32,-11,9,-1533,1254,-121,38,-250,54,-255,32,-258,11,-258,-11,-255,-32,-250,-54,-242,-75,-234,-95,-221,-114,-207,-132,-191,-149,-173,-165,-154,-178,-132,-190,-110,-201,-87,-209,-63,-215,-38,-219,-12,-222]]]
1176615	n	72.8728,33.6492,73.31,33.9113	[[[728728,336493,4321,268,38,217,13,222,-13,222,-39,219,-64,215,-89,209,-114,201,-136,190,-158,178,-178,165,-196,149,-213,132,-67,33,-2661,-706,-444,-1914]]]
1165221	n	73.5772,31.4839,74.1749,31.9534	[[[735773,318671,137,-1423,803,-1061,1808,-404,1168,-935,211,-9,259,11,256,32,251,54,16,5,595,654,472,842,-983,2193,-1135,719,-105,-13,2,5,-61,39,-222,114,-97,40,-3375,-863]]]
1177654	n	73.7779,32.2629,74.4626,32.8662	[[[737779,324716,448,-1299,217,-111,237,-95,246,-75,120,-25,-15,-18,111,-127,175,-165,194,-149,38,-23,2275,422,665,949,-284,1214,2066,1344,354,561,-62,146,-112,201,-135,190,-153,176,-300,-154,-187,-43,-215,34,-169,95,-130,147,-98,188,94,119,11,13,59,74,66,114,-174,70,-247,75,-254,54,-259,32,-261,11,-261,-11,-259,-32,-99,-21,-33,-43,-3204,-1390,356,-1060,-821,-1388]]]
1164408	n	68.4085,27.3046,69.1378,27.9084	[[[684085,276407,123,-1245,2070,-641,1412,-1400,0,-1,75,-74,83,4,246,32,241,54,234,75,225,95,213,114,200,132,184,149,167,165,148,178,128,190,106,201,83,209,61,215,20,121,61,-37,144,77,200,132,184,149,168,165,148,178,128,190,106,201,84,209,51,179,-2001,1926,-632,735,-2139,-1346,-1336,53,-1185,-1384]]]
1166547	n	72.0652,31.6639,72.6191,32.1347	[[[720653,319700,12,-222,39,-219,63,-215,87,-209,111,-201,134,-190,155,-178,174,-165,193,-149,144,-91,-9,-7,11,-20,134,-190,154,-178,175,-165,192,-149,209,-132,222,-114,235,-95,244,-75,252,-54,257,-32,259,-11,16,1,1702,949,373,1546,-1179,1140,-486,1024,-1068,48,-2246,-261,-113,-130,-134,-190,-111,-201,-87,-209,-63,-215,-39,-219,-12,-222]]]
1166548	n	72.8677,30.475,73.2958,30.8961	[[[728677,306594,785,-1708,2,-5,2235,-131,1259,2263,-954,1774,-5,2,-241,75,-249,54,-253,32,-256,11,-256,-11,-253,-32,-249,-54,-241,-75,-232,-95,-220,-114,-205,-132,-190,-149,-172,-165,-36,-41,-269,-1499]]]
1168718	n	73.2008,30.5452,73.7741,31.1061	[[[732008,308780,950,-1767,1875,-322,769,-1239,1466,198,565,888,-734,1327,842,984,-1664,2209,-77,3,-256,-11,-254,-32,-250,-54,-241,-75,-233,-95,-220,-114,-206,-132,-190,-149,-77,-73,1672,-2665,-1674,2667,-81,-10,-249,-54,-242,-75,-232,-95,-220,-114,-206,-132,-190,-149,-172,-165,-153,-178,-132,-190,-110,-201,-76,-185]]]
1167460	n	69.8774,28.0839,70.5555,28.6461	[[[698774,283394,419,-830,631,-1253,39,-78,20,-13,215,-114,226,-95,236,-75,242,-54,248,-32,250,-11,250,11,248,32,242,54,236,75,226,95,215,114,201,132,186,149,168,165,149,178,129,190,2,5,32,-37,157,34,236,75,227,95,215,114,201,132,186,149,168,165,149,178,129,190,107,201,85,209,60,215,37,219,13,222,-13,222,-13,80,-1408,1640,-674,282,-196,26,-250,11,-250,-11,-248,-32,-243,-54,-236,-75,-227,-95,-215,-114,-201,-132,-186,-149,-168,-165,-149,-178,-129,-190,-2,-3,-30,35,-156,-34,-236,-75,-226,-95,-215,-114,-201,-132,-186,-149,-168,-165,-149,-178,-129,-190,-107,-201,-84,-209,-61,-215,-24,-147]]]
1174625	n	74.0849,30.9005,74.6588,31.3966	[[[740850,313958,1667,-3720,-31,-161,679,-820,98,-51,233,-95,242,-75,145,-31,91,88,114,3,28,-4,18,59,27,42,-49,2,-9,39,45,-14,27,-4,50,78,-87,2,40,83,-13,24,122,21,79,-2,50,40,3,1,1,54,118,-3,10,4,-33,40,46,9,108,5,-99,66,10,13,60,25,27,4,132,62,16,-35,48,17,36,1,21,19,59,-100,9,-4,36,5,38,15,26,13,75,123,78,40,216,85,1,22,-7,7,-13,0,-7,16,10,13,-21,33,-11,51,-12,25,81,234,101,62,10,-10,26,114,54,42,23,59,49,0,66,-21,98,-68,1,-1,104,67,578,272,-85,93,-183,144,-150,78,-121,3,6,-12,30,-9,15,-18,-4,-19,9,-70,-7,-28,8,-10,-32,-42,-33,2,1,-19,-49,-1,15,-50,-30,-2,-11,12,-54,-4,-5,38,-17,0,-26,-13,22,-34,-48,-13,-3,9,-28,-2,-19,-14,-12,6,-39,-5,-25,-44,-70,9,-5,9,-7,-5,-9,7,-16,-8,-26,6,-18,17,-24,2,-24,14,-10,29,6,75,-18,49,10,18,-4,66,-130,50,-133,141,-34,3,-80,25,-17,-1,10,34,24,41,-1,54,-41,112,-32,193,27,203,118,293,-1,1,-36,17,0,16,26,35,-8,14,42,43,19,0,1,229,-14,12,-17,50,-15,22,3,25,-1223,-291,-2263,1346,-860,197,-13,-8]]]
1176358	n	70.962,29.3073,71.4348,29.7085	[[[709620,295000,12,-222,37,-219,62,-215,85,-209,108,-201,131,-190,150,-178,170,-165,188,-149,203,-132,91,-47,3073,253,95,75,136,132,187,625,-232,2352,-91,89,-151,119,-2655,364,-1,0,-16,3,-218,-91,-218,-114,-203,-132,-188,-149,-170,-165,-150,-178,-131,-190,-108,-201,-85,-209,-62,-215,-37,-219,-12,-222]]]
1180289	n	70.3805,29.8354,70.8995,30.2761	[[[703805,300500,13,-222,37,-219,62,-215,86,-209,109,-201,131,-190,151,-178,171,-165,189,-149,205,-132,143,-74,2089,-190,1,0,17,-2,184,57,230,95,218,114,205,132,189,149,171,165,151,178,131,190,109,201,86,209,62,215,37,219,13,222,-13,222,-37,219,-62,215,-86,209,-109,201,-131,190,-151,178,-171,165,-189,149,-205,132,-218,114,-230,95,-240,75,-247,54,-252,32,-254,11,-254,-11,-252,-32,-247,-54,-240,-75,-230,-95,-218,-114,-205,-132,-189,-149,-171,-165,-151,-178,-131,-190,-109,-201,-86,-209,-62,-215,-37,-219,-13,-222]]]
1168021	n	73.0149,31.7441,73.5256,32.1256	[[[730149,319590,292,-521,1359,-1628,3456,1571,-980,1800,-106,68,-223,114,-235,95,-244,75,-252,54,-257,32,-149,6,-2204,-1356,-416,-256,-31,-19,-10,-35]]]
1163964	r	68.4277,24.3906,69.3916,25.0815	[[[684277,247365,1882,182,-42,-82,-82,-209,-59,-215,-35,-219,-12,-222,12,-222,35,-219,59,-215,82,-209,104,-201,124,-190,145,-178,163,-165,179,-149,195,-132,208,-114,219,-95,229,-75,235,-54,240,-32,242,-11,242,11,240,32,235,54,229,75,219,95,208,114,195,132,179,149,163,165,145,178,124,190,80,155,13,-33,-6,-122,35,-39,67,-33,171,-15,26,8,48,34,47,49,33,25,4,26,48,7,50,-32,58,-23,40,2,72,-15,2182,-1622,369,4553,-350,400,-560,158,2,55,-11,60,-61,68,-10,62,30,28,-31,57,-44,7,-115,-11,-384,-8,-78,-7,-352,20,-98,-14,-74,10,-58,-12,-71,-1,-89,-19,-38,97,-41,78,-44,62,-81,86,-50,79,-25,76,-38,25,-45,-29,-103,18,-46,-3,-31,-67,-62,-70,-70,-51,-717,202,20,25,7,28,29,90,-26,8,-133,167,-45,39,-19,33,-2,60,-15,40,-185,-18,-129,-1,-36,10,-51,-34,-670,553,-4639,-3450]]]
1163965	p	1176734
11785389	p	1166993
1175748	p	1179400
1182682	n	72.3864,31.3549,72.8857,31.7589	[[[723864,315700,13,-222,38,-219,63,-215,82,-198,1557,-1274,76,-23,1276,68,635,34,3,0,136,55,221,114,208,132,110,85,575,1256,-305,499,-919,987,-1815,810,-1717,-958,-36,-66,-87,-209,-63,-215,-38,-219,-13,-222]]]
1172128	n	67.7466,27.1439,68.4208,27.7541	[[[677466,275900,12,-222,37,-219,60,-215,84,-209,106,-201,128,-190,148,-178,167,-165,184,-149,65,-43,61,21,-35,-208,-12,-222,12,-222,37,-219,60,-215,84,-209,106,-201,127,-190,148,-178,167,-165,184,-149,199,-132,213,-114,224,-95,234,-75,241,-54,245,-32,248,-11,248,11,245,32,241,54,234,75,224,95,213,114,199,132,184,149,167,165,65,78,104,1628,1084,1190,-123,1245,-2777,688,-433,446,-3022,-778,-280,-216,-58,-206,-37,-219,-12,-222]]]
1169116	n	67.7335,26.0041,68.6504,26.6761	[[[677335,261400,12,-317,34,-316,3,-16,3023,-293,1251,-122,215,-94,184,-68,82,-9,64,-100,51,-24,114,38,26,2,40,-36,18,40,97,72,79,47,52,15,38,0,18,9,51,-72,26,-13,58,43,0,33,1366,-133,434,537,1380,729,395,574,10,33,36,219,12,222,-12,222,-36,219,-60,215,-83,209,-105,201,-126,190,-147,178,-165,165,-60,49,-57,-16,7,27,36,219,12,222,-12,222,-36,219,-60,215,-83,209,-105,201,-126,190,-147,178,-165,165,-183,149,-197,132,-212,114,-222,95,-232,75,-239,54,-243,32,-246,11,-246,-11,-243,-32,-101,-23,-1917,-2173,-1,-22,12,-222,36,-219,60,-215,83,-209,105,-201,126,-190,68,-82,-1528,183,-2175,-840,-41,-159,-57,-313,-34,-316,-12,-317]]]
1182092	n	72.4235,29.9439,72.8595,30.3581	[[[724236,302400,1759,-2918,250,-32,255,-11,85,4,1902,803,21,20,87,102,-69,2126,-340,883,-2471,204,-1479,-1181]]]
1170395	n	72.0935,34.5539,72.6334,35.0062	[[[720935,348296,58,-105,558,-1011,757,-1372,3,-2,243,-95,252,-75,261,-54,265,-32,268,-11,268,11,265,32,261,54,252,75,243,95,230,114,216,132,198,149,181,165,159,178,138,190,115,201,91,209,65,215,39,219,13,222,-13,222,-39,219,-65,215,-91,209,-115,201,-138,190,-159,178,-181,165,-198,149,-216,132,-230,114,-243,95,-252,75,-261,54,-265,32,-268,11,-268,-11,-265,-32,-261,-54,-252,-75,-243,-95,-230,-114,-216,-132,-198,-149,-181,-165,-159,-178,-138,-190,-115,-201,-91,-209,-48,-160]]]
1164776	n	68.4237,25.7342,69.2,26.2761	[[[684237,260086,3,-38,1268,-1714,1739,323,1819,-1273,60,-42,364,126,97,52,197,132,182,149,165,165,145,178,126,190,91,172,61,-53,124,53,211,114,197,132,182,149,164,165,146,178,127,190,104,201,83,209,60,215,36,219,12,222,-12,222,-36,219,-60,215,-83,209,-104,201,-127,190,-146,178,-164,165,-182,149,-197,132,-211,114,-221,95,-231,75,-238,54,-243,32,-245,11,-245,-11,-243,-32,-238,-54,-231,-75,-151,-65,-4,20,-43,6,-245,11,-245,-11,-243,-32,-238,-54,-230,-75,-222,-95,-211,-114,-167,-112,-493,-716,-1380,-729,-434,-537]]]
1177384	n	73.4258,31.8671,73.9542,32.2827	[[[734258,320845,18,-33,980,-1800,517,-341,3398,869,66,94,111,201,88,209,63,215,38,219,5,84,-280,1160,-25,44,-133,190,-155,178,-175,165,-193,149,-209,132,-223,114,-235,95,-125,38,-2902,-660,-36,-33,-155,-178,-133,-190,-111,-201,-88,-209,-63,-215,-38,-219,-5,-77]]]
1181096	p	1179400
1170880	n	71.8554,33.7939,72.295,34.4225	[[[718554,343575,459,-2116,-283,-372,229,-3060,212,-45,263,-32,266,-11,266,11,263,32,109,23,880,2725,588,310,832,707,312,1221,-55,98,-137,190,-159,178,-179,165,-197,149,-214,132,-229,114,-241,95,-251,75,-258,54,-54,6,-1808,-256,-177,-88,-214,-132,-197,-149,-26,-24]]]
1171305	p	1174872
1175088	p	1177662
1185056	n	72.928,33.9239,73.4295,34.5537	[[[729280,343300,14,-222,39,-219,65,-215,90,-209,63,-112,42,-25,35,-46,2085,-2790,159,-214,228,-9,266,11,263,32,259,54,250,75,233,92,924,2310,-738,649,-588,2948,-180,54,-258,54,-158,19,-2661,-1018,-110,-153,-114,-201,-90,-209,-65,-215,-39,-219,-14,-222]]]
1166652	p	1167460
1170295	n	68.8199,25.3179,69.2589,25.7561	[[[688200,256337,999,-3078,23,-72,25,-8,1803,362,812,163,162,162,145,178,126,190,104,201,83,209,59,215,36,219,12,222,-12,222,-36,219,-59,215,-83,209,-104,201,-126,190,-145,178,-164,165,-181,149,-196,132,-210,114,-221,95,-230,75,-236,54,-242,32,-244,11,-244,-11,-206,-28,-524,-180,-82,-89,-844,-916]]]
1164709	n	75.3548,35.0739,75.9052,35.5261	[[[753548,353000,14,-222,39,-219,66,-215,91,-209,115,-201,139,-190,161,-178,181,-165,200,-149,217,-132,232,-114,244,-95,254,-75,262,-54,267,-32,270,-11,270,11,267,32,262,54,254,75,244,95,232,114,217,132,200,149,181,165,161,178,139,190,115,201,91,209,66,215,39,219,14,222,-14,222,-39,219,-66,215,-91,209,-115,201,-139,190,-161,178,-181,165,-200,149,-217,132,-232,114,-244,95,-254,75,-262,54,-267,32,-270,11,-270,-11,-267,-32,-262,-54,-254,-75,-244,-95,-232,-114,-217,-132,-200,-149,-181,-165,-161,-178,-139,-190,-115,-201,-91,-209,-66,-215,-39,-219,-14,-222]]]
1169692	p	1172451
1165569	n	73.18,31.4331,73.6713,31.9012	[[[731800,317441,1295,-1283,352,-131,650,-1452,1313,-244,1303,1856,-803,1061,-137,1423,-517,341,-3456,-1571]]]
1183883	n	73.0051,29.7806,73.4774,30.1839	[[[730051,299723,1028,-1490,2035,-427,80,18,80,228,429,1221,149,150,922,375,-1203,1788,-825,253,-2695,-2116]]]
1332083	n	73.1699,30.445,73.5602,30.7013	[[[731699,304750,328,-300,3126,0,449,1002,-769,1239,-1875,322,-1259,-2263]]]
1172657	n	69.3352,24.9539,69.8167,25.3913	[[[693352,252524,57,-975,41,-697,61,-118,126,-190,145,-178,163,-165,181,-149,195,-132,209,-114,220,-95,230,-75,236,-54,241,-32,243,-11,243,11,241,32,236,54,230,75,220,95,209,114,195,132,181,149,163,165,145,178,126,190,104,201,82,209,59,215,33,205,-3344,2349,-73,-24,-220,-95,-209,-114,-195,-132,-181,-149,-163,-165,-145,-178,-126,-190,-104,-201,-55,-141]]]
1169605	p	1169825
1179837	r	68.8368,24.8859,69.3566,25.3986	[[[688368,252344,548,-1529,670,-553,51,34,36,-10,129,1,185,18,15,-40,2,-60,19,-33,45,-39,133,-167,26,-8,-29,-90,-7,-28,-20,-25,717,-202,70,51,62,70,31,67,46,3,103,-18,45,29,38,-25,25,-76,50,-79,81,-86,44,-62,41,-78,38,-97,89,19,71,1,58,12,74,-10,98,14,352,-20,78,7,384,8,115,11,44,-7,31,-57,-30,-28,10,-62,61,-68,11,-60,-2,-55,560,-158,-300,5127,-4040,-812,-858,-830]]]
1176515	n	68.2036,28.0565,68.636,28.5035	[[[682036,283384,794,-2363,153,-101,215,-114,226,-95,236,-75,242,-54,132,-17,1882,875,444,2805,-157,154,-185,149,-201,132,-215,114,-226,95,-236,75,-242,54,-137,17,-2725,-1651]]]
1173664	n	66.3561,27.5839,66.8639,28.0361	[[[663561,278100,12,-222,37,-219,60,-215,84,-209,107,-201,128,-190,148,-178,168,-165,184,-149,200,-132,214,-114,225,-95,235,-75,242,-54,246,-32,249,-11,249,11,246,32,242,54,235,75,225,95,214,114,200,132,184,149,168,165,148,178,128,190,107,201,84,209,60,215,37,219,12,222,-12,222,-37,219,-60,215,-84,209,-107,201,-128,190,-148,178,-168,165,-184,149,-200,132,-214,114,-225,95,-235,75,-242,54,-246,32,-249,11,-249,-11,-246,-32,-242,-54,-235,-75,-225,-95,-214,-114,-200,-132,-184,-149,-168,-165,-148,-178,-128,-190,-107,-201,-84,-209,-60,-215,-37,-219,-12,-222]]]
1178338	n	74.0327,35.6939,74.5873,36.1461	[[[740327,359200,13,-222,40,-219,66,-215,92,-209,116,-201,140,-190,162,-178,183,-165,202,-149,218,-132,234,-114,246,-95,256,-75,264,-54,269,-32,272,-11,272,11,269,32,264,54,256,75,246,95,234,114,218,132,202,149,183,165,162,178,140,190,116,201,92,209,66,215,40,219,13,222,-13,222,-40,219,-66,215,-92,209,-116,201,-140,190,-162,178,-183,165,-202,149,-218,132,-234,114,-246,95,-256,75,-264,54,-269,32,-272,11,-272,-11,-269,-32,-264,-54,-256,-75,-246,-95,-234,-114,-218,-132,-202,-149,-183,-165,-162,-178,-140,-190,-116,-201,-92,-209,-66,-215,-40,-219,-13,-222]]]
1178231	n	72.4726,30.9349,72.89,31.3651	[[[724726,311488,2568,-2122,310,-17,200,62,233,95,221,114,207,132,191,149,172,165,72,83,-1000,3401,-96,39,-200,62,-1905,-102,-60,-24,-913,-2037]]]
1165108	n	68.3901,27.7738,68.8934,28.144	[[[683902,280016,1368,-2225,1336,-53,2139,1346,189,663,-4,75,-36,219,-61,215,-47,117,-2870,1067,-1789,-832,-76,-143,-84,-209,-61,-215,-4,-25]]]
1180809	n	67.5286,26.5039,67.9687,26.9561	[[[675286,267300,12,-222,36,-219,60,-215,83,-209,105,-201,127,-190,147,-178,166,-165,183,-149,198,-132,212,-114,223,-95,232,-75,239,-54,245,-32,246,-11,246,11,43,6,1598,3734,-109,109,-183,149,-198,132,-212,114,-223,95,-232,75,-239,54,-245,32,-246,11,-246,-11,-245,-32,-239,-54,-232,-75,-223,-95,-212,-114,-198,-132,-183,-149,-166,-165,-147,-178,-127,-190,-105,-201,-83,-209,-60,-215,-36,-219,-12,-222]]]
1164045	p	1163964
1167648	p	1169825
1180752	n	70.1217,29.3339,70.5791,29.7861	[[[701218,295600,13,-222,37,-219,61,-215,86,-209,108,-201,130,-190,151,-178,170,-165,188,-149,204,-132,217,-114,229,-95,239,-75,245,-54,251,-32,253,-11,253,11,251,32,245,54,239,75,229,95,217,114,204,132,188,149,165,161,-1883,3677,-9,18,-99,4,-253,-11,-251,-32,-245,-54,-239,-75,-229,-95,-217,-114,-204,-132,-188,-149,-170,-165,-151,-178,-130,-190,-108,-201,-86,-209,-61,-215,-37,-219,-13,-222]]]
1184845	n	71.0029,28.9139,71.5086,29.3327	[[[710029,291400,12,-222,37,-219,62,-215,85,-209,107,-201,130,-190,150,-178,170,-165,187,-149,203,-132,216,-114,228,-95,238,-75,244,-54,250,-32,252,-11,252,11,250,32,244,54,238,75,228,95,216,114,203,132,187,149,170,165,150,178,130,190,107,201,38,92,42,763,31,576,-26,90,-85,209,-77,144,-551,647,-116,92,-203,132,-89,47,-9,-1,-955,-79,-2099,-173,-94,-75,-170,-165,-150,-178,-130,-190,-107,-201,-85,-209,-62,-215,-37,-219,-12,-222]]]
12524485	p	1174872
8986037	n	73.3348,33.8239,73.8463,34.2461	[[[733348,339444,62,-110,137,-190,158,-178,179,-165,197,-149,213,-132,228,-114,241,-95,241,-72,3459,2572,-5,30,-65,215,-89,209,-114,201,-137,190,-158,178,-179,165,-197,149,-213,132,-228,114,-170,67,-2613,-648,-947,-2369]]]
1174376	n	67.7278,27.9127,68.2811,28.4052	[[[677278,280889,989,-1046,116,-27,15,10,472,164,345,113,-34,-72,-1,-44,18,-58,52,-51,69,-34,203,-120,61,175,70,8,372,-63,52,13,3,-61,-19,-31,-16,-48,-32,-29,-97,-43,-72,17,-120,-21,-190,-55,-18,-52,1639,-407,1133,1006,8,26,35,211,31,-11,7,7,149,178,129,190,107,201,57,142,-775,2307,-1770,640,-77,28,-39,-2,-247,-32,-243,-54,-235,-75,-226,-95,-214,-114,-201,-132,-186,-149,-167,-165,-149,-178,-129,-190,-107,-201,-84,-209,-61,-215,-35,-210,-27,10,-6,-7,-149,-178,-128,-190,-107,-201,-84,-209,-61,-215,-26,-152]]]
1162004	p	1164408
1175864	n	73.4624,32.7744,73.9626,33.0557	[[[734624,329300,13,-222,39,-219,64,-215,88,-209,112,-201,29,-40,571,-300,100,-3,1777,-147,2209,2556,-747,0,-3803,257,-1,-1,-135,-190,-112,-201,-88,-209,-64,-215,-39,-219,-13,-222]]]
1163967	n	68.4935,25.6009,68.9066,25.8657	[[[684935,256289,984,-280,2281,328,844,916,2,6,20,125,-1819,1273,-1739,-323,-573,-2045]]]
1177042	n	72.308,29.4639,72.7802,29.9147	[[[723080,296113,32,-78,108,-201,131,-190,151,-178,170,-165,188,-149,204,-132,217,-114,230,-95,239,-75,246,-54,251,-32,253,-11,253,11,251,32,246,54,239,75,230,95,217,114,204,132,188,149,170,165,151,178,131,190,22,40,-1272,2665,-245,514,-35,11,-246,54,-224,29,-30,-12,-1,-1,-1772,-715,-897,-2306]]]
1175156	n	72.1786,30.5894,72.8945,30.9366	[[[721786,307700,13,-222,38,-219,62,-215,86,-209,110,-201,132,-190,75,-88,2565,-462,214,165,3596,535,268,1495,-31,76,-110,201,-132,190,-152,178,-173,165,-190,149,-206,132,-219,114,-136,55,-302,17,-1579,-832,-3415,508,-73,-86,-132,-190,-110,-201,-86,-209,-62,-215,-38,-219,-13,-222]]]
11250625	n	66.0494,26.0939,66.5506,26.5461	[[[660494,263200,13,-222,36,-219,59,-215,83,-209,105,-201,127,-190,146,-178,165,-165,183,-149,197,-132,211,-114,222,-95,232,-75,238,-54,243,-32,246,-11,246,11,243,32,238,54,232,75,222,95,211,114,197,132,183,149,165,165,146,178,127,190,105,201,83,209,59,215,36,219,13,222,-13,222,-36,219,-59,215,-83,209,-105,201,-127,190,-146,178,-165,165,-183,149,-197,132,-211,114,-222,95,-232,75,-238,54,-243,32,-246,11,-246,-11,-243,-32,-238,-54,-232,-75,-222,-95,-211,-114,-197,-132,-183,-149,-165,-165,-146,-178,-127,-190,-105,-201,-83,-209,-59,-215,-36,-219,-13,-222]]]
1176241	n	70.3908,29.4139,70.8484,29.8546	[[[703908,297839,1893,-3696,99,-4,253,11,251,32,246,54,239,75,229,95,218,114,203,132,188,149,170,165,151,178,131,190,108,201,86,209,61,215,37,219,13,222,-13,222,-37,219,-61,215,-86,209,-108,201,-131,190,-151,178,-170,165,-188,149,-203,132,-145,76,-2098,190,-182,-57,-229,-95,-218,-114,-203,-132,-188,-149,-165,-160]]]
1162456	p	1177654
1173491	n	71.1804,33.3539,71.7196,33.7998	[[[711804,335800,13,-222,39,-219,64,-215,90,-209,113,-201,136,-190,157,-178,178,-165,196,-149,212,-132,227,-114,239,-95,249,-75,257,-54,262,-32,264,-11,264,11,262,32,257,54,249,75,239,95,227,114,212,132,196,149,178,165,157,178,136,190,113,201,90,209,64,215,39,219,13,222,-13,222,-39,219,-64,215,-90,209,-113,201,-136,190,-157,178,-178,165,-196,149,-212,132,-227,114,-96,38,-737,166,-1730,-215,-206,-103,-212,-132,-196,-149,-178,-165,-157,-178,-136,-190,-113,-201,-90,-209,-64,-215,-39,-219,-13,-222]]]
1172035	n	70.6781,30.7339,71.2019,31.1861	[[[706781,309600,13,-222,24,-139,2269,-1882,56,-7,257,-11,257,11,254,32,249,54,242,75,233,95,220,114,206,132,191,149,172,165,154,178,132,190,110,201,86,209,63,215,37,219,13,222,-13,222,-37,219,-63,215,-86,209,-110,201,-132,190,-154,178,-172,165,-191,149,-206,132,-220,114,-233,95,-242,75,-249,54,-254,32,-257,11,-257,-11,-254,-32,-249,-54,-242,-75,-233,-95,-220,-114,-206,-132,-191,-149,-172,-165,-154,-178,-132,-190,-110,-201,-86,-209,-63,-215,-37,-219,-13,-222]]]
1164970	n	71.031,29.6715,71.5491,30.0356	[[[710310,298800,12,-222,38,-219,61,-215,86,-209,109,-201,130,-190,152,-178,171,-165,150,-119,2682,-367,220,91,218,114,204,132,188,149,171,165,152,178,130,190,109,201,86,209,61,215,38,219,12,222,-12,222,-38,219,-61,215,-86,209,-70,129,-1274,562,-3631,-1421,-8,-135]]]
1179406	p	1177662
1176106	p	1179400
1163198	n	72.0327,33.7655,72.4911,34.1747	[[[720327,337970,155,-118,214,-132,129,-65,6,3,-112,179,132,33,186,-13,92,-60,143,-39,1117,612,12,201,-6,101,-40,143,36,-4,134,18,124,4,72,-122,34,-22,42,4,42,34,22,61,19,-21,33,-9,80,11,36,44,36,76,56,26,-50,64,-42,70,36,12,134,18,52,-6,54,-16,40,-42,-30,-30,4,-52,90,-78,30,20,86,-4,-6,19,95,9,73,22,38,30,120,0,-6,-12,1072,254,-105,321,-2168,2233,-832,-707,-588,-310,-891,-2760]]]
1181073	n	72.6297,29.58,73.1079,30.0261	[[[726297,299028,1518,-3181,34,-11,166,-36,1299,498,1765,1935,-1028,1490,-1364,534,-87,4,-85,-4,-1889,-797,-27,-26,-151,-178,-130,-190,-21,-38]]]
1177073	n	72.772,29.2708,73.3166,29.8233	[[[727720,294700,13,-222,37,-219,62,-215,6,-16,2922,-1320,529,895,491,831,185,315,364,617,229,651,290,820,318,909,-82,66,-2005,421,-1765,-1935,-1253,-481,-36,-51,-108,-201,-85,-209,-62,-215,-37,-219,-13,-222]]]
1176368	p	1177654
1162959	n	69.4929,25.1487,69.9885,25.5861	[[[694929,253839,2233,-1569,1115,-783,74,24,221,95,209,114,196,132,180,149,164,165,145,178,126,190,104,201,82,209,60,215,35,219,12,222,-12,222,-35,219,-60,215,-82,209,-104,201,-126,190,-145,178,-164,165,-180,149,-196,132,-209,114,-221,95,-230,75,-236,54,-241,32,-244,11,-244,-11,-241,-32,-236,-54,-230,-75,-221,-95,-209,-114,-196,-132,-180,-149,-164,-165,-145,-178,-126,-190,-104,-201,-82,-209,-60,-215,-33,-202]]]
1171965	p	1183880
1170013	n	67.8113,26.4339,68.2513,26.8861	[[[678113,265111,110,-110,183,-149,198,-132,211,-114,223,-95,233,-75,239,-54,244,-32,246,-11,246,11,244,32,99,23,1923,2179,1,16,-12,222,-36,219,-60,215,-83,209,-106,201,-127,190,-146,178,-166,165,-183,149,-198,132,-211,114,-223,95,-233,75,-239,54,-244,32,-246,11,-246,-11,-43,-6,-1598,-3733]]]
1174167	n	70.412,28.4239,70.9159,28.8512	[[[704120,286142,1479,-1722,22,-9,236,-75,244,-54,248,-32,251,-11,251,11,248,32,244,54,236,75,227,95,216,114,201,132,187,149,168,165,150,178,129,190,107,201,85,209,61,215,37,219,12,222,-12,222,-37,219,-61,215,-85,209,-107,201,-129,190,-150,178,-168,165,-187,149,-201,132,-216,114,-43,18,-3643,-2370]]]
1184249	r	71.9223,33.5024,72.5847,33.9193	[[[719223,336134,171,-610,3966,-500,1141,1131,49,-19,55,-9,32,-24,62,-4,134,9,50,37,137,32,82,-55,96,-18,104,-1,83,10,0,56,-9,30,-69,32,-86,19,-92,36,-68,41,-55,60,-82,14,-9,45,4,41,-18,65,466,462,83,-8,35,29,119,37,87,45,45,69,-27,91,-36,77,-14,79,-32,72,-69,41,0,87,-8,4,0,714,109,30,18,55,9,68,50,69,111,110,-150,52,-94,2,-44,-18,-9,14,0,48,-55,35,-26,41,-88,33,-470,303,-1072,-254,6,12,-120,0,-38,-30,-73,-22,-95,-9,6,-19,-86,4,-30,-20,-90,78,-4,52,30,30,-40,42,-54,16,-52,6,-134,-18,-36,-12,42,-70,50,-64,-56,-26,-36,-76,-36,-44,-80,-11,-33,9,-19,21,-22,-61,-42,-34,-42,-4,-34,22,-72,122,-124,-4,-134,-18,-36,4,40,-143,6,-101,-12,-201,-1117,-612,-143,39,-92,60,-186,13,-132,-33,112,-179,-139,-73,-119,0,-172,-53,-53,-153,-133,-165,-152,-93,-16,-34,-6,-4,-818,-949]]]
1170989	n	67.9903,25.6858,68.4241,26.0458	[[[679903,259100,12,-222,36,-219,60,-215,82,-209,105,-201,126,-190,146,-178,165,-165,181,-149,197,-132,210,-114,222,-95,230,-75,238,-54,182,-24,2145,3190,-3,38,-1366,133,0,-33,-58,-43,-26,13,-51,72,-18,-9,-38,0,-52,-15,-79,-47,-97,-72,-18,-40,-40,36,-26,-2,-114,-38,-51,24,-64,100,-82,9,-184,68,-215,94,-1251,122,-83,-102,-126,-190,-105,-201,-82,-209,-60,-215,-36,-219,-12,-222]]]
1170486	n	72.105,30.24,72.5715,30.6356	[[[721051,304860,98,-1217,44,-108,110,-201,131,-190,152,-178,172,-165,190,-149,205,-132,219,-114,15,-6,1849,0,1479,1181,-848,2313,-2567,462,-147,-76,-205,-132,-190,-149,-172,-165,-152,-178,-131,-190,-110,-201,-86,-209,-56,-196]]]
1182815	p	1180281
1169278	n	74.6162,31.9351,75.087,32.3215	[[[746162,320348,1,-4,88,-209,111,-201,134,-190,155,-178,174,-165,65,-50,94,151,345,-60,4,7,11,4,28,-18,103,-18,62,12,15,13,12,-5,-10,121,44,-15,87,-66,131,81,61,6,70,19,1,0,77,106,88,348,168,211,5,6,206,-63,-9,14,148,16,25,11,-18,12,-12,51,29,9,38,-27,-5,-57,112,99,-36,22,-41,74,-35,-1,3,14,35,12,22,41,6,27,20,9,20,21,92,-12,12,25,17,-1,28,-8,34,-24,55,-12,16,-3,36,12,43,24,-4,21,7,5,35,18,12,-3,-3,11,15,34,71,41,76,-10,56,-15,58,-4,24,-9,7,3,14,-8,-12,-30,37,-11,9,20,211,-67,28,-32,17,31,77,98,94,42,246,-16,100,6,-76,283,182,33,462,-150,-1770,2385,-2938,-2867]]]
1181611	n	66.3075,30.6939,66.7118,31.0664	[[[663075,307305,191,-99,232,-95,242,-75,249,-54,254,-32,257,-11,257,11,254,32,249,54,242,75,232,95,220,114,207,132,190,149,173,165,153,178,132,190,110,201,86,209,63,215,37,219,13,222,-13,222,-37,219,-63,215,-86,209,-110,201,-132,190,-153,178,-32,30,-52,-62,-940,-832,-225,-87,-1352,-237,-169,-79,-91,-138,-588,-1924]]]
1169372	n	73.541,31.2248,73.9733,31.6187	[[[735410,314331,1135,-2040,41,-9,256,-32,54,-2,2821,2014,3,16,13,222,-13,222,-21,117,-1178,944,-1808,404,-1303,-1856]]]
1171123	n	73.2343,32.2173,73.8235,32.8161	[[[732343,325265,6,-21,88,-209,112,-201,135,-190,156,-178,175,-165,150,-115,-19,-8,6,-100,38,-219,64,-215,88,-209,111,-201,135,-190,155,-178,176,-165,193,-149,210,-132,224,-114,236,-95,127,-38,2915,662,33,31,155,178,135,190,88,159,-456,1323,-1532,759,-707,2419,-497,261,-143,6,-261,-11,-259,-32,-254,-54,-246,-75,-236,-95,-225,-114,-210,-132,-194,-149,-175,-165,-156,-178,-30,-43,-311,-1848]]]
1170425	n	71.2634,32.3539,71.7965,32.8061	[[[712635,325800,13,-222,38,-219,64,-215,88,-209,112,-201,134,-190,156,-178,175,-165,194,-149,210,-132,225,-114,236,-95,246,-75,254,-54,259,-32,261,-11,261,11,259,32,254,54,246,75,236,95,225,114,210,132,194,149,175,165,156,178,134,190,112,201,88,209,64,215,38,219,13,222,-13,222,-38,219,-64,215,-88,209,-112,201,-134,190,-156,178,-175,165,-194,149,-210,132,-225,114,-236,95,-246,75,-254,54,-259,32,-261,11,-261,-11,-259,-32,-254,-54,-246,-75,-236,-95,-225,-114,-210,-132,-194,-149,-175,-165,-156,-178,-134,-190,-112,-201,-88,-209,-64,-215,-38,-219,-13,-222]]]
1180374	p	1169116
1180436	p	1177662
1165388	n	74.91,32.0775,75.359,32.461	[[[749100,323215,1770,-2385,64,-21,87,-28,82,-5,87,34,108,92,86,33,229,-55,129,-12,-11,229,227,189,306,135,235,68,134,20,207,-13,14,20,19,0,6,13,81,3,21,66,103,341,82,168,320,313,13,24,91,173,-46,172,-105,-3,55,96,-25,28,-172,47,-44,0,-45,15,28,49,68,51,6,8,-41,45,-285,199,-682,478,-340,171,-702,144,-125,66,-213,110,-373,262,-160,55,-41,-16,-223,-114,-210,-132,-193,-149,-175,-165,-155,-178,-134,-190,-112,-201,-46,-110,0,-140]]]
1168555	n	73.2026,30.1586,73.5762,30.445	[[[732027,304450,467,-2225,252,-386,825,-253,2191,1630,-609,1234,-3126,0]]]
1171502	n	71.9201,29.5739,72.3977,30.0174	[[[719201,298388,2465,-2648,34,-1,254,11,251,32,246,54,239,75,230,95,148,78,909,2335,-2981,1755,-47,-10,-155,-49,-1593,-1727]]]
1179660	p	1172128
1169027	n	73.4919,33.03,74.0182,33.3761	[[[734919,330892,14,-48,89,-209,43,-77,3814,-258,747,0,186,59,54,75,112,201,89,209,64,215,38,219,13,222,-8,146,-151,131,-138,309,29,393,-48,87,-136,190,-157,178,-176,165,-195,149,-212,132,-226,114,-238,95,-247,75,-256,54,-260,32,-263,11,-263,-11,-260,-32,-256,-54,-247,-75,-238,-95,-219,-110,-512,-531,-586,-1961]]]
1163272	n	72.2181,30.8534,72.7294,31.1488	[[[722181,309700,12,-222,38,-219,63,-215,0,-1,3421,-509,1579,832,-2568,2122,-2350,-932,-82,-200,-63,-215,-38,-219,-12,-222]]]
1176997	n	73.5153,30.2495,73.901,30.565	[[[735153,304450,609,-1234,2340,-721,26,11,219,114,206,132,189,149,172,165,96,111,-94,121,-493,232,29,40,66,157,159,147,199,91,-1808,1685,-1466,-198,-449,-1002]]]
1165638	n	67.7853,27.6763,68.1155,27.9843	[[[677853,276763,3022,778,280,1586,-1639,407,-48,-137,-152,-133,-32,-73,-60,-71,-93,-57,-48,-42,-86,-102,-49,-76,-69,-68,-49,-63,-75,-143,-19,-75,-36,-50,-38,-124,1,-66,-31,-93,-55,33,-67,72,-172,55,-49,6,-45,15,-222,-320,-169,-1259]],[[678251,279720,131,95,-115,28,-16,-123]]]
1181439	p	1168197
1178456	n	69.0972,27.7761,69.4583,28.1931	[[[690972,280614,2558,-2853,166,21,242,54,235,75,226,95,184,98,-447,3827,-3164,-1317]]]
1166265	p	1164909
1184055	p	1163964
1163724	n	70.3888,30.4739,70.9112,30.9261	[[[703888,307000,13,-222,37,-219,63,-215,86,-209,110,-201,131,-190,153,-178,172,-165,190,-149,206,-132,220,-114,232,-95,241,-75,248,-54,254,-32,256,-11,256,11,254,32,74,17,2022,2091,6,110,-13,222,-25,145,-2261,1876,-57,7,-256,11,-256,-11,-254,-32,-248,-54,-241,-75,-232,-95,-220,-114,-206,-132,-190,-149,-172,-165,-153,-178,-131,-190,-110,-201,-86,-209,-63,-215,-37,-219,-13,-222]]]
1182829	p	1180942
1163952	n	68.292,24.8339,68.8916,25.278	[[[682920,251200,12,-222,35,-219,59,-215,82,-209,105,-201,125,-190,145,-178,163,-165,180,-149,196,-132,209,-114,220,-95,27,-9,51,57,10,-15,145,-178,163,-165,180,-149,196,-132,209,-114,154,-67,3330,2476,-338,943,-62,76,-163,165,-180,149,-196,132,-209,114,-42,18,-256,27,-865,341,-1676,-40,-674,-287,-1300,-889,-23,-142,-12,-222]]]
1168226	p	1180942
1165635	p	1164776
1176022	n	72.0143,32.1087,72.6149,32.5261	[[[720143,322900,13,-222,38,-219,64,-215,88,-209,111,-201,134,-190,155,-178,175,-165,194,-149,103,-65,2240,260,-732,3811,-186,-8,-258,-32,-253,-54,-246,-75,-235,-95,-224,-114,-209,-132,-194,-149,-175,-165,-155,-178,-134,-190,-111,-201,-88,-209,-64,-215,-38,-219,-13,-222]],[[722725,325163,733,-3816,1068,-48,1623,1840,-5,83,-38,219,-64,215,-87,209,-112,201,-134,190,-155,178,-175,165,-193,149,-210,132,-224,114,-235,95,-246,75,-253,54,-258,32,-260,11,-260,-11,-258,-32,-253,-54,-4,-1]]]
1162813	n	72.1006,29.8419,72.5981,30.24	[[[721006,300400,12,-222,4,-19,2955,-1740,1772,715,8,10,131,190,93,171,-1745,2895,-1844,0,-15,-6,-218,-114,-205,-132,-188,-149,-171,-165,-152,-178,-131,-190,-109,-201,-86,-209,-61,-215,-38,-219,-12,-222]]]
1181163	n	72.4867,30.3377,72.9462,30.6594	[[[724867,305894,848,-2313,2471,-204,1274,1501,2,8,-785,1708,-3596,-535,-214,-165]]]
1397479	n	67.9643,28.3384,68.4757,28.7761	[[[679643,285500,13,-222,36,-219,61,-215,85,-209,107,-201,129,-190,150,-178,42,-42,1770,-640,2652,1607,20,68,36,219,13,222,-13,222,-36,219,-61,215,-85,209,-107,201,-129,190,-150,178,-168,165,-186,149,-202,132,-215,114,-227,95,-236,75,-243,54,-248,32,-251,11,-251,-11,-248,-32,-243,-54,-236,-75,-227,-95,-215,-114,-202,-132,-186,-149,-168,-165,-150,-178,-129,-190,-107,-201,-85,-209,-61,-215,-36,-219,-13,-222]]]
1172904	p	1176734
1173378	n	70.7094,30.2439,71.2306,30.6961	[[[707094,304700,13,-222,37,-219,63,-215,86,-209,109,-201,131,-190,153,-178,172,-165,189,-149,205,-132,220,-114,231,-95,241,-75,248,-54,253,-32,255,-11,255,11,253,32,128,28,906,371,111,71,189,149,172,165,153,178,131,190,109,201,86,209,63,215,37,219,13,222,-13,222,-37,219,-63,215,-86,209,-109,201,-131,190,-153,178,-172,165,-189,149,-205,132,-220,114,-231,95,-241,75,-248,54,-253,32,-255,11,-255,-11,-253,-32,-76,-17,-10,-11,-1061,-1098,-944,-976,-7,-116]]]
1166146	p	1165569
1174042	n	73.7417,32.7164,74.1519,33.034	[[[737417,327744,827,-580,3204,1390,71,93,-62,209,-88,209,-112,201,-135,190,-156,178,-176,165,-195,149,-210,132,-225,114,-237,95,-170,51,-127,-40,-2209,-2556]]]
1173687	p	1176022
1168307	p	1164909
1168412	n	68.8745,27.6362,69.348,28.0715	[[[688745,279084,632,-735,2065,-1987,154,20,241,54,235,75,225,95,214,114,200,132,185,149,168,165,148,178,128,190,107,201,33,81,-2508,2798,-761,101,-83,-26,-225,-95,-214,-114,-200,-132,-185,-149,-168,-165,-148,-178,-38,-56,-205,-716]]]
1165744	p	1168197
1172915	p	1180942
1181636	n	72.635,32.7175,73.1176,33.1561	[[[726350,327959,82,-93,176,-165,195,-149,210,-132,226,-114,237,-95,119,-36,3467,1474,62,210,39,219,13,222,-13,222,-39,219,-64,215,-88,209,-112,201,-135,190,-157,178,-176,165,-195,149,-210,132,-226,114,-237,95,-247,75,-255,54,-260,32,-262,11,-262,-11,-260,-32,-255,-54,-247,-75,-237,-95,-226,-114,-210,-132,-195,-149,-176,-165,-82,-93,0,-2682]]]
1166933	p	1168718
1167386	p	1174625
1170157	p	1172451
1179760	p	1168718
1167534	r	67.1414,27.3859,68.008,28.369	[[[671414,280942,375,-5123,137,-196,237,-294,259,-281,278,-264,297,-248,315,-230,331,-211,346,-191,94,-45,3770,2904,169,1259,222,320,45,-15,49,-6,172,-55,67,-72,55,-33,31,93,-1,66,38,124,36,50,19,75,75,143,49,63,69,68,49,76,86,102,48,42,93,57,60,71,32,73,152,133,66,189,190,55,120,21,72,-17,97,43,32,29,16,48,19,31,-3,61,-52,-13,-372,63,-70,-8,-61,-175,-203,120,-69,34,-52,51,-18,58,1,44,34,72,-345,-113,-472,-164,-147,-106,16,123,-2976,3145,-886,702,-57,-23,-359,-171,-346,-191,-331,-211,-315,-230,-297,-248,-278,-264,-259,-281,-237,-294,-215,-308,-192,-319,-105,-208]]]
1175021	n	68.9753,28.0614,69.4349,28.4761	[[[689754,283843,93,-2786,0,-9,150,-147,186,-149,63,-41,726,-97,3164,1317,179,215,22,132,12,222,-12,222,-37,219,-60,215,-85,209,-107,201,-128,190,-149,178,-168,165,-186,149,-201,132,-214,114,-226,95,-236,75,-243,54,-247,32,-250,11,-250,-11,-247,-32,-243,-54,-236,-75,-226,-95,-214,-114,-201,-132,-186,-149,-168,-165,-75,-91]]]
1164216	n	72.2638,33.9514,72.6362,34.3461	[[[722638,341747,2168,-2233,1556,3470,-155,96,-228,114,-241,95,-251,75,-258,54,-263,32,-266,11,-266,-11,-263,-32,-258,-54,-251,-75,-241,-95,-228,-114,-214,-132,-42,-32,-299,-1169]]]
1179834	p	1179400
1173692	p	1179400
1179061	n	68.3021,27.1239,68.769,27.5162	[[[683021,272359,77,-115,148,-178,166,-165,184,-149,199,-132,213,-114,224,-95,234,-75,241,-54,245,-32,248,-11,248,11,245,32,241,54,234,75,224,95,213,114,199,132,184,149,166,165,148,178,128,190,106,201,84,209,60,215,10,62,-1412,1400,-2070,641,-1084,-1190,-103,-1613]]]
1166827	p	1164408
1175560	n	71.6277,30.2131,72.1149,30.6361	[[[716277,305117,2457,-2894,1142,-92,171,89,205,132,189,149,172,165,152,178,132,190,109,201,86,209,57,198,-98,1213,-45,110,-109,201,-132,190,-152,178,-172,165,-189,149,-205,132,-219,114,-231,95,-241,75,-248,54,-253,32,-255,11,-255,-11,-253,-32,-248,-54,-241,-75,-231,-95,-219,-114,-205,-132,-189,-149,-172,-165,-152,-178,-132,-190,-26,-49]]]
1172663	p	1177654
11179544	n	69.5999,27.8239,69.9545,28.1283	[[[695999,281283,817,-3036,184,-8,249,11,247,32,243,54,235,75,226,95,214,114,200,132,185,149,168,165,149,178,128,190,107,201,84,209,61,215,36,219,13,222,-4,65,-3542,718]]]
1179790	n	73.554,32.4716,73.86,32.7894	[[[735540,327894,707,-2419,1532,-759,821,1388,-356,1060,-827,580,-1777,147,-100,3]]]
1163414	n	68.5916,28.0346,68.9847,28.4661	[[[685916,281440,2943,-1094,143,60,214,114,201,132,186,149,168,165,76,91,-94,2795,-150,147,-186,149,-201,132,-214,114,-226,95,-236,75,-243,54,-247,32,-250,11,-250,-11,-247,-32,-243,-54,-236,-75,-226,-95,-214,-114,-20,-13,-448,-2827]]]
11124382	p	1170880
1179223	n	72.6028,28.9722,73.076,29.4046	[[[726028,291900,12,-222,37,-219,61,-215,85,-209,108,-201,130,-190,150,-178,170,-165,187,-149,203,-132,216,-114,229,-95,237,-75,64,-14,214,98,884,406,167,103,122,148,325,691,258,378,622,736,251,426,-2963,1338,-181,-57,-229,-95,-216,-114,-203,-132,-187,-149,-170,-165,-150,-178,-130,-190,-108,-201,-85,-209,-61,-215,-37,-219,-12,-222]]]
1167031	n	68.0875,27.6407,68.527,28.0261	[[[680875,277541,433,-446,2777,-688,1185,1384,-1416,2303,-217,70,-242,54,-246,32,-249,11,-249,-11,-246,-32,-27,-6,-1223,-1085,-280,-1586]]]
1179331	n	72.3717,33.3339,72.8641,33.7136	[[[723718,335378,39,-219,64,-215,89,-209,113,-201,136,-190,29,-33,617,-530,98,-61,227,-114,239,-95,249,-75,256,-54,262,-32,264,-11,264,11,262,32,256,54,249,75,239,95,227,114,213,132,196,149,177,165,158,178,-228,1736,-2709,1056,-13,-19,-87,-45,-119,-37,-35,-29,-83,8,-466,-462,18,-65,-4,-41,9,-45,82,-14,55,-60,68,-41,92,-36,86,-19,69,-32,9,-30,0,-56,-83,-10,-104,1,-96,18,-82,55,-137,-32,-50,-37,-134,-9,-62,4,-32,24,-55,9,-49,19,-783,-777]]]
11535259	p	1180942
1173920	n	72.7433,32.4326,73.2658,32.8624	[[[727433,326500,13,-222,38,-219,64,-215,88,-209,112,-201,134,-190,156,-178,176,-165,25,-19,2585,-556,50,10,247,75,236,95,225,114,210,132,194,149,176,165,156,178,28,40,312,1854,-6,18,-88,209,-112,201,-134,190,-156,178,-176,165,-194,149,-210,132,-225,114,-236,95,-117,35,-1576,-670,-1833,-779,-1,0,-47,-20,-63,-214,-38,-219,-13,-222]]]
1164069	n	72.1524,32.7039,72.635,33.1434	[[[721524,329300,13,-222,39,-219,64,-215,88,-209,112,-201,135,-190,157,-178,176,-165,195,-149,210,-132,226,-114,237,-95,247,-75,255,-54,260,-32,262,-11,262,11,260,32,255,54,247,75,237,95,226,114,210,132,195,149,176,165,82,93,0,2682,-82,93,-176,165,-195,149,-210,132,-226,114,-237,95,-150,45,-3300,-1187,-46,-82,-88,-209,-64,-215,-39,-219,-13,-222]]]
1175453	p	1172451
1167622	p	1172128
1162275	n	70.2637,28.6142,70.7723,29.0299	[[[702637,288100,12,-222,37,-219,61,-215,85,-209,108,-201,129,-190,150,-178,169,-165,138,-110,594,-249,3603,2344,-9,55,-61,215,-85,209,-108,201,-129,190,-150,178,-169,165,-186,149,-202,132,-216,114,-227,95,-237,75,-158,35,-3008,-1466,-31,-77,-61,-215,-37,-219,-12,-222]]]
1176800	n	73.6899,30.6538,74.0422,30.8849	[[[736899,307865,734,-1327,2789,259,-1343,1712,-532,275,-806,65,-842,-984]]]
1168633	n	70.7049,31.9521,71.2351,32.3261	[[[707049,321000,10,-178,3692,-1301,1265,382,22,31,111,201,88,209,63,215,38,219,13,222,-13,222,-38,219,-63,215,-88,209,-111,201,-134,190,-155,178,-174,165,-193,149,-209,132,-223,114,-235,95,-245,75,-253,54,-257,32,-260,11,-260,-11,-257,-32,-253,-54,-245,-75,-235,-95,-223,-114,-209,-132,-193,-149,-174,-165,-155,-178,-134,-190,-111,-201,-88,-209,-63,-215,-38,-219,-13,-222]]]
1163054	n	62.8001,25.7739,63.2999,26.2261	[[[628001,260000,12,-222,36,-219,60,-215,83,-209,104,-201,126,-190,147,-178,164,-165,182,-149,197,-132,210,-114,222,-95,231,-75,238,-54,242,-32,245,-11,245,11,242,32,238,54,231,75,222,95,210,114,197,132,182,149,164,165,147,178,126,190,104,201,83,209,60,215,36,219,12,222,-12,222,-36,219,-60,215,-83,209,-104,201,-126,190,-147,178,-164,165,-182,149,-197,132,-210,114,-222,95,-231,75,-238,54,-242,32,-245,11,-245,-11,-242,-32,-238,-54,-231,-75,-222,-95,-210,-114,-197,-132,-182,-149,-164,-165,-147,-178,-126,-190,-104,-201,-83,-209,-60,-215,-36,-219,-12,-222]]]
1163224	n	72.4806,33.8781,72.8318,34.2955	[[[724806,339514,105,-321,470,-303,88,-33,26,-41,55,-35,1976,637,792,2692,-22,24,-179,165,-197,149,-214,132,-228,114,-240,95,-251,75,-258,54,-263,32,-117,5,-1543,-3441]]]
1182787	p	1166000
1170294	n	69.4136,27.7939,69.6811,28.2383	[[[694136,281931,449,-3838,177,-57,242,-54,247,-32,249,-11,249,11,247,32,242,54,236,75,225,95,112,59,-812,3018,-1150,1100,-87,-19,-236,-75,-141,-59,-249,-299]]]
1166073	p	1175864
1183090	n	71.6971,34.3975,72.2362,34.8461	[[[716971,346200,13,-222,39,-219,66,-215,90,-209,114,-201,138,-190,159,-178,180,-165,199,-149,215,-132,230,-114,242,-95,252,-75,260,-54,54,-6,922,131,832,117,1,0,65,9,174,87,215,132,199,149,180,165,159,178,138,190,114,201,90,209,51,166,-1369,2481,-7,3,-242,95,-252,75,-260,54,-265,32,-267,11,-267,-11,-265,-32,-260,-54,-252,-75,-242,-95,-230,-114,-215,-132,-199,-149,-180,-165,-159,-178,-138,-190,-114,-201,-90,-209,-66,-215,-39,-219,-13,-222]]]
1166381	p	1169116
1163958	p	1176734
1177278	n	68.2141,25.6098,68.5508,26.0048	[[[682141,256926,130,-160,165,-165,181,-149,197,-132,210,-114,103,-44,899,-64,909,191,573,2045,-1268,1714,-2099,-3122]]]
1177446	n	62.082,25.0874,62.5216,25.3461	[[[620820,251200,9,-171,143,42,-83,113,-67,57,-2,-41]],[[620999,252042,28,9,425,133,466,17,340,-60,284,-21,210,-121,223,-148,65,-182,141,-251,-28,-116,-70,-20,-90,6,-85,-41,-30,-24,-39,-24,-36,-33,-242,-180,339,-86,497,-26,414,2,61,140,-140,68,-212,44,-129,119,-29,151,69,157,116,139,112,100,194,131,285,140,305,74,252,-72,199,75,-218,93,-26,138,122,218,444,45,-162,163,-180,149,-196,132,-209,114,-220,95,-229,75,-236,54,-241,32,-243,11,-243,-11,-241,-32,-236,-54,-229,-75,-220,-95,-209,-114,-196,-132,-180,-149,-163,-165,-145,-178,-125,-190,-105,-201,-9,-23]]]
1167507	r	72.7633,31.5792,73.0441,31.9625	[[[727633,316779,919,-987,1889,3277,-304,542,-68,14,-2436,-2846]]]
1175446	n	71.6959,29.3948,72.1636,29.8388	[[[716959,297464,1066,-2465,1294,-1051,34,2,251,32,246,54,239,75,229,95,217,114,204,132,188,149,170,165,151,178,130,190,109,201,85,209,62,215,2,13,-2435,2616,-1364,-218,-172,-90,-204,-132,-188,-149,-170,-165,-144,-170]]]
1177682	n	73.0314,33.0239,73.5505,33.3932	[[[730315,332500,13,-222,38,-219,64,-215,89,-209,113,-201,135,-190,157,-178,177,-165,195,-149,212,-132,226,-114,238,-95,248,-75,256,-54,261,-32,263,-11,263,11,261,32,256,54,248,75,238,95,226,114,212,132,195,149,31,30,575,1922,-4353,1079,-417,-221,-103,-145,-113,-201,-89,-209,-64,-215,-38,-219,-13,-222]]]
1172993	p	1167528
1180983	p	1165221
1180454	p	1180281
1164987	p	1180281
1170398	n	73.3571,29.9798,73.8297,30.3216	[[[733571,301586,1203,-1788,804,327,762,151,1208,283,235,114,411,300,53,186,38,219,12,222,-12,222,-38,219,-61,215,-86,209,-21,37,-2317,714,-2191,-1630]]]
1170951	p	1185056
1183224	n	73.7068,30.3948,74.0928,30.6797	[[[737068,305650,1981,-1700,12,-2,-18,67,-22,141,-22,65,168,-49,126,19,98,70,89,108,-110,-4,-105,24,107,61,5,71,-97,137,39,14,-9,85,37,145,85,-50,46,-13,-19,-157,17,0,-7,-43,24,-21,9,-18,39,-18,100,-17,1,1,8,55,48,131,-1,31,-60,65,123,92,60,100,108,102,272,-1,-90,70,9,125,120,-76,72,9,69,48,13,108,84,-28,22,-22,18,-52,-1,-49,5,-11,54,51,40,242,-33,189,-11,171,103,189,148,154,106,87,-32,110,-44,106,-430,235,-2789,-259,-565,-888]]]
1172318	p	1177654
1162868	p	1174376
1164896	n	67.6219,29.3139,68.1381,29.7661	[[[676219,295400,12,-222,37,-219,62,-215,85,-209,108,-201,131,-190,151,-178,170,-165,187,-149,204,-132,217,-114,229,-95,239,-75,245,-54,251,-32,253,-11,253,11,251,32,245,54,239,75,229,95,217,114,204,132,187,149,170,165,151,178,131,190,108,201,85,209,62,215,37,219,12,222,-12,222,-37,219,-62,215,-85,209,-108,201,-131,190,-151,178,-170,165,-187,149,-204,132,-217,114,-229,95,-239,75,-245,54,-251,32,-253,11,-253,-11,-251,-32,-245,-54,-239,-75,-229,-95,-217,-114,-204,-132,-187,-149,-170,-165,-151,-178,-131,-190,-108,-201,-85,-209,-62,-215,-37,-219,-12,-222]]]
1168015	n	72.0014,33.0265,72.5385,33.4661	[[[720015,332400,13,-222,38,-219,65,-215,88,-209,113,-201,135,-190,157,-178,177,-165,196,-149,211,-132,226,-114,238,-95,152,-46,1670,601,1643,591,44,78,88,209,65,215,38,219,13,222,-13,222,-38,219,-65,215,-88,209,-113,201,-135,190,-54,61,-568,488,-119,75,-226,114,-238,95,-249,75,-255,54,-261,32,-263,11,-263,-11,-261,-32,-255,-54,-249,-75,-238,-95,-226,-114,-211,-132,-196,-149,-177,-165,-157,-178,-135,-190,-113,-201,-88,-209,-65,-215,-38,-219,-13,-222]]]
1168166	p	1171123
1166164	p	1164776
1179377	p	1177073
1162316	n	71.5014,28.8939,72.0071,29.3011	[[[715014,290636,26,-92,85,-209,108,-201,130,-190,150,-178,169,-165,187,-149,203,-132,216,-114,228,-95,238,-75,244,-54,250,-32,252,-11,252,11,250,32,244,54,238,75,228,95,216,114,203,132,187,149,169,165,150,178,130,190,108,201,85,209,61,215,37,219,13,222,-13,222,-37,219,-61,215,-85,209,-108,201,-130,190,-150,178,-169,165,-187,149,-97,63,-3839,-816,-70,-130,-38,-93,-73,-1336]]]
1179346	p	1166547
1359673	p	1164776
1181065	n	71.5129,35.6239,72.0671,36.0761	[[[715129,358500,14,-222,40,-219,66,-215,91,-209,116,-201,140,-190,162,-178,183,-165,201,-149,219,-132,233,-114,246,-95,256,-75,263,-54,269,-32,272,-11,272,11,269,32,263,54,256,75,246,95,233,114,219,132,201,149,183,165,162,178,140,190,116,201,91,209,66,215,40,219,14,222,-14,222,-40,219,-66,215,-91,209,-116,201,-140,190,-162,178,-183,165,-201,149,-219,132,-233,114,-246,95,-256,75,-263,54,-269,32,-272,11,-272,-11,-269,-32,-263,-54,-256,-75,-246,-95,-233,-114,-219,-132,-201,-149,-183,-165,-162,-178,-140,-190,-116,-201,-91,-209,-66,-215,-40,-219,-14,-222]]]
1176452	p	1163198
1177107	n	72.7526,33.8407,73.1922,34.2261	[[[727526,339418,1646,-1011,2661,706,68,18,2,4,19,46,-2294,3071,-228,9,-266,-11,-262,-32,-258,-54,-251,-75,-57,-23,-780,-2648]]]
1176233	p	1168197
1106880	p	1166993
1179496	n	71.2365,31.6039,71.7043,32.0561	[[[712365,319742,618,-3125,240,-339,165,-67,245,-75,251,-54,257,-32,259,-11,259,11,257,32,251,54,245,75,234,95,223,114,208,132,192,149,174,165,155,178,133,190,111,201,87,209,63,215,39,219,12,222,-12,222,-39,219,-63,215,-87,209,-111,201,-133,190,-155,178,-174,165,-192,149,-208,132,-223,114,-234,95,-245,75,-251,54,-257,32,-259,11,-259,-11,-257,-32,-251,-54,-245,-75,-234,-95,-223,-114,-208,-132,-192,-149,-166,-157]]]
1161991	p	1164408
1168680	p	1168197
1172295	r	72.5818,31.6779,73.0069,32.0131	[[[725818,317589,1815,-810,2436,2846,-1095,506,-2783,-996,-373,-1546]]]
1167669	p	1184370
1167873	p	1175156
1170219	n	69.5527,24.5139,70.0474,24.9661	[[[695527,247400,12,-222,36,-219,59,-215,81,-209,104,-201,125,-190,145,-178,163,-165,179,-149,195,-132,208,-114,220,-95,228,-75,236,-54,240,-32,242,-11,242,11,240,32,236,54,228,75,220,95,208,114,195,132,179,149,163,165,145,178,125,190,104,201,81,209,59,215,36,219,12,222,-12,222,-36,219,-59,215,-81,209,-104,201,-125,190,-145,178,-163,165,-179,149,-195,132,-208,114,-220,95,-228,75,-236,54,-240,32,-242,11,-242,-11,-240,-32,-236,-54,-228,-75,-220,-95,-208,-114,-195,-132,-179,-149,-163,-165,-145,-178,-125,-190,-104,-201,-81,-209,-59,-215,-36,-219,-12,-222]]]
1172964	n	72.8626,31.9644,73.2954,32.4054	[[[728626,321063,348,-932,1033,-477,33,-4,150,-6,2660,1637,53,178,38,219,13,222,-13,222,-38,219,-64,215,-87,209,-112,201,-134,190,-155,178,-175,165,-193,149,-209,132,-223,114,-235,95,-214,65,-2476,-2991]]]
1163021	n	69.4896,28.0561,69.9824,28.3861	[[[694896,282339,1103,-1056,3562,-722,92,174,85,209,60,215,26,152,-1086,2154,-23,15,-214,114,-226,95,-236,75,-242,54,-247,32,-250,11,-250,-11,-247,-32,-242,-54,-236,-75,-226,-95,-214,-114,-201,-132,-185,-149,-168,-165,-149,-178,-129,-190,-106,-201,-51,-126]]]
1167380	n	70.0729,28.8801,70.587,29.3261	[[[700730,291000,12,-222,37,-219,61,-215,85,-209,108,-201,130,-190,150,-178,170,-165,186,-149,203,-132,216,-114,228,-95,238,-75,159,-35,65,32,2952,1439,30,72,61,215,37,219,12,222,-12,222,-37,219,-61,215,-85,209,-108,201,-130,190,-150,178,-170,165,-186,149,-203,132,-216,114,-228,95,-238,75,-245,54,-249,32,-252,11,-252,-11,-249,-32,-245,-54,-238,-75,-228,-95,-216,-114,-203,-132,-186,-149,-170,-165,-150,-178,-130,-190,-108,-201,-85,-209,-61,-215,-37,-219,-12,-222]]]
1162105	n	69.1871,31.1139,69.7129,31.5661	[[[691871,313400,12,-222,38,-219,63,-215,87,-209,110,-201,133,-190,153,-178,174,-165,191,-149,207,-132,221,-114,234,-95,243,-75,250,-54,255,-32,258,-11,258,11,255,32,250,54,243,75,234,95,221,114,207,132,191,149,174,165,153,178,133,190,110,201,87,209,63,215,38,219,12,222,-12,222,-38,219,-63,215,-87,209,-110,201,-133,190,-153,178,-174,165,-191,149,-207,132,-221,114,-234,95,-243,75,-250,54,-255,32,-258,11,-258,-11,-255,-32,-250,-54,-243,-75,-234,-95,-221,-114,-207,-132,-191,-149,-174,-165,-153,-178,-133,-190,-110,-201,-87,-209,-63,-215,-38,-219,-12,-222]]]
1170667	p	1163952
1176445	n	71.5674,29.8167,72.0795,30.2223	[[[715674,299895,43,-151,86,-209,109,-201,131,-190,152,-178,171,-165,188,-149,205,-132,218,-114,230,-95,240,-75,247,-54,120,-15,1387,221,1565,1697,16,93,12,222,-12,222,-38,219,-61,215,-86,209,-109,201,-131,190,-152,178,-171,165,-168,132,-1132,92,-2211,-987,-849,-1341]]]
1161983	n	73.4942,33.6338,74.0304,34.0761	[[[734942,338192,6,-33,64,-215,89,-209,114,-201,136,-190,158,-178,179,-165,196,-149,213,-132,228,-114,240,-95,250,-75,257,-54,263,-32,265,-11,265,11,263,32,257,54,250,75,240,95,228,114,213,132,196,149,110,101,9,114,31,129,45,126,60,118,346,516,151,117,27,156,13,222,-13,222,-39,219,-64,215,-89,209,-114,201,-136,190,-158,178,-33,30,-200,34,-296,181,-225,264,-7,24,-55,27,-240,95,-239,72,-1330,-989,-2124,-1580]]]
1182122	n	71.9813,36.0439,72.5386,36.4961	[[[719814,362700,14,-222,40,-219,66,-215,93,-209,116,-201,141,-190,163,-178,183,-165,203,-149,219,-132,235,-114,247,-95,257,-75,266,-54,270,-32,273,-11,273,11,270,32,266,54,257,75,247,95,235,114,219,132,203,149,183,165,163,178,141,190,116,201,93,209,66,215,40,219,14,222,-14,222,-40,219,-66,215,-93,209,-116,201,-141,190,-163,178,-183,165,-203,149,-219,132,-235,114,-247,95,-257,75,-266,54,-270,32,-273,11,-273,-11,-270,-32,-266,-54,-257,-75,-247,-95,-235,-114,-219,-132,-203,-149,-183,-165,-163,-178,-141,-190,-116,-201,-93,-209,-66,-215,-40,-219,-14,-222]]]
