756135	r	20.3869,51.8451,21.657,52.6569	[[[203869,521700,9,-171,27,-170,45,-169,63,-166,81,-164,97,-160,114,-155,131,-151,146,-145,161,-139,176,-133,189,-124,202,-117,214,-109,225,-99,236,-90,244,-81,252,-71,259,-60,265,-49,270,-39,273,-28,275,-17,277,-5,277,5,275,17,273,28,270,39,265,49,259,60,252,71,244,81,236,90,225,99,190,97,988,-1273,331,62,397,92,387,108,374,123,360,138,345,153,329,166,309,179,290,191,270,202,247,213,224,222,200,231,175,238,150,245,123,251,67,178,138,1133,-39,246,-70,258,-96,255,-123,251,-150,245,-175,238,-159,183,-2284,-415,9,163,-9,168,-27,167,-45,166,-62,164,-79,161,-97,157,-113,153,-129,149,-144,142,-160,137,-173,130,-187,123,-200,115,-212,106,-222,98,-233,89,-241,79,-249,70,-257,59,-261,49,-267,38,-270,27,-272,17,-274,5,-274,-5,-272,-17,-270,-27,-267,-38,-261,-49,-257,-59,-249,-70,-241,-79,-233,-89,-222,-98,-212,-106,-200,-115,-187,-123,-173,-130,-160,-137,-144,-142,-129,-149,-113,-153,-97,-157,-79,-161,-62,-164,-45,-166,-27,-167,-9,-168,9,-168,27,-167,28,-105,-38,7,-35,-20,-189,-124,-176,-133,-161,-139,-146,-145,-131,-151,-114,-155,-97,-160,-81,-164,-63,-166,-45,-169,-27,-170,-9,-171]]]
3094802	r	19.4991,49.6515,20.4925,50.4591	[[[194991,499341,1694,-2428,296,-87,387,-94,396,-78,403,-60,408,-44,412,-26,413,-9,413,9,412,26,243,26,4050,2704,407,3300,-52,62,-218,227,-241,218,-262,206,-283,195,-302,183,-320,170,-336,155,-351,142,-365,126,-376,110,-387,94,-396,78,-299,45,-1556,-728,-2336,-1092,-1854,-3430]]]
3081368	r	16.5814,50.7218,17.6295,51.479	[[[165814,511134,298,-239,2887,-2318,1692,-1359,1,0,390,25,387,40,383,56,375,72,367,88,357,102,346,117,201,79,2494,2018,98,204,89,242,64,244,39,247,13,248,-13,248,-39,247,-64,244,-89,242,-114,237,-138,232,-162,226,-185,219,-207,211,-228,201,-138,107,-1594,858,-27,10,-346,117,-357,102,-367,88,-375,72,-383,56,-387,40,-390,25,-392,8,-392,-8,-390,-25,-387,-40,-383,-56,-375,-72,-347,-83,-1706,-1824,-250,-765,-62,-192,-194,-591]]]
3093133	r	18.9647,51.6131,19.99,52.1369	[[[189647,518600,9,-181,29,-180,47,-179,24,-64,2942,-285,789,-305,-19,-2,-3,6,-54,-12,-27,-9,60,-49,-18,-5,-11,4,-23,-16,-25,1,-14,-8,-4,-13,13,-7,5,12,19,1,5,-16,-13,-4,-9,-34,66,30,-10,9,43,1,-14,-5,16,-13,-10,-38,-23,-17,-18,-45,25,-10,49,-51,49,-94,50,4,2,-34,131,-18,88,-13,190,-26,18,34,166,-37,-1,-23,-7,0,26,-39,41,5,1,-9,28,-5,70,12,148,-2,33,17,161,-5,-16,65,2115,-817,265,66,2126,1849,723,628,-55,114,-126,207,-146,202,-168,195,-38,38,-919,-237,-46,124,-85,173,-103,170,-120,165,-137,159,-154,154,-170,148,-185,140,-199,132,-213,124,-225,115,-237,105,-247,96,-257,85,-266,75,-273,64,-278,53,-284,41,-288,29,-290,18,-291,6,-291,-6,-290,-18,-288,-29,-284,-41,-278,-53,-273,-64,-266,-75,-257,-85,-247,-96,-237,-105,-225,-115,-213,-124,-199,-132,-185,-140,-170,-148,-154,-154,-137,-159,-120,-165,-103,-170,-85,-173,-66,-177,-47,-179,-29,-180,-9,-181]]]
3088171	r	16.3451,52.0563,17.3897,52.7692	[[[163451,524100,13,-235,37,-234,62,-232,87,-229,111,-225,135,-220,158,-214,181,-207,202,-200,173,-149,5701,-1391,130,13,373,53,366,69,358,82,349,97,337,111,326,124,311,137,295,149,280,161,261,172,200,148,-518,1084,-1674,3505,-489,1024,-36,8,-366,69,-373,53,-378,38,-380,23,-383,8,-383,-8,-380,-23,-378,-38,-373,-53,-366,-69,-358,-82,-349,-97,-337,-111,-326,-124,-311,-137,-295,-149,-280,-161,-261,-172,-243,-181,-223,-191,-202,-200,-181,-207,-158,-214,-135,-220,-111,-225,-87,-229,-62,-232,-37,-234,-13,-235]]]
3099434	r	17.9625,54.0995,19.1005,54.4664	[[[179626,542638,82,-206,134,-258,162,-253,190,-246,217,-238,243,-229,260,-213,9628,1861,463,679,-984,-86,-275,49,-117,37,-85,51,-51,-17,9,18,-21,-4,15,47,-53,24,-31,-10,-3,-21,-46,-49,1,-22,-22,-22,-111,-45,-372,17,-1024,193,-13,7,-29,42,4,253,1184,0,0,667,-2550,0,0,-500,114,-29,-46,3,-156,31,-305,137,-157,31,-6,6,-431,-117,-35,-10,-130,16,-109,-20,-93,17,-2,-1,-6,2,-13,3,-11,7,-8,3,-1,3,-3,2,-13,33,-17,8,-105,-9,-74,5,7,19,81,-6,11,15,-20,4,-23,15,12,33,-39,12,-10,-18,-16,0,-20,-28,-32,-16,-80,39,20,1,-28,8,-6,35,-72,54,-55,10,4,6,-20,4,-28,-41,-19,-40,-5,8,-18,3,-28,-2,-15,-11,-52,5,55,-31,86,-9,1,8,64,-2,-21,-27,1,-12,13,11,-83,-101,-60,-46,57,-3,-67,-103,91,6,145,-8,4,-39,-24,-15,19,-12,0,-1,-5028,-1372]]]
3083829	r	14.261,53.0199,14.9713,53.8393	[[[142610,536562,151,-196,209,-388,19,-99,-27,-366,7,-222,73,-206,243,-224,104,-209,210,-211,104,-518,210,-583,67,-188,16,-85,6,-181,31,-98,61,-64,153,-77,39,-56,130,-73,-260,-308,-74,-66,-105,-34,-99,-89,-71,-122,-28,-134,36,-162,60,-142,20,-144,-299,-566,-28,-84,-135,-181,-114,-72,412,-75,435,-61,442,-44,445,-26,447,-9,447,9,367,22,1466,3148,27,-4,21,5,29,-20,5,5,53,-13,7,-13,22,-3,5,-21,16,4,32,-9,16,-12,-4,-39,29,16,-9,21,19,9,-9,6,15,8,-21,19,13,6,-61,39,-13,-3,-37,19,-17,26,19,13,-20,15,-52,-13,-29,19,15,11,36,6,-7,31,-14,7,-25,-4,1872,4019,-51,25,-364,157,-380,141,-394,127,-408,110,-419,95,-428,78,-435,61,-442,44,-111,6,-8,-45,-69,-179,-37,-201,71,-252,-156,-5,-109,-38,-99,-17,-115,60,-245,-434,-65,-221,310,-443,115,-36,256,-14,108,-19,-10,-58,3,-40,7,-38,-138,-64,-84,-61,-46,-94,-11,-160,-53,-29,-115,88,-329,376,-152,130,-186,86,-537,115,-441,45,-110,54,-200,128,-274,78,-141,65,-117,193,-124,55,-140,42,-98,52,-56,-75,98,-33,32,-35,-32,-34,-98,-34,176,-73,-13,-81,-132,-73,-180,-47,-98,-6,0,-1,12,-281,-41,-156]],[[145691,538242,54,-51,56,-38,70,-27,88,-21,-63,68,239,143,60,61,-248,15,-63,1,12,-15,-63,-36,-91,-71,-51,-29]]]
765876	r	22.0202,50.9035,23.0788,51.5965	[[[220202,512500,12,-227,35,-225,58,-224,82,-221,105,-217,126,-212,149,-206,169,-200,190,-193,210,-184,228,-175,246,-166,263,-155,278,-144,292,-132,306,-120,317,-106,328,-94,337,-80,344,-66,350,-51,355,-37,358,-22,360,-8,360,8,358,22,355,37,350,51,344,66,337,80,328,94,143,48,1342,665,493,1562,1,2,188,595,1,3,488,1543,-8,15,-149,206,-169,200,-190,193,-210,184,-228,175,-246,166,-263,155,-278,144,-292,132,-306,120,-317,106,-328,94,-337,80,-344,66,-350,51,-355,37,-358,22,-360,8,-360,-8,-358,-22,-355,-37,-350,-51,-344,-66,-337,-80,-328,-94,-317,-106,-306,-120,-292,-132,-278,-144,-263,-155,-246,-166,-228,-175,-210,-184,-190,-193,-169,-200,-149,-206,-126,-212,-105,-217,-82,-221,-58,-224,-35,-225,-12,-227]]]
3102014	r	17.411,52.8406,18.4077,53.482	[[[174110,531200,12,-237,39,-235,64,-234,89,-231,113,-226,139,-222,161,-216,185,-209,207,-201,228,-192,30,-22,2019,-569,5351,1616,1330,2758,-1353,1075,-1054,838,-20,3,-381,54,-387,39,-390,23,-392,8,-392,-8,-390,-23,-387,-39,-381,-54,-376,-69,-366,-83,-358,-98,-345,-111,-333,-125,-319,-138,-303,-151,-286,-162,-268,-172,-249,-184,-228,-192,-207,-201,-185,-209,-161,-216,-139,-222,-113,-226,-89,-231,-64,-234,-39,-235,-12,-237]]]
776069	r	22.6667,52.832,23.6534,53.428	[[[226667,531300,11,-195,31,-194,53,-192,73,-190,94,-187,114,-182,133,-178,152,-172,170,-166,188,-158,205,-151,221,-142,236,-133,249,-124,262,-114,275,-103,284,-92,294,-80,302,-69,309,-56,315,-45,318,-31,321,-19,323,-7,323,7,321,19,318,31,315,45,309,56,302,69,294,80,284,92,275,103,262,114,249,124,236,133,221,142,205,151,188,158,170,166,152,172,133,178,114,182,94,187,73,190,53,192,31,194,11,195,-11,195,-31,194,-53,192,-73,190,-94,187,-114,182,-133,178,-152,172,-170,166,-188,158,-205,151,-221,142,-236,133,-249,124,-262,114,-275,103,-284,92,-294,80,-302,69,-309,56,-315,45,-318,31,-321,19,-323,7,-323,-7,-321,-19,-318,-31,-315,-45,-309,-56,-302,-69,-294,-80,-284,-92,-275,-103,-262,-114,-249,-124,-236,-133,-221,-142,-205,-151,-188,-158,-170,-166,-152,-172,-133,-178,-114,-182,-94,-187,-73,-190,-53,-192,-31,-194,-11,-195]]]
3096472	r	18.8915,50.1303,19.1244,50.2976	[[[188915,502331,54,-137,167,27,17,-16,4,-33,13,-13,-6,-11,23,-8,-1,-24,42,-22,39,-96,42,-22,-38,-21,23,-3,1,-13,35,11,23,-2,10,-34,-23,-2,-10,-26,-19,-14,25,0,3,-9,-17,-16,-22,1,2,-8,33,-5,14,7,4,-27,-14,-5,17,-6,-21,-27,25,-6,16,6,16,-27,-9,-27,22,0,12,26,22,-3,-4,-21,32,-16,2,-5,-16,-2,28,-33,-36,-27,-19,-4,-8,-7,13,-12,-24,-14,-16,-1,-15,-11,-43,12,-16,-4,-7,-17,31,2,4,0,16,-9,2,-14,6,-6,0,-14,32,32,20,-12,37,-4,14,-8,8,8,9,-3,21,21,-18,3,-10,15,8,5,20,-14,62,5,13,5,-6,10,20,-6,59,30,17,-6,-8,-8,16,-2,10,10,12,-2,33,18,21,1,51,32,62,4,50,-23,14,0,20,9,-38,14,-11,29,315,52,19,-68,58,10,4,-19,75,-38,19,-24,-36,-55,18,-39,-6,-61,9,-16,20,-13,50,9,18,-47,22,-4,33,1,10,7,44,-6,32,10,9,-16,64,-36,1,-3,5,-3,18,-39,4,-2,13,-3,63,1,41,15,-4,18,-10,3,-19,-21,-30,-2,-20,23,23,30,-14,5,24,19,14,-3,1,20,11,11,58,-2,37,9,5,15,-23,19,19,-1,-1,10,52,-7,9,6,11,-3,0,-16,34,-11,-19,-7,2,-11,5,3,18,9,55,69,-17,27,-33,22,16,14,28,-5,8,11,-20,4,-7,22,-23,9,16,3,-7,16,12,-1,8,24,15,-3,30,-39,-9,-16,-27,4,23,-9,20,22,-19,66,-40,50,6,24,-4,8,-10,0,-2,28,-30,42,-4,22,-15,7,-9,26,-6,9,-4,4,-23,9,-12,2,-25,14,8,12,-17,5,12,-2,-3,8,64,10,-43,37,12,1,-4,9,26,34,-22,7,-77,6,-120,-13,-65,5,15,22,81,4,146,32,113,297,-19,32,21,8,-17,1,-2,1,-5,10,-4,-1,2,5,-1,2,3,2,7,16,92,30,6,31,21,1,19,40,12,0,24,63,32,34,24,-9,-91,38,-16,15,-7,-7,-4,8,-3,-4,-28,11,-104,61,-21,41,-74,-6,-41,-13,-117,4,-8,8,13,23,-21,41,0,1,-1,1,-8,61,-10,6,8,6,-17,0,-1,21,-66,-11,-16,-10,0,-1,-32,-18,15,-37,-4,-5,-34,2,-4,-17,18,-8,-18,-39,-24,-25,-22,-59,-100,42,-37,-10,-31,5,-23,70,-4,1,-1,1,-14,6,-65,9,-53,30,6,15,-10,5,-1,0,-39,10,-109,26,19,-5,0,-2,15,-59,3,-13,-14,-5,-5,-12,24,-12,-3,-37,-20,-4,9,-15,-23,-3,-109,-70,-240,155,-34,-37,-8,2,-16,-37,-6,0,-2,-3,-7,-65,-20,4,-31,-38,-2,-42,0,-5,-13,-31,27,-72,-8,-11,25,-31,5,-23,-3,-13,-1,-5,-1,-3,-22,-22,-8,-26,5,-27,-61,-37,-13,-24,-42,-15,-35,1,-124,-23,-42,-2,-59,6,-57,-15,-16,5,-11,-7,-15,12,-7,-4,-49,11,-10,18,-21,4,2,10,-16,6,0,12,-13,-2,-3,9,-24,4,-27,-14,-2,-5,11,1,-12,-11]]]
3099424	r	17.9651,54.3027,18.8353,54.8315	[[[179651,545200,12,-216,37,-215,60,-213,84,-210,107,-207,130,-202,153,-197,174,-190,195,-184,216,-175,230,-164,3605,983,0,1,-19,12,24,15,-4,39,-145,8,-91,-6,67,103,-57,3,60,46,83,101,-13,-11,-1,12,21,27,-64,2,-1,-8,-86,9,-55,31,52,-5,15,11,28,2,18,-3,5,-8,19,40,28,41,20,-4,-4,-6,55,-10,72,-54,6,-35,28,-8,-20,-1,80,-39,32,16,20,28,16,0,10,18,39,-12,-12,-33,23,-15,20,-4,-11,-15,-81,6,-7,-19,74,-5,105,9,17,-8,13,-33,3,-2,1,-3,8,-3,11,-7,13,-3,6,-2,2,1,93,-17,109,20,130,-16,35,10,431,117,-134,161,-25,140,-40,235,-9,395,39,230,-78,96,-150,271,-102,184,-124,112,-81,133,59,166,-166,-125,-191,-23,-114,83,60,195,-115,71,-3,66,38,66,6,77,-147,184,-120,122,-54,38,-239,62,-54,37,0,146,20,66,141,286,64,51,122,32,85,-23,325,-145,94,-78,588,-164,597,-238,283,-56,96,-94,88,-22,351,-42,93,-26,476,-467,164,-122,122,-188,183,-75,61,-72,48,-73,44,-34,177,50,-10,136,-102,155,-101,110,-623,469,-3415,1182,-210,28,-134,40,-323,164,-297,-65,-336,-90,-326,-101,-314,-114,-301,-126,-285,-137,-270,-148,-253,-158,-234,-167,-216,-175,-195,-184,-174,-190,-153,-197,-130,-202,-107,-207,-84,-210,-60,-213,-37,-215,-12,-216]]]
3100946	r	18.6215,50.5882,19.6185,51.1147	[[[186215,508000,10,-207,32,-207,53,-205,41,-112,4831,-1387,4986,1865,7,46,10,207,-10,207,-32,207,-53,205,-74,202,-95,199,-115,194,-135,189,-154,183,-172,176,-190,169,-207,161,-223,151,-238,142,-252,132,-118,54,-3541,576,-27,-2,-322,-34,-317,-47,-313,-60,-305,-73,-297,-86,-288,-98,-277,-109,-265,-121,-252,-132,-238,-142,-223,-151,-207,-161,-190,-169,-172,-176,-154,-183,-135,-189,-115,-194,-95,-199,-74,-202,-53,-205,-32,-207,-10,-207]]]
3085128	r	19.0488,50.2254,19.318,50.3201	[[[190488,502991,37,-19,30,-5,9,1,2,24,34,-2,11,-35,16,10,66,11,1,-21,17,0,-8,-6,10,-6,8,-61,1,-1,0,-1,21,-41,-13,-23,8,-8,117,-4,41,13,74,6,21,-41,104,-61,28,-11,3,4,4,-8,7,7,16,-15,91,-38,-24,9,115,-48,36,-34,21,-73,9,-31,10,-16,69,-112,98,-65,29,-27,0,-1,16,8,16,-3,12,-12,5,18,9,0,-8,6,16,-6,291,8,48,26,69,71,71,20,-15,17,-46,19,-44,53,-24,-4,-2,5,57,38,44,11,11,-12,10,3,16,15,25,8,-24,4,5,5,31,7,12,12,26,2,22,11,0,14,24,12,15,0,8,-12,26,3,1,-22,10,-7,29,-2,3,9,17,-1,12,-12,-2,-11,6,11,33,-7,5,7,25,1,8,-18,16,17,57,-14,25,1,12,-9,8,8,37,6,53,-10,15,18,34,6,16,14,37,-6,39,-18,-5,-4,21,-15,75,16,22,12,19,-14,22,10,25,-6,20,8,41,-22,26,17,15,-11,13,-1,8,6,-21,10,13,7,-3,117,48,8,16,14,-65,0,-1,28,42,3,1,7,-14,14,-101,4,21,31,-30,4,-168,-12,-59,4,33,51,0,19,7,-1,2,58,-39,1,-52,28,-110,11,-39,-5,-39,-33,-41,-18,15,33,-2,83,-10,8,-75,-3,-3,-9,-42,4,-5,-12,-42,0,-24,-19,-40,17,-2,51,-27,11,20,25,-328,64,-89,-32,-63,0,-12,10,-123,-10,-88,-23,-87,-12,14,-3,-41,-10,11,-12,-51,-22,11,-41,-39,-1,2,15,-8,0,-6,-13,-36,5,12,17,-114,-13,-2,31,-43,-3,-5,-21,8,-7,-18,-2,-1,0,-78,76,-5,13,-312,90,-312,-210]]]
760778	r	20.649,51.1937,21.651,51.7147	[[[206490,514000,11,-206,32,-205,53,-203,75,-200,95,-198,115,-192,136,-188,52,-61,861,-74,6236,-536,965,191,521,103,24,21,173,175,154,181,136,188,115,192,95,198,75,200,53,203,32,205,11,206,-11,206,-32,205,-53,203,-75,200,-95,198,-115,192,-136,188,-154,181,-173,175,-191,168,-208,159,-224,150,-240,141,-253,131,-267,120,-278,108,-289,97,-299,85,-307,73,-313,60,-320,46,-323,34,-326,20,-328,7,-328,-7,-326,-20,-323,-34,-320,-46,-313,-60,-307,-73,-299,-85,-289,-97,-278,-108,-267,-120,-253,-131,-240,-141,-224,-150,-208,-159,-191,-168,-173,-175,-154,-181,-136,-188,-115,-192,-95,-198,-75,-200,-53,-203,-32,-205,-11,-206]]]
764484	p	756135
3099230	r	18.4329,50.1753,18.7568,50.4981	[[[184329,502479,2682,-726,89,3,468,814,-1,0,-10,6,-14,-6,-13,4,10,3,-6,13,-23,2,15,9,-16,4,3,8,-10,-1,7,11,-18,-1,14,18,-47,22,-43,6,-18,9,-19,-2,0,8,7,-6,10,9,-38,21,85,47,74,-2,20,4,23,5,3,0,-35,12,-49,35,-16,-3,-14,15,-4,43,21,-2,-5,29,25,5,41,-8,-22,11,-11,18,15,28,-39,13,-132,2,2,30,-15,-5,9,41,-15,27,45,2,-25,1,-26,33,2,63,52,17,0,12,21,24,-10,20,1,3,-1,1,13,31,-8,33,-18,11,-46,12,-53,-5,-22,4,-9,-1,-685,970,-1503,698,-718,-2502]]]
759734	r	21.4988,49.7052,22.5167,50.3151	[[[214988,499756,18,-237,92,-195,119,-205,140,-200,159,-193,179,-186,198,-178,215,-169,231,-160,247,-150,262,-139,276,-127,287,-116,299,-103,309,-91,317,-77,324,-63,330,-50,334,-36,337,-21,339,-8,339,8,337,21,334,36,330,50,324,63,317,77,309,91,105,36,2772,3173,-1,12,-33,218,-55,216,-77,213,-99,210,-119,205,-140,200,-159,193,-179,186,-198,178,-215,169,-231,160,-247,150,-142,75,-819,29,-1,0,-3620,130,-79,-19,-3765,-3376]]]
3083271	r	18.2747,52.7503,19.1255,53.278	[[[182747,530022,4024,-2519,4450,2246,23,143,11,208,-11,208,-34,208,-56,205,-78,203,-99,199,-122,195,-142,190,-162,184,-181,177,-187,157,-6106,754,-1330,-2758]]]
769250	r	20.1513,50.5659,21.0467,51.1741	[[[201513,508700,10,-199,31,-198,51,-196,71,-194,91,-191,110,-186,130,-181,147,-176,166,-169,182,-162,199,-153,214,-146,229,-136,242,-126,255,-116,266,-105,276,-94,285,-82,293,-70,300,-58,305,-45,309,-32,312,-20,313,-6,313,6,312,20,309,32,305,45,300,58,293,70,285,82,276,94,266,105,255,116,242,126,229,136,214,146,199,153,182,162,166,169,21,25,-32,156,-65,319,-10,10,-95,95,-3955,3957,-10,0,-313,-6,-312,-20,-309,-32,-305,-45,-300,-58,-293,-70,-285,-82,-276,-94,-266,-105,-255,-116,-242,-126,-229,-136,-214,-146,-199,-153,-182,-162,-166,-169,-147,-176,-130,-181,-110,-186,-91,-191,-71,-194,-51,-196,-31,-198,-10,-199]]]
3080985	r	18.655,50.2459,18.8625,50.4283	[[[186550,504283,685,-970,9,1,22,-4,53,5,46,-12,18,-11,8,-33,-13,-31,1,-1,-1,-3,10,-20,-21,-24,0,-12,-52,-17,-2,-63,26,-33,25,-1,-45,-2,15,-27,-9,-41,15,5,-2,-30,132,-2,39,-13,-15,-28,11,-18,22,-11,-41,8,-25,-5,5,-29,-21,2,4,-43,14,-15,16,3,49,-35,35,-12,-46,-9,-74,2,-85,-47,38,-21,-10,-9,-7,6,0,-8,19,2,18,-9,43,-6,47,-22,-14,-18,18,1,-7,-11,10,1,-3,-8,16,-4,-15,-9,23,-2,6,-13,-10,-3,13,-4,14,6,10,-6,16,3,14,-21,-1,-21,40,-11,14,3,-2,-8,26,3,33,-7,45,-25,34,-7,30,-20,107,9,54,143,-14,64,27,0,4,64,147,-5,1,15,6,0,70,-10,-1,53,8,-2,1,12,48,-1,9,42,-16,8,-42,5,10,9,54,39,44,10,20,28,30,10,34,2,26,12,12,32,-27,2,1,27,-71,8,-48,17,17,64,-2,9,-12,-3,5,55,-8,25,9,8,67,14,108,12,-41,58,49,23,92,-25,18,-16,13,5,-23,10,-12,33,-13,-1,0,23,-21,8,-1,13,-27,22,-36,16,-24,14,-3,16,-16,12,0,-7,-100,0,0,32,-38,7,10,14,-87,21,-66,-7,-10,26,50,46,-6,10,-33,3,17,56,-27,36,-29,4,22,10,1,-9,9,-2,49,5,-60,48,-11,32,6,41,-5,1,-60,12,-62,-3,3,-35,-8,-13,25,-16,0,-7,-13,-15,-24,2,-20,39,30,49,-12,15,-76,28,8,13,-31,20,15,7,-30,16,29,18,30,4,3,6,-27,8,-7,14,-1364,307]]]
3101950	r	18.7886,50.3167,18.964,50.4137	[[[187886,503926,30,-16,-15,-7,31,-20,-8,-13,76,-28,12,-15,-30,-49,20,-39,24,-2,13,15,0,7,-25,16,8,13,-3,35,62,3,65,-13,-6,-41,11,-32,60,-48,-49,-5,-9,2,-1,9,-22,-10,29,-4,27,-36,-17,-56,33,-3,6,-10,-50,-46,10,-26,66,7,87,-21,-10,-14,38,-7,0,-32,100,0,0,7,16,-12,3,-16,24,-14,36,-16,27,-22,1,-13,21,-8,0,-23,13,1,12,-33,23,-10,6,-12,13,10,59,13,7,0,3,0,69,-8,54,14,55,-10,8,10,-3,-12,40,-5,6,-7,18,-25,74,-21,83,-7,72,-15,74,-2,-6,-2,13,-21,200,-14,-37,103,34,-17,43,-37,19,12,10,8,7,78,7,7,38,32,19,56,13,-4,17,60,-22,0,21,85,0,1,-114,44,-15,12,-159,4,-3,0,22,19,-84,14,-39,19,-29,-1,-2,20,-27,24,38,-3,0,11,-84,5,-46,21,-14,-2,-35,13,-93,43,7,17,-9,38,-24,-7,0,-36,-43,8,-21,-10,-25,27,29,51,2,14,-11,1,40,31,-20,12,27,7,1,9,37,17,-38,23,-71,-6,9,67,-59,43,-8,-4,-24,7,-14,20,-107,7,-11,-62,16,-9,-16,1,-86,18,-83,1,-55,50,-26,8,-30,-12,-17,-31,0,-41,-15,-31,-23,-21,-65,17,-15,26,-15,7,-63,4,-19,-13,-14,4,-22,-31,-8,8,-46,-26,-10,6,-16,-8,-15,9,-21,-11,-9,7,-6,-5,-38,2,16,-35,27,-8,-3,-6,-30,-4,-29,-18]]]
6545348	p	756135
3103402	r	18.6781,49.4956,19.5494,49.9992	[[[186781,496967,43,-9,130,-69,197,-151,126,-49,145,8,157,44,156,17,149,-72,42,-78,31,-160,36,-184,46,-96,118,-175,45,-90,143,-427,29,-206,0,-3,215,-64,306,-75,313,-61,318,-48,322,-35,325,-21,327,-7,327,7,325,21,322,35,318,48,313,61,306,75,298,88,288,100,277,112,266,124,253,134,238,145,223,155,208,164,190,173,173,180,154,187,134,194,116,198,94,203,75,207,53,210,32,211,11,212,-11,212,-32,211,-24,93,-436,625,-2907,651,-2684,-260,-1160,-682,-1459,-2083]]]
763166	r	19.9866,53.4805,20.9934,54.0795	[[[199866,537800,10,-196,33,-195,53,-193,75,-191,96,-188,116,-183,136,-179,155,-172,174,-167,192,-159,209,-152,225,-143,241,-134,254,-124,268,-114,280,-104,290,-92,300,-81,309,-69,315,-57,321,-44,325,-32,328,-20,329,-6,329,6,328,20,325,32,321,44,315,57,309,69,300,81,290,92,280,104,268,114,254,124,241,134,225,143,209,152,192,159,174,167,155,172,136,179,116,183,96,188,75,191,53,193,33,195,10,196,-10,196,-33,195,-53,193,-75,191,-96,188,-116,183,-136,179,-155,172,-174,167,-192,159,-209,152,-225,143,-241,134,-254,124,-268,114,-280,104,-290,92,-300,81,-309,69,-315,57,-321,44,-325,32,-328,20,-329,6,-329,-6,-328,-20,-325,-32,-321,-44,-315,-57,-309,-69,-300,-81,-290,-92,-280,-104,-268,-114,-254,-124,-241,-134,-225,-143,-209,-152,-192,-159,-174,-167,-155,-172,-136,-179,-116,-183,-96,-188,-75,-191,-53,-193,-33,-195,-10,-196]]]
6545326	p	756135
3086800	r	18.71,50.1537,18.9561,50.3317	[[[187100,501756,744,-219,1407,499,-23,58,-42,22,1,24,-23,8,6,11,-13,13,-4,33,-17,16,-167,-27,-54,137,12,11,-11,-1,2,5,27,14,24,-4,3,-9,13,2,0,-12,16,-6,-2,-10,21,-4,10,-18,49,-11,7,4,15,-12,11,7,16,-5,57,15,59,-6,42,2,124,23,35,-1,42,15,13,24,61,37,-57,10,-43,15,-75,51,-48,71,2,6,-2,2,21,47,-18,9,-10,62,-37,17,4,28,-187,37,-3,10,-13,1,-1,-7,-25,6,4,6,-28,-2,1,21,-50,-4,-10,28,6,-1,5,35,36,-1,0,8,-34,41,-25,15,-139,47,19,27,67,35,-52,63,-1,18,16,30,36,27,12,0,-9,4,30,47,7,49,-24,32,-40,5,3,12,-8,-10,-55,10,-54,-14,-33,0,-11,5,-25,3,-69,-13,-12,-11,0,1,-1,0,-6,12,-13,-5,-18,16,-92,25,-49,-23,41,-58,-108,-12,-67,-14,-9,-8,8,-25,-5,-55,12,3,2,-9,-17,-64,48,-17,71,-8,-1,-27,27,-2,-12,-32,-26,-12,-34,-2,-30,-10,-20,-28,-44,-10,-54,-39,-10,-9,42,-5,16,-8,-9,-42,-48,1,-1,-12,-8,2,1,-53,-70,10,-6,0,-1,-15,-147,5,-4,-64,-27,0,14,-64,-54,-143,-107,-9,-30,20,-34,7,-45,25,-33,7,-26,-3,2,8,-14,-3,-40,11,1,21,-14,21,-15,-3,-468,-814]]]
3086586	r	18.3701,50.012,18.7011,50.2479	[[[183701,502178,166,-2058,1945,150,71,88,15,3,20,-7,8,6,22,1,16,14,6,22,-32,-2,4,7,20,8,23,-5,23,8,25,17,-11,2,10,12,21,-10,29,0,2,-1,3,0,1,-2,4,-3,-2,-4,3,-7,2,11,31,3,38,15,23,26,10,2,18,-11,14,10,69,14,63,6,11,7,16,-3,25,10,51,9,53,31,-4,8,-8,-3,-3,20,-22,6,-17,17,-20,-5,-7,5,18,31,5,39,-36,7,-2,-5,-60,-10,29,19,32,7,-1,6,-16,-3,29,26,9,87,5,7,0,3,3,1,1,1,19,5,62,-16,15,4,9,-4,11,13,-40,13,-5,-10,-13,4,-4,17,-44,20,-32,-6,-38,6,-13,-11,-37,80,42,51,44,9,-44,-8,627,775,-2682,726,-628,-301]]]
755330	p	756135
776029	p	756135
3082914	r	18.7844,49.9732,19.2084,50.2036	[[[187844,501537,1556,-1805,2684,260,-278,536,-812,898,-5,-3,-2,10,-31,34,-4,-2,-52,7,1,-10,-19,1,23,-19,-5,-15,-37,-9,-58,2,-11,-11,-1,-20,-14,3,-24,-19,14,-5,-23,-30,20,-23,30,2,19,21,10,-3,4,-18,-41,-15,-63,-1,-13,3,-4,2,-18,39,-5,3,-1,3,-64,36,-9,16,-32,-10,-44,6,-10,-7,-33,-1,-22,4,-18,47,-50,-9,-20,13,-9,16,6,61,-18,39,36,55,-19,24,-75,38,-4,19,-58,-10,-19,68,-315,-52,11,-29,38,-14,-20,-9,-14,0,-50,23,-62,-4,-51,-32,-21,-1,-33,-18,-12,2,-10,-10,-16,2,8,8,-17,6,-59,-30,-20,6,6,-10,-13,-5,-62,-5,-20,14,-8,-5,10,-15,18,-3,-21,-21,-9,3,-8,-8,-14,8,-37,4,-20,12,-32,-32,0,14,-6,6,-2,14,-16,9,-4,0,-31,-2,7,17,16,4,43,-12,15,11,16,1,24,14,-13,12,8,7,19,4,36,27,-28,33,16,2,-2,5,-32,16,4,21,-22,3,-12,-26,-22,0,9,27,-16,27,-16,-6,-25,6,21,27,-17,6,14,5,-4,27,-14,-7,-33,5,-2,8,22,-1,17,16,-3,9,-25,0,19,14,10,26,23,2,-10,34,-23,2,-35,-11,-1,13,-23,3,38,21,-42,22,-16,38,-1407,-499]]]
776103	p	756135
3090048	r	17.4075,50.3714,18.4525,51.0034	[[[174075,506700,11,-218,34,-217,56,-215,77,-213,100,-209,120,-204,141,-199,161,-192,181,-185,199,-178,217,-168,234,-159,249,-150,264,-138,278,-127,291,-115,288,-99,220,80,7259,2630,61,101,9,175,-11,218,-34,217,-56,215,-77,213,-100,209,-120,204,-141,199,-161,192,-181,185,-199,178,-217,168,-234,159,-249,150,-264,138,-278,127,-291,115,-301,103,-312,90,-320,77,-327,63,-333,50,-337,35,-340,22,-342,7,-342,-7,-340,-22,-337,-35,-333,-50,-327,-63,-320,-77,-312,-90,-301,-103,-291,-115,-278,-127,-264,-138,-249,-150,-234,-159,-217,-168,-199,-178,-181,-185,-161,-192,-141,-199,-120,-204,-100,-209,-77,-213,-56,-215,-34,-217,-11,-218]]]
3099759	r	19.0542,53.8087,19.9888,54.4567	[[[190542,542856,1095,-4443,248,-66,354,-79,363,-65,369,-51,373,-36,377,-22,379,-7,379,7,377,22,373,36,369,51,363,65,354,79,345,92,334,105,322,118,308,130,293,142,276,153,259,163,240,172,221,182,200,189,179,197,156,204,133,209,110,214,86,217,62,220,37,223,12,223,-12,223,-37,223,-62,220,-86,217,-110,214,-133,209,-156,204,-179,197,-200,189,-221,182,-240,172,-259,163,-276,153,-293,142,-308,130,-39,14,-474,15,-495,100,-213,100,-170,-43,-615,-375,-317,-85,-393,-54,-828,-234,-2767,-241,-463,-679]]]
3088825	r	19.3008,52.2466,20.2054,52.8533	[[[193008,523792,162,-138,205,-154,222,-145,236,-135,251,-126,264,-116,275,-105,286,-93,295,-82,304,-70,310,-58,315,-45,320,-32,323,-19,324,-7,324,7,323,19,320,32,315,45,310,58,304,70,295,82,286,93,275,105,264,116,251,126,236,135,222,145,205,154,189,161,172,169,152,175,134,180,114,186,94,190,74,193,53,196,32,198,10,198,-10,198,-32,198,-53,196,-74,193,-94,190,-114,186,-134,180,-152,175,-172,169,-189,161,-205,154,-222,145,-236,135,-251,126,-264,116,-275,105,-286,93,-295,82,-304,70,-310,58,-315,45,-320,32,-323,19,-324,7,-324,-7,-323,-19,-320,-32,-315,-45,-310,-58,-304,-70,-295,-82,-129,-42,-1772,-4386]]]
3082707	r	15.9109,50.459,16.6118,50.9905	[[[159109,506811,306,73,165,-15,135,-83,130,-157,87,-135,54,-138,-22,-119,-144,-75,-20,-32,-8,-32,7,-32,21,-30,425,50,620,382,422,-28,316,-154,152,-45,168,25,122,97,73,128,73,100,129,18,363,-5,326,-53,307,-111,852,-574,91,-190,-314,-83,38,-75,0,-33,-28,-28,-43,-58,-16,-51,-13,-76,1,-59,28,5,-86,-76,-206,-130,-94,-84,-171,-24,-321,56,-157,-32,-77,-129,-150,-83,-176,-66,-89,-48,96,-6,319,-6,319,6,319,20,315,34,311,46,306,59,299,72,291,84,282,96,272,107,260,119,247,129,97,58,-3868,4485,-1335,-140,-1806,-2954]]]
757065	p	756135
776251	p	756135
3081741	r	18.5657,52.3147,19.4957,52.9827	[[[185657,525178,120,-161,148,-170,1226,-903,207,-104,292,-128,305,-116,317,-103,327,-91,337,-77,343,-64,350,-49,354,-36,358,-22,359,-7,359,7,358,22,354,36,350,49,343,64,337,77,55,16,152,374,1772,4386,177,436,-130,97,-245,160,-263,150,-277,139,-292,128,-305,116,-317,103,-327,91,-337,77,-343,64,-350,49,-354,36,-42,3,-154,-78,-4450,-2246,-1114,-2325]]]
3080165	r	14.9515,51.5934,16.0579,52.2866	[[[149515,519400,12,-227,36,-225,59,-224,83,-221,106,-217,129,-213,151,-206,172,-200,193,-193,213,-184,232,-176,250,-165,267,-155,282,-144,297,-132,311,-120,322,-107,333,-94,342,-79,350,-66,355,-52,361,-37,364,-22,365,-7,230,4,5249,4131,-1,7,-83,221,-106,217,-129,213,-151,206,-172,200,-193,193,-213,184,-232,176,-250,165,-267,155,-282,144,-297,132,-311,120,-322,107,-333,94,-342,79,-350,66,-355,52,-361,37,-364,22,-365,7,-365,-7,-364,-22,-361,-37,-355,-52,-350,-66,-342,-79,-333,-94,-322,-107,-311,-120,-297,-132,-282,-144,-267,-155,-250,-165,-232,-176,-213,-184,-193,-193,-172,-200,-151,-206,-129,-213,-106,-217,-83,-221,-59,-224,-36,-225,-12,-227]]]
757026	r	20.5344,49.731,21.4455,50.3033	[[[205344,500100,10,-193,29,-192,48,-190,68,-188,87,-185,105,-180,25,-36,5655,-1626,273,66,271,80,263,91,253,102,243,112,230,123,218,132,204,140,189,149,173,157,158,164,140,170,123,176,105,180,87,185,68,188,48,190,29,192,9,165,-4987,2961,-163,-10,-294,-32,-290,-44,-286,-56,-279,-67,-271,-80,-263,-91,-253,-102,-243,-112,-230,-123,-218,-132,-204,-140,-189,-149,-173,-157,-158,-164,-140,-170,-123,-176,-105,-180,-87,-185,-68,-188,-48,-190,-29,-192,-10,-193]]]
3100796	r	19.155,50.2797,19.4877,50.4871	[[[191550,503321,52,-12,4,-2,10,-6,11,-32,-7,-17,-5,-11,31,-53,2,-4,-36,-16,44,-35,-6,-1,0,-1,13,3,13,4,123,9,12,-10,63,0,86,31,3,1,4,0,54,-11,270,-53,-20,-25,27,-11,2,-51,40,-17,24,19,42,1,5,11,42,-4,3,9,75,3,10,-8,2,-83,-15,-33,41,18,39,33,39,5,105,-10,5,-1,1,0,51,-28,39,-1,-2,-58,-7,1,0,-19,-33,-51,59,-4,168,12,30,-4,-8,-12,1794,373,-125,67,-14,-8,33,19,10,-6,69,0,17,-6,-33,100,71,136,-56,97,-18,5,-34,-4,-175,63,-26,1,-21,-1,-21,-34,-489,-6,16,1,-25,13,2,1,24,-5,18,4,-22,30,15,26,-15,6,-28,-25,-90,49,-18,24,-49,1,-49,18,-32,18,-40,51,-26,11,-63,8,-42,34,-31,-14,-89,47,-34,72,-61,-21,-481,255,9,36,-42,15,-102,21,-1132,602,0,-1359,19,2,-9,-5,17,-5,28,7,-5,21,17,-1,2,9,12,-3,12,7,-14,-13,2,-19,28,16,43,-9,21,40,57,19,16,0,0,-1,-1,-36,-20,-19,-18,-2,-2,0,-39,-44,-9,-1,10,-15,-19,-7,-12,9,-43,-33,-17,-1,-12,-8,-10,3,-8,-7,-7,4,16,-30,-18,-13,-6,-2,6,8,-18,6,-30,-12,-30,-12,-59,-44]]]
3098722	r	14.7329,52.433,15.7071,53.027	[[[147329,527300,10,-194,32,-194,52,-191,72,-190,92,-186,113,-181,131,-177,151,-172,168,-165,186,-158,202,-150,218,-142,232,-133,247,-123,259,-113,270,-103,282,-92,290,-80,298,-68,305,-57,311,-44,314,-31,317,-19,319,-7,319,7,317,19,314,31,311,44,305,57,298,68,290,80,282,92,270,103,259,113,247,123,232,133,218,142,202,150,186,158,168,165,151,172,131,177,113,181,92,186,72,190,52,191,32,194,10,194,-10,194,-32,194,-52,191,-72,190,-92,186,-113,181,-131,177,-151,172,-168,165,-186,158,-202,150,-218,142,-232,133,-247,123,-259,113,-270,103,-282,92,-290,80,-298,68,-305,57,-311,44,-314,31,-317,19,-319,7,-319,-7,-317,-19,-314,-31,-311,-44,-305,-57,-298,-68,-290,-80,-282,-92,-270,-103,-259,-113,-247,-123,-232,-133,-218,-142,-202,-150,-186,-158,-168,-165,-151,-172,-131,-177,-113,-181,-92,-186,-72,-190,-52,-191,-32,-194,-10,-194]]]
3101619	r	18.919,50.2391,19.0134,50.3378	[[[189190,503025,55,-9,-2,-4,35,-9,-32,-51,86,-31,-14,-14,40,-16,-32,-20,-2,-12,28,-9,2,-17,16,-14,-24,6,-19,-50,-25,11,-4,-10,-18,0,-9,-10,-6,-8,8,-31,40,-17,-4,-1,3,-1,-8,1,-6,0,-4,-28,37,-17,10,-62,18,-9,-18,-49,-1,0,-2,-6,48,-71,75,-51,43,-15,57,-10,-5,27,8,26,22,22,5,21,-5,23,-25,31,8,11,-27,72,13,31,0,45,33,40,20,-4,7,65,2,3,6,0,16,37,8,-2,34,37,240,-155,109,70,23,3,-9,15,20,4,3,37,-24,12,5,12,14,5,-3,13,-15,59,0,2,-19,5,109,-26,-164,41,-4,19,-94,103,0,2,-2,11,-8,48,3,19,96,-2,11,44,-119,30,1,112,-3,0,-29,6,-122,12,-1,0,-12,1,-44,-5,-39,-25,-13,5,-45,-39,-7,-78,-10,-8,-19,-12,-43,37,-34,17,37,-103,-200,14,36,-47,-56,-54,-31,-14,7,-9,-9,-12,-22,4,-5,-24]]]
3096880	r	17.726,51.4672,18.5675,52.0284	[[[177260,519524,164,-177,2519,-2726,1800,-1949,89,9,304,45,299,56,292,69,285,80,276,92,265,103,254,113,242,124,228,133,213,142,199,150,182,159,165,165,147,172,129,177,110,182,91,187,71,189,51,193,30,193,10,195,-10,195,-30,193,-51,193,-71,189,-91,187,-110,182,-129,177,-147,172,-165,165,-182,159,-139,105,-5708,767,-54,-15,-276,-92,-265,-103,-254,-113,-242,-124,-228,-133,-213,-142,-50,-38]]]
3095049	r	15.6318,53.873,16.7083,54.4714	[[[156318,541900,11,-207,35,-207,57,-205,80,-202,102,-198,124,-194,146,-189,166,-183,186,-176,205,-169,223,-160,241,-152,257,-142,273,-131,286,-121,299,-110,311,-98,320,-85,330,-73,337,-60,343,-48,347,-33,351,-21,352,-6,352,6,351,21,347,33,343,48,337,60,330,73,320,85,311,98,299,110,286,121,273,131,257,142,241,152,223,160,205,169,186,176,166,183,146,189,124,194,102,198,80,202,57,205,35,207,11,207,-1,19,-1978,2435,-127,61,-286,121,-299,110,-217,68,-934,-701,-424,-427,146,87,88,62,199,-4,119,-145,-129,-87,-351,-97,-139,-97,-159,-38,-181,-22,-91,-19,87,74,224,137,125,149,-618,-425,-415,-159,-344,-99,544,100,231,-7,-20,-161,34,-14,19,3,11,-9,5,-49,-415,0,-18,4,-1,-4,-43,0,0,-13,-37,-5,33,-41,2,-28,-13,-13,6,-36,-17,-10,-787,-80,-218,90,496,130,126,75,-1107,-217,-1611,-118,-1939,-516,-339,-53,-1,-31]]]
3093692	r	15.712,50.9765,16.608,51.339	[[[157120,512100,10,-185,21,-132,3764,-2018,1335,140,3152,1087,1,0,403,139,16,28,248,758,10,183,-10,185,-29,184,-48,182,-21,59,-769,63,-7586,617,-35,-40,-121,-169,-103,-173,-85,-177,-66,-180,-48,-182,-29,-184,-10,-185]]]
758470	p	756135
13562332	p	3081368
3085450	r	16.5248,54.1643,17.5352,54.7257	[[[165248,544600,11,-193,32,-193,39,-139,1137,-1400,35,-24,226,-142,241,-132,255,-123,269,-112,281,-103,291,-91,302,-80,309,-68,316,-56,322,-44,327,-31,329,-19,330,-7,330,7,329,19,327,31,322,44,316,56,309,68,302,80,291,91,281,103,269,112,255,123,241,132,226,142,210,149,193,157,174,165,156,170,137,177,116,181,96,185,75,188,54,191,32,193,11,193,-11,193,-32,193,-54,191,-75,188,-96,185,-116,181,-137,177,-156,170,-174,165,-193,157,-210,149,-226,142,-241,132,-255,123,-269,112,-281,103,-291,91,-20,5,-2157,-586,-958,-611,-378,-79,-426,-42,-811,-188,-2089,-179,-208,-76,-68,-131,-75,-188,-54,-191,-32,-193,-11,-193]]]
3097333	r	19.1606,49.9341,19.6845,50.317	[[[191607,502262,32,-110,8,-3,53,-13,23,-12,43,-68,14,-7,19,-2,56,8,39,-11,19,-24,-5,-37,13,-23,65,-17,28,-5,16,-7,13,-3,6,-5,8,-4,67,-62,56,-27,43,-67,81,-22,25,-14,53,-96,35,-19,-48,-26,-109,12,-2,-9,-32,4,-54,23,-50,6,-15,10,-14,4,-287,-1108,278,-536,2907,-651,1854,3430,-1996,399,-1794,-373,-13,-19,101,-4,14,-14,-1,-7,-42,-3,1,-28,65,0,-16,-14,-48,-8,3,-117,0,-1,-13,-6,21,-10,-8,-6,-13,1,-15,11,-26,-17,-41,22,-20,-8,-25,6,-22,-10,-19,14,-22,-12,-75,-16,-21,15,5,4,-39,18,-37,6,-16,-14,-34,-6,-15,-18,-53,10,-37,-6,-8,-8,-12,9,-25,-1,-57,14,-16,-17,-8,18,-25,-1,-5,-7,-33,7,-6,-11,0,1,2,10,-12,12,-17,1,-3,-9,-29,2,-10,7,-1,22,-26,-3,-8,12,-15,0,-24,-12,0,-14,-22,-11,-26,-2,-12,-12,-31,-7,-5,-5,24,-4,-25,-8,-16,-15,-10,-3,-11,12,-44,-11,-57,-38,2,-5,24,4,44,-53,46,-19,15,-17,-71,-20,-60,-63,-2,-1,-7,-7,-48,-26,-291,-8,-16,6,8,-6,-9,0,-5,-18,-12,12,-16,3,-16,-8]]]
3097391	r	18.2838,49.6967,18.8241,50.027	[[[182838,499124,87,-46,144,19,280,157,-11,17,-13,12,-18,5,-22,0,403,32,387,-88,415,-149,328,-117,233,1,393,163,148,-58,62,-182,-25,-153,44,-122,265,-93,-275,-206,5,-268,173,-304,236,-314,100,-291,63,-75,133,-61,308,-17,99,-19,1460,2083,-1628,818,19,48,17,47,2,53,29,79,118,-47,14,11,-74,25,6,12,61,-21,7,25,-13,5,-1,9,-87,33,6,5,-26,32,-34,-61,-20,-7,-2,18,-45,28,-12,21,-39,19,-91,21,-16,10,5,5,-10,9,-23,-12,-7,-16,17,-2,-2,-4,-19,-46,-7,-2,-1,-2,-5,0,-3,-1,-15,1,0,13,-12,4,-17,5,-13,-5,14,35,-25,7,-6,0,-13,-5,-18,-28,-60,10,-2,-10,-31,5,-68,-10,11,-28,35,-11,-23,-24,2,-13,-323,162,-1945,-150,-1029,-996]]]
13562335	p	3081368
6545347	p	756135
3098218	r	18.2469,53.2087,19.2531,53.7814	[[[182469,534800,11,-197,32,-196,54,-195,75,-192,83,-165,1353,-1075,5613,-693,35,10,290,93,280,104,268,115,254,125,240,135,225,144,209,152,192,160,174,168,155,174,136,180,116,184,95,189,75,192,54,195,32,196,11,197,-11,197,-32,196,-54,195,-75,192,-95,189,-116,184,-136,180,-155,174,-174,168,-192,160,-209,152,-225,144,-240,135,-254,125,-268,115,-280,104,-290,93,-300,82,-308,69,-315,57,-321,45,-324,32,-328,20,-329,6,-329,-6,-328,-20,-324,-32,-321,-45,-315,-57,-308,-69,-300,-82,-290,-93,-280,-104,-268,-115,-254,-125,-240,-135,-225,-144,-209,-152,-192,-160,-174,-168,-155,-174,-136,-180,-116,-184,-95,-189,-75,-192,-54,-195,-32,-196,-11,-197]]]
763534	r	20.2514,49.3319,21.1486,49.8975	[[[202514,496200,10,-191,29,-191,47,-189,67,-186,85,-183,104,-180,121,-174,138,-169,155,-163,171,-155,186,-148,201,-140,214,-131,179,-95,-2,97,156,23,846,-281,219,-36,237,56,114,70,160,129,102,37,92,4,216,-21,378,40,156,-18,879,-686,101,11,286,44,281,55,275,68,267,79,259,90,249,101,239,112,227,121,214,131,201,140,186,148,171,155,155,163,138,169,121,174,104,180,85,183,67,186,47,189,29,191,10,191,-10,191,-29,191,-47,189,-67,186,-85,183,-104,180,-48,69,-5380,1547,-136,39,-22,-4,-275,-68,-267,-79,-259,-90,-249,-101,-239,-112,-227,-121,-214,-131,-201,-140,-186,-148,-171,-155,-155,-163,-138,-169,-121,-174,-104,-180,-85,-183,-67,-186,-47,-189,-29,-191,-10,-191]]]
763442	p	756135
3095321	r	17.7051,51.9388,18.796,52.5112	[[[177051,521996,1,-16,35,-220,58,-217,81,-215,104,-211,125,-206,148,-201,168,-194,103,-102,968,-130,5708,-767,954,-128,30,11,290,128,276,140,261,151,244,160,227,171,208,179,189,187,168,194,148,201,125,206,104,211,81,215,58,217,35,220,12,220,-12,220,-35,220,-58,217,-81,215,-104,211,-125,206,-148,201,-168,194,-11,10,-420,310,-761,560,-213,108,-290,128,-213,82,-4541,30,-605,-506,-1976,-1651,-1148,-959]]]
3088972	r	19.492,51.109,20.09,51.6197	[[[194920,515150,1220,-4010,234,-24,313,-20,313,-6,313,6,313,20,309,32,306,45,300,57,293,69,286,81,277,93,266,104,255,115,242,125,229,135,215,143,199,153,97,85,-3849,3844,-265,-66,-1866,-981]]]
3097872	r	17.7952,52.5171,18.6771,53.0022	[[[177952,528000,8,-143,2397,-2333,187,-61,277,-77,285,-65,291,-54,296,-42,300,-30,303,-18,304,-6,304,6,303,18,300,30,296,42,291,54,285,65,277,77,268,87,258,98,247,108,235,117,222,127,208,135,33,24,644,1344,-4024,2519,-4684,-1415,-21,-55,-50,-183,-30,-184,-10,-185]]]
3092931	r	15.7458,51.2705,16.6542,51.5901	[[[157458,514000,10,-187,29,-185,48,-185,18,-48,8482,-690,29,33,122,170,105,175,86,179,68,181,48,185,29,185,10,187,-10,187,-29,185,-48,185,-68,181,-86,179,-105,175,-122,170,-140,164,-141,142,-1024,333,-7202,-1285,-22,-59,-48,-185,-29,-185,-10,-187]]]
3097257	r	15.154,50.6736,16.0915,51.2647	[[[151540,510085,21,-7,47,-151,94,-147,569,-6,267,-84,160,-163,-10,-97,-87,-105,-70,-184,30,-142,93,-176,117,-166,107,-108,199,-101,181,-51,152,-80,120,-187,3,-97,-28,-101,-8,-95,64,-82,125,-26,17,-3,110,74,95,106,93,74,417,22,2001,-444,113,-48,133,-129,73,-46,105,-21,831,128,248,-15,22,-68,32,-61,506,-546,64,-15,277,5,286,69,1806,2954,-3764,2018,-1612,864,-171,-33,-368,-88,-359,-103,-347,-118,-334,-131,-319,-146,-304,-158,-288,-171,-268,-182,-250,-193,-229,-203,-208,-213,-185,-220,-163,-227,-138,-234,-68,-142]]]
756092	p	756135
759412	r	21.8396,51.8919,22.7399,52.4481	[[[218396,521700,10,-182,29,-181,48,-180,66,-177,86,-174,104,-170,121,-166,139,-161,156,-154,172,-148,187,-141,201,-133,215,-124,228,-115,240,-106,250,-97,260,-85,268,-75,276,-65,282,-52,287,-42,291,-29,293,-18,295,-6,295,6,293,18,291,29,287,42,282,52,276,65,268,75,260,85,250,97,240,106,228,115,215,124,201,133,187,141,172,148,64,63,690,1581,-5,83,-29,181,-48,180,-66,177,-86,174,-104,170,-121,166,-139,161,-156,154,-172,148,-187,141,-201,133,-215,124,-228,115,-240,106,-250,97,-260,85,-268,75,-276,65,-282,52,-287,42,-291,29,-293,18,-295,6,-295,-6,-293,-18,-291,-29,-287,-42,-282,-52,-276,-65,-268,-75,-260,-85,-250,-97,-240,-106,-228,-115,-215,-124,-201,-133,-187,-141,-172,-148,-156,-154,-139,-161,-121,-166,-104,-170,-86,-174,-66,-177,-48,-180,-29,-181,-10,-182]]]
3089033	r	16.2262,52.8398,17.2538,53.4602	[[[162262,531500,11,-203,33,-202,54,-200,77,-198,97,-194,119,-190,139,-185,158,-179,178,-173,196,-165,213,-157,230,-148,245,-139,260,-128,273,-119,286,-107,296,-95,307,-84,314,-72,322,-59,328,-46,331,-33,335,-20,336,-6,336,6,335,20,331,33,328,46,322,59,314,72,307,84,296,95,286,107,273,119,260,128,245,139,230,148,213,157,196,165,178,173,158,179,139,185,119,190,97,194,77,198,54,200,33,202,11,203,-11,203,-33,202,-54,200,-77,198,-97,194,-119,190,-139,185,-158,179,-178,173,-196,165,-213,157,-230,148,-245,139,-260,128,-273,119,-286,107,-296,95,-307,84,-314,72,-322,59,-328,46,-331,33,-335,20,-336,6,-336,-6,-335,-20,-331,-33,-328,-46,-322,-59,-314,-72,-307,-84,-296,-95,-286,-107,-273,-119,-260,-128,-245,-139,-230,-148,-213,-157,-196,-165,-178,-173,-158,-179,-139,-185,-119,-190,-97,-194,-77,-198,-54,-200,-33,-202,-11,-203]]]
762863	r	21.037,50.655,21.8521,51.2128	[[[210370,507679,65,-319,197,-134,221,-131,234,-121,246,-112,256,-102,267,-90,275,-79,170,-41,6005,1871,58,120,69,187,49,189,29,191,10,192,-10,192,-29,191,-49,189,-69,187,-88,184,-106,179,-125,175,-143,169,-160,163,-176,156,-191,148,-207,141,-221,131,-234,121,-246,112,-256,102,-267,90,-275,79,-284,68,-264,51,-965,-191,-3786,-4258]]]
3086024	r	18.9853,50.2748,19.08,50.4323	[[[189853,503247,119,-30,-11,-44,-96,2,-3,-19,8,-48,2,-11,0,-2,94,-103,4,-19,164,-41,40,-10,10,-5,-6,-15,53,-30,65,-9,19,-8,23,-70,31,-5,37,10,100,-42,22,59,24,25,18,39,-18,8,4,17,34,-2,-11,42,32,18,-11,36,-34,2,-2,-24,-9,-1,-30,5,-37,19,312,210,0,123,-190,116,0,2,2,11,-4,5,0,2,-4,2,-1,1,-15,9,-4,3,50,60,13,2,9,12,-11,5,34,103,43,13,60,32,18,-11,0,632,-836,-646,7,0,103,-28,46,-29,35,-8,20,-26,46,-22,19,-25,42,-15,31,-23,32,-9,70,-4,-52,-4,1,-70,-19,-75,-21,16,-77,11,-59,-19,-79,-40,-255,52,-1,-112]]]
3089684	r	17.3648,51.382,18.1569,51.9347	[[[173648,516600,10,-182,28,-181,48,-179,66,-178,84,-174,103,-170,120,-166,138,-160,153,-155,170,-148,185,-140,199,-133,213,-124,225,-116,237,-106,247,-96,257,-86,265,-75,273,-64,279,-53,284,-41,287,-30,290,-17,291,-6,291,6,290,17,287,30,284,41,279,53,273,64,265,75,257,86,247,96,237,106,225,116,213,124,199,133,122,93,-4145,4487,-192,-20,-284,-41,-279,-53,-273,-64,-265,-75,-257,-86,-247,-96,-237,-106,-225,-116,-213,-124,-199,-133,-185,-140,-170,-148,-153,-155,-138,-160,-120,-166,-103,-170,-84,-174,-66,-178,-48,-179,-28,-181,-10,-182]]]
3091232	r	19.0674,50.0528,19.2418,50.2669	[[[190674,502039,65,-5,120,13,77,-6,22,-7,-26,-34,4,-9,-12,-1,43,-37,-64,-10,3,-8,-12,2,17,-5,-8,-12,25,-14,12,-2,23,-9,4,-4,6,-9,9,-26,15,-7,4,-22,30,-42,2,-28,10,0,4,-8,-6,-24,40,-50,19,-66,-20,-22,-23,9,27,-4,9,16,-30,39,-15,3,-8,-24,-12,1,7,-16,-16,-3,23,-9,7,-22,20,-4,-8,-11,-28,5,-16,-14,33,-22,17,-27,-55,-69,-18,-9,812,-898,287,1108,14,-4,15,-10,50,-6,54,-23,32,-4,2,9,109,-12,48,26,-35,19,-53,96,-25,14,-81,22,-43,67,-56,27,-67,62,-8,4,-6,5,-13,3,-16,7,-28,5,-65,17,-13,23,5,37,-19,24,-39,11,-56,-8,-19,2,-14,7,-43,68,-23,12,-53,13,-8,3,-32,110,0,1,-29,27,-98,65,-69,112,-10,16,-9,31,-21,73,-36,34,-115,48,-32,-34,-20,-55,-4,-8,-12,0,-19,-40,-21,-1,-6,-31,-92,-30,1,-11,-11,-7,8,-16,19,-2,-21,-8,19,-32,-113,-297,-146,-32,-81,-4,-15,-22]]]
3084840	r	14.6684,53.0151,15.5997,53.6705	[[[146684,531023,191,-107,278,-138,293,-126,305,-114,318,-102,327,-89,337,-76,344,-63,351,-49,77,-8,3805,410,244,91,293,126,278,138,262,147,246,158,228,167,210,176,190,184,169,190,149,197,127,203,104,207,82,210,58,214,36,215,11,216,-11,216,-36,215,-58,214,-82,210,-104,207,-127,203,-149,197,-169,190,-190,184,-210,176,-228,167,-246,158,-262,147,-278,138,-293,126,-305,114,-318,102,-327,89,-337,76,-344,63,-351,49,-354,35,-358,21,-360,8,-360,-8,-358,-21,-354,-35,-137,-19,-1450,-3113,25,4,14,-7,7,-31,-36,-6,-15,-11,29,-19,52,13,20,-15,-19,-13,17,-26,37,-19,13,3,61,-39,-13,-6,21,-19,-15,-8,9,-6,-19,-9,9,-21,-29,-16,4,39,-16,12,-32,9,-16,-4,-5,21,-22,3,-7,13,-53,13,-5,-5,-29,20,-21,-5,-27,4,-1096,-2355]]]
3089578	r	18.9121,51.515,19.6786,51.7999	[[[189121,516600,9,-183,29,-182,48,-181,66,-178,85,-175,104,-172,121,-166,138,-162,51,-51,5148,0,1866,981,-2115,817,16,-65,-161,5,-33,-17,-148,2,-70,-12,-28,5,-1,9,-41,-5,-26,39,7,0,1,23,-166,37,-18,-34,-190,26,-88,13,-131,18,-2,34,-50,-4,-49,94,-49,51,-25,10,18,45,23,17,10,38,-16,13,14,5,-43,-1,10,-9,-66,-30,9,34,13,4,-5,16,-19,-1,-5,-12,-13,7,4,13,14,8,25,-1,23,16,11,-4,18,5,-60,49,27,9,54,12,3,-6,19,2,-789,305,-2977,288,-138,-162,-121,-166,-104,-172,-85,-175,-66,-178,-48,-181,-29,-182,-9,-183]]]
3099112	r	17.1705,52.2531,18.032,52.8069	[[[171705,526469,1674,-3505,161,-62,261,-85,269,-75,277,-64,283,-52,288,-41,292,-30,294,-18,296,-6,296,6,294,18,292,30,288,41,283,52,277,64,269,75,261,85,139,53,1976,1651,58,154,49,179,29,180,9,181,-9,181,-17,104,-802,780,-1328,1293,-104,40,-261,85,-269,75,-277,64,-283,52,-288,41,-292,30,-294,18,-296,6,-296,-6,-294,-18,-292,-30,-288,-41,-283,-52,-277,-64,-269,-75,-261,-85,-251,-96,-241,-106,-228,-115,-216,-123,-202,-133,-188,-140,-172,-147,-157,-154,-139,-160,-41,-55]]]
3099654	p	3102014
757718	r	22.4309,53.8139,23.4317,54.4009	[[[224309,541385,591,-465,2984,-2348,483,-381,278,-27,327,-19,328,-6,328,6,327,19,324,32,320,44,314,56,307,68,299,80,290,91,279,103,266,113,254,123,240,132,224,141,209,150,191,158,173,164,155,171,135,177,116,181,95,186,75,188,53,191,33,193,10,194,-10,194,-33,193,-53,191,-21,52,-182,30,-103,41,-92,78,-182,204,-96,88,-185,92,-200,100,-806,179,-381,137,-620,304,-182,52,-202,-27,-239,-59,-229,-1,-180,148,1,105,58,114,36,95,-63,55,-343,24,-113,45,-63,64,-44,78,-57,78,-106,63,-103,14,-227,-28,-109,8,-599,181,-213,17,-249,-68,-14,-15,-253,-274,-188,-89,-688,-134,-732,23,-6,-3,-254,-123,-240,-132,-224,-141,-209,-150,-191,-158,-173,-164,-155,-171,-135,-177,-116,-181,-95,-186,-75,-188,-53,-191,-17,-102]]]
756867	r	19.7051,51.2522,20.4582,51.8107	[[[197051,516197,3680,-3675,243,25,286,42,280,53,275,65,267,76,259,86,249,97,238,107,227,117,214,125,200,134,186,142,171,150,155,156,138,162,121,167,103,172,85,176,67,178,48,182,29,182,9,184,-9,184,-29,182,-48,182,-67,178,-85,176,-103,172,-121,167,-138,162,-155,156,-171,150,-186,142,-200,134,-214,125,-227,117,-238,107,-249,97,-259,86,-267,76,-275,65,-280,53,-286,42,-289,30,-292,18,-293,6,-293,-6,-292,-18,-289,-30,-49,-7,-2126,-1849]]]
761168	r	22.3367,49.5092,23.1042,50.0617	[[[223367,497800,9,-184,28,-184,46,-182,65,-179,82,-176,100,-173,117,-168,134,-162,149,-157,166,-150,179,-142,194,-135,207,-126,219,-117,231,-107,241,-97,250,-87,258,-76,265,-65,207,-41,-105,196,249,386,759,663,173,319,72,86,111,63,215,28,110,30,168,111,616,723,98,77,87,38,177,42,87,57,47,71,81,202,53,82,418,278,1085,1027,27,19,-84,67,-194,135,-207,126,-219,117,-231,107,-241,97,-250,87,-258,76,-265,65,-272,54,-276,42,-279,30,-283,18,-283,6,-283,-6,-283,-18,-279,-30,-276,-42,-272,-54,-265,-65,-258,-76,-250,-87,-241,-97,-231,-107,-219,-117,-207,-126,-194,-135,-179,-142,-166,-150,-149,-157,-134,-162,-117,-168,-100,-173,-82,-176,-65,-179,-46,-182,-28,-184,-9,-184]]]
758445	r	21.846,50.3021,22.5269,50.8848	[[[218460,508468,372,-5317,3620,-130,157,45,275,94,265,106,253,116,241,126,228,137,213,145,198,155,182,162,165,169,147,176,129,182,109,186,91,191,71,194,51,197,30,199,11,199,-11,199,-30,199,-51,197,-71,194,-91,191,-109,186,-129,182,-147,176,-165,169,-182,162,-198,155,-213,145,-228,137,-241,126,-253,116,-265,106,-275,94,-285,82,-292,70,-298,58,-304,45,-308,33,-310,19,-312,7,-312,-7,-310,-19,-308,-33,-304,-45,-298,-58,-292,-70,-23,-7,-193,-141]]]
753866	r	22.8268,50.4503,23.6732,50.9775	[[[228269,507200,9,-176,27,-176,45,-174,63,-172,80,-169,98,-165,114,-161,131,-155,146,-150,161,-144,176,-136,189,-129,202,-121,214,-112,225,-102,235,-94,245,-83,252,-73,259,-62,265,-51,270,-40,273,-29,275,-17,277,-6,277,6,275,17,273,29,270,40,265,51,259,62,252,73,245,83,235,94,225,102,214,112,202,121,189,129,176,136,161,144,146,150,131,155,114,161,98,165,80,169,63,172,45,174,27,176,9,176,-9,176,-27,176,-45,174,-63,172,-80,169,-98,165,-114,161,-131,155,-146,150,-161,144,-2,1,-4603,932,-112,-21,-259,-62,-252,-73,-245,-83,-235,-94,-225,-102,-214,-112,-202,-121,-189,-129,-176,-136,-161,-144,-146,-150,-131,-155,-114,-161,-98,-165,-80,-169,-63,-172,-45,-174,-27,-176,-9,-176]]]
3096372	r	17.7173,50.2177,18.5047,50.6424	[[[177173,503500,11,-215,33,-215,21,-81,82,-71,25,-23,5,-27,-8,-30,-22,-31,-19,-32,46,-128,98,-206,100,-171,805,-12,5351,-80,628,301,718,2502,-490,1193,-102,250,-7259,-2630,-12,-79,-11,-215]]]
3099213	r	15.563,51.4486,16.4769,51.9857	[[[155630,516174,56,-209,77,-208,99,-204,120,-199,141,-194,161,-188,180,-181,199,-174,173,-131,731,130,7202,1285,-3754,3951,-215,5,-341,-7,-172,-11,-4657,-3665]]]
3081318	p	3099434
3093524	r	16.1515,51.5636,17.0143,52.1164	[[[161515,519326,3254,-3425,807,-262,124,-3,291,6,289,18,287,30,283,41,278,52,272,64,265,74,256,86,247,95,237,106,224,114,212,124,199,132,185,140,169,147,153,153,138,160,120,164,102,170,84,173,66,176,48,178,28,180,10,181,-10,181,-28,180,-48,178,-66,176,-84,173,-102,170,-120,164,-138,160,-153,153,-169,147,-185,140,-199,132,-212,124,-224,114,-237,106,-247,95,-256,86,-265,74,-272,64,-278,52,-283,41,-287,30,-289,18,-291,6,-291,-6,-289,-18,-287,-30,-283,-41,-278,-52,-272,-64,-265,-74,-256,-86,-247,-95,-237,-106,-224,-114,-212,-124,-199,-132,-185,-140,-169,-147,-153,-153,-138,-160,-120,-164,-80,-132]]]
3080004	r	18.5812,49.905,18.94,50.1756	[[[185812,500270,323,-162,-2,13,23,24,-35,11,-11,28,68,10,31,-5,2,10,60,-10,18,28,13,5,6,0,25,-7,-14,-35,13,5,17,-5,12,-4,0,-13,15,-1,3,1,5,0,1,2,7,2,19,46,2,4,-17,2,7,16,23,12,10,-9,-5,-5,16,-10,91,-21,39,-19,12,-21,45,-28,2,-18,20,7,34,61,26,-32,-6,-5,87,-33,1,-9,13,-5,-7,-25,-61,21,-6,-12,74,-25,-14,-11,-118,47,-29,-79,-2,-53,-17,-47,-19,-48,1628,-818,1160,682,-1556,1805,-744,219,-89,-3,-627,-775,44,8,-44,-9,-42,-51,37,-80,13,11,38,-6,32,6,44,-20,4,-17,13,-4,5,10,40,-13,-11,-13,-9,4,-15,-4,-62,16,-19,-5,-1,-1,-3,-1,0,-3,-5,-7,-9,-87,-29,-26,16,3,1,-6,-32,-7,-29,-19,60,10,2,5,36,-7,-5,-39,-18,-31,7,-5,20,5,17,-17,22,-6,3,-20,8,3,4,-8,-53,-31,-51,-9,-25,-10,-16,3,-11,-7,-63,-6,-69,-14,-14,-10,-18,11,-10,-2,-23,-26,-38,-15,-31,-3,-2,-11,-3,7,2,4,-4,3,-1,2,-3,0,-2,1,-29,0,-21,10,-10,-12,11,-2,-25,-17,-23,-8,-23,5,-20,-8,-4,-7,32,2,-6,-22,-16,-14,-22,-1,-8,-6,-20,7,-15,-3,-71,-88]]]
3103709	r	18.9112,51.0879,19.6077,51.515	[[[189112,513700,9,-184,29,-184,48,-182,67,-180,85,-177,103,-173,122,-168,138,-162,155,-157,171,-150,187,-143,200,-135,215,-126,227,-117,238,-108,250,-97,259,-87,267,-76,275,-65,281,-54,286,-42,290,-30,292,-18,294,-6,294,6,292,18,290,30,286,42,281,54,275,65,267,76,259,87,232,91,-1156,3802,-5168,0,-39,-40,-138,-162,-122,-168,-103,-173,-85,-177,-67,-180,-48,-182,-29,-184,-9,-184]]]
766027	r	21.7144,52.9091,22.509,53.4509	[[[217144,533527,2089,-4306,205,-38,286,-40,290,-29,292,-17,294,-6,294,6,292,17,290,29,286,40,281,52,275,62,268,73,259,84,249,94,239,103,227,112,215,122,201,129,186,137,171,144,155,151,139,156,121,161,103,166,86,170,66,173,48,174,29,177,10,177,-10,177,-29,177,-48,174,-66,173,-86,170,-103,166,-121,161,-139,156,-155,151,-171,144,-186,137,-201,129,-215,122,-227,112,-239,103,-249,94,-259,84,-268,73,-275,62,-281,52,-286,40,-290,29,-292,17,-294,6,-294,-6,-292,-17,-290,-29,-286,-40,-281,-52,-275,-62,-268,-73,-259,-84,-249,-94,-239,-103,-227,-112,-215,-122,-201,-129,-80,-59]]]
3083440	r	18.4557,50.3975,19.1327,50.725	[[[184557,506174,490,-1193,1503,-698,1364,-307,-9,21,38,-2,6,5,9,-7,21,11,15,-9,16,8,10,-6,46,26,8,-8,22,31,14,-4,19,13,63,-4,15,-7,15,-26,65,-17,23,21,15,31,0,41,17,31,30,12,26,-8,55,-50,83,-1,86,-18,16,-1,-16,9,11,62,107,-7,14,-20,24,-7,8,4,12,-8,2469,954,60,51,-145,785,-4765,1368,-225,-77,-267,-106,-256,-118,-244,-128,-230,-138,-215,-148,-200,-156,-184,-164,-39,-41]]]
3084093	r	16.225,50.5845,16.9009,51.0993	[[[162250,509905,3502,-4060,211,32,258,49,251,61,245,70,237,81,229,90,218,100,208,108,196,117,184,125,171,132,156,139,142,145,127,151,111,155,95,160,78,164,61,166,44,169,26,170,9,171,-9,171,-1,6,-2887,2318,-149,28,-261,39,-266,28,-34,2,-3152,-1087]]]
774558	r	23.0089,50.8715,23.908,51.4313	[[[230089,511400,10,-190,30,-190,49,-188,68,-186,88,-182,106,-179,125,-173,142,-168,71,-73,474,-96,4603,-932,632,-128,252,73,266,90,257,100,245,111,233,121,220,131,207,139,191,147,176,155,159,162,142,168,125,173,106,179,14,29,-38,134,-87,134,-262,256,-148,198,37,92,165,54,-111,122,-476,305,-508,202,-225,173,-554,761,-171,70,-193,2,-157,51,-65,213,53,133,138,147,178,118,183,45,-62,135,12,103,42,40,-92,31,-275,79,-282,67,-289,55,-293,44,-298,31,-300,18,-302,7,-302,-7,-300,-18,-298,-31,-293,-44,-289,-55,-282,-67,-275,-79,-266,-90,-257,-100,-245,-111,-233,-121,-220,-131,-207,-139,-191,-147,-176,-155,-159,-162,-142,-168,-125,-173,-106,-179,-35,-71,-188,-595,-12,-80,-10,-190]]]
3083426	r	18.3326,53.8258,19.1408,54.2856	[[[183326,540900,10,-173,29,-172,47,-170,67,-169,85,-165,103,-162,121,-157,138,-153,154,-147,171,-140,185,-134,201,-126,213,-118,227,-110,238,-101,248,-91,258,-81,267,-72,274,-61,280,-50,285,-39,289,-28,291,-17,293,-6,293,6,291,17,289,28,285,39,280,50,274,61,267,72,258,81,248,91,238,101,227,110,213,118,201,126,185,134,59,48,-866,3516,-7103,-1373,-27,-68,-47,-170,-29,-172,-10,-173]]]
3089125	r	18.8799,50.3307,19.1267,50.5047	[[[188799,504091,46,-34,-9,-67,71,6,38,-23,-37,-17,-1,-9,-27,-7,20,-12,-40,-31,11,-1,-2,-14,-29,-51,25,-27,21,10,43,-8,0,36,24,7,9,-38,-7,-17,93,-43,35,-13,14,2,46,-21,84,-5,0,-11,-38,3,27,-24,2,-20,29,1,39,-19,84,-14,-22,-19,3,0,159,-4,15,-12,114,-44,0,-1,-21,-85,22,0,-17,-60,-13,4,-19,-56,13,-5,39,25,44,5,6,0,129,-13,29,-6,3,0,255,-52,79,40,59,19,77,-11,21,-16,19,75,-1,70,52,4,-70,4,-32,9,-31,23,-42,15,-19,25,-46,22,-20,26,-35,8,-46,29,-103,28,-7,0,836,646,467,723,-2468,-955]]]
764849	r	20.9086,49.9756,21.8753,50.5727	[[[209086,503260,382,-227,4987,-2961,533,-316,3765,3376,-7042,2528,-186,67,-185,-74,-273,-126,-261,-138,-246,-148,-230,-158,-214,-167,-196,-177,-178,-184,-158,-191,-139,-197,-119,-203,-98,-207,-76,-211,-55,-214,-11,-72]]]
3087584	r	17.7811,49.9124,18.3867,50.2258	[[[177811,500900,10,-185,28,-185,47,-183,65,-181,83,-177,27,-46,175,-112,41,31,42,-18,-22,11,5,6,-69,39,21,40,20,-1,16,-16,27,-6,1,-12,12,-7,15,4,8,21,14,1,13,-12,-7,-11,45,-33,75,0,17,-28,-8,-13,16,-6,17,7,19,-14,3,-15,30,9,18,-2,52,-71,18,-10,167,68,11,-9,32,17,33,-3,52,-19,112,-14,24,13,40,0,260,150,182,30,401,8,325,62,51,44,-18,100,-70,69,-86,2,-79,-16,-53,14,-45,227,167,-27,141,-23,584,-246,-65,-184,131,-98,508,-62,130,-16,152,-54,315,-175,118,-34,235,-32,119,-57,42,-54,69,-155,56,-68,112,-59,1029,996,-166,2058,-5351,80,-86,-104,-119,-169,-101,-174,-83,-177,-65,-181,-47,-183,-28,-185,-10,-185]]]
3103719	r	19.0584,50.3013,19.1896,50.5097	[[[190584,503475,4,-3,15,-9,1,-1,4,-2,0,-2,4,-5,-2,-11,0,-2,190,-116,0,-123,312,-90,5,-13,79,-76,18,2,-8,7,5,21,43,3,2,-31,114,13,-12,-17,36,-5,6,13,8,0,-2,-15,39,1,-11,41,51,22,-11,12,41,10,-14,3,87,12,62,17,0,1,6,1,-44,35,33,15,3,1,-2,4,-31,53,6,16,6,12,-11,32,-10,6,-4,2,-52,12,12,9,47,35,30,12,11,5,19,7,18,-6,-6,-8,6,2,18,13,-16,30,7,-4,8,7,10,-3,12,8,17,1,43,33,12,-9,19,7,-10,15,9,1,39,44,20,2,20,19,1,36,-16,1,-57,-19,-21,-40,-43,9,-28,-16,-2,19,14,13,-12,-7,-12,2,-2,-8,-17,1,5,-21,-28,-7,-17,5,9,5,-19,-2,0,1359,-323,226,-60,-51,-467,-723,0,-632,-18,11,-60,-32,-43,-13,-34,-103,11,-5,-9,-12,-13,-2,-50,-60]]]
3080251	p	3093133
776175	r	22.6589,51.7421,23.5848,52.3179	[[[226589,519943,3,-19,49,-186,69,-183,89,-180,107,-177,125,-171,144,-167,160,-160,177,-153,193,-145,208,-138,222,-129,235,-119,248,-110,258,-99,268,-89,277,-78,285,-66,291,-55,296,-43,300,-30,303,-19,304,-6,304,6,303,19,300,30,296,43,291,55,285,66,277,78,268,89,258,99,248,110,235,119,222,129,208,138,193,145,177,153,160,160,144,167,125,171,107,177,89,180,69,183,49,186,30,188,10,188,-10,188,-30,188,-49,186,-69,183,-82,166,-289,-5,-194,38,-278,342,40,35,28,120,-38,75,-168,-100,-66,48,-99,51,-39,44,-138,-102,-95,11,-90,57,-125,34,-143,-34,-29,17,73,92,0,62,-210,13,-621,144,-131,81,-154,-37,-483,80,-236,40,-226,88,80,178,-32,132,-110,98,-74,38,-74,38,-31,5,204,255,-53,5,-303,19,-304,6,-304,-6,-303,-19,-300,-30,-296,-43,-291,-55,-285,-66,-277,-78,-268,-89,-258,-99,-248,-110,-235,-119,-222,-129,-208,-138,-193,-145,-5,-5,-108,-249,-690,-1581,-120,-275]]]
772621	r	21.9,53.5567,22.8199,54.1033	[[[219001,538300,9,-179,30,-178,49,-176,68,-174,88,-171,106,-168,124,-163,142,-157,159,-152,175,-146,191,-138,206,-130,219,-123,233,-113,245,-104,255,-95,266,-84,274,-74,282,-63,288,-52,293,-40,297,-30,299,-17,301,-6,301,6,299,17,297,30,293,40,288,52,282,63,274,74,266,84,255,95,245,104,233,113,219,123,206,130,191,138,175,146,159,152,142,157,124,163,106,168,88,171,68,174,49,176,30,178,9,179,-1,24,-3298,2596,-110,20,-293,40,-297,30,-299,17,-301,6,-301,-6,-299,-17,-297,-30,-293,-40,-288,-52,-282,-63,-274,-74,-266,-84,-255,-95,-245,-104,-233,-113,-219,-123,-206,-130,-191,-138,-175,-146,-159,-152,-142,-157,-124,-163,-106,-168,-88,-171,-68,-174,-49,-176,-30,-178,-9,-179]]]
3083988	r	18.8835,50.2708,18.937,50.3249	[[[188835,502949,139,-47,25,-15,34,-41,0,-8,-36,1,-5,-35,-6,1,10,-28,50,4,-1,-21,28,2,-4,-6,25,-6,1,7,13,-1,3,-10,187,-37,6,0,8,-1,-3,1,4,1,-40,17,-8,31,6,8,9,10,18,0,4,10,25,-11,19,50,24,-6,-16,14,-2,17,-28,9,2,12,32,20,-40,16,14,14,-86,31,32,51,-35,9,2,4,-55,9,5,24,22,-4,9,12,-7,9,31,14,56,54,-36,47,-13,21,6,2,-74,2,-72,15,-83,7,-74,21,-7,-49,-30,-47,9,-4,-12,0,-36,-27,-16,-30,1,-18,52,-63,-67,-35,-19,-27]]]
761228	p	756135
762909	r	21.12,52.8118,21.9295,53.3682	[[[211200,530900,9,-182,30,-181,49,-180,68,-177,88,-174,106,-170,124,-166,142,-161,159,-154,175,-148,191,-141,206,-133,220,-124,232,-116,245,-106,256,-96,265,-86,275,-75,281,-64,288,-53,294,-41,297,-30,299,-18,301,-6,301,6,299,18,297,30,294,41,288,53,281,64,275,75,265,86,256,96,245,106,232,116,220,124,206,133,36,27,-2151,4434,-17,35,-136,25,-294,41,-297,30,-299,18,-301,6,-301,-6,-299,-18,-297,-30,-294,-41,-288,-53,-281,-64,-275,-75,-265,-86,-256,-96,-245,-106,-232,-116,-220,-124,-206,-133,-191,-141,-175,-148,-159,-154,-142,-161,-124,-166,-106,-170,-88,-174,-68,-177,-49,-180,-30,-181,-9,-182]]]
758390	r	20.6685,50.7688,21.4156,51.2473	[[[206685,511366,3675,-3677,18,-1,3778,4249,-6236,536,-53,-28,-206,-121,-192,-130,-178,-138,-164,-145,-149,-151,-132,-157,-116,-162,-45,-75]]]
3080526	r	19.1182,50.2771,19.9439,50.7895	[[[191182,505882,145,-785,323,-226,1132,-602,102,-21,42,-15,-9,-36,153,-81,328,-174,61,21,34,-72,89,-47,31,14,42,-34,63,-8,26,-11,40,-51,32,-18,49,-18,49,-1,18,-24,90,-49,28,25,15,-6,-15,-26,22,-30,-18,-4,-24,5,-1,-1,24,-13,473,5,21,34,21,1,26,-1,175,-63,34,4,18,-5,56,-97,-71,-136,33,-100,-17,6,-69,0,-10,6,-19,-11,125,-67,1996,-399,2336,1092,79,168,78,214,56,217,34,219,11,219,-11,219,-34,219,-56,217,-78,214,-99,210,-121,205,-141,200,-162,194,-181,186,-200,179,-217,170,-234,160,-251,150,-265,139,-278,128,-292,116,-258,89,-393,-148,-4986,-1865]]]
753142	p	756135
766555	p	756135
757033	r	21.1709,50.3132,21.8832,50.8468	[[[211709,505700,2,-40,7042,-2528,79,19,-372,5317,-154,-47,-6005,-1871,-469,-145,-25,-70,-54,-210,-33,-212,-11,-213]]]
