4568127	n	-66.1473,18.4322,-66.0224,18.4735	[[[-661473,184647,119,-36,13,48,-100,28,-32,-40]],[[-661216,184735,122,-121,125,-118,579,-174,59,49,-1,3,-29,21,-29,12,-41,33,25,24,24,-2,7,31,4,4,-26,8,-162,33,-657,197]],[[-660356,184492,7,-10,25,-15,69,-21,16,0,15,12,-58,11,-74,23]]]
4562831	r	-66.306,18.2574,-66.1183,18.4815	[[[-663060,182594,622,-20,350,395,2,-13,-7,-14,-18,-12,-4,-14,28,-40,-3,-29,23,-52,8,-37,45,5,16,-19,-8,-31,13,-12,16,2,31,-12,15,-21,-6,-22,7,-41,15,-7,9,-13,18,15,4,19,15,15,18,39,67,47,15,39,58,31,34,-13,12,17,12,1,12,10,18,1,9,19,6,-9,4,9,15,3,66,-13,12,-9,42,-1,27,-11,16,17,5,6,0,3,-17,4,-3,9,35,18,0,23,-9,27,5,40,1,2,19,7,10,30,-6,17,-26,14,3,38,10,23,-3,8,-13,5,0,2,-1,0,0,10,1,1,0,5,5,9,5,1,1,1,1,0,8,3,15,0,39,5,6,1,10,7,-31,15,-33,26,0,1,-3,2,-20,25,-1,5,-1,2,-1,3,-1,5,0,26,1,2,0,3,9,23,-10,11,2,12,14,8,11,23,49,22,5,9,-25,7,2,27,7,15,2,11,-1,2,-20,-2,-1,1,-2,0,-3,4,-3,3,0,3,1,2,3,11,15,20,0,14,-2,25,-2,4,-19,19,0,34,-14,1,-2,2,-2,1,-3,3,-15,14,1,6,-1,1,1,7,1,24,4,8,1,5,3,1,1,2,1,-1,4,1,10,-11,11,16,2,92,14,9,14,-8,6,9,-2,12,-26,24,1,2,-3,3,3,23,21,28,2,-2,6,-7,8,-4,114,-54,8,18,30,11,-79,168,21,22,1,13,-12,22,-13,-5,-13,15,30,33,10,42,28,43,-40,42,-35,10,-35,46,-12,-7,-72,-4,-27,-8,-42,9,-9,-18,-5,1,1,13,-15,-6,-1,-14,-16,16,-13,-3,1,-10,-12,10,-34,-12,-8,5,2,9,-15,29,-1,0,-20,12,-1,16,-24,6,-14,16,-22,3,-9,4,-10,6,21,13,-3,6,-20,4,1,11,7,7,18,-6,20,18,16,47,-331,299,-82,-60,-529,161,-53,-15,-426,-2206]]]
4563243	r	-66.0431,18.2555,-65.7925,18.4631	[[[-660431,184440,41,-33,29,-12,29,-21,37,-100,92,-72,51,-21,32,0,34,-42,156,-67,-105,45,65,-147,-1,-1,-9,-15,-10,4,-11,-9,-7,6,-2,-11,-17,7,-4,-4,-5,-61,6,-33,20,-25,7,-20,16,-9,10,-16,59,-13,4,-49,19,-25,0,-38,76,-73,11,-47,19,-10,32,-1,2,-31,13,-11,14,-45,29,-7,-1,-26,30,-10,-20,-23,-8,-32,18,-16,13,-32,28,1,16,-11,1,-10,-12,-16,13,-25,1,0,33,-7,4,-21,17,-22,27,-6,13,-13,12,-2,22,-35,14,-11,30,-2,27,8,30,-26,2,-7,-15,-12,-16,-34,16,-10,-6,-14,9,-16,-35,-12,13,-22,-7,-24,6,-11,-60,9,-20,12,-14,-4,111,-249,271,-147,999,509,177,987,-3,-1,4,8,34,190,-17,6,-74,-100,-110,-50,-182,183,-175,92,-322,69,-123,88,-120,23,-156,-100,-458,125,-227,47,-35,-52,-6,1,-10,-15,-2,-12,-35,-51,-137,-59,44,3,-48,-4,-30,10,-16,17,-8,-13,-29,-12,-39,1,-15,1,-69,21,-25,15,-15,20,-11,-9,-7,-31,-24,2,-25,-24]]]
4566880	r	-66.7409,17.8832,-66.3712,18.2426	[[[-667409,179844,159,0,300,-113,76,-18,85,11,40,-33,7,-15,-7,-4,10,2,6,-8,11,-1,13,12,36,-1,16,21,9,-12,17,0,16,38,39,29,110,14,172,-14,69,-113,67,26,21,-26,-4,-7,-19,5,-10,-4,-14,9,1,6,-12,-16,6,-6,47,1,8,9,35,11,10,26,23,14,29,4,112,-55,70,13,12,-33,51,2,31,8,67,39,103,14,47,40,48,23,48,7,53,-7,-12,7,1,10,13,11,12,-6,8,4,-23,12,0,6,126,7,145,27,105,51,142,18,187,38,170,-105,162,-182,194,-144,204,-23,249,164,-543,2202,-1808,504,-505,83,-481,-94,-360,-2488]],[[-665298,178838,14,-6,13,22,49,45,22,15,20,-1,25,14,37,49,21,12,-6,23,-33,17,-53,-36,-33,-13,-40,-45,-20,-84,-16,-12]]]
4562635	r	-66.9393,18.2332,-66.5798,18.4983	[[[-669393,184915,173,-1678,278,-390,1893,-515,481,94,103,833,12,-4,33,13,24,-23,27,7,9,9,6,-8,22,9,12,23,31,-6,47,5,49,35,12,-5,28,15,10,-15,20,-1,3,-15,18,-4,12,-11,21,-2,3,36,23,1,27,24,2,14,14,11,-11,12,8,15,17,-7,14,5,21,-13,44,3,3,12,-12,13,14,8,6,26,-7,11,17,21,-13,17,10,22,19,19,-14,25,31,34,21,36,9,89,0,25,-33,0,-10,5,-15,-5,-9,13,-2,27,13,44,-7,39,4,31,-19,4,-10,18,12,15,-1,15,-10,27,-19,8,-1,2,-2,1,0,3,-1,3,1,5,0,5,23,104,33,-1,11,33,33,242,-9,9,-24,-12,-13,1,0,36,50,2,30,263,-20,-14,-26,5,-18,17,-27,47,21,115,-46,14,-8,-3,-55,25,-52,3,-43,22,-59,3,-59,11,-6,9,-5,-3,-14,9,-10,-3,-4,8,-21,-1,0,-12,-10,-3,3,20,-152,18,-568,-50,-391,-83,-149,9,-375,125,-143,18,-1038,-130,-320,62]]]
4563008	r	-66.1955,18.084,-65.9136,18.3125	[[[-661954,182470,978,-882,12,6,-2,20,21,33,-5,42,36,-35,13,-32,66,-59,31,-37,145,-42,-5,-22,-30,-37,5,-26,-7,-25,0,-1,22,-54,22,-8,6,-22,29,-45,14,-58,-3,-23,23,-2,21,-19,37,-6,28,17,5,-1,246,-222,418,-90,692,1715,-271,147,-878,244,10,28,-2,6,-32,19,11,28,22,15,24,-8,18,1,17,17,-42,45,-4,2,-16,4,-25,-4,-16,-10,-45,11,-18,15,-29,0,-11,10,-15,-11,-16,0,-18,-23,-7,-24,9,-27,-9,-13,26,-33,-3,-1,-48,14,-5,8,-8,0,-2,14,-13,10,-3,-10,-30,16,-8,-19,-10,3,-13,6,0,-3,-4,1,-15,-6,-9,4,1,-5,-7,0,-30,17,-9,-39,-141,-58,6,-1,-6,-22,-21,-3,9,-5,2,-12,-44,-16,-3,-7,10,-17,-8,-12,-36,-10,-6,-15,-16,7,-30,-6,-7,11,-31,-20,-91,-39,-38,15,-36,3,-6,2,-792,-329]]]
4565119	r	-66.2438,18.247,-66.06,18.4405	[[[-662438,182574,484,-104,792,329,6,-2,36,-3,38,-15,91,39,31,20,7,-11,30,6,16,-7,6,15,36,10,8,12,-10,17,3,7,44,16,-2,12,-9,5,21,3,6,22,-6,1,141,58,9,39,30,-17,7,0,-1,5,9,-4,15,6,0,1029,-355,-40,5,8,2,26,-22,34,-27,26,-1,22,19,22,-9,25,-18,17,-79,77,3,18,-5,1,-8,-16,-16,4,7,10,0,7,-6,-13,8,36,-1,39,-21,39,-23,1,-21,-15,-153,-148,35,-46,35,-10,40,-42,-28,-43,-10,-42,-30,-33,13,-15,13,5,12,-22,-1,-13,-21,-22,79,-168,-30,-11,-8,-18,-114,54,-8,4,-8,9,-21,-28,-3,-23,3,-3,-1,-2,26,-24,2,-12,-6,-9,-14,8,-14,-9,-2,-92,-11,-16,-10,11,-4,-1,-1,1,-1,-2,-3,-1,-1,-5,-4,-8,-1,-24,-1,-7,1,-1,-1,-6,15,-14,3,-3,2,-1,2,-2,14,-1,0,-34,19,-19,2,-4,2,-25,0,-14,-15,-20,-3,-11,-1,-2,0,-3,3,-3,3,-4,2,0,1,-1,20,2,1,-2,-2,-11,-7,-15,-2,-27,25,-7,-5,-9,-49,-22,-11,-23,-14,-8,-2,-12,10,-11,-9,-23,0,-3,-1,-2,0,-26,1,-5,1,-3,1,-2,1,-5,20,-25,3,-2,0,-1,33,-26,31,-15,-10,-7,-6,-1,-39,-5,-15,0,-8,-3,-1,0,-1,-1,-5,-1,-5,-9,0,-5,-1,-1,0,-10,1,0,0,-2,13,-5,3,-8,-10,-23,-3,-38,26,-14,6,-17,-10,-30,-19,-7,-1,-2,-5,-40,9,-27,0,-23,-35,-18,3,-9,17,-4,0,-3,-5,-6,-16,-17,-27,11,-42,1,-12,9,-66,13,-15,-3,-4,-9,-6,9,-9,-19,-18,-1,-12,-10,-12,-1,-12,-17,-34,13,-58,-31,-15,-39,-67,-47,-18,-39,-15,-15,-4,-19,-18,-15,-9,13,-15,7,-7,41,6,22,-15,21,-31,12,-16,-2,-13,12,8,31,-16,19,-45,-5,-8,37,-23,52,3,29,-28,40,4,14,18,12,7,14,-2,13,-350,-395],[-661074,184009,5,7,52,5,15,-4,-72,-8]]]
4568451	r	-66.06,18.2702,-65.9389,18.4371	[[[-660600,183033,4,-1,0,3,13,-6,10,-3,8,19,30,-16,3,10,13,-10,2,-14,8,0,5,-8,48,-14,3,1,-26,33,9,13,-9,27,7,24,18,23,16,0,15,11,11,-10,29,0,18,-15,45,-11,16,10,25,4,16,-4,4,-2,42,-45,-17,-17,-18,-1,-24,8,-22,-15,-11,-28,32,-19,2,-6,-10,-28,878,-244,-111,249,14,4,20,-12,60,-9,-6,11,7,24,-13,22,35,12,-9,16,6,14,-16,10,16,34,15,12,-2,7,-30,26,-27,-8,-30,2,-14,11,-22,35,-12,2,-13,13,-27,6,-17,22,-4,21,-34,7,-13,25,12,16,-1,10,-16,11,-28,-1,-13,32,-18,16,8,32,20,23,-30,10,1,26,-29,7,-14,45,-13,11,-2,31,-32,1,-19,10,-11,47,-76,73,0,38,-19,25,-4,49,-59,13,-10,16,-16,9,-7,20,-20,25,-6,33,5,61,4,4,17,-7,2,11,7,-6,11,9,10,-4,9,15,1,1,-65,147,-51,22,-34,42,-32,0,-51,21,-92,72,-36,97,-59,-49,-210,-260,0,-1029]]]
4566385	r	-67.9459,17.935,-66.8942,18.3899	[[[-679459,180835,24,-33,37,2,31,-12,42,-41,17,-36,38,-31,13,-2,31,-31,74,-23,6,-8,31,-2,33,-17,31,-3,86,-68,30,10,10,-2,5,-3,94,-9,94,9,43,28,11,66,39,51,106,112,41,24,23,-2,12,5,17,37,3,91,-7,25,3,4,-2,70,-42,36,-7,29,-56,26,-1,1,-43,62,-22,19,-20,-19,-16,2,-14,-10,-32,-8,-23,-26,-284,-8,-61,42,-12,-1,-4,6,-2,-8,-21,8,-44,-8,-52,-25,-2,4,-8,-7,-13,2,-4,-9,-56,-10,-22,-11,-15,3,-14,-10,-23,-36,8,-34,-1,-27,-22,-71,-7,-16,1,-2,0,-1,-4,-47,-35,-21,-43,-36]],[[-674881,183850,14,-18,-1,-8,10,2,-6,-8,17,-15,14,5,8,-14,2,5,4,-8,6,3,12,-12,3,5,14,-8,10,2,9,21,37,27,-5,8,-20,5,4,4,-16,10,4,3,-8,10,-17,8,-8,18,-17,4,-38,-15,-7,-23,-25,-11]],[[-672430,183112,61,-113,181,-43,223,-43,94,-185,18,-55,-8,-1,-20,-13,58,-74,87,-263,-1,-53,58,-60,-6,-1,31,-9,69,-59,1,-1,-3,-4,-8,-2,1,-18,11,5,13,-4,16,-26,0,-6,5,-2,2,-2,-7,-1,9,-3,11,-17,-2,-60,-31,-65,-36,-40,-49,-31,-46,-46,-62,-87,-45,-47,32,-32,4,-3,-69,-249,6,-322,-107,-104,42,-167,40,-102,-97,-66,-67,-94,-8,-187,128,-54,132,24,97,-48,40,-54,-33,-75,-77,-38,-91,-27,-72,-37,-238,-107,-5,-278,52,-94,145,-212,109,-6,-70,229,107,81,219,-115,346,-34,120,-16,147,33,2031,3318,-278,390,-3210,-125]]]
4564946	r	-65.8137,18.0873,-65.3041,18.4248	[[[-658137,183064,1203,-1084,104,48,175,56,168,-83,119,-20,96,78,-98,127,36,106,112,1,98,-148,89,8,14,85,103,71,-120,154,-28,73,29,93,-139,-66,-82,35,-71,71,41,123,-42,118,2,25,8,6,8,15,25,9,12,19,9,3,3,37,17,15,-18,26,9,13,1,16,-24,4,-9,14,18,149,-8,20,10,33,-7,10,-31,17,42,212,7,9,4,8,-9,-3,6,10,8,-7,5,18,-2,36,-4,4,6,31,10,-8,27,9,10,11,21,69,0,47,28,22,-2,21,10,12,-11,-1,-25,11,-6,8,2,16,-9,4,-18,-17,-7,0,-2,28,-80,20,-84,-54,-56,-51,-1,1,-9,1,3,-9,-16,-15,-175,-120,-348,47,-268,202,-133,-89,-169,86,-170,236,-64,-39,-104,-40,-72,-16,-177,-987]],[[-657959,184058,36,70,52,55,-12,49,-42,16,-34,-190]],[[-655804,181221,153,-282,291,-38,311,36,207,-64,156,71,784,176,3,1,143,167,132,175,70,108,-304,101,-127,21,-800,-122,-94,-48,-143,-110,-181,-104,-199,-71,-197,-17,-50,5,-155,-5]],[[-653343,183371,295,-263,7,192,-3,98,-50,10,-247,-2,-2,-35]]]
4568533	r	-66.449,18.1949,-66.2634,18.494	[[[-664490,183892,1,-20,35,-64,-2,-50,17,-47,39,12,39,-13,32,-2,195,-1759,1074,645,426,2206,-405,-112,-457,132,-1,18,-60,20,-42,5,-16,-9,-209,60,-114,-21,-8,3,-24,34,-11,-3,-3,5,2,4,18,-4,-25,8,-9,-3,12,-3,-1,-17,-11,-15,-25,-13,-106,9,-45,-17,-77,6,-136,-25,-12,-386,8,0,2,-45,-5,-26,-7,-9,-3,-94,8,-204,-1,-6,1,-6,-2,-3,-2,-14,-19,-49,-71,-128]]]
4563298	r	-66.197,18.4022,-66.039,18.4736	[[[-661970,184714,331,-299,-16,-47,-20,-18,-18,6,-7,-7,-1,-11,20,-4,3,-6,-21,-13,19,-10,22,-3,14,-16,24,-6,1,-16,21,-12,15,-29,-2,-9,8,-5,34,12,12,-10,-1,10,13,3,16,-16,1,14,15,6,-1,-13,5,-1,9,18,42,-9,27,8,72,4,12,7,153,148,21,15,23,-1,1,22,-31,-13,-6,3,4,5,25,10,19,-2,8,14,-23,7,-32,-10,-20,-14,-2,4,-122,62,2,0,13,15,-17,15,4,11,-58,34,-4,7,9,37,-119,36,-47,-60,-96,-54,-85,40,-36,57,-72,85,-131,21,-30,-22],[-661375,184528,10,38,5,-2,8,-21,18,1,2,-10,7,8,15,-8,1,-18,11,-5,-5,-6,9,6,-8,-12,-12,-2,-61,31]],[[-661006,184202,18,-17,9,-25,-19,-22,1,-22,27,-26,22,-34,-2,-26,-5,-8,355,40,210,260,-579,174,19,-19,182,-88,166,-21,0,-74,-330,-96,-74,4]]]
4562768	r	-66.6568,18.2343,-66.4958,18.4946	[[[-666568,182426,505,-83,707,1592,-1,3,-20,13,-5,30,-17,10,-10,32,-24,33,2,83,10,24,-15,17,1,8,73,26,2,2,6,2,23,22,32,5,33,21,0,41,34,2,-1,-9,4,-3,1,-2,1,1,1,0,10,10,4,4,1,1,-7,11,-5,11,-1,-1,-1,1,0,-1,-5,-1,-9,-16,-17,14,-15,-4,-9,23,8,22,-1,21,-3,9,-1,4,-1,1,0,2,-4,4,-6,6,-2,0,0,1,-5,-1,-4,0,-1,-1,-1,0,-2,-12,-15,-7,0,-1,-1,-1,5,-16,12,-11,-8,-22,-23,-2,-20,0,-5,2,-11,7,-3,8,3,15,9,24,4,7,33,20,-28,7,-15,12,-34,-9,25,34,68,27,45,43,-11,20,-40,8,-26,-8,-28,-27,-8,2,3,33,52,41,17,54,0,58,-41,70,15,15,-2,8,-1,0,-1,4,72,21,5,7,23,-8,-7,-2,2,-10,32,-18,18,4,-4,14,21,-7,-12,-4,11,-21,28,-3,23,-19,25,-3,2,-7,2,8,-9,7,9,0,2,12,10,-5,-3,-6,5,-6,10,-5,5,9,4,-13,38,-12,13,-1,10,8,-1,14,14,-2,27,61,-113,32,-413,4,-27,13,-22,-8,-27,7,-30,21,-8,-3,0,-12,-19,-2,1,-7,-9,8,-7,-16,-82,1,-137,-25,-17,2,-21,-115,27,-47,18,-17,26,-5,20,14,-30,-263,-50,-2,0,-36,13,-1,24,12,9,-9,-33,-242,-11,-33,-33,1,-23,-104,0,-5,-1,-5,1,-3,0,-3,2,-1,1,-2,19,-8,10,-27,1,-15,-12,-15,10,-18,19,-4,-4,-31,7,-39,-13,-44,2,-27,9,-13,15,5,10,-5,33,0,0,-25,-9,-89,-21,-36,-31,-34,14,-25,-19,-19,-10,-22,13,-17,-17,-21,7,-11,-6,-26,-14,-8,12,-13,-3,-12,-44,-3,-21,13,-14,-5,-17,7,-8,-15,11,-12,-14,-11,-2,-14,-27,-24,-23,-1,-3,-36,-21,2,-12,11,-18,4,-3,15,-20,1,-10,15,-28,-15,-12,5,-49,-35,-47,-5,-31,6,-12,-23,-22,-9,-6,8,-9,-9,-27,-7,-24,23,-33,-13,-12,4,-103,-833]],[[-666260,184926,10,3,0,12,21,1,4,-8,10,3,14,-9,5,3,6,-9,59,-11,56,-2,-68,23,-114,14,-3,-20]]]
4565105	r	-66.3193,17.9228,-65.9123,18.1077	[[[-663193,179704,1,0,126,-65,52,-57,37,-68,51,-57,95,-23,276,-27,141,-34,115,31,195,167,92,-66,42,-61,-8,-15,-9,5,-6,-3,-9,10,0,-6,-13,-4,6,-5,-6,1,-11,-11,9,14,-10,19,-62,-8,-44,8,3,-37,18,-13,24,-29,-16,-4,5,-40,-7,-4,7,1,1,-4,12,-28,44,-62,79,48,97,9,110,-4,124,9,50,26,1,-14,-15,-19,13,12,30,2,79,45,50,55,30,15,12,-4,22,8,69,48,6,3,28,1,41,15,37,0,26,9,27,-5,39,32,17,5,32,24,128,73,69,17,305,-8,71,8,294,112,121,24,205,-18,228,-47,226,-5,268,89,-705,1046,-418,90,-551,-229,3,10,-17,20,1,11,11,8,50,7,44,40,18,-9,9,3,53,89,26,26,-9,42,6,9,-2,28,-9,14,13,8,25,40,21,5,23,24,-33,-21,-11,-4,-22,-12,-7,0,-27,-10,-6,0,-6,-2,-28,3,-16,-12,-36,9,-5,16,-17,15,-41,-27,-76,23,-14,8,-8,14,-55,-4,-25,-28,-9,2,9,4,-16,20,-10,-15,-18,4,-4,-11,-14,2,-1,-22,-25,-16,-6,-21,-34,11,5,-13,-28,-39,-15,-48,-25,17,-68,19,-40,32,-5,-5,-8,-15,-14,-59,27,-64,7,-4,10,4,8,-14,0,-1,2,-3,-6,-31,-20,-1,-2,-7,13,-27,18,-1,18,-12,-7,-21,15,-7,-11,-25,7,-38,8,-2,5,-10,-9,-10,-11,3,0,-11,-13,-9,1,-32,-9,-28,-39,-55,-1,-23,-19,-38,10,-31,-51,-9,-14,-10,-29,3,-9,-8,-34,14,-9,25,-9,7,-48,10,-14,-4,-52,15,-17,27,-7,27,-26,8,-18,-4,-37,7,-89,-173,-29,-6,-30,-32,2,-10,-1385,-576]]]
4565564	r	-65.9828,17.9793,-65.6934,18.3064	[[[-659828,180840,705,-1046,251,83,375,220,194,172,-102,294,52,62,231,48,52,30,139,173,28,264,354,522,174,165,165,71,197,44,79,38,-1203,1084,-999,-509,-692,-1715]]]
4568917	r	-67.0973,17.929,-66.7049,18.2847	[[[-670973,179529,164,83,139,114,143,-44,242,3,225,-36,203,-10,225,-228,141,-99,187,-21,5,95,17,69,40,41,52,5,112,-9,152,15,311,-11,209,31,229,63,197,103,116,151,-137,0,0,74,126,75,135,29,89,-42,-8,-136,250,0,360,2488,-1893,515,-2031,-3318]]]
4563308	r	-66.4255,17.9637,-66.0246,18.2594	[[[-664255,181839,543,-2202,35,23,232,53,164,10,88,-19,1385,576,-2,10,30,32,29,6,89,173,37,-7,18,4,26,-8,7,-27,17,-27,52,-15,14,4,48,-10,9,-7,9,-25,34,-14,9,8,29,-3,14,10,51,9,-10,31,19,38,1,23,39,55,9,28,-1,32,13,9,0,11,11,-3,9,10,-5,10,-8,2,-7,38,11,25,-15,7,7,21,-18,12,-18,1,-13,27,2,7,20,1,6,31,-2,3,0,1,-8,14,-10,-4,-7,4,-27,64,14,59,8,15,5,5,40,-32,68,-19,25,-17,15,48,28,39,-5,13,34,-11,6,21,25,16,1,22,14,-2,4,11,18,-4,10,15,16,-20,-9,-4,9,-2,25,28,55,4,8,-14,14,-8,76,-23,41,27,17,-15,5,-16,36,-9,16,12,28,-3,6,2,6,0,27,10,7,0,22,12,11,4,33,21,-23,-24,-21,-5,-25,-40,-13,-8,9,-14,2,-28,-6,-9,9,-42,-26,-26,-53,-89,-9,-3,-18,9,-44,-40,-50,-7,-11,-8,-1,-11,17,-20,-3,-10,551,229,-246,222,-5,1,-28,-17,-37,6,-21,19,-23,2,3,23,-14,58,-29,45,-6,22,-22,8,-22,54,0,1,7,25,-5,26,30,37,5,22,-145,42,-31,37,-66,59,-13,32,-36,35,5,-42,-21,-33,2,-20,-12,-6,-978,882,-484,104,-622,20,-1074,-645,-121,-110]]]
4566137	r	-66.6063,18.1839,-66.4134,18.4862	[[[-666063,182343,1808,-504,121,110,-195,1759,-32,2,-39,13,-39,-12,-17,47,2,50,-35,64,-1,20,71,128,19,49,2,14,2,3,-1,6,1,6,-8,204,3,94,7,9,5,26,-2,45,-8,0,12,386,-23,-17,-13,-71,-22,-4,-1,-2,-3,28,-225,-43,-284,79,-27,-61,-14,2,1,-14,-10,-8,-13,1,-38,12,-4,13,-5,-9,-10,5,-5,6,3,6,-10,5,-2,-12,-9,0,9,-7,-2,-8,-2,7,-25,3,-23,19,-28,3,-11,21,12,4,-21,7,4,-14,-18,-4,-32,18,-2,10,7,2,-23,8,-5,-7,-72,-21,1,-4,1,0,2,-8,-15,-15,41,-70,0,-58,-17,-54,-52,-41,-3,-33,8,-2,28,27,26,8,40,-8,11,-20,-45,-43,-68,-27,-25,-34,34,9,15,-12,28,-7,-33,-20,-4,-7,-9,-24,-3,-15,3,-8,11,-7,5,-2,20,0,23,2,8,22,-12,11,-5,16,1,1,0,1,15,7,2,12,1,0,1,1,4,0,5,1,0,-1,2,0,6,-6,4,-4,0,-2,1,-1,1,-4,3,-9,1,-21,-8,-22,9,-23,15,4,17,-14,9,16,5,1,0,1,1,-1,1,1,5,-11,7,-11,-1,-1,-4,-4,-10,-10,-1,0,-1,-1,-1,2,-4,3,1,9,-34,-2,0,-41,-33,-21,-32,-5,-23,-22,-6,-2,-2,-2,-73,-26,-1,-8,15,-17,-10,-24,-2,-83,24,-33,10,-32,17,-10,5,-30,20,-13,1,-3,-707,-1592]]]
4562506	r	-67.2708,18.3112,-66.922,18.5228	[[[-672708,183618,82,-180,98,-145,98,-181,3210,125,-173,1678,-731,143,-361,153,-532,17,-500,-139,-183,-229,13,-254,102,-169,4,-7,-14,-221,-248,-188,-141,-84,-190,-75,-229,-94,-285,-79,-20,-71]]]
