2267057	r	-9.4975,38.4125,-8.7095,39.1202	[[[-94975,387882,99,-336,29,-99,-66,-170,-4,-201,200,-51,425,48,244,-32,442,-146,388,-192,54,51,129,123,183,111,85,-7,484,-36,40,-21,25,-1,27,9,32,-18,400,74,4,-9,122,22,7,10,56,10,-45,0,8,2,15,3,0,1,110,27,23,-6,-2,-5,3,5,16,-1,-4,3,82,17,3,-3,8,6,3,-12,31,10,-5,1,16,7,-13,-5,-1,5,27,11,3,-4,-12,-6,18,3,34,19,17,16,110,27,143,237,-5,27,10,17,9,30,11,-2,-11,3,13,48,10,-2,0,-7,2,7,-11,3,8,30,27,5,-4,6,17,56,-15,60,7,13,-6,1,6,72,7,1,-7,2,5,66,27,5,19,142,-92,6,-39,-4,-16,-70,19,-142,-40,-2,-2,35,-9,163,-6,47,-18,143,63,164,106,134,308,278,554,864,484,544,163,241,-746,535,-1,1,-80,58,-69,24,-227,67,-231,55,-236,43,-239,31,-241,19,-242,6,-242,-6,-241,-19,-239,-31,-236,-43,-231,-55,-227,-67,-221,-78,-22,-10,189,-641,-230,9,-282,-11,-280,-32,-274,-54,-84,-24,66,-224,27,-602,-328,-809,-244,-197,-120,-116,-56,-94,0,-216]],[[-92527,386655,142,-301,304,-380,243,-459,0,-41,-1,-433,-61,-316,-300,-235,-72,-86,-39,-27,-27,-62,-2,-73,34,-55,44,-3,258,-59,183,31,162,95,202,63,280,27,723,903,-11,33,33,77,-17,31,-2,27,29,29,40,64,29,17,36,110,0,21,-29,68,-8,48,-19,27,31,11,10,-11,15,5,24,-20,22,-1,12,3,4,-17,9,-10,10,-1,0,-23,86,-45,41,-25,3014,2319,-8,14,-124,182,-138,175,-153,167,-167,160,-6,6,-327,-115,-13,109,-40,187,-55,185,-70,182,-85,178,-100,173,-76,111,-792,568,-183,-111,-259,-312,-424,-706,89,-236,58,-243,105,-161,232,13,-72,-153,60,-206,63,-106,22,-38,32,-55,100,-132,0,-61,-45,-14,-59,-39,-39,-22,-358,-243,-285,-173,-162,-126,-150,-140,0,-62,-149,-14,-316,-67,-150,-62,62,-205,-62,0,-47,55,-55,66,-209,101,-427,-31,-467,-46,-183,-79],[-91642,385880,55,-117,-42,87,-13,30]],[[-90797,388201,66,-19,185,148,132,162,68,150,-7,64,-58,-30,-28,-18,-62,-41,-113,-95,-100,-146,-83,-175]]]
2735943	r	-8.7838,40.8674,-8.1534,41.4146	[[[-87838,413939,57,-146,141,-180,37,-104,42,-104,70,-27,46,-97,-1,-307,45,-124,55,-109,23,-112,-49,-132,188,-282,132,-346,187,-264,0,-4,15,-18,-6,-6,11,9,9,-8,-6,-4,9,2,12,-9,72,-89,-25,-11,25,10,3,-4,-18,-5,-31,-22,32,22,18,2,38,-35,-22,-11,-28,21,40,-31,-10,9,5,4,28,-6,14,-19,-5,-32,-9,-2,-5,-14,-14,-8,4,-32,6,1,10,-14,-7,-5,10,-1,10,-20,-3,-32,-10,-3,10,-6,-3,-20,21,-7,-6,-231,118,-671,2,-367,-298,-1060,4001,-204,1220,1111,5,8,89,179,-605,608,-766,770,-1763,2013,-2755,783,-415,-101,0,-106]]]
2742032	r	-8.7423,41.3363,-8.0196,41.8778	[[[-87423,414146,2755,-783,4472,3418,-102,169,-134,189,-150,182,-166,175,-181,166,-194,156,-208,147,-211,130,-254,12,3,19,16,97,-6,3,-241,113,-252,101,-259,89,-266,75,-273,63,-277,48,-281,35,-283,21,-285,7,-285,-7,-283,-21,-28,-3,-2627,-4601]]]
2271772	p	2267057
2740637	r	-8.9068,39.8403,-7.9329,40.5107	[[[-89068,402042,8,-187,10,-85,85,-123,171,-85,458,-45,174,-51,151,-87,161,-117,0,-75,-401,14,-165,59,-117,132,-149,-144,-87,-198,5333,-2647,186,24,311,56,305,71,298,86,290,101,281,116,271,129,259,143,247,155,232,168,218,179,202,189,186,199,168,208,151,217,131,223,112,229,93,235,72,238,52,242,31,244,11,245,-11,245,-31,244,-52,242,-3,12,-3341,2264,-5695,-1780,-192,-572,-303,-468,-111,-245]]]
2267095	r	-9.1325,39.5204,-8.2007,40.105	[[[-91325,395204,835,179,3789,809,4685,1001,8,207,-12,300,-1416,703,-5333,2647,-1161,-2618,-787,-1628,-62,-379,-124,-269,20,-189,-21,-174,-206,-284,-103,-158,-112,-147]]]
2262963	r	-9.1177,38.1725,-8.4353,38.8316	[[[-91177,384341,691,66,567,188,-37,22,22,20,30,15,6,11,-7,9,33,15,28,42,18,7,-18,20,27,31,55,16,66,1,9,31,48,8,102,6,115,-12,5,17,76,29,-85,-69,279,-86,364,-236,315,-291,259,-213,258,-396,96,-553,75,-632,36,-538,-61,-144,82,15,285,68,278,83,271,96,263,111,252,124,242,136,230,149,218,160,203,171,189,181,173,191,157,199,141,207,122,213,105,220,87,224,67,228,49,231,29,234,9,234,-9,234,-29,234,-49,231,-67,228,-87,224,-105,220,-122,213,-141,207,-157,199,-173,191,-189,181,-203,171,-218,160,-230,149,-242,136,-252,124,-33,14,-3450,-2654,-41,25,-86,45,0,23,-10,1,-9,10,-4,17,-12,-3,-22,1,-24,20,-15,-5,-10,11,-31,-11,19,-27,8,-48,29,-68,0,-21,-36,-110,-29,-17,-40,-64,-29,-29,2,-27,17,-31,-33,-77,11,-33,-723,-903],[-89338,384885,2,29,31,36,28,86,17,14,-8,22,-22,11,43,-16,19,23,35,14,12,2,52,-81,32,21,55,7,100,-6,71,-28,126,-74,117,-99,74,-44,375,-160,94,-22,92,0,138,1,193,26,125,59,29,35,0,-2,58,-136,88,-84,734,-274,260,-43,300,-15,-501,-127,-1001,213,-416,-12,-16,130,-216,95,-457,123,-370,255,-228,74,-65,-53],[-87479,385254,107,-30,0,-75,-43,-24,-45,52,-10,62,-9,15]]]
2267827	r	-17.2521,30.0292,-15.855,33.1108	[[[-172521,328145,22,-180,87,-174,267,-285,338,-246,377,-204,1662,-584,76,-5,-3,-4,-1,-13,49,-20,41,1,22,-6,15,-8,-2,-5,10,9,16,-6,66,-49,-3,-14,19,-21,15,-2,5,6,11,-6,1,8,15,0,4,7,19,-6,2,18,19,6,7,-5,17,8,22,-13,42,19,24,0,10,28,16,-5,7,17,17,5,14,-6,2,6,13,0,3,-6,25,-2,83,7,0,6,-94,-9,-6,5,21,12,190,-13,269,14,51,-19,61,-13,-12,28,0,9,112,5,414,128,177,299,65,94,322,345,121,75,128,31,353,137,171,37,-98,60,-105,21,-107,-21,-99,-60,-165,82,-174,40,-381,15,-119,23,-112,54,-520,332,-122,43,-302,188,-166,49,-382,-34,-221,-46,-148,-57,-195,-105,-269,-48,-268,20,-259,135,-216,57,-62,10,-102,47,-239,221,-103,73,-115,42,-73,15,-65,-15,-89,-42,-247,-292,-63,-49,-151,-58,-57,-141]],[[-165423,325805,15,-120,40,-105,64,-95,86,-90,348,-478,-51,255,-146,270,-186,230,-170,133]],[[-163983,330398,200,-77,140,23,116,94,127,134,143,86,149,3,354,-59,-106,73,-38,119,7,293,-68,-74,-212,95,-242,-49,-204,-156,-124,-321,-58,-69,-81,-40,-103,-7,0,-68]],[[-160315,300350,19,-7,-1,-11,17,-9,-7,5,8,5,6,-37,43,-4,-1,30,7,19,-18,7,-4,-4,-13,11,1,-7,-6,1,-10,21,-20,-15,-15,1,-6,-6],[-160253,300329,1,0,10,2,11,-10,-3,3,-19,5]],[[-158747,301379,45,-17,69,-15,35,-14,36,47,3,-1,8,9,0,6,1,2,-5,73,-22,14,14,6,-13,28,-22,-1,1,17,-12,5,-5,12,-23,-10,-27,-2,-15,5,-15,-8,-12,5,-7,-28,-12,-5,-4,-11,10,-9,-8,-9,9,-5,-16,-5,-9,-13,6,1,9,-13,-1,-2,-5,-6,-4,-9,-9,-5,2,-16,4,2,0,-10,-6,-18]]]
2732265	r	-8.2364,40.4107,-7.5836,40.9093	[[[-82364,406600,7,-163,21,-162,35,-161,48,-159,62,-156,75,-153,89,-149,100,-143,113,-139,124,-133,136,-126,146,-119,156,-111,165,-104,174,-95,181,-86,188,-77,195,-67,200,-58,204,-47,208,-37,211,-27,213,-16,213,-5,213,5,213,16,211,27,208,37,204,47,200,58,195,67,188,77,181,86,174,95,165,104,156,111,146,119,136,126,124,133,113,139,100,143,89,149,75,153,62,156,48,159,35,161,21,162,7,163,-7,163,-21,162,-35,161,-48,159,-62,156,-75,153,-89,149,-100,143,-113,139,-124,133,-136,126,-146,119,-156,111,-165,104,-174,95,-181,86,-188,77,-195,67,-200,58,-204,47,-208,37,-211,27,-213,16,-213,5,-213,-5,-213,-16,-211,-27,-208,-37,-204,-47,-200,-58,-195,-67,-188,-77,-181,-86,-174,-95,-165,-104,-156,-111,-146,-119,-136,-126,-124,-133,-113,-139,-100,-143,-89,-149,-75,-153,-62,-156,-48,-159,-35,-161,-21,-162,-7,-163]]]
2264268	p	2267057
2270503	p	2267057
2742611	r	-8.8462,40.3327,-8.2767,40.8878	[[[-88462,403327,5695,1780,-81,3567,-4001,204,-517,-1839,-9,-24,-2,-16,-23,-85,-84,-227,-56,-120,-38,-107,-78,-36,95,36,30,4,9,-14,57,9,-39,-20,-26,-31,-128,-583,-191,-457,-137,-624,-476,-1417],[-87446,406190,6,68,-6,204,55,9,107,78,95,45,56,5,81,-7,53,-48,36,-74,-140,65,-144,-90,-199,-255],[-87172,407027,29,64,45,161,24,251,68,277,108,261,141,203,52,-132,73,37,62,137,17,163,97,-212,-381,-406,80,-275,73,-81,230,-78,55,4,39,15,213,33,252,98,168,9,-157,-114,-155,-84,-179,-51,-231,-18,-65,-17,-22,-2,-443,-97,-70,-42,-95,-110,-28,6]]]
2732544	p	2735943
2268339	r	-8.3603,36.96,-7.527,37.3744	[[[-83602,370966,328,-92,342,-97,803,92,337,12,317,-116,409,-72,713,-318,360,-242,17,-20,-25,-8,72,-47,161,-190,-13,85,-6,12,31,-20,90,-69,136,-74,-27,3,0,-74,243,-66,169,-4,223,-60,31,-1,41,17,126,26,36,-11,26,57,-5,23,14,22,130,68,268,111,196,90,-69,33,262,191,1514,827,79,86,583,304,168,48,252,141,-76,134,-136,205,-153,197,-168,188,-183,180,-197,169,-210,158,-223,147,-235,135,-245,123,-254,109,-263,96,-270,82,-276,67,-281,53,-285,37,-287,23,-288,8,-288,-8,-287,-23,-285,-37,-281,-53,-276,-67,-270,-82,-263,-96,-254,-109,-245,-123,-235,-135,-223,-147,-210,-158,-197,-169,-183,-180,-168,-188,-153,-197,-136,-205,-119,-211,-101,-217,-84,-222,-44,-151],[-79912,370141,8,-3,-4,-2,-4,5],[-78707,370079,211,-35,87,-31,-58,-26,-52,-6,-64,30,-35,52,-87,14,-2,2]]]
2271977	p	2267057
2266977	p	2267057
2739693	r	-8.4668,41.0575,-7.8983,41.6615	[[[-84668,413363,1763,-2013,766,-770,239,-5,271,6,269,20,267,34,264,46,259,59,253,72,8,3,1326,5101,-189,134,-210,130,-220,119,-230,108,-238,96,-247,85,-96,27,-4255,-3252]]]
2263827	p	2267057
2265467	p	2267057
2268406	r	-8.4176,38.2736,-7.2704,39.0781	[[[-84176,388123,455,-5387,10519,457,137,203,179,311,81,168,-366,371,-284,164,-137,54,144,119,96,111,11,116,-115,131,98,118,181,504,418,475,55,139,-31,77,-59,35,-66,30,-49,63,-16,79,-5,102,21,228,68,341,34,72,85,133,1,4,-13,33,-152,319,-102,177,-7455,2911,-26,-5,-3707,-2653]]]
2271680	p	2267057
2269041	p	2267057
2271071	p	2267057
2266249	r	-9.0638,39.3283,-8.3562,39.6619	[[[-90638,394600,7,-180,23,-179,38,-178,52,-175,67,-172,82,-169,96,-163,69,-101,6406,334,49,99,67,172,52,175,38,178,23,179,7,180,-7,180,-23,179,-38,178,-52,175,-67,172,-82,169,-96,163,-109,159,-122,153,-135,146,-147,139,-158,132,-103,74,-5789,-1236,-28,-71,-52,-175,-38,-178,-23,-179,-7,-180]]]
2738785	r	-7.633,40.2517,-6.8932,40.8283	[[[-76330,404628,62,-155,86,-176,102,-172,116,-167,131,-160,143,-153,157,-146,168,-138,180,-129,191,-119,200,-110,210,-100,217,-89,225,-78,231,-66,236,-55,240,-43,243,-31,246,-18,246,-6,246,6,246,18,243,31,240,43,236,55,231,66,225,78,217,89,210,100,200,110,191,119,180,129,168,138,157,146,143,153,131,160,116,167,102,172,86,176,72,181,56,184,40,186,24,187,8,189,-8,189,-24,187,-40,186,-56,184,-72,181,-86,176,-102,172,-116,167,-131,160,-143,153,-157,146,-168,138,-180,129,-191,119,-200,110,-210,100,-217,89,-225,78,-231,66,-236,55,-240,43,-243,31,-246,18,-246,6,-246,-6,-246,-18,-243,-31,-240,-43,-236,-55,-231,-66,-225,-78,-217,-89,-210,-100,-200,-110,-191,-119,-180,-129,-113,-93,-852,-2718]]]
2732773	r	-8.881,41.4045,-8.4393,42.049	[[[-88810,417528,7,-10,0,-13,-3,-2,3,-4,0,-130,192,-325,26,-13,16,-31,8,-7,9,5,23,-6,22,-29,5,-23,-7,-5,12,1,8,-10,22,-127,22,-59,5,3,-26,74,26,18,27,4,26,-5,23,-29,-11,-28,10,19,46,-13,28,-22,-14,-45,19,-234,71,-158,-4,-39,16,-3,8,-163,66,-165,46,-225,129,-303,27,-168,44,-140,18,-207,117,-228,-108,-334,18,-288,0,-16,415,101,2627,4601,402,705,-15,14,-231,186,-247,174,-262,161,-275,148,-288,135,-299,120,-294,100,-134,-75,-87,-101,-106,-215,-76,-101,-205,-102,-257,-58,-226,-87,-112,-61,-120,-370,-338,-287,-709,-442,-72,-95,-42,-106,69,-284,-83,-451,0,-118,-7,-9]]]
2742027	r	-7.4379,41.3013,-6.2059,41.9925	[[[-74379,418091,14,-324,12,-87,3524,-4050,231,-93,404,-137,415,-117,424,-97,432,-76,438,-54,442,-32,443,-11,443,11,442,32,438,54,432,76,424,97,415,117,404,137,392,157,376,176,78,42,-6,57,-30,4,130,79,139,41,106,6,257,158,331,399,4,67,-27,67,-7,79,24,37,40,64,259,205,477,528,-102,98,-140,148,-333,263,-88,70,-449,219,-488,135,-812,126,-137,4,-69,-45,-67,-62,-136,-71,-150,-57,-104,-22,-281,80,-138,160,-31,118,12,4,10,46,31,26,1,13,-15,11,-4,12,4,30,14,11,31,5,35,-33,15,-6,25,26,-6,29,-40,1,10,36,-41,38,3,7,16,5,-4,15,-19,16,-25,4,-8,9,5,8,29,-1,4,7,-42,18,-6,9,26,22,30,10,4,10,-29,10,-25,-18,-25,23,-9,75,17,30,-7,9,-25,0,-22,34,-52,-1,-23,19,17,46,24,24,1,9,64,19,31,41,7,31,-13,33,7,33,10,20,40,38,5,39,60,16,-12,10,-24,5,17,30,17,9,3,53,-36,58,41,14,-8,30,5,9,42,10,-34,31,-3,12,20,8,22,-3,14,14,-18,41,3,11,22,7,19,-5,13,11,2,16,-26,13,-2,12,36,18,40,2,9,7,-5,8,-37,10,0,14,20,37,12,5,-19,6,16,20,-33,23,-3,23,22,45,40,31,-23,39,9,29,11,14,27,9,13,20,-7,30,-26,21,0,9,56,47,42,51,4,18,-21,34,-202,16,-71,17,-102,11,-161,40,48,83,5,22,46,19,44,115,-8,30,89,130,-14,27,7,10,19,6,-23,16,39,15,-5,87,-29,50,-62,35,-146,101,-47,27,-39,9,-60,46,-35,13,-9,-47,-40,-57,-163,51,-133,-213,-40,-10,-90,21,-642,-88,-145,43,-3,12,-40,-11,-30,7,-44,-14,-42,17,-132,24,-70,25,-67,137,-12,11,-4,23,-85,140,-13,94,-88,30,-80,16,-124,-1,-134,39,6,-106,-142,19,-63,-298,-217,-101,-73,28,-93,18,-48,-45,-46,-10,-45,-18,-337,-21,-280,43,-244,143,-140,53,-89,34,-234,-127,-355,-117,-314,108,-305,196,-322,151,-143,-18,-176,-73,-153,-88,-73,-59,-22,-140,64,-323,-22,-159,-114,-123,-93,-102,-329,-153,-710,-183,-180,-22,-363,8,-151,-20,-135,-68,-241,-207,-84,-54]]]
2270985	r	-8.4756,37.5317,-7.2444,38.317	[[[-84756,380200,13,-319,40,-318,66,-316,91,-311,117,-305,142,-299,166,-291,190,-282,213,-272,234,-259,256,-247,275,-233,294,-219,312,-202,327,-187,342,-168,355,-151,367,-132,377,-112,386,-93,392,-73,398,-52,400,-31,403,-10,403,10,400,31,398,52,392,73,386,93,377,112,367,132,355,151,342,168,327,187,158,102,32,91,88,481,135,301,177,204,919,613,275,389,111,341,219,466,53,177,-5,102,-30,96,-6,80,69,60,198,31,3,20,13,319,-13,319,-40,318,-66,316,-91,311,-117,305,-142,299,-166,291,-190,282,-213,272,-233,257,-10006,-434,-601,-741,-107,-226,-117,-305,-91,-311,-66,-316,-40,-318,-13,-319]]]
2269514	r	-7.9206,39.5376,-7.0594,40.153	[[[-79206,398200,9,-218,27,-217,46,-215,64,-212,82,-208,99,-204,117,-199,133,-192,148,-185,164,-177,179,-169,193,-159,206,-149,217,-138,229,-127,116,-55,2458,166,-260,268,-179,128,-324,694,-77,140,-14,26,2159,-80,136,30,164,55,186,30,399,-10,171,42,217,-103,312,-11,111,11,742,71,55,93,99,204,82,208,64,212,46,215,27,217,9,218,-9,218,-27,217,-46,215,-64,212,-82,208,-99,204,-117,199,-133,192,-148,185,-164,177,-179,169,-193,159,-206,149,-217,138,-229,127,-240,115,-248,103,-257,90,-264,76,-269,64,-275,49,-278,36,-280,21,-282,7,-282,-7,-280,-21,-278,-36,-275,-49,-269,-64,-264,-76,-257,-90,-248,-103,-240,-115,-229,-127,-217,-138,-206,-149,-193,-159,-179,-169,-164,-177,-148,-185,-133,-192,-117,-199,-99,-204,-82,-208,-64,-212,-46,-215,-27,-217,-9,-218]]]
2263480	r	-9.0601,38.9414,-8.3199,39.3626	[[[-90601,392300,8,-189,24,-188,39,-186,55,-184,70,-181,86,-177,100,-172,85,-125,746,-535,29,44,132,86,863,74,447,257,266,153,-95,-143,-158,-128,-361,-213,-190,-64,-429,-28,-200,-38,-165,-100,792,-568,33,-24,108,-38,226,-66,232,-55,236,-43,239,-31,241,-18,242,-6,242,6,241,18,239,31,236,43,232,55,226,66,221,78,214,89,205,100,197,110,187,120,177,129,166,138,153,146,141,153,128,161,114,166,100,172,86,177,70,181,55,184,39,186,24,188,8,189,-8,189,-24,188,-39,186,-55,184,-70,181,-86,177,-100,172,-33,49,-184,-9,-6406,-334,-178,-9,-23,-46,-70,-181,-55,-184,-39,-186,-24,-188,-8,-189]]]
2264508	r	-7.9361,38.8956,-6.9989,39.5542	[[[-79361,392900,11,-258,32,-257,54,-254,75,-252,96,-247,117,-241,137,-235,156,-228,175,-219,193,-210,210,-199,226,-189,242,-176,256,-164,269,-150,281,-136,292,-122,302,-107,310,-90,317,-75,323,-59,326,-42,330,-25,331,-9,331,9,330,25,326,42,323,59,317,75,310,90,302,107,292,122,281,136,269,150,256,164,242,176,226,189,210,199,193,210,103,128,-8,10,-161,121,-230,123,-261,57,-264,-24,-239,-113,-121,-36,-152,20,-147,59,-103,81,-14,84,110,195,21,101,-123,191,-235,86,-277,56,-248,108,-54,60,23,-2,57,69,15,96,-51,80,-2,17,6,43,30,25,-3,78,-38,35,-22,77,125,199,40,50,-11,16,-30,2,-18,18,-44,19,-40,35,-74,42,-6,13,-40,28,-92,54,-32,32,13,52,-37,19,-13,22,-76,71,-65,25,1,16,-29,14,-15,27,-75,18,-83,63,-26,12,-29,-18,-48,30,-24,-7,-40,-2,-19,29,-47,213,-5,221,52,141,78,145,53,228,1,213,-37,51,-37,49,-420,87,-213,79,-152,97,-95,219,-87,86,-337,136,-168,124,-38,40,-2458,-166,-1141,-78,-190,-207,-175,-219,-156,-228,-137,-235,-117,-241,-96,-247,-75,-252,-54,-254,-32,-257,-11,-258]]]
6941014	r	-25.8595,37.7067,-25.1362,37.9116	[[[-258595,378539,173,-193,-3,-15,19,-51,85,-47,70,-79,87,-51,4,-3,2,-1,373,-220,27,-50,27,-3,10,8,20,-5,48,-28,24,-21,11,-21,23,-15,78,-24,57,-42,84,-43,16,-23,28,-14,20,-21,16,-34,77,-27,28,-2,29,-18,37,-56,42,-30,44,-24,52,-12,30,-26,50,-2,48,-19,21,-1,22,19,35,-7,47,12,93,-11,80,22,-19,4,-65,-21,-80,11,17,9,-10,7,20,2,34,23,43,-1,35,29,2,0,15,-17,22,5,9,8,17,-4,10,6,2,0,5,-8,12,-1,2,8,335,-12,564,-118,264,-90,270,-134,174,70,229,17,451,-18,479,38,449,98,1328,135,379,138,206,267,-18,146,-57,276,-43,149,-112,137,-386,124,-1420,-26,-1022,-245,-165,-76,-104,50,-210,133,-90,28,-137,-33,-263,-145,-149,-33,-1266,136,2,1,-5,15,-12,7,-6,-2,2,-16,-5,2,-4,8,-15,1,-8,9,-11,-2,12,-7,-15,4,0,-1,-19,7,-49,61,-1,2,-4,5,-30,98,-9,118,-61,83,-349,234,-255,56,-159,-12,-9,2,-35,-3,-3,-2,-563,-41,-180,-521]]]
2732438	r	-8.0098,41.054,-7.4147,41.546	[[[-80098,411626,117,-124,135,-124,146,-118,155,-110,165,-102,173,-94,181,-85,187,-76,194,-66,199,-57,204,-46,207,-37,210,-26,212,-16,213,-5,213,5,212,16,210,26,207,37,204,46,199,57,194,66,187,76,181,85,173,94,165,102,155,110,146,118,135,124,124,131,112,137,100,142,88,147,75,150,62,154,48,157,35,159,21,160,7,161,-7,161,-21,160,-35,159,-48,157,-62,154,-75,150,-88,147,-100,142,-112,137,-124,131,-135,124,-146,118,-155,110,-165,102,-173,94,-181,85,-187,76,-194,66,-199,57,-204,46,-207,37,-210,26,-212,16,-213,5,-213,-5,-212,-16,-210,-26,-207,-37,-204,-46,-199,-57,-194,-66,-187,-76,-181,-85,-2,-2,-889,-3418]]]
