3439389	r	-57.9553,-25.4077,-57.4273,-25.0331	[[[-579553,-250785,648,-2,198,-66,142,-115,441,-469,151,-102,313,-140,119,-130,323,-652,195,-248,299,-187,-5,-58,-7,-217,108,-168,126,-125,36,-43,5,-33,-20,-61,-1,-56,16,-86,36,-69,51,-37,210,-47,254,-181,-61,70,37,27,36,14,179,39,3,69,3,8,-2,1,7,22,14,5,7,23,14,9,-5,20,10,8,1,23,-18,40,5,11,-5,19,4,19,14,15,-2,19,6,6,33,-46,-42,63,-21,35,69,-10,49,5,44,-4,23,46,-107,232,-8,68,26,20,66,107,15,5,89,127,-6,24,19,19,7,56,7,9,-8,11,7,29,-10,22,3,14,-1,1,958,121,183,80,-454,371,-12,-4,-16,23,0,4,-73,60,-16,-8,-67,-3,-8,10,-26,8,-13,34,-20,11,-3,19,-15,23,-7,49,-1,7,3,53,-15,15,9,15,-4,22,-10,2,-15,-10,-6,13,-12,-5,-4,6,8,10,-11,22,25,118,-13,11,-4,23,13,7,13,-12,14,3,3,18,-22,12,10,14,13,0,3,6,-6,14,-10,3,-26,-1,-14,-7,3,14,-5,7,-17,-5,-6,5,4,7,20,4,-3,17,-26,16,-26,-3,-43,21,-129,-68,-13,-18,-5,-27,23,-61,-23,-45,-27,-29,-29,-20,-104,-36,-131,109,-25,13,-34,3,-198,-72,-102,-83,-296,-40,-85,-50,-99,-58,-24,14,-1,15,-12,10,0,16,15,21,-5,22,-16,17,-43,2,-11,15,-9,-6,-4,12,-9,-4,-2,7,-6,-3,-11,7,-3,-8,-13,2,-2,-8,-17,7,-5,10,-11,-11,-4,11,5,8,-11,1,5,4,-9,4,-1,12,-23,-37,4,-31,-7,-34,-11,-8,-30,-2,-8,11,-4,51,-13,11,6,19,-13,7,11,25,-8,13,15,9,-1,14,-14,2,5,10,-19,-2,4,16,-15,4,8,6,-5,10,-16,4,6,10,-5,8,-10,-3,2,7,-9,1,-7,15,4,10,-22,3,-4,9,-11,-7,-9,9,-9,-5,-3,7,-20,6,-2,-10,-11,6,-19,-8,-4,10,-9,2,5,14,-18,4,-4,16,-44,6,-4,7,-9,-8,-8,2,-24,-13,-16,0,-24,-27,-42,-10,-39,24,-34,10,-9,29,-21,31,-1,18,21,49,-53,103,362,0,-2218,1088,-115,-99,-172,-167,-159,-177,-9,-11]]]
3439101	r	-55.0453,-25.7139,-54.4582,-25.1407	[[[-550453,-255000,8,-235,25,-234,42,-232,59,-229,75,-225,91,-220,107,-214,122,-207,137,-200,113,-143,216,118,2156,1175,4,-3,-7,-26,-10,-9,-23,-5,-35,-36,-29,-52,2,-8,21,-12,48,2,45,-6,79,107,5,29,-9,34,26,40,19,19,4,2,58,13,32,15,15,34,-7,11,24,237,108,72,98,-16,577,-3,46,1,18,20,19,7,22,-9,12,-13,5,-28,28,-31,5,-18,22,5,18,14,3,-26,21,-13,27,-6,18,-45,52,-2,2,34,-5,28,0,-3,-1,7,0,7,0,11,0,78,0,6,-4,11,-6,17,-2,5,-38,68,-14,52,2,102,-4,51,0,29,-11,56,-63,116,-20,112,-40,33,-31,37,-21,78,-2,61,8,32,72,43,1,40,20,112,118,353,223,372,286,237,186,223,249,356,222,655,120,177,112,95,-169,82,-236,97,-242,83,-248,68,-252,54,-255,38,-257,23,-259,8,-259,-8,-257,-23,-255,-38,-252,-54,-248,-68,-242,-83,-236,-97,-228,-111,-219,-124,-211,-137,-200,-149,-189,-161,-176,-171,-165,-182,-150,-191,-137,-200,-122,-207,-107,-214,-91,-220,-75,-225,-59,-229,-42,-232,-25,-234,-8,-235]]]
3437056	r	-57.5698,-25.4027,-57.4456,-25.2656	[[[-575698,-253558,21,-35,42,-63,66,-24,37,5,-1,37,11,1,13,-2,0,-16,22,-1,34,2,50,-5,-3,-13,112,-34,-3,-9,45,-11,-18,-32,14,-6,-3,-6,62,-27,-36,-61,20,-9,7,13,13,-7,-4,-11,6,-3,-1,-10,17,3,2,-14,6,2,7,-16,7,1,17,-28,9,1,65,-87,16,20,53,-15,10,18,165,-27,-11,51,-19,30,-6,40,21,80,-6,43,8,51,-15,58,5,56,-5,6,-29,42,0,3,8,45,1,0,18,25,26,14,2,3,5,9,1,3,1,4,-1,0,1,1,-6,2,-14,7,-2,4,1,15,3,12,7,8,25,19,-1,7,16,6,16,28,-8,2,3,15,22,6,20,24,23,8,7,28,39,14,22,56,-34,0,-9,-10,227,556,-958,-121,1,-1,-3,-14,10,-22,-7,-29,8,-11,-7,-9,-7,-56,-19,-19,6,-24,-89,-127,-15,-5,-66,-107,-26,-20,8,-68,107,-232,-5,-48,-18,1,0,1,-44,4,-49,-5,-69,10]]]
3439214	r	-57.5166,-25.4758,-57.3522,-25.2447	[[[-575166,-254048,31,-8,20,-4,-1,-2,31,-9,-3,-12,-65,10,42,-169,5,9,15,-13,77,11,14,7,13,-12,8,3,9,-21,178,-81,1,-10,138,-42,8,8,275,-375,219,596,12,-4,150,-15,6,43,-19,27,7,8,-3,32,10,13,-8,25,-28,26,-9,22,5,3,-17,11,-3,28,15,18,-22,29,-4,22,8,19,13,5,-2,10,12,20,10,40,-5,29,-18,-1,-2,10,29,32,11,1,5,15,-2,32,-32,49,8,18,1,1,-1,2,-1,11,4,4,34,-11,86,113,2,-1,377,1029,-751,-129,-183,-80,-227,-556,9,10,34,0,-22,-56,-39,-14,-7,-28,-23,-8,-20,-24,-22,-6,-3,-15,8,-2,-16,-28,-16,-6,1,-7,-25,-19,-7,-8,-3,-12,-1,-15,2,-4,14,-7,6,-2,-1,-1,1,0,-1,-4,-1,-3,-5,-9,-2,-3,-26,-14,-18,-25,-1,0,-8,-45,0,-3,29,-42,5,-6,-5,-56,15,-58,-8,-51,6,-43,-21,-80,6,-40,19,-30,11,-51,-165,27,-10,-18,-53,15,-22,-29,-89,14,-9,-30]]]
3437863	p	3439389
3438115	p	3437056
3437842	r	-57.5468,-25.2576,-57.1626,-25.0037	[[[-575468,-251841,104,36,29,20,27,29,23,45,-23,61,5,27,13,18,129,68,43,-21,26,3,26,-16,3,-15,0,-2,-2,-1,-18,-3,-1,-2,-1,-2,-2,-3,6,-5,17,5,5,-7,-2,-10,-1,-4,14,7,26,1,7,-2,1,0,2,-1,6,-14,-3,-6,-13,0,-10,-14,22,-12,-3,-18,-14,-3,-13,12,-13,-7,4,-23,13,-11,-25,-118,11,-22,-8,-10,4,-6,12,5,6,-13,15,10,10,-2,4,-22,-9,-15,15,-15,-3,-53,1,-7,7,-49,15,-23,3,-19,20,-11,13,-34,26,-8,8,-10,67,3,16,8,73,-60,0,-4,16,-23,12,4,454,-371,751,129,1072,557,824,1072,-39,119,-79,190,-92,186,-106,179,-72,106,-2716,-1111,-15,7,-20,28,24,1,2,16,-26,7,-42,26,4,41,-73,43,-99,22,-89,-13,-79,-30,-149,-140,-39,-52,-42,-137,-48,-113,-4,-18,-2,-3,0,-5,-5,-19,2,-8,-2,-12,8,-29,45,-67,7,-42,-45,-117,-26,-48,-25,-30]]]
3437665	r	-57.572,-25.4437,-57.5046,-25.361	[[[-575720,-253849,2,-1,1,2,40,-38,51,-67,30,11,25,-31,59,-100,5,2,29,-33,12,6,7,-23,17,-8,30,25,23,-85,31,-231,14,-17,29,6,6,14,40,37,2,18,35,19,81,79,28,21,12,1,-42,169,65,-10,3,12,-31,9,1,2,-20,4,-31,8,9,30,89,-14,22,29,-16,-20,-65,87,-9,-1,-17,28,-7,-1,-7,16,-6,-2,-2,14,-17,-3,1,10,-6,3,4,11,-13,7,-7,-13,-20,9,36,61,-62,27,3,6,-14,6,18,32,-45,11,3,9,-112,34,3,13,-50,5,-34,-2,-22,1,0,16,-13,2,-11,-1,1,-37,-37,-5,-66,24,-33,46,-6,-6,2,-19,-14,-15,-4,-19,5,-19,-5,-11,18,-40,-1,-23,-10,-8,5,-20,-14,-9,-7,-23,-14,-5,-7,-22]]]
3437547	r	-56.9733,-23.7368,-55.4555,-22.0745	[[[-569733,-222443,15,-2,8,14,-13,16,4,8,46,-3,24,6,3,55,-72,-44,-11,-35,-4,-15]],[[-569131,-222588,8,-1,36,-60,32,-16,25,6,15,24,1,16,-17,29,6,29,20,35,50,33,9,4,-91,120,-94,-219]],[[-568521,-222919,87,-95,47,3,37,17,35,28,54,7,2167,-694,-29,-37,-52,-25,-43,-30,-127,-47,-34,-6,-22,-18,-21,-1,-27,-28,5,-13,-16,-16,9,-28,-11,-15,3,-10,-9,-7,7,-23,-2,-52,-5,-9,8,-22,0,-36,-13,-17,-1,-24,-13,-24,5,-24,-12,-17,10,-17,-3,-22,-32,-18,-74,1,-18,-26,-44,-10,-26,-30,-51,9,-50,-20,-6,-18,-13,-12,-11,2,-1,11,-11,7,-38,-21,-22,-28,-105,-30,-14,-24,-30,-28,-2,-21,-17,-22,-49,-3,-10,-44,-15,-9,0,-8,-42,-24,-7,-15,7,-19,-2,-5,-9,4,0,-10,4,-16,15,-13,9,-33,-14,-14,4,-23,-7,-9,5,-6,-9,-1,-2,-13,-10,-10,29,-9,-15,-28,2,-23,-7,-32,-29,-23,16,-32,-16,-22,7,-21,-18,-12,1,-12,-19,-9,7,-18,-10,-20,14,-37,-4,-26,-7,-14,-16,-11,5,-5,-33,-9,-10,-21,-27,-32,7,-18,-3,-13,-40,-30,11,-15,-6,-29,18,-14,1,-21,-24,-42,-2,-27,-35,-42,3,-16,13,-14,-7,-30,20,-70,50,-19,22,-25,-6,-59,-13,-15,17,-24,-6,-28,32,-36,-2,-44,7,-23,-16,-39,4,-52,63,-87,22,-79,-15,-55,14,-31,34,-38,-3,-5,-46,-11,-7,-8,13,-12,-17,-21,7,-38,13,-11,-10,-8,1,-7,9,-5,-6,-21,9,-1,7,-15,-39,-17,-4,-16,6,-46,-9,-26,-5,-7,-28,-6,-7,-13,14,-7,8,12,9,2,12,-32,31,-8,-5,-17,10,-6,9,9,17,-5,11,-38,9,-2,5,-21,7,-3,2,-19,39,11,0,-11,10,-12,-9,-10,6,-13,10,2,13,-13,29,-10,0,-8,-14,-12,8,-5,-6,-17,17,-18,-14,3,-3,-7,35,-18,15,2,6,-21,44,-15,-6,-15,12,-6,12,-55,-5,-3,-7,12,-9,1,0,-18,-14,-6,6,-23,8,-3,-13,-7,9,-12,-42,7,-28,-18,11,-18,21,-9,-3,-14,13,6,5,-15,16,-15,-4,-58,13,-3,45,-37,74,6,39,27,52,-4,13,-14,0,-11,-17,-38,-22,-22,-4,-20,6,-21,25,-27,64,30,15,-3,-23,-19,-12,-2,-2,-8,10,-17,-1,-19,14,-43,-7,-28,8,-59,33,-45,-43,-25,-7,-16,-7,-43,33,-10,10,-11,-15,-9,-8,4,-5,12,-7,-2,5,-40,10,-12,-13,-13,5,-11,-12,-3,-7,-19,32,2,-8,-18,20,-15,8,-17,22,-6,-3,-23,10,-25,-8,-27,7,-49,-11,-53,14,-39,58,-21,58,-49,8,-14,-9,-34,-18,-12,9,-16,-14,-17,-6,-53,-13,-11,-57,-6,-46,9,-44,-40,27,-45,-2,-38,-62,-15,-13,-7,350,-569,13,-13,3,-13,5,-8,14,6,9,-5,2,-20,30,12,7,-37,50,25,6,-4,-14,-12,-1,-13,33,16,14,-50,32,1,-7,29,24,-1,16,-23,-2,-24,-16,-25,15,-55,43,-3,35,6,110,-49,81,19,57,28,9,25,-23,49,-27,5,-13,15,3,8,19,-3,23,13,19,-8,20,11,18,-2,7,-11,-4,-37,9,-7,17,26,47,-13,111,21,49,46,-4,19,-11,6,-20,-13,-19,-23,-15,4,-2,32,27,18,6,25,32,22,34,-3,56,21,17,17,-14,15,-17,6,4,14,30,-6,23,5,22,-9,11,7,3,36,-15,49,-1,45,-27,8,-13,40,25,34,30,2,16,8,32,34,22,53,43,21,35,27,17,27,-3,65,-40,-11,-5,8,69,103,-6,10,-41,19,-9,11,-11,62,4,42,5,8,32,12,40,-1,96,56,11,74,-29,40,-2,21,14,18,42,-3,15,6,3,9,-19,14,3,14,94,41,16,31,24,-1,40,24,29,3,17,13,108,-6,18,-8,7,-19,12,-5,24,21,34,3,12,17,18,8,22,-9,17,-26,16,-7,6,9,-18,59,9,12,25,2,16,-30,32,-8,24,-68,23,-2,12,18,-14,24,3,11,36,6,28,12,81,101,22,-5,42,36,35,-25,49,30,43,12,1,33,-29,-1,-18,-10,-14,10,0,30,11,17,2,28,10,10,79,33,16,-21,0,-16,-31,-20,-3,-14,22,-7,33,4,23,-11,8,3,8,19,-3,46,10,7,29,0,12,10,11,35,-5,14,12,16,-18,28,5,21,-12,30,3,44,57,-14,22,-16,17,6,6,10,3,28,11,17,-8,6,-24,-16,-10,1,-18,45,20,18,82,-25,36,7,34,-34,17,-3,12,5,12,-14,17,-3,19,17,-3,31,21,9,23,40,-10,38,53,-1,56,-22,36,1,22,12,-20,91,22,41,34,7,19,15,92,46,11,-2,24,-27,26,9,1,-20,46,5,16,9,5,22,16,11,40,-53,37,-23,22,11,1,29,15,24,63,12,9,-7,1622,-3536,18,-17,3,-26,-8,-2,-8,-17,25,-20,-4,-10,10,-45,22,-10,-5,-25,-16,-30,23,-27,0,-25,-9,-16,14,-11,-18,-7,-6,-20,-17,-10,8,-18,-9,-12,-14,5,-22,-18,-21,8,-30,-13,-3,-21,31,-72,-1,-13,-20,-3,-23,-34,-50,8,-25,-20,-10,-37,-31,-14,9,-14,53,-2,2,-16,15,-16,7,-30,-12,-5,-11,17,-15,-18,14,-30,38,-7,27,-13,4,-19,-15,-29,-2,-31,-9,-16,-29,-21,-26,5,-13,12,-32,-15,-23,16,-6,-19,-11,10,-51,-6,-29,-9,-19,-19,-8,15,-33,-6,-12,29,-21,5,-22,20,2,22,-48,-9,-22,-35,-19,7,-4,-22,-12,3,-5,-5,-3,-6,7,-14,-20,-4,2,-16,-11,-9,3,-6,19,1,-2,-8,-13,-2,-12,7,-8,-10,5,-5,13,2,6,-8,-6,-14,-16,-6,6,-36,12,-9,2,-10,14,1,-10,-61,33,-14,9,-14,-17,-24,-20,-6,8,-16,-6,-17,31,-30,1,-22,10,-14,-7,-6,-40,-3,-31,13,-50,-41,-18,1,-16,12,-16,-16,-5,3,4,15,-37,-10,-39,18,17,-56,28,-17,3,-43,-46,-21,-46,19,-17,-14,5,-37,-42,-68,0,-31,-11,-25,4,-6,38,2,13,-6,4,-45,-5,-11,-23,-10,5,-20,9,-15,16,-7,15,27,8,-2,21,-50,29,-17,8,-84,23,-11,19,6,5,-26,16,-8,-16,-34,-36,-4,1,-21,18,-5,3,-8,-29,-6,-23,4,-7,8,1,15,-13,10,-19,2,-6,-9,-10,0,-3,10,15,18,-31,-6,-1,-21,21,-22,0,-46,-35,-26,-35,-14,-26,28,-24,12,-104,4,-11,8,-13,30,-20,3,-30,-48,8,-8,29,-4,18,-18,-4,-16,-25,-21,-8,-29,-16,9,-15,-1,-34,-14,-41,-27,-45,8,-2,-24,-17,-8,-29,20,-32,-21,-10,-21,-27,-1,-1,-3,-2,0,1,-10,29,-25,-11,-25,-19,2,-10,-13,-22,-7,-34,9,-23,-20,0,-2,-2,-1,2,-2,0,-4,11,-10,24,8,13,-18,27,-6,-8,-24,-29,-18,-2,-24,-14,-25,0,-8,22,-12,-1,-3,-10,-9,-40,17,-2,-1,-3,1,-18,-7,-27,18,-43,-5,-13,-23,-1,-32,-12,-14,14,-15,15,2,28,-9,8,-18,-32,-18,-11,-23,11,-7,-2,-7,-15,5,-63,-32,-31,-60,-27,8,-8,-5,7,-29,-14,-42,9,-24,13,-12,32,-9,45,10,10,-6,2,-12,-8,-8,6,-19,-5,-24,18,-17,4,-24,-23,-18,-56,-8,-11,-12,-30,7,-10,-40,-13,-15,-42,-1,-27,17,-28,-20,-2,-8,18,-16,-2,-9,-12,5,-8,-7,4,-31,20,-21,-7,-15,-34,-8,6,-17,-17,-15,14,-34,-5,-10,-15,0,-41,-24,-51,18,-52,-29,-24,-28,-50,-10,-33,15,-43,-21,-43,10,-20,-16,-3,-7,1949,-3169,61,-21,799,-226,814,-176,824,-127,831,-76,835,-25,835,25,831,76,824,127,355,77,-104,300,-11,31,-443,438,-192,259,-34,335,8,360,-7,36,-61,299,-26,347,270,556,16,308,-110,189,-307,302,-66,224,32,166,234,454,4,168,-219,744,-38,88,-278,158,-107,130,-7,165,49,365,-55,196,-108,154,-263,284,-22,169,56,337,1,173,-223,771,-24,374,131,304,173,289,103,333,-9,88,-65,161,-21,87,8,85,55,165,10,78,-10,64,-11,21,7,10,-7,42,-3,5,-7,24,-6,48,-70,111,-132,73,-201,67,89,73,-112,66,-30,48,-81,26,-51,26,-8,22,-52,60,-58,31,0,64,-36,79,-149,57,-40,29,-62,29,-128,222,-41,105,-3,36,-64,98,-7,106,11,98,-10,21,-37,18,-14,64,1,2,19,5,40,48,-6,46,37,11,31,29,53,13,1,8,-24,35,-5,21,11,78,29,41,-21,73,-2,45,-30,53,24,104,-2,27,-81,76,32,78,-23,58,-30,20,-3,15,8,20,-21,8,-80,-25,-97,19,-8,0,-27,28,-336,235,-26,38,-37,46,-45,38,-21,1,-128,162,-43,152,-23,32,2,57,-28,79,-6,38,-21,27,-16,36,-65,14,-43,57,-29,-7,-47,-22,-87,-3,-174,12,-104,-29,-39,-1,-32,6,-74,55,-16,-1,-24,14,-13,-5,-4,-18,-17,-6,-13,1,-22,17,-21,-7,-36,12,-34,-13,-21,2,-53,-29,-18,-4,-8,5,0,-9,-12,4,-22,-7,-10,-12,10,-4,-1,-17,-13,-17,-12,-2,-5,-13,4,-28,-10,2,2,-5,-22,3,-3,11,-12,2,-11,19,-32,-5,-2,-7,-37,6,-7,9,-19,-2,-9,9,-13,-2,-37,-34,0,9,-48,41,-11,24,-26,0,4,4,-9,7,9,1,5,12,-16,2,-3,11,-7,-3,0,21,-9,7,-9,-7,-5,6,-15,1,1,-10,-12,-11,-45,-6,-1,-1,-92,42,-128,-67,-90,-23,-1,-1,-20,-5,-5,5,1,10,-11,-2,-3,8,-9,-5,-1,-10,-9,7,-5,-5,-26,5,0,10,-17,-7,-19,4,-14,36,-15,1,-9,-10,-6,7,-4,-13,-22,-6,-16,1,-15,10,-5,-8,-14,8,4,14,-20,8,1,14,-10,0,-5,-8,-1,21,-18,-7,-2,-9,-25,7,-3,10,-5,-11,-8,11,-13,0,-13,8,-26,0,-1,-10,-14,-2,-3,3,12,11,-9,7,-6,-2,7,-10,-12,-1,1,6,-7,4,-10,-7,5,-18,-9,-1,-7,8,5,-12,-11,3,-5,-10,6,-9,-12,2,2,-8,-7,-1,5,-11,-22,-31,-87,4,1,2,-9,-2,-21,1,-1,5,-11,-4,-2,0,-2,19,-10,7,-21,-12,-6,-12,-18,1,3,1,-8,6,-2,16,-8,-5,-3,-17,-1,-1,-44,2,0,1,-16,0,-18,1,-14,9,3,8,17,0,-21,16,-18,4,-9,14,-6,-10,-5,13,-23,1,-6,12,-52,4,4,15,-19,8,-2,12,-15,-2,-2,-13,-22,2,-18,44,-17,-10,-5,-20,-47,26,-11,-24,14,0,9,-26,-21,15,-34,-9,6,-17,-3,-23,8,-12,-11,0,-5,-6,10,-16,-684,32,-175,39,-172,100,-296,268,-557,309,-305,273,-235,331,-265,611,-103,104,-142,13,-720,-121,-175,-48,-103,-85,-91,-92,-153,-210,-31,-62,-55,-158,-34,-43,-73,-35,-26,-24,-171,-282,-107,-110,-335,-232,-80,-36,-111,-31,-64,-59,106,-181,-47,-81,-158,35,-340,365,-168,81,-51,-41,-80,-180,-47,-66,-103,-63,-21,20,-12,44,-76,14,-326,-92,-76,-7,-137,45,-36,-16,-12,-66,-66,-93,-232,-235,-92,-29]]]
3438735	r	-56.2308,-27.4437,-55.5648,-27.0073	[[[-562308,-273300,8,-211,22,-200,224,89,365,375,189,129,254,129,257,-17,247,-42,4,-1,49,-17,61,6,136,-19,122,-46,91,-84,210,-74,221,-40,187,6,54,1,243,33,233,5,203,-71,149,-187,151,-375,86,-101,121,-62,269,-67,605,-296,372,264,358,379,281,193,249,37,212,109,162,171,97,229,8,138,-24,82,-9,67,50,76,84,128,20,104,-19,107,-43,117,-241,410,7,151,266,60,69,33,-52,75,-138,172,-149,163,-162,154,-172,144,-183,134,-191,123,-201,112,-208,99,-215,87,-221,75,-226,61,-230,48,-233,34,-235,21,-236,7,-236,-7,-235,-21,-233,-34,-230,-48,-226,-61,-221,-75,-215,-87,-208,-99,-201,-112,-191,-123,-183,-134,-172,-144,-162,-154,-149,-163,-138,-172,-125,-179,-111,-187,-97,-192,-84,-198,-68,-202,-54,-205,-38,-209,-23,-210,-8,-211]]]
3438995	p	3439389
3437918	r	-57.437,-25.6988,-57.245,-25.189	[[[-574370,-254758,336,-1830,-1,-1,68,-369,24,-3,221,-20,222,-7,222,7,221,20,219,33,217,46,171,47,0,4945,-1072,-557,-377,-1029,-2,1,-86,-113,-34,11,-4,-4,1,-11,1,-2,-1,-1,-8,-18,32,-49,2,-32,-5,-15,-11,-1,-29,-32,2,-10,18,1,5,-29,-10,-40,-12,-20,2,-10,-13,-5,-8,-19,4,-22,22,-29,-15,-18,3,-28,17,-11,-5,-3,9,-22,28,-26,8,-25,-10,-13,3,-32,-7,-8,19,-27,-6,-43,-2,0,-148,15,-12,4,-219,-596]]]
3436728	p	3439389
3436725	r	-59.5024,-25.2019,-56.5884,-23.0625	[[[-595024,-242519,15926,-7812,2218,-1088,-362,0,53,-103,-21,-49,1,-18,21,-31,9,-29,34,-10,39,-24,42,10,24,27,16,0,24,13,8,-2,9,8,4,-7,44,-6,4,-16,18,-4,-5,-14,9,-2,4,-10,19,8,11,-6,2,10,20,-6,3,-7,9,5,9,-9,11,7,4,-9,22,-3,-4,-10,7,-15,9,-1,-2,-7,10,3,5,-8,-6,-10,16,-4,5,-10,-8,-6,15,-4,-4,-16,19,2,-5,-10,14,-2,1,-14,-15,-9,8,-13,-11,-25,13,-7,-6,-19,13,-11,4,-51,8,-11,30,2,11,8,7,34,-4,31,23,37,1,-12,9,-4,-5,-4,11,-1,-5,-8,4,-11,11,11,5,-10,17,-7,2,8,13,-2,3,8,11,-7,6,3,2,-7,9,4,4,-12,9,6,11,-15,43,-2,16,-17,5,-22,-15,-21,0,-16,12,-10,1,-15,24,-14,184,108,296,40,102,83,198,72,34,-3,25,-13,131,-109,25,30,26,48,45,117,-7,42,-45,67,-8,29,2,12,-2,8,5,19,0,5,2,3,4,18,48,113,42,137,5,8,34,44,149,140,68,26,11,4,26,4,45,7,18,2,11,-2,88,-20,73,-43,-4,-41,42,-26,26,-7,-2,-16,-24,-1,20,-28,15,-7,2716,1111,1440,588,3570,3795,1120,2774,-6157,298,0,69,13,108,-38,108,-69,155,-32,42,-46,20,-33,5,-64,-3,-39,7,-27,11,-31,32,-46,116,-30,132,-30,58,-70,59,-181,117,-22,35,-10,41,3,70,29,39,83,39,130,52,36,22,157,134,133,73,74,33,29,18,32,42,13,92,-9,56,-18,27,-88,75,-19,42,-31,22,-131,38,-177,78,-89,66,-12,71,48,64,72,38,124,29,133,56,93,49,23,19,79,107,39,38,17,28,9,36,-10,42,-31,52,-52,39,-149,81,-22,47,-18,90,16,53,-4,21,-20,28,-37,23,-70,17,-54,0,-126,-19,-21,2,-73,18,-158,61,-138,100,-39,110,-19,123,55,78,121,45,221,49,71,62,42,60,-6,55,-147,117,-67,92,7,69,57,81,80,72,86,96,29,87,-32,186,-64,61,-132,30,-53,66,29,53,172,63,16,47,2,161,-17,42,-48,76,-126,77,-42,37,-84,23,-86,1,-54,7,-82,31,-55,43,-67,96,-34,38,-74,59,-148,91,-62,29,-45,10,-94,-2,-77,8,-174,89,-38,25,-32,45,-55,54,-65,37,-95,73,-29,32,-143,249,-84,109,-62,118,-50,65,-41,124,-57,106,-20,56,-45,68,-7,57,53,218,102,121,35,106,52,117,20,71,44,86,5,33,-6,103,30,76,-10,58,-35,119,-87,160,-18,126,-12,30,-52,36,-157,51,-61,32,-39,43,-75,132,-77,67,-90,48,-50,37,-34,41,-7,24,2,80,19,33,166,120,87,32,28,16,21,26,14,56,2,70,-34,98,6,93,-18,68,-31,48,-32,35,-202,175,-136,91,-59,63,-23,37,-14,41,-25,146,-31,34,-27,16,-364,136,-97,44,-140,37,-52,39,-84,98,-37,61,-60,169,-23,45,-50,68,-13,60,4,31,108,126,35,69,8,82,-8,56,-31,40,-38,27,-45,19,-39,5,-82,0,-137,-28,-11,-31,-87,-84,-7,-20,-5,-65,-11,-22,-26,-24,-56,-28,-31,-6,-25,0,-24,13,-33,3,-63,-21,-26,-2,-70,21,-33,27,-17,44,-16,18,1,7,14,5,-1,8,-21,16,-29,-3,-83,36,-11,-27,-8,0,-37,28,-48,8,-5,7,4,21,-9,12,-16,-21,-11,-1,-18,40,59,5,1,18,-11,5,-27,-7,-32,30,-4,8,16,21,-18,16,-13,-3,0,-33,-10,-10,-4,23,-27,-1,-14,12,47,7,-4,14,-30,17,-3,11,38,-3,10,15,-27,7,-11,16,0,15,12,2,15,-20,23,-8,3,6,-12,10,19,46,-51,9,-25,-43,-4,5,7,27,-5,11,-13,4,0,-18,-15,-21,-2,18,-22,29,-28,-23,11,-36,-4,-9,-17,34,-18,6,-16,-7,-11,-55,22,-11,2,-7,-21,-16,-2,-12,-23,-3,3,-12,16,-12,-1,-12,-33,-5,-3,-7,4,-8,28,-12,15,-23,-42,-5,4,-35,-6,-14,-27,40,-21,7,-1,-28,23,-4,6,-14,-26,8,-19,-16,-27,-11,2,-10,35,-25,-26,-18,-5,-16,-8,7,-1,26,-15,-9,-30,4,-24,12,-4,27,-27,14,-11,-10,2,-7,25,-17,-31,-25,-4,-19,35,-11,35,-27,-10,-9,-18,21,-20,-4,2,-8,19,-9,-13,-8,6,-12,-21,-27,3,-6,15,-2,-8,-14,1,-18,-30,-7,-5,-7,4,-6,21,0,2,-22,-16,12,-17,-2,-1,-9,16,-9,-33,-23,-13,11,6,17,-5,3,-16,-16,-12,23,-37,-8,2,-11,-10,-3,-51,18,-9,-12,22,-13,-6,-7,-29,7,-4,-8,14,-18,-31,7,3,29,-21,-10,-3,-16,-11,-7,-5,12,-14,-7,-5,15,-24,21,0,34,-5,-1,-2,-12,-24,11,-2,-5,12,-9,0,-7,-30,-3,14,-26,-22,9,-26,-28,7,-13,10,13,18,4,2,-9,-17,1,9,-7,-10,-10,2,-27,-19,18,-25,-6,2,-11,28,0,-2,-27,-19,7,-8,-5,21,-19,-51,-7,6,-9,-20,-5,-4,-9,34,-2,5,-9,-19,-13,-20,13,-11,-20,34,-3,-2,-8,12,-6,2,-9,-21,-3,12,-9,-3,-13,9,7,11,-10,3,9,31,-4,3,-7,-17,-12,1,-12,10,0,2,15,6,4,3,-13,11,-1,10,-15,-16,-11,-14,6,-20,-25,-1,-13,-26,20,-5,-31,-12,-4,-9,6,-5,-13,-10,-3,24,-21,-22,-5,9,-28,-17,-10,4,-3,7,6,14,-15,14,2,5,-18,5,14,12,-6,8,7,11,-15,1,-22,24,8,-4,-41,-9,-12,7,-6,-4,-18,7,-3,18,15,-1,-23,13,-12,-1,-11,-6,-2,-12,10,-11,-9,-6,12,-20,-3,-4,-10,22,-6,5,-14,-7,-2,-12,11,-13,-18,29,-2,25,-20,15,-3,-16,-14,20,-16,-7,-6,-5,9,-15,-1,18,-26,-10,-7,-17,20,-15,-1,2,-9,20,-12,-2,-14,-7,1,-6,11,-35,12,0,-26,12,-9,-17,-6,-1,-20,-37,-16,-8,-9,8,-4,18,9,11,-2,-17,-30,4,-22,-25,9,-4,-14,-20,-15,6,-14,-25,5,1,9,-12,15,-7,-7,7,-11,-22,-9,0,31,-9,-3,-16,16,-6,-8,-4,16,-33,-3,7,15,-16,6,7,19,-25,6,11,9,-1,10,-37,-1,-21,-31,-16,15,14,16,-12,2,-5,15,-32,-9,-12,25,-5,-2,3,-18,-14,8,-12,-12,-14,12,-22,-23,-28,8,-1,15,-16,9,7,17,-13,0,-20,-21,-14,18,-18,-23,2,-18,-13,8,-20,-9,15,-9,-19,-26,21,-29,-6,-15,-13,26,-13,-13,8,-12,-13,-8,-5,15,-9,-6,-15,4,-2,5,11,7,-4,17,-22,-17,-10,15,-14,5,-5,-22,-35,-3,-3,10,15,12,-12,19,-9,-9,3,-16,-24,2,-16,26,-23,-1,-2,-10,22,-3,-4,-14,-12,-5,12,-14,-14,-11,-1,-17,6,-1,3,14,9,-4,13,9,-7,-19,12,-11,15,-4,2,17,21,-12,-7,-7,3,-12,-6,-11,-6,11,-10,2,-1,-16,-18,4,8,-10,-19,-13,15,-12,-17,1,-4,-18,-39,19,12,-24,-7,-16,-10,9,9,7,-7,12,-24,5,-12,-22,-8,23,-11,7,-5,-36,-11,2,-7,19,-11,-9,-10,0,2,11,24,7,-7,26,-19,-5,-26,6,-5,4,5,6,-9,3,-5,-8,17,-19,-13,-8,-11,2,-9,-5,-16,9,2,-13,-18,4,-4,-15,-9,-3,-19,22,-12,1,-5,-14,19,-13,3,-16,-17,6,-9,-13,-23,-9,0,20,-20,-6,-4,-11,15,-9,2,-11,-7,-9,-15,8,-10,-9,26,-25,12,6,14,-3,-2,-16,-19,-4,-20,8,-16,-3,-12,-11,17,-1,3,-15,-17,6,-28,-12,-11,10,-10,-4,-15,-26,-9,-3,-18,8,4,-17,-6,-19,-21,15,-13,-8,7,-12,-15,-13,2,-27,-18,5,-2,24,-19,15,1,15,-10,9,-14,-21,4,-9,18,-6,2,-14,-16,8,-2,-9,-11,-6,-6,12,4,6,-12,13,-13,-9,4,-7,7,3,5,-20,-31,6,-6,-8,1,-7,18,-4,-1,-15,-11,-2,-1,13,-15,-4,-7,7,-20,-15,11,20,-23,18,11,19,-24,12,-4,29,-8,9,-12,-2,11,12,-10,26,8,31,-16,7,-17,-17,-35,-12,-12,18,-23,-12,-14,2,2,-12,-7,-6,-4,17,-23,-15,8,-15,-13,-3,-7,-20,-31,15,-20,-8,5,-9,-4,-19,-15,-23,-13,-7,9,-22,-4,-11,27,-11,7,13,13,-2,2,10,16,3,-3,-13,5,-3,5,5,9,-8,6,7,3,-12,12,-4,1,-16,13,-10,-3,-12,-16,-6,-1,-10,15,-21,-22,-7,-7,-13,-34,-1,-2,15,-7,2,-15,-14,-16,1,-12,16,-21,-18,-9,6,-14,-3,7,-20,-21,-11,-15,1,2,-12,-32,1,-19,-14,-21,13,-26,34,-24,20,-24,-27,-16,-3,3,-23,-17,-7,-9,-16,-21,-3,-6,14,-23,1,-1,24,-23,7,3,15,-14,-3,-15,7,-7,-23,-55,-13,-12,-10,-5,27,-26,-1,6,-18,-15,-2,-14,22,-31,-8,3,18,-14,11,-35,-16,-9,9,-17,-5,-15,23,-22,4,-17,-14,-16,10,-13,-1,-6,-34,-8,-1,-16,24,-9,1,2,-23,-34,-12,16,-14,-6,-12,3,-11,-21,-5,6,-22,-8,-5,-10,11,-13,1,-10,-27,-30,20,-4,-19,-12,-9,-16,36,-38,5,-19,-11,-37,16,-2,-9,14,-7,-15,-35,-23,15,-5,-28,-35,12,-8,-4,-5,-26,-21,15,-11,-4,0,-29,-12,-17,8,-27,-27,1,5,-19,-16,-7,1,-10,-8,-8,-27,2,-14,-5,0,-17,-20,-36,7,-22,-18,-1,-11,-9,17,-11,2,-12,-10,-11,-15,5,-23,-13,-4,-25,-13,5,-16,-8,-18,25,-13,1,-6,-25,-48,4,-30,-26,-16,2,2,-13,-85,8,-14,17,-20,-13,-17,18,-27,-28,-6,-21,13,-12,-16,-4,-13,-21,0,-9,12,-8,-8,-9,7,-5,-7,-9,2,-15,-11,-6,-6,-20,-20,-14,-22,-5,-11,5,-17,-14,-16,3,-12,-14,-14,1,-13,-25,10,-23,-18,-9,-18,2,8,-12,-4,-9,-22,5,-9,-16,-11,7,-6,-2,5,-16,-7,-12,14,-7,2,-24,8,-9,19,-2,5,-13,-31,-1,1,-22,-5,-6,-10,7,-20,-8,-23,8,-10,-7,-8,9,-26,-7,-18,15,-21,-12,8,-10,-3,-7,-12,11,-23,-19,-16,4,-4,-4,8,-11,-10,-6,-7,-16,-18,4,-20,-12,1,-18,9,10,7,-6,-3,-21,-23,-1,-10,8,-7,-7,-16,1,-10,-11,-18,6,-9,-31,-22,-6,-30,6,-8,-11,12,-3,2,-7,-8,-14,-27,-15,4,-33,-5,-9,-22,8,-16,-21,-7,12,-6,-7,-8,7,-17,-15,-25,15,11,12,-8,15,16,1,9,13,-4,8,-20,-5,-4,8,0,29,8,13,-12,-7,-32,1,-3,10,-13,6,4,11,-24,13,12,10,-6,10,4,16,-27,7,-14,36,-20,1,-16,15,-70,-16,-15,6,-16,-14,1,17,-11,8,-59,27,-19,-5,-19,10,-12,-11,-8,2,-9,20,-23,-5,-5,21,-18,8,-61,6,-24,-27,-10,8,-3,14,-19,7,-20,-22,0,-15,-34,-10,-21,2,-6,-24,-13,-9,-20,5,-29,22,-18,1,1,-15,-19,-11,-10,-54,-78,-9,3,-11,-14,-6,-3,-20,-20,-11,15,-28,-7,-12,-20,6,-13,-8,-36,-5,-38,5,3,-17,-22,-4,10,-19,-20,-17,-20,7,-12,15,-18,-19,-3,-20,-12,14,-18,-21,-6,4,-2,19,-8,-13,-38,5,-13,9,0,9,17,-7,15,6,0,12,-16,-3,-11,7,19,8,1,23,-6,7,-13,0,-9,-20,-18,4,-13,-14,-32,-9,-17,11,11,8,5,24,-14,2,-16,44,-9,2,6,-22,-5,-6,-13,14,-32,-18,-20,15,-5,16,40,3,9,13,-6,6,-26,-11,11,17,-26,17,0,15,18,-4,3,26,-28,16,-7,-7,8,-18,-14,-2,1,17,-9,6,-10,-3,7,-12,-31,-2,-4,20,-19,-7,-11,15,-8,-7,8,-12,-8,-8,-27,-9,-15,14,-26,-29,-32,-6,-15,-23,12,-12,-7,-17,-39,6,5,15,-7,8,-22,-14,7,18,-4,7,-20,-2,-37,-20,-7,-11,17,-18,-14,-4,12,-30,-8,-2,-27,11,-23,17,-7,-37,-22,-11,7,-13,-5,-14,-16,17,-8,0,-19,-11,-3,-19,-11,-1,-2,16,-28,18,-1,12,16,5,-9,30,-12,5,-7,-2,-2,-15,-21,-32,-6,17,-22,10,-47,-1,-8,-29,23,-17,-28,-2,20,-14,2,-10,-31,-1,6,-25,-4,-8,-15,8,-22,-4,-21,6,-20,19,-42,-8,-4,8,7,9,-2,12,-29,15,-16,-15,-1,-18,-38,-1,-11,9,4,14,19,-3,1,21,15,20,-38,5,-5,7,13,7,-22,29,-25,-3,-19,11,25,19,-4,18,-24,-4,-13,-9,-32,28,-6,-21,-34,13,1,-19,-12,-7,-43,30,11,23,-20,16,-20,5,-5,12,7,18,-11,11,-8,2,-7,-7,-12,-27,-18,2,-13,7,-18,31,-37,28,-16,-16,-13,5,-2,14,20,26,-21,-3,-2,20,-9,7,-13,-13,-13,-2,-13,-16,13,-11,-4,-38,-34,-3,-7,20,13,7,6,18,-10,5,-23,-6,-7,12,-49,-15,-3,-22,-21,9,-20,-29,-13,-6,2,36,-18,-3,-16,-12,-18,19,-8,23,-27,-6,9,24,-35,36,-21,4,-16,15,-33,-22,-19,9,-7,19,8,15,37,17,-27,23,-20,2,-13,15,-11,-18,-10,-3,-11,11,8,15,-21,4,-11,-2,0,-25,-19,6,-19,-4,-16,8,6,25,-24,8,-33,-14,-23,5,-9,-22,-27,15,-2,-18,-22,-3,-14,-18,-2,19,-23,-2,-24,12,-55,-14,13,-21,27,-7,-16,-6,16,-27,-26,-3,6,-18,-38,7,-19,-4,-16,15,-10,-19,-20,-8,1,-19,-24,4,-20,-10,-12,14,15,24,-29,16,-15,-14,-12,28,2,20,-40,-8,-22,6,23,40,0,8,-21,7,14,28,-66,13,-13,-24,-28,16,-4,-21,-32,4,-4,-18,-25,15,6,21,-4,10,-10,-5,3,-22,-33,5,3,38,9,10,-17,22,-10,-1,-18,-45,-36,31,-32,15,0,11,25,8,-4,26,15,7,-25,22,-24,-9,4,24,17,8,-9,19,-19,16,23,14,-9,20,-14,-4,-12,-22,-11,-1,-22,32,-17,12,6,17,-10,17,14,14,-1,29,-21,11,-1,-33,-25,-26,-14,-4,-6,13,4,23,-27,9,8,20,-20,16,-18,-3,-32,9,-4,50,15,18,-1,7,-18,3,-29,-10,-15,6,-15,38,5,13,19,9,-3,-22,25,-3,24,-13,15,36,-20,72,-29,10,0,49,-12,-10,-35,-3,-15,13,-34,-27,-25,-2,-18,-11,-21,0,-2,-18,-21,0,-17,-13,-25,5,4,19,16,24,25,7,2,8,-33,6,-4,16,-14,-7,-16,2,-6,-25,-20,7,-3,14,-18,-2,-21,-7,-9,-17,-24,-4,4,-13,-23,-11,-8,-30,-11,-1,-10,16,-28,6,-3,-7,10,-18,-13,-9,-54,43,-6,-10,7,-20,-4,-9,-7,18,-21,-7,-21,-21,-5,-21,-31,13,-24,-5,-30,39,6,19,-37,12,-6,-8,10,-16,-14,-16,33,0,-3,-21,14,-22,-13,-7,-21,4,-8,-24,-12,0,-13,37,-20,-28,-4,-25,-61,15,-6,11,13,9,-6,16,-31,-8,-5,-21,-19,6,-16,-7,0,24,-26,0,-11,-15,15,-10,11,-22,-21,6,-25,-8,-16,43,0,37,24,16,-26,10,-2,24,-21,1,-15,9,-7,-3,9,-26,-17,-24,24,-7,-19,-31,-24,16,-17,-9,-12,16,-21,9,8,17,31,19,4,21,-45,-8,-16,26,-20,-18,-2,-21,-43,0,8,26,-5,32,17,10,20,-25,12,4,5,10,-17,7,34,36,7,23,-4,5,-27,2,2,-17,-52,-29,-9,29,-27,-21,-2,-16,-15,-3,-20,10,1,-20,-36,-11,-27,13,-43,-13,-37,-3,-32,16,-18,-13,-26,18,-2,11,16,7,0,8,-34,55,-9,28,-14,0,-11,-9,-12,-33,-28,-3,-10,7,30,44,5,35,18,25,-15,29,-13,1,-21,-23,-4,-34,-22,-30,-34,20,11,38,-7,23,1,21,-13,16,7,8,14,-16,7,1,10,28,-10,10,-44,8,-39,-32,2,-18,-35,-16,-22,-2,-58,-30,-70,0,-29,-11,-36,46,19,-1,57,-21,1,14,-13,23,-15,17,-31,-1,-26,-19,-11,-25,-25,-9,-1,79,-11,12,-25,4,-12,17,26,39,-2,7,-16,8,-38,-7,-13,-30,-18,6,-6,-19,23,-4,-8,-9,4,-19,-15,-18,-16,11,-9,33,5,16,-5,5,-13,-6,-8,-28,-21,12,-24,-9,-19,6,-51,-35,-10,-15,-44,-18,-26,-1,-10,-12,-45,13,-6,17,-20,17,-15,-31,5,-28,14,-17,25,-9,12,-31,-31,-8,-8,29,-37,7,-5,-7,16,-9,1,-10,-18,-8,2,-17,-11,-6,-32,7,-16,11,-18,-11,-11,17,14,25,-24,-9,-9,16,-62,-47,-25,8,-26,-6,-14,6,-1,7,43,5,-1,25,-8,10,-37,17,-8,-6,20,-7,-1,-20,-19,-25,-6,-21,-17,-5,-25,19,-9,38,7,27,-18,6,-42,-26,-31,-55,-28,-22,-1,-37,-15,-3,-12,6,9,34,-16,2,-17,-8,-21,14,48,69,-2,7,-8,-1,-14,-16,-38,8,-2,9,17,16,2,11,-23,-3,-15,-16,-14,12,-11,-1,10,-42,13,-24,-3,-30,-11,16,-37,23,-19,7,-11,-13,-23,13,5,24,17,17,-29,19,1,12,29,48,28,4,33,22,-12,20,-43,11,-18,-17,-23,29,-25,16,-25,-42,-9,3,3,18,-11,4,-10,-8,-16,-3,-4,18,11,24,-11,28,-40,14,-14,18,-10,35,-13,-1,-7,-19,-25,19,7,29,24,13,-2,7,-24,8,-26,21,-12,-5,-7,-16,-14,-5,-13,9,12,14,-3,9,-11,1,-24,-13,-3,30,-13,11,10,12,-5,11,-37,-8,-27,-17,-24,2,-22,11,5,16,28,7,-5,23,29,8,17,-11,10,0,31,41,-25,4,-15,20,-21,-9,-34,29,26,36,-6,7,-22,4,-20,-7,-15,-19,4,-19,21,-36,-19,-27,-47,49,-6,17,-33,6,-6,-4,13,-37,16,-12,-8,-13,-17,-7,-21,52,-37,-25,-5,-23,-24,-10,-7,22,-20,9,-41,-1,-16,7,-20,-20,-23,31,-21,14,-24,3,-14,19,-14,-1,-54,-47,-46,34,-26,-21,23,-59,17,-12,6,-25,14,-9,-14,-39,-7,-2,-7,7,-10,28,3,15,-7,8,-17,-6,-39,4,0,-21,15,-11,-8,-20,-37,-1,-12,14,-18,2,-14,13,-36,-47,-32,-1,-5,-9,4,-7,-13,-3,6,-15,-12,-13,-34,24,-15,-2,38,-35,0,-13,-30,10,-17,-3,-12,-9,-9,-23,-36,36,-34,-52,-26,24,0,8,9,10,-3,14,-9,-1,-19,-31,15,-25,-11,-15,-5,1,1,14,-9,1,-10,14,-39,5,-46,-13,-19,5,2,13,51,5,-17,25,25,34,-23,-3,-8,-21,-14,-6,-10,8,1,9,-16,2,-16,16,-15,6,-3,-9,33,-22,9,-15,-42,7,-11,-10,11,-11,17,1,7,-19,-26,-9,-16,-25,-12,24,-30,-14,41,-61,-20,5,-8,21,-12,7,-50,-1,-8,-49,20,1,4,-14,15,-13,-12,-33,-5,-3,-16,17,-22,-8,-20,1,-9,-8,-5,-22,-57,10,-40,-6,-24,10,-17,17,-10,-25,-6,-1,-15,36,2,9,13,7,-8,19,-35,-39,-14,21,-21,-1,-21,26,-1,11,16,1,8,13,-50,0,-24,18,-4,-10,20,-17,-25,-10,-6,19,-11,4,-10,-6,3,-19,-6,-9,-19,11,-14,20,-10,0,-5,-28,15,-15,-2,-8,-39,-6,-41,11,-21,17,16,-7,11,13,27,11,-14,22,8,27,-13,7,-10,-38,-23,1,-28,14,0,50,19,16,-19,33,-12,-36,-21,5,-4,22,-24,-3,11,-15,-3,-43,-7,2,3,24,-7,6,-23,-14,-2,-29,-8,-6,-15,5,-5,-4,14,-65,-9,-2,-1,14,-41,-12,4,-23,-38,-8,-12,-15,0,-17,-10,-1,-23,13,0,-30,-43,-3,-30,24,-6,-20,-19,-4,-5,23,9,30,-26,-9,-27,6,7,12,27,5,-28,14,-50,-32,9,-34,-19,-10,-8,6,-6,31,-10,0,-5,-17,-6,-3,-27,8,64,162,0,36,-16,54,-373,1132,-15,27,-105,116,-155,-118,-1246,-736,-272,-1428,-4,-82,-22,-1,-3,-375,71,-105,19,-299,129,-78,157,-168,7,-17,41,-49,45,-31,64,49,13,0,48,-18,35,-23,112,7,40,17,32,27,46,65,62,28,85,4,89,-22,40,-28,65,-88,7,-20,53,-61,30,-59,326,-302,0,-9,695,92,35,-2,48,-16,26,-3,-154,-385,16,-14,-2,-17,7,-9,25,-11,21,12,17,-5,9,-36,8,-6,42,-15,64,-37,58,4,57,-21,63,-42,100,-52,23,-4,36,4,21,8,44,34,44,14,38,1,405,-538,32,-112,-1228,-241,574,-1353,52,0,16,-16,8,4,29,-13,11,3,19,12,-7,18,11,2,8,12,28,3,3,20,11,-6,-1,-15,6,-3,35,31,1,21,52,16,8,11,15,-2,-16,17,9,24,13,2,9,10,16,-9,23,14,24,-5,17,13,3,22,16,10,0,10,20,-2,10,19,0,27,62,29,18,-11,-1,-13,10,-11,22,22,54,-44,11,7,24,0,23,-11,8,22,22,5,18,-5,11,9,10,-25,15,6,-3,-12,12,-7,0,-13,30,-9,13,2,10,-11,10,0,-6,-15,11,-6,16,11,7,-12,22,6,3,-5,-8,-9,23,7,7,-9,23,-6,7,-10,15,13,16,-1,6,-10,30,0,12,-20,9,13,24,-13,14,8,5,-8,8,5,7,-14,15,-8,11,2,5,-16,12,-1,-11,-7,3,-6,18,11,2,13,17,-9,2,-9,41,12,7,-19,17,2,7,-7,15,13,-1,-18,19,2,-5,-15,12,-3,2,12,17,-4,6,-34,13,4,22,-9,-7,-17,16,0,-4,-17,21,9,-5,14,8,5,30,-27,11,-2,-2,24,21,-2,6,9,9,-22,23,2,11,8,11,-13,-7,-9,4,-3,15,3,2,8,9,-1,-1,10,18,-4,0,-13,24,18,8,-14,13,14,24,11,12,-2,5,-10,29,10,0,-23,42,-6,18,4,9,-18,17,-6,0,-6,-14,-6,31,-27,-8,-25,11,-23,21,-13,15,5,4,-10,18,7,13,-11,15,4,43,-3,50,27,8,-7,3,-21,14,9,4,-3,-26,-24,0,-8,21,4,10,-15,19,7,8,15,18,-12,5,8,32,14,4,-17,-17,-7,5,-8,38,17,9,-6,13,2,1,-18,19,0,17,9,31,-17,7,-17,17,9,5,17,10,0,5,-15,21,10,15,-7,2,13,12,-15,15,2,5,-15,18,-14,9,9,-2,18,15,10,43,-9,-10,-9,2,-9,28,5,3,-13,13,13,20,-10,22,9,-7,15,7,12,-17,3,3,9,27,2,8,-15,23,7,16,-3,15,9,19,-38,31,2,39,-36,-20,-14,6,-20,15,-1,-2,-13,14,11,-1,-28,30,10,5,-7,-9,-7,8,-3,19,9,13,-3,22,13,31,-15,3,21,17,0,-4,19,22,-10,15,-28,19,0,-3,-7,-16,4,0,-9,36,2,4,14,31,-23,13,16,8,-14,12,10,13,-12,16,10,-6,16,25,-10,3,-11,14,11,-2,-12,5,0,18,22,-9,14,4,4,32,-6,8,-13,43,16,7,-10,-18,-19,13,-3,1,-9,25,15,6,-11,-9,-16,17,2,8,-8,-2,-15,9,-8,9,4,3,-14,6,10,9,-7,12,9,0,-18,-13,1,-2,-6,21,-9,9,-14,34,18,6,-5,-3,-15,32,7,21,35,-3,17,15,7,8,-17,17,9,-8,-22,18,13,12,-15,6,18,24,-4,6,8,6,-12,-5,-16,-11,-3,-1,-10,21,-28,16,6,6,-11,-17,-15,2,-6,16,-4,17,13,14,-5,11,8,6,-6,4,12,-7,4,6,1,21,-23,-22,-12,8,-7,-5,-9,6,-5,25,-9,8,13,21,-4,8,23,20,-24,-2,-16,5,-4,43,1,4,-13,22,3,8,-5,12,11,30,0,-2,-21,-13,-6,2,-4,28,1,9,-24,13,11,10,-13,19,3,-1,-11,17,16,-7,-22,7,-6,8,3,0,13,16,17,0,11,26,-5,48,-39,3,-13,-14,6,-2,-7,30,-24,9,6,-1,19,19,5,22,-21,18,5,5,-10,11,15,-3,8,21,5,15,-16,17,-2,-16,-12,-3,-19,-16,3,3,-9,75,-21,5,12,11,-2,1,11,21,-7,10,-24,-16,-6,-13,10,-8,-14,7,-8,19,4,16,-10,17,4,21,-11,2,22,13,-7,13,2,0,11,11,4,1,8,9,-5,-2,27,26,-5,0,-27,21,-2,5,11,9,-8,2,-24,12,6,0,-28,-8,-14,27,6,2,-11,10,15,28,-16,-7,-13,14,-11,-12,-6,2,-4,28,3,1,10,6,-9,5,5,17,-10,4,-15,4,27,29,-5,8,4,-8,21,-9,-6,-3,5,21,18,13,-9,5,10,-6,15,40,5,-2,-11,13,-4,-15,-6,-5,-19,14,4,3,-9,26,23,39,-29,33,-9,2,-8,13,-2,11,9,-7,-29,-11,2,-6,15,-7,-5,1,-15,14,-1,20,-17,-12,-15,23,11,-3,9,6,4,8,-14,8,0,8,-18,-18,-8,3,-8,-10,-2,-4,-10,17,3,7,-7,7,14,5,-11,8,-1,-23,-10,7,-31,38,-3,2,-14,16,5,-1,15,10,-2,8,-15,-10,-27,30,14,4,-12,7,-2,7,13,11,2,-1,9,10,-2,-6,11,7,6,6,-9,15,14,12,1,-4,8,15,8,-11,5,8,4,1,9,8,-9,10,1,-8,13,8,4,17,-16,-7,-16,19,1,4,-10,8,-1,2,-9,-12,-5,10,-2,13,10,5,-9,0,17,25,-12,-16,-10,10,-7,13,12,7,0,-6,6,9,6,13,-5,-3,-7,-7,0,4,-5,15,8,2,-10,21,-3,4,12,12,0,-3,-13,12,-9,-15,-6,10,-14,-2,-7,16,8,9,-12,7,1,-5,-12,17,4,-4,21,15,-4,-3,12,24,-22,-4,19,7,6,5,-17,16,-16,20,3,4,-11,16,-3,-9,-10,10,-7,9,6,17,-1,0,9,15,-25,2,21,11,0,1,17,10,-5,-9,14,18,5,16,-4,-5,-12,5,-4,24,6,-5,-14,11,6,7,18,-7,10,-7,-2,7,8,23,-4,1,-10,18,7,-2,-10,-20,-11,16,0,2,-11,11,2,3,-14,14,-4,0,-7,21,-4,9,12,-6,11,17,8,18,-26,15,-3,7,7,3,-11,-7,-7,13,3,7,19,16,-10,-2,18,16,6,21,-3,-2,13,8,-1,8,-12,10,19,8,-7,-3,-28,16,-8,-1,-8,6,-2,11,10,16,-7,17,12,8,-17,-5,-9,15,6,2,-13,9,1,-9,-10,10,-5,-6,-7,-12,6,4,-10,10,-5,9,5,17,-12,4,17,12,-2,-8,-17,13,0,2,-8,14,19,9,-3,6,-13,22,2,4,6,9,-7,9,18,7,3,-18,11,4,9,16,-2,12,-19,13,16,10,-4,11,15,-7,9,19,4,-2,8,-17,3,14,9,-11,6,5,8,18,-7,11,7,-7,-15,15,-3,3,-11,21,18,-2,11,19,-4,-11,8,9,10,6,-1,2,-10,17,11,16,-11,22,1,-3,-17,16,6,6,-15,-16,-3,10,-16,11,-4,19,15,0,-12,-9,-6,16,-7,7,7,2,-8,-10,-8,-10,4,-1,-13,15,4,3,-13,8,5,1,-12,9,-1,-1,-7,12,-3,3,11,8,2,5,-16,21,15,3,-10,14,10,34,-14,6,5,1,-12,6,10,27,6,33,-33,-8,-7,14,-10,-13,-8,6,-18,21,1,8,16,13,0,-1,-12,9,0,6,-10,20,1,28,16,-6,-26,12,4,2,9,7,2,26,-26,3,-22,-18,-4,24,-16,-4,-10,23,-16,9,14,10,-7,9,2,-6,-15,7,-3,-6,-6,11,-3,16,11,-4,-21,14,7,7,-15,8,1,7,15,11,-15,-3,-16,10,8,-4,16,18,-4,3,-12,14,-11,2,17,11,-3,4,6,12,-20,-12,-2,16,-15,-5,-7,7,0,11,14,21,-10,-18,-5,19,-5,14,4,-11,13,19,4,8,-7,5,10,23,2,-22,-22,17,0,-1,-17,18,-8,16,13,6,-22,9,4,4,10,-6,4,16,13,10,0,-3,-12,8,-14,7,15,7,2,-10,6,15,5,4,-16,11,-1,-7,-11,20,-7,-11,-8,16,-5,-15,-5,-8,7,-6,-11,17,-5,19,6,-8,-23,25,4,-5,-13,6,-8,14,20,4,-12,12,1,-2,-16,-14,-17,36,-1,10,-13,7,13,9,2,6,-16,15,8,0,-17,21,4,0,-9,14,-12,-17,-11,-10,0,17,-15,2,12,13,0,2,-13,16,15,12,-27,9,6,12,33,14,-9,-14,-9,1,-6,29,13,-3,16,14,-13,9,2,-12,-17,19,5,2,-8,-17,-9,-6,-13,16,-12,8,10,6,-5,3,-15,-11,-6,10,-17,-20,-4,13,-14,-3,-6,16,-11,5,1,-1,11,21,4,5,-10,25,-3,-2,21,19,4,4,17,21,-18,11,12,11,-8,-2,14,14,-11,32,21,27,4,12,-16,13,-4,11,5,6,-12,22,6,3,9,15,-5,15,27,8,-8,-3,-38,32,-4,19,17,-2,5,-16,1,1,9,40,-1,-11,14,3,5,11,-2,11,-16,7,3,-4,13,9,-1,19,-22,4,10,-10,20,13,6,3,8,23,-13,4,19,18,-4,-1,-18,-14,-4,10,-5,18,26,12,-3,5,8,6,-15,17,8,-6,18,-18,2,15,19,14,-6,-4,16,6,13,-10,7,15,7,-10,3,0,8,21,7,7,-10,11,3,0,-7,31,-2,5,14,17,-11,17,17,-2,26,-18,-4,-15,6,6,34,29,15,8,11,18,-17,17,8,-8,91,5,6,25,0,30,38,12,-7,5,-18,53,11,2,-14,15,-4,15,8,17,-7,16,17,6,-17,13,8,-9,12,6,10,22,-9,5,12,10,3,5,-6,-8,-22,29,-33,-6,-23,10,1,6,13,10,-12,9,7,11,-12,15,17,2,-22,8,11,23,8,20,-8,2,5,-10,12,8,4,20,-8,-3,-9,7,-6,-9,-20,15,-4,17,16,19,-1,-7,-14,17,-15,13,8,0,22,20,-16,15,12,-2,14,17,-17,3,24,-7,12,18,6,21,-6,1,10,19,0,-13,15,3,4,25,-11,-5,31,-19,-7,12,20,-19,10,4,10,28,6,46,-10,11,-8,-18,-15,18,-8,17,34,9,-14,-8,-11,20,4,-14,-22,13,-2,5,14,23,8,25,-26,21,10,1,13,11,8,-6,9,6,7,9,-1,5,-18,12,-1,9,-9,7,11,-13,7,-5,11,19,8,13,-36,22,-5,-1,-11,21,-1,-3,-22,23,13,-5,17,25,4,9,-10,12,-1,0,-12,10,-7,31,19,9,-11,18,1,8,-6,-10,-24,18,-3,-5,-12,30,-16,5,3,-6,10,5,17,12,2,4,-30,12,10,5,20,-9,7,-13,-1,13,14,-4,17,16,22,16,3,17,28,18,-7,-7,22,12,2,13,-21,11,14,12,-13,6,12,10,-2,-1,13,13,22,34,5,-4,8,-21,4,8,12,-3,14,40,2,15,-11,2,10,15,-2,2,11,14,8,3,11,20,-13,-12,-10,4,-8,33,11,-8,11,4,5,20,-13,2,9,-13,12,27,7,-6,23,27,-11,13,7,-8,-28,10,-10,11,6,12,-12,-9,-12,5,-7,18,15,5,-11,22,-2,5,14,19,-33,10,3,-2,19,21,2,4,-34,7,-1,8,8,4,-4,-12,-31,18,0,6,-10,21,4,-4,-17,14,12,12,-4,3,13,12,1,-16,12,3,5,23,-12,9,15,13,2,13,-22,10,28,42,-19,18,7,12,-11,2,8,-12,16,4,3,15,-12,16,0,9,-7,15,10,9,-7,14,0,6,-10,18,-2,15,17,-20,1,2,9,28,-9,2,-14,13,10,7,-19,11,15,7,-1,-5,-24,25,-16,4,-19,21,8,-1,-20,10,-4,-4,-17,-14,-2,-2,-8,8,-4,14,10,0,-20,16,2,7,-8,-21,-23,-20,-3,1,-9,30,-5,0,-13,18,1,8,-14,17,5,0,-11,10,-8,-14,-21,33,-12,4,-11,8,12,12,-12,4,9,11,2,5,-6,0,-22,15,4,0,16,9,12,18,-1,-5,-22,-16,2,8,-18,-11,-7,4,-9,16,8,1,-24,-16,0,6,-7,18,5,-8,-17,31,6,-1,15,25,-6,6,-8,18,21,-8,9,7,7,31,-15,-2,-12,-11,-4,27,-8,7,-11,19,7,2,-15,12,-8,-8,-8,-14,3,-3,-8,29,-9,3,-18,19,2,-8,-27,2,-7,17,-6,-21,-18,-5,-27,22,1,3,-13,13,-9,-5,-8,-22,-3,-2,-14,-15,-5,1,-14,32,2,3,-14,-18,2,12,-8,28,9,-2,10,8,4,13,-13,-3,-16,18,0,7,-17,10,7,24,3,21,-14,9,5,1,29,-9,6,20,15,-17,13,5,14,-6,7,27,8,-8,16,7,26,25,-3,7,-15,14,10,5,-12,6,1,-10,30,-14,1,6,7,16,0,12,-18,14,3,7,-9,15,6,-8,11,1,16,16,6,4,-38,-12,-10,21,-4,3,-14,21,16,-12,13,11,1,7,-6,-3,-24,18,3,-14,-16,4,-5,21,23,11,-1,-7,18,10,4,21,-9,-12,19,-16,-2,17,16,13,-18,15,13,1,-13,11,-11,14,7,25,-13,25,16,-5,-18,15,6,12,-6,0,-7,-17,-8,6,-18,17,4,16,-5,18,17,9,-4,9,6,18,-12,18,15,2,-16,7,-11,8,-1,17,12,15,-2,-1,15,-14,-2,-3,9,14,12,24,-13,-7,19,4,3,18,-19,-8,-6,3,-4,27,25,31,-23,3,10,-8,25,35,-16,3,18,-17,6,2,7,16,7,15,-20,-1,23,7,0,5,-12,4,4,-5,21,7,2,13,-8,8,15,18,-2,9,7,-7,8,3,6,11,-9,-9,-25,21,-7,12,22,-11,20,4,11,13,2,3,10,9,-19,19,13,-20,18,-13,-6,6,10,23,-1,-14,14,2,6,27,-5,30,2,7,6,-4,12,-21,6,1,9,20,-2,14,-19,3,6,-7,14,6,5,15,-4,-1,18,29,2,9,-7,14,6,1,-9,-18,-11,1,-7,24,14,5,-16,8,2,21,-9,4,5,-8,24,11,1,4,-21,8,-3,6,14,-3,13,7,5,3,-41,16,3,14,13,6,-2,-3,-23,7,-21,7,0,6,19,18,-7,2,18,7,5,23,-14,-8,-13,14,-1,3,15,-10,22,10,5,15,-7,13,1,2,6,-16,9,12,12,6,-14,11,-2,8,13,-15,15,5,5,30,-27,16,10,18,-3,4,6,-14,27,3,19,14,-4,11,-16,17,-3,-4,17,8,27,23,-27,10,11,11,-9,13,2,4,13,33,5,5,-12,21,-2,9,10,10,-1,-1,22,-19,-3,-2,5,24,25,23,-9,-3,-10,6,-5,27,9,2,-7,-11,-15,33,-4,10,15,-14,10,10,11,-10,8,34,-8,0,-15,9,2,8,18,16,-14,4,10,-12,22,8,10,12,-9,11,10,20,4,-7,15,20,-1,9,-12,-4,-10,6,-2,8,7,8,30,23,-9,12,9,14,-7,-2,18,10,4,24,-15,5,4,-1,20,13,-1,4,-12,7,0,8,20,21,-1,-3,12,13,18,21,-6,-1,9,-15,5,1,7,62,9,7,-16,7,6,-5,17,11,10,17,-5,18,23,7,-7,-1,-17,11,-4,8,32,27,-2,8,12,13,-9,0,-9,8,2,9,-19,9,6,8,-6,10,9,-1,19,9,-2,4,-19,20,-1,3,-13,12,17,13,-10,11,9,5,-5,-8,-14,16,-15,-20,-1,1,-10,81,6,11,-21,13,-4,5,-18,19,11,-6,14,12,-2,7,-32,13,4,2,19,13,9,18,-13,2,33,16,-7,0,17,12,-7,17,7,15,-2,1,13,-13,8,-2,11,12,8,22,-3,11,16,11,4,9,-15,-5,-13,7,-5,21,10,-13,15,7,6,20,-5,-2,-23,7,-7,26,-2,10,16,14,4,10,-28,9,-2,9,6,4,-5,-18,-8,1,-6,26,-8,15,14,15,-11,4,17,18,-2,3,6,-9,12,9,5,24,-7,7,-13,-10,-18,16,-12,40,13,13,-13,1,21,13,8,10,-16,-9,-26,11,-2,11,18,8,-22,19,-9,12,16,19,-5,-18,20,3,8,21,-7,18,5,17,-14,9,8,-9,21,8,3,11,-15,7,1,3,18,-20,10,8,4,13,-9,9,2,6,8,-3,15,17,-2,-11,12,9,16,13,-1,28,-22,-5,21,-27,14,21,3,17,-16,8,17,-22,9,-5,17,-12,2,-1,9,12,2,33,-10,7,4,1,14,6,0,22,-25,-1,-20,5,-3,10,25,-19,15,2,11,23,7,20,-22,2,18,-14,12,9,3,46,-29,3,21,-10,21,5,6,11,-2,5,-29,9,-2,7,21,-9,15,11,0,9,-11,7,3,4,17,-5,16,25,32,6,1,23,-19,1,9,-10,11,-26,10,4,7,9,0,29,-15,1,23,-21,-2,-4,6,9,8,19,-4,3,16,14,9,-5,14,12,-2,16,-25,14,16,12,-1,16,-26,15,9,13,-7,5,15,26,6,-11,21,5,7,15,-17,13,16,6,-6,-2,-8,-17,-9,1,-6,28,13,3,6,-23,43,38,12,4,7,-8,20,5,7,46,-27,-8,-21,27,25,-6,17,17,-5,9,-11,-4,-13,12,3,3,-5,-5,-27,-14,-4,4,-6,40,9,-7,18,21,6,-9,4,-21,-6,-3,12,9,6,36,-10,5,-14,-16,-15,33,-6,9,-11,-7,-13,12,0,10,14,-1,10,6,2,-125,-4023,30,-47,6,-59,-15769,762,-1323,-983]]]
3439320	r	-57.245,-25.6443,-56.8604,-25.1357	[[[-572450,-256256,151,-52,175,-48,179,-38,180,-27,182,-17,183,-5,183,5,182,17,180,27,179,38,175,48,171,59,167,68,161,79,155,88,149,97,141,105,134,114,125,121,116,129,107,135,96,142,87,146,75,152,65,156,53,159,41,162,30,164,18,166,6,166,-6,166,-18,166,-30,164,-41,162,-53,159,-65,156,-75,152,-87,146,-96,142,-107,135,-116,129,-125,121,-134,114,-141,105,-149,97,-155,88,-161,79,-167,68,-171,59,-175,48,-179,38,-180,27,-182,17,-183,5,-183,-5,-182,-17,-180,-27,-159,-34,-346,-450,0,-4366]]]
3437127	r	-57.7073,-25.6935,-57.4034,-25.3847	[[[-577073,-256530,69,-39,174,-84,179,-74,184,-63,188,-52,192,-41,194,-29,196,-17,197,-6,197,6,196,17,194,29,192,41,188,52,184,63,179,74,136,65,-336,1830,-275,375,-8,-8,-138,42,-1,10,-178,81,-9,21,-8,-3,-13,12,-14,-7,-77,-11,-15,13,-5,-9,-12,-1,-28,-21,-81,-79,-35,-19,-2,-18,-40,-37,-6,-14,-29,-6,-14,17,-31,231,-23,85,-30,-25,-17,8,-7,23,-12,-6,-29,33,-5,-2,-59,100,-25,31,-30,-11,-51,67,-40,38,-4,-10,-3,-69,-179,-39,-36,-14,-37,-27,98,-112,99,-97,52,-84,110,-70,36,-65,12,-163,-131,-869,-53,-177,-119,-113,-135,-31,-109,-71,-47,-233,-68,-62,-157,-4,-293,35,-19,-46,-53,-224,-37,-77,-93,-57,-43,-4,-56,-5,-91,6]]]
3439317	r	-56.2382,-25.7383,-55.7248,-25.2017	[[[-562382,-256000,916,-1122,136,-57,181,-62,185,-50,188,-40,191,-29,192,-17,193,-6,193,6,192,17,191,29,188,40,185,50,181,62,176,73,170,83,164,92,157,103,149,111,141,120,132,128,123,136,112,142,102,150,91,154,80,160,68,165,56,168,44,171,31,173,19,175,7,175,-7,175,-19,175,-31,173,-44,171,-56,168,-68,165,-80,160,-91,154,-102,150,-112,142,-123,136,-132,128,-141,120,-149,111,-157,103,-164,92,-170,83,-176,73,-181,62,-185,50,-188,40,-191,29,-192,17,-193,6,-193,-6,-192,-17,-191,-29,-188,-40,-185,-50,-181,-62,-176,-73,-170,-83,-164,-92,-157,-103,-149,-111,-45,-38,-191,-3279]]]
3437444	r	-54.9458,-25.8965,-54.5811,-25.5379	[[[-549458,-257021,34,-68,114,-194,128,-187,142,-179,154,-170,165,-161,177,-151,188,-140,197,-128,206,-116,214,-104,221,-91,227,-78,232,-63,236,-50,239,-36,242,-22,214,-6,-24,136,51,164,109,158,96,178,17,221,-66,121,-227,252,-49,135,-28,198,-182,523,2,263,18,19,3,1,94,5,135,-41,86,-45,59,-13,76,-1,90,19,32,10,24,36,1,44,-34,74,-27,37,38,23,-28,201,-98,198,25,121,-2,163,-11,126,7,88,-52,2,-18,45,-27,6,-21,13,-3,26,-18,-14,-22,-5,-5,18,-28,31,-5,28,-12,13,-22,9,-19,-7,-18,-20,-46,-1,-577,3,-98,16,-108,-72,-24,-237,7,-11,-15,-34,-32,-15,-58,-13,-4,-2,-19,-19,-26,-40,9,-34,-5,-29,-79,-107,-45,6,-48,-2,-21,12,-2,8,29,52,35,36,23,5,10,9,7,26,-4,3,-2156,-1175]]]
3438819	n	-56.6887,-25.6,-56.2231,-25.2239	[[[-566887,-254500,12,-222,36,-219,59,-215,82,-209,105,-201,125,-190,145,-178,66,-66,3714,0,66,66,106,130,140,2406,-101,154,-145,178,-164,165,-181,149,-196,132,-210,114,-220,95,-230,75,-237,54,-241,32,-244,11,-244,-11,-241,-32,-237,-54,-230,-75,-220,-95,-210,-114,-196,-132,-181,-149,-164,-165,-145,-178,-125,-190,-105,-201,-82,-209,-59,-215,-36,-219,-12,-222]]]
3438834	r	-59.1677,-24.2881,-55.9517,-21.828	[[[-591677,-237476,197,-778,337,-1029,410,-1006,481,-980,258,-446,12062,-583,-6,59,-30,47,125,4023,-6,-2,1,-10,-10,-14,-12,0,7,13,-9,11,-33,6,16,15,-5,14,-36,10,-9,-6,3,-12,21,6,9,-4,-21,-6,7,-18,-40,-9,-4,6,14,4,5,27,-3,5,-12,-3,4,13,-9,11,-17,5,6,-17,-27,-25,8,21,-46,27,-5,-7,8,-20,-4,-7,-38,-12,23,-43,-3,-6,-28,-13,-1,6,17,9,2,8,-6,6,-13,-16,-15,17,-5,-7,11,-21,-26,-6,-5,-15,-13,7,-15,-9,-16,26,-12,1,-14,-16,-16,25,-12,2,5,-14,-14,-9,-3,-16,-19,4,-9,-8,4,-6,21,2,-1,-23,-29,15,-9,0,-4,-7,26,-10,10,-11,-1,-9,-23,19,-6,-1,-25,-32,5,-16,-4,-17,-7,-3,-9,11,-11,0,9,-15,-7,-21,-9,2,-5,29,-11,2,-5,-6,10,-21,-3,-21,-46,29,-9,-3,14,-12,-2,-18,-20,22,-23,-7,-2,-11,19,-15,-10,-25,-5,3,1,20,-22,25,-6,0,-1,-14,-7,-4,-33,10,-12,-2,1,-9,12,-2,5,-17,22,-9,-8,-17,-17,16,-21,-3,27,-14,5,-21,-28,22,-13,1,-9,-16,11,-12,-17,2,3,-15,-6,-8,-9,-2,-13,9,-8,-4,20,-10,-3,-18,-7,-1,-11,15,-8,-3,9,-21,-9,-8,-17,14,-18,-5,-21,7,-3,-8,18,-20,-19,5,-12,-16,-19,9,-8,22,-11,-18,-11,2,9,26,-10,16,-13,-8,-1,-21,-13,13,-40,-13,-16,12,10,18,-7,13,-24,7,-9,-5,9,-12,-3,-6,-18,2,-4,-17,-15,11,-15,-14,-26,8,-1,6,18,8,-4,5,-9,-6,-9,2,-10,28,-14,-4,-10,-16,-26,2,-7,7,2,23,-20,5,-7,-6,13,-15,-21,-10,-7,5,5,13,-9,15,-11,-4,-11,-16,-22,3,-12,-8,2,-11,13,-8,-1,-13,-15,2,-17,-7,-12,7,0,-17,-16,7,-2,-33,-18,13,-13,-9,-2,-19,-13,-4,-7,32,-12,2,6,-14,-19,-11,-5,18,-13,4,-11,21,-81,-6,-1,10,20,1,-16,15,8,14,-5,5,-11,-9,-13,10,-12,-17,-3,13,-20,1,-4,19,-9,2,1,-19,-10,-9,-8,6,-9,-6,-9,19,-8,-2,0,9,-13,9,-8,-12,-27,2,-8,-32,-11,4,1,17,-7,7,-18,-23,-17,5,-11,-10,5,-17,-7,-6,-7,16,-62,-9,-1,-7,15,-5,1,-9,-21,6,-13,-18,3,-12,-21,1,-8,-20,-7,0,-4,12,-13,1,1,-20,-5,-4,-24,15,-10,-4,2,-18,-14,7,-12,-9,-23,9,-8,-30,-8,-7,-6,2,4,10,-9,12,-20,1,7,-15,-20,-4,-11,-10,-12,9,-8,-10,12,-22,-4,-10,-16,14,-8,-18,-9,-2,0,15,-34,8,10,-8,-10,-11,14,-10,-10,-15,-33,4,11,15,-2,7,-27,-9,-6,5,3,10,-23,9,-24,-25,2,-5,19,3,1,-22,-10,1,-9,-10,-21,2,-5,12,-33,-5,-4,-13,-13,-2,-11,9,-10,-11,-23,27,-8,-27,4,-17,-17,3,-11,16,-14,4,-3,-19,14,-27,-4,-6,-18,3,-16,-10,-30,27,-5,-5,15,-15,-8,-13,-11,2,-6,14,-12,-12,16,-9,-2,-6,-13,-1,-15,7,-10,-5,10,-22,-3,-15,-14,1,8,13,-23,14,-7,-5,-2,-18,-18,7,-6,-19,-7,0,-7,21,3,23,-6,2,-14,-13,-16,-3,-3,41,-7,-5,3,-13,-6,-14,-8,3,-4,21,-11,-1,8,-24,-4,-5,-21,9,-8,-2,-5,16,-24,-14,-1,7,18,11,-1,9,-14,-6,-9,7,-29,-2,1,-18,-15,4,-6,-5,7,-14,-3,-6,-14,19,-20,2,-1,-9,21,-6,4,-12,-7,-6,-30,-2,-27,5,-2,-6,14,-14,-23,1,-6,-10,13,6,20,-18,-19,-13,-9,19,-3,-10,-13,-2,-4,-11,11,-20,-12,-22,-21,7,9,25,-11,9,-3,-6,7,-8,-9,-7,-18,2,-8,-15,-13,8,-7,-2,5,-21,-4,-4,-5,12,-7,0,1,-23,-15,20,-16,-7,-2,-7,17,-6,-3,-18,-35,16,8,-25,-3,-10,-31,23,-27,-25,-3,4,8,6,-18,19,-4,-3,7,-19,-24,13,-14,-12,3,-9,14,2,1,-15,-15,2,-17,-12,-8,1,-7,11,-2,16,-18,-15,-18,12,-9,-6,-9,4,-18,-17,-16,5,-17,-4,-6,18,17,8,0,7,-12,6,-15,-6,5,18,-25,-16,-25,13,-14,-7,-11,11,-1,13,-15,-13,-13,18,-17,-16,16,2,12,-19,-21,9,-10,-4,7,-18,-11,1,-21,-23,-4,5,14,16,-18,-3,3,24,-7,6,-11,-1,12,-13,-21,-16,-3,14,-21,4,12,10,-4,38,-16,-6,-1,-16,8,-11,-15,-6,-7,9,-14,-3,-12,18,-16,0,-6,-7,14,-1,10,-30,-6,-1,-5,12,-14,-10,-7,15,-25,3,-7,-26,8,-16,-27,-8,6,-7,-5,-14,17,-13,-20,-15,9,-6,-1,-29,-9,-5,-21,14,-24,-3,-10,-7,-7,17,-18,0,3,16,-13,13,-8,-4,2,-10,-28,-9,-12,8,18,-2,-3,14,-32,-2,-1,14,15,5,2,14,22,3,5,8,-13,9,-3,13,-22,-1,5,27,21,18,-17,6,-2,7,8,27,-19,-2,-3,18,-29,9,3,8,14,-3,8,8,-12,8,-2,15,-19,-7,-7,11,-27,8,11,4,2,12,-31,15,-7,-7,8,-9,-18,-21,-6,8,-25,6,1,-15,-31,-6,8,17,-18,-5,-6,7,16,0,-1,24,-16,-8,-4,9,11,7,-8,18,16,-2,5,22,-18,1,-9,-12,0,-16,-15,-4,0,22,-5,6,-11,-2,-4,-9,-12,12,-8,-12,-4,11,-33,12,14,21,-10,8,0,11,-17,-5,-8,14,-18,-1,0,13,-30,5,-1,9,20,3,21,23,-7,8,-16,-2,0,20,-14,-10,-8,4,2,8,14,2,4,17,-10,4,1,20,-21,-8,-4,19,-25,16,5,24,-7,1,-11,-15,-7,19,-13,-10,-2,14,-28,9,-2,-9,20,-1,-15,-17,-18,2,-6,10,-14,0,-9,7,-15,-10,-9,7,-16,0,-15,12,-4,-3,12,-16,-2,-8,-12,11,-18,-7,-42,19,-10,-28,-13,22,-13,-2,-9,-15,-23,12,-3,-5,16,-12,-12,-1,-3,-13,-12,4,-14,-12,4,17,-21,-4,-6,10,-18,0,12,31,-4,4,-8,-8,-7,1,-4,34,-21,-2,2,-19,-10,-3,-19,33,-5,-14,-22,2,-5,11,-18,-15,-5,7,9,12,-12,12,-11,-6,-10,10,8,28,-13,-7,-27,11,6,-23,-27,-7,13,-12,-2,-9,-20,13,-4,-5,8,-11,-33,-11,-4,8,12,10,-20,13,-3,-11,-14,-8,-2,-11,-15,2,-2,-10,-15,11,-40,-2,3,-14,-8,-12,21,-4,4,-8,-34,-5,-13,-22,1,-13,-10,2,-6,-12,-12,13,-11,-14,-13,21,-12,-2,7,-22,-18,7,-17,-28,-16,-3,-16,-22,4,-17,-13,-14,13,1,9,-7,-5,-20,-12,-10,-4,30,-12,-2,-5,-17,6,-10,-5,-3,-30,16,5,12,-18,3,10,24,-8,6,-18,-1,-9,11,-31,-19,-10,7,0,12,-12,1,-9,10,-25,-4,5,-17,-23,-13,3,22,-21,1,1,11,-22,5,-13,36,-19,-8,5,-11,13,-7,-7,-11,-9,9,-12,1,-5,18,-9,1,-6,-7,6,-9,-11,-8,-1,-13,-21,-10,-25,26,-23,-8,-5,-14,-13,2,14,22,-20,-4,8,11,-9,14,-17,-34,-18,8,18,15,-11,8,-46,10,-28,-6,-4,-10,19,-10,-12,-20,19,7,5,-31,-25,11,-3,-4,13,-15,-19,0,-1,-10,-21,6,-18,-6,7,-12,-3,-24,-17,17,2,-14,-15,-12,-20,16,0,-22,-13,-8,-17,15,7,14,-19,1,-17,-16,-15,4,9,20,-7,6,3,9,-20,8,-8,-4,10,-12,-2,-5,-20,8,-23,-8,-8,-11,-2,22,-15,-17,-11,12,-9,-7,-10,12,-6,-13,-10,-1,6,23,-29,33,8,22,-5,6,-10,-3,-5,-12,-22,9,-6,-10,9,-12,-13,-8,-6,17,-16,-17,-17,7,-15,-8,-15,4,-2,14,-53,-11,-5,18,-12,7,-30,-38,-25,0,-5,-6,8,-91,-17,-8,-18,17,-8,-11,-29,-15,-6,-34,15,-6,18,4,2,-26,-17,-17,-17,11,-5,-14,-31,2,0,7,-11,-3,-7,10,-21,-7,0,-8,10,-3,-15,-7,10,-7,-6,-13,4,-16,-14,6,-15,-19,18,-2,6,-18,-17,-8,-6,15,-5,-8,-12,3,-18,-26,-10,5,14,4,1,18,-18,4,-4,-19,-23,13,-3,-8,-13,-6,10,-20,-4,-10,-19,22,-9,1,4,-13,-7,-3,-11,16,-11,2,-3,-5,11,-14,-40,1,-1,-9,16,-1,2,-5,-19,-17,-32,4,3,38,-8,8,-15,-27,-15,5,-3,-9,-22,-6,-6,12,-11,-5,-13,4,-12,16,-27,-4,-32,-21,-14,11,2,-14,-11,8,-11,-12,-21,18,-4,-17,-19,-4,2,-21,-25,3,-5,10,-21,-4,1,-11,-5,-1,-16,11,3,6,-13,14,20,4,-10,17,11,6,-3,15,-6,5,-8,-10,-16,12,6,13,17,9,-2,8,-19,-5,12,17,-9,-2,-14,13,3,-16,-29,-13,-1,6,14,9,-14,9,-12,-33,-9,-6,-12,27,-16,-15,-2,13,-13,0,-2,-12,-17,15,10,0,17,11,-14,12,0,9,-21,-4,0,17,-15,-8,-6,16,-9,-2,-7,-13,-10,13,-36,1,14,17,2,16,-12,-1,-4,12,-14,-20,-6,8,5,13,-25,-4,8,23,-19,-6,-17,5,6,11,8,-7,15,5,-16,5,11,8,-20,7,7,11,-11,1,-4,16,-15,-5,10,-6,-7,-2,-7,-15,-8,14,3,12,-10,0,-16,-13,6,-4,-4,-10,-9,-4,-6,22,-16,-13,-18,8,1,17,-17,0,22,22,-23,-2,-5,-10,-8,7,-19,-4,11,-13,-14,-4,-19,5,18,5,-21,10,-11,-14,-7,0,5,7,-16,15,12,2,-12,20,-4,-6,-11,3,-2,-17,-14,11,-3,12,-18,4,4,-16,-10,-8,3,16,-11,15,-7,-15,-8,-1,-7,15,-14,-7,4,21,-16,-11,-11,3,6,6,-7,3,6,15,-9,-2,-10,7,-9,-14,-23,16,4,10,-24,16,18,4,-3,22,-26,26,-7,-2,-2,-9,-12,-4,6,26,-28,-16,-20,-1,-6,10,-9,0,1,12,-13,0,-8,-16,-21,-1,-6,18,13,8,-14,10,8,7,-33,33,-27,-6,-6,-10,-1,12,-6,-5,-34,14,-14,-10,-3,10,-21,-15,-5,16,-8,-2,-3,-11,-12,3,1,7,-9,1,-1,12,-8,-5,-3,13,-15,-4,1,13,10,-4,10,8,-2,8,-7,-7,-16,7,9,6,0,12,-19,-15,-11,4,-10,16,16,3,-6,15,-16,-6,3,17,-22,-1,-16,11,-17,-11,-2,10,-6,1,-9,-10,11,-8,-19,4,2,-11,-21,-18,-3,11,-15,3,7,15,-11,-7,-18,7,-5,-8,11,-6,-14,-9,17,-3,2,-8,-19,-4,7,-9,-11,-15,-10,4,-13,-16,-12,19,-16,2,-4,-9,18,-11,-7,-3,-9,-18,-9,7,-4,-6,-22,-2,-6,13,-9,3,-14,-19,-2,8,-13,0,8,17,-12,2,-4,-17,-17,12,-9,-5,-10,5,-4,10,12,-6,6,7,-10,5,9,10,-9,-1,-2,13,-15,-6,5,9,-8,17,-17,-12,-16,7,-11,-10,-6,2,1,8,-16,8,3,28,-8,7,-10,-19,-8,12,-8,1,2,-13,-21,3,-16,-6,2,-18,-16,10,-7,-19,-13,-3,7,7,-3,11,-7,-7,-15,3,-18,26,-17,-8,6,-11,-9,-12,-21,4,0,7,-14,4,-3,14,-11,-2,-2,11,-16,0,20,11,2,10,-18,-7,-1,10,-23,4,-7,-8,7,2,7,-10,-7,-18,-11,-6,5,14,-24,-6,-5,4,5,12,-16,4,-18,-5,9,-14,-10,5,-1,-17,-11,0,-2,-21,-15,25,0,-9,-17,1,-9,-6,-10,7,9,10,-16,3,-4,11,-20,-3,-16,16,-5,17,-7,-6,4,-19,-24,22,3,-12,-15,4,4,-21,-17,-4,5,12,-7,-1,-9,12,-16,-8,2,7,-10,14,15,6,-12,9,3,13,-12,0,-4,-12,-21,3,-2,10,-15,-8,-4,5,7,0,3,7,-13,5,-9,-6,6,-6,-7,0,-13,-12,-10,7,16,10,-25,12,0,-17,-5,9,-13,-10,-10,2,12,5,-2,9,-8,1,-4,10,-19,-1,7,16,-17,16,-8,-4,8,-13,-10,-1,-8,9,-1,-9,-8,-4,11,-5,-15,-8,4,-8,-12,-1,-15,-14,-6,9,-7,-6,6,-11,-10,2,1,-9,-11,-2,-7,-13,-7,2,-4,12,-30,-14,10,27,-8,15,-10,2,1,-15,-16,-5,-2,14,-38,3,-7,31,23,10,-8,1,-5,11,-7,-14,-7,7,-17,-3,4,10,10,2,-3,8,18,8,-8,18,-8,0,-8,14,-6,-4,3,-9,-23,-11,12,15,-20,17,-14,1,-1,15,7,5,6,-15,11,-2,7,29,-11,-9,-13,2,-2,8,-33,9,-39,29,-26,-23,-3,9,-14,-4,5,19,15,6,-13,4,2,11,-40,-5,6,-15,-5,-10,-13,9,-21,-18,3,-5,9,6,8,-21,-8,-4,-29,5,-4,-27,-4,15,-17,10,-5,-5,-6,9,-1,-10,-28,-3,-2,4,12,6,-14,11,7,13,-28,16,-10,-15,-2,11,-27,-6,8,14,0,28,-12,-6,-2,24,-9,8,-5,-11,-21,2,0,27,-26,5,2,-27,-9,5,-1,-8,-11,-4,0,-11,-13,-2,-13,7,-2,-22,-21,11,-17,-4,-16,10,-19,-4,-7,8,8,14,13,-10,16,6,-10,24,-21,7,-1,-11,-11,2,-5,-12,-75,21,-3,9,16,-3,3,19,16,12,-17,2,-15,16,-21,-5,3,-8,-11,-15,-5,10,-18,-5,-22,21,-19,-5,1,-19,-9,-6,-30,24,2,7,14,-6,-3,13,-48,39,-26,5,0,-11,-16,-17,0,-13,-8,-3,-7,6,7,22,-17,-16,1,11,-19,-3,-10,13,-13,-11,-9,24,-28,-1,-2,4,13,6,2,21,-30,0,-12,-11,-8,5,-22,-3,-4,13,-43,-1,-5,4,2,16,-20,24,-8,-23,-21,4,-8,-13,-25,9,-6,5,5,9,-8,7,22,12,-21,23,-6,-1,7,-4,-4,-12,-6,6,-11,-8,-14,5,-17,-13,-16,4,-2,6,17,15,-6,11,-16,-6,-21,28,1,10,11,3,5,16,-6,12,-6,-8,-24,4,-6,-18,-12,15,-18,-13,8,22,-17,-9,-8,17,-15,-7,3,-17,-21,-35,-32,-7,3,15,-6,5,-34,-18,-9,14,-21,9,2,6,13,-1,0,18,-12,-9,-9,7,-6,-10,-3,14,-9,-4,-9,8,2,15,-8,8,-17,-2,9,16,-6,11,-25,-15,-1,9,-13,3,18,19,-7,10,-43,-16,-8,13,-32,6,-4,-4,9,-14,-18,-22,-5,0,2,12,-14,-11,-3,11,-25,10,6,-16,-16,-10,-13,12,-12,-10,-8,14,-13,-16,-31,23,-4,-14,-36,-2,0,9,16,-4,3,7,-19,0,-15,28,-22,10,4,-19,-17,0,-3,-21,-31,15,-22,-13,-13,3,-19,-9,-8,3,9,7,-5,7,-30,-10,1,28,-14,-11,2,13,-15,1,-6,20,20,14,-39,36,-31,-2,-19,38,-15,-9,-16,3,-23,-7,-8,15,-27,-2,-3,-9,17,-3,-7,-12,7,-15,-22,-9,-20,10,-13,-13,-3,13,-28,-5,-2,9,10,9,-43,9,-15,-10,2,-18,-9,-9,-18,14,-5,15,-15,-2,-12,15,-2,-13,-15,7,-21,-10,-5,15,-10,0,-5,-17,-17,-9,-7,17,-31,17,-17,-9,-19,0,-1,18,-13,-2,-9,6,-38,-17,-5,8,17,7,-4,17,-32,-14,-5,-8,-18,12,-8,-15,-19,-7,-10,15,-21,-4,0,8,26,24,-4,3,-14,-9,-3,21,-8,7,-50,-27,-43,3,-15,-4,-13,11,-18,-7,-4,10,-15,-5,-21,13,-11,23,8,25,-31,27,14,6,0,6,-17,6,-9,18,-18,-4,-42,6,0,23,-29,-10,-5,10,-12,2,-24,-11,-13,-14,-8,14,-24,-18,0,13,-18,4,1,-10,-9,1,-2,-8,-15,-3,-4,3,7,9,-11,13,-11,-8,-23,-2,-9,22,-6,-9,-21,2,2,-24,-11,2,-30,27,-8,-5,5,-14,-21,-9,4,17,-16,0,7,17,-22,9,-13,-4,-6,34,-17,4,-2,-12,-12,3,5,15,-19,-2,1,18,-15,-13,-7,7,-17,-2,-7,19,-41,-12,-2,9,-17,9,-2,-13,-18,-11,-3,6,11,7,-12,1,-5,16,-11,-2,-15,8,-7,14,-8,-5,-5,8,-14,-8,-24,13,-9,-13,-12,20,-30,0,-6,10,-16,1,-15,-13,-7,10,-23,6,-7,9,-23,-7,8,9,-3,5,-22,-6,-7,12,-16,-11,-11,6,6,15,-10,0,-10,11,-13,-2,-30,9,0,13,-12,7,3,12,-15,-6,-10,25,-11,-9,-18,5,-22,-5,-8,-22,-23,11,-24,0,-11,-7,-54,44,-22,-22,-10,11,1,13,-18,11,-62,-29,0,-27,-10,-19,-20,2,0,-10,-16,-10,-3,-22,-17,-13,-24,5,-23,-14,-16,9,-9,-10,-13,-2,-9,-24,16,-17,-15,2,-8,-11,-52,-16,-1,-21,-35,-31,-6,3,1,15,-11,6,-3,-20,-28,-3,-8,-12,-11,-2,7,-18,-19,-12,-11,-3,-29,13,-8,-4,-16,16,-52,0,-71,167,-174,-348]],[[-589074,-232257,39,24,18,-6,-7,-27,9,-38,25,-19,17,5,6,21,19,25,1,20,-20,7,8,6,37,-17,8,-10,1,-25,-43,-5,1,-7,14,-6,26,6,25,-8,62,47,9,-16,24,9,-14,-25,11,-17,18,11,16,-11,32,-7,11,6,-2,17,18,8,-1,10,-16,9,5,7,37,-7,8,-29,31,8,-12,31,-25,9,-14,17,-5,28,15,31,20,-17,6,-17,45,-13,10,12,26,1,44,18,10,15,51,35,19,-6,24,9,21,-12,8,28,13,6,5,-5,-5,-16,9,-33,16,-11,15,18,-4,19,8,9,-23,4,6,19,18,-6,13,30,38,7,16,-8,2,-7,-26,-39,12,-17,25,-4,11,-12,1,-79,25,9,11,25,26,19,31,1,15,-17,13,-23,-1,-14,-57,21,-19,1,36,-46,29,11,70,0,58,30,22,2,35,16,-2,18,39,32,44,-8,10,-10,-10,-28,-7,-1,-14,16,-7,-8,13,-16,-1,-21,7,-23,-11,-38,34,-20,22,30,4,34,21,23,13,-1,15,-29,-18,-25,-5,-35,-30,-44,10,-7,28,3,12,33,11,9,14,0,9,-28,34,-55,0,-8,-16,-7,2,-11,26,-18,18,13,32,-16,37,3,43,13,27,-13,36,11,-1,20,20,-10,15,3,2,16,27,21,9,-29,52,29,-2,17,27,-2,4,-5,-7,-23,-34,-36,17,-7,-5,-10,-12,-4,-20,25,-17,-10,5,-32,-8,-26,43,0,2,21,20,18,16,-26,45,8,-4,-21,-31,-19,-8,-17,21,-9,12,-16,17,9,24,-16,19,31,-24,7,17,24,-9,26,7,3,15,-9,21,-1,2,-24,26,-10,-24,-16,0,-37,16,-43,25,8,21,-6,-11,22,-15,10,11,15,26,0,0,-24,16,7,19,-6,5,21,31,8,6,-16,-13,-9,6,-11,61,-15,4,25,20,28,13,-37,12,0,8,24,21,-4,13,7,-14,22,3,21,-33,0,14,16,-10,16,6,8,37,-12,-6,-19,30,-39,24,5,31,-13,5,21,21,21,21,7,7,-18,4,9,-7,20,6,10,54,-43,13,9,-10,18,3,7,28,-6,10,-16,11,1,8,30,23,11,-4,13,24,4,9,17,21,7,18,2,3,-14,20,-7,6,25,16,-2,14,7,4,-16,33,-6,-2,-8,-25,-7,-16,-24,-4,-19,25,-5,17,13,21,0,2,18,21,0,18,11,25,2,34,27,15,-13,35,3,12,10,0,-49,29,-10,20,-72,-15,-36,-24,13,-25,3,3,22,-19,-9,-5,-13,15,-38,15,-6,29,10,18,-3,1,-7,-15,-18,4,-50,32,-9,18,3,20,-16,-8,-20,27,-9,-4,-23,6,-13,14,4,25,26,1,33,21,-11,1,-29,-14,-14,10,-17,-6,-17,17,-12,22,-32,11,1,12,22,14,4,9,-20,-23,-14,19,-16,9,-19,-17,-8,-4,-24,24,9,25,-22,-15,-7,4,-26,-25,-8,0,-11,32,-15,36,-31,18,45,10,1,17,-22,-9,-10,-3,-38,33,-5,-3,22,10,5,4,-10,-6,-21,25,-15,4,18,32,-4,4,21,28,-16,13,24,66,-13,-14,-28,21,-7,0,-8,-23,-40,22,-6,40,8,-2,-20,12,-28,15,14,29,-16,-15,-24,12,-14,20,10,24,-4,-1,19,20,8,10,19,16,-15,19,4,38,-7,-6,18,26,3,-16,27,16,6,-27,7,-13,21,55,14,24,-12,23,2,2,-19,14,18,22,3,2,18,27,-15,9,22,23,-5,33,14,24,-8,-6,-25,16,-8,19,4,19,-6,0,25,11,2,21,-4,-8,-15,11,-11,10,3,11,18,13,-15,20,-2,27,-23,-37,-17,-8,-15,7,-19,19,-9,33,22,16,-15,21,-4,35,-36,-9,-24,27,6,8,-23,18,-19,16,12,18,3,-2,-36,13,6,20,29,21,-9,3,22,49,15,7,-12,23,6,10,-5,-6,-18,-13,-7,7,-20,34,3,4,38,-13,11,13,16,13,2,13,13,9,-7,2,-20,21,3,-20,-26,2,-14,13,-5,16,16,37,-28,18,-31,13,-7,18,-2,12,27,7,7,8,-2,11,-11,-7,-18,5,-12,20,-5,20,-16,-11,-23,43,-30,12,7,-1,19,34,-13,6,21,32,-28,13,9,24,4,4,-18,-25,-19,19,-11,25,3,22,-29,-13,-7,5,-7,38,-5,-15,-20,-1,-21,-19,3,-4,-14,11,-9,38,1,1,18,16,15,29,-15,2,-12,-7,-9,4,-8,42,8,20,-19,21,-6,22,4,15,-8,4,8,-6,25,31,1,-2,10,-20,14,28,2,-23,17,8,29,47,1,22,-10,6,-17,21,32,2,15,7,2,12,-5,9,-30,-16,-5,1,-12,28,-18,2,-16,11,1,3,19,19,11,8,0,16,-17,5,14,-7,13,22,11,7,37,23,-17,27,-11,8,2,-12,30,14,4,-17,18,7,11,37,20,20,2,4,-7,-7,-18,22,14,7,-8,-5,-15,39,-6,7,17,-12,12,15,23,32,6,26,29,15,-14,27,9,8,8,-8,12,8,7,11,-15,19,7,4,-20,31,2,-7,12,10,3,9,-6,-1,-17,14,2,-8,18,7,7,28,-16,-3,-26,-18,4,0,-15,26,-17,-11,-17,26,11,6,-6,-9,-13,-40,-3,5,-16,20,-15,32,18,13,-14,5,6,-6,22,9,-2,16,-44,14,-2,-5,-24,-11,-8,17,-11,32,9,13,14,18,-4,9,20,13,0,6,-7,-1,-23,-19,-8,11,-7,16,3,0,-12,-15,-6,-17,7,0,-9,13,-9,38,-5,8,13,2,-19,6,-4,18,21,12,-14,3,20,18,19,12,-15,20,-7,20,17,-10,19,22,4,-3,17,38,-5,36,5,13,8,20,-6,7,12,-15,28,20,11,3,20,14,6,-3,11,78,9,10,54,19,11,-1,15,18,-1,29,-22,20,-5,13,9,6,24,21,-2,34,10,0,15,20,22,19,-7,3,-14,10,-8,24,27,61,-6,18,-8,5,-21,23,5,9,-20,8,-2,12,11,19,-10,19,5,59,-27,11,-8,-1,-17,16,14,15,-6,70,16,16,-15,20,-1,14,-36,27,-7,-4,-16,6,-10,-12,-10,24,-13,-4,-11,13,-6,3,-10,32,-1,12,7,-8,-13,0,-29,4,-8,20,5,4,-8,-9,-13,-16,-1,8,-15,-11,-12,25,-15,17,15,8,-7,6,7,7,-12,16,21,22,-8,5,9,-4,33,27,15,8,14,-2,7,-12,3,8,11,30,-6,22,6,9,31,18,-6,10,11,16,-1,7,7,10,-8,23,1,3,21,-7,6,-9,-10,-1,18,20,12,18,-4,7,16,10,6,-8,11,4,4,16,-4,23,19,12,-11,3,7,-8,10,21,12,18,-15,26,7,8,-9,10,7,23,-8,20,8,10,-7,5,6,-1,22,31,1,-5,13,-19,2,-8,9,-2,24,-14,7,7,12,-5,16,6,2,11,-7,9,16,22,-5,4,9,-8,12,18,-2,18,9,-10,23,13,25,14,-1,12,14,16,-3,17,14,11,-5,22,5,20,14,6,20,11,6,-2,15,7,9,-7,5,8,9,-12,8,0,9,13,21,16,4,-13,12,6,21,27,28,17,-18,20,13,14,-17,85,-8,-2,13,16,-2,30,26,48,-4,6,25,13,-1,18,-25,16,8,13,-5,4,25,23,13,15,-5,10,11,-2,12,-17,11,11,9,18,1,-7,22,20,36,0,17,14,5,27,-2,8,8,-1,10,16,7,-5,19,27,-1,-8,27,12,17,0,29,11,4,21,-15,5,26,8,4,35,-12,5,28,23,-15,15,35,-14,7,2,9,37,-16,19,11,38,-5,16,-36,12,9,4,19,30,-20,10,27,13,-1,10,-11,8,5,-6,22,21,5,-3,11,6,12,-16,14,34,12,-2,23,9,-1,16,-24,8,1,6,34,13,1,16,-10,17,14,22,-4,15,-23,17,5,9,-9,35,16,14,-11,-3,-18,31,8,14,-22,15,2,-6,18,26,1,5,-27,12,10,55,13,7,23,15,-7,14,3,-3,-15,23,-7,1,-24,23,-1,6,-14,21,3,9,16,17,7,-3,23,16,3,24,27,24,-20,26,-34,21,-13,19,14,32,-1,-2,12,15,-1,21,11,-7,20,14,3,9,-6,21,18,12,-16,16,-1,15,14,7,-2,2,-15,34,1,7,13,22,7,-15,21,1,10,16,6,3,12,-13,10,-1,16,-12,4,-3,12,-6,-7,-9,8,-5,-5,-5,3,3,13,-16,-3,-2,-10,-13,2,-7,-13,-27,11,4,11,-9,22,13,7,15,23,4,19,-5,9,20,8,31,-15,7,20,13,3,-8,15,23,15,4,-17,7,6,-2,12,14,-2,23,12,12,-18,35,12,17,17,16,-7,-8,-31,10,-26,-11,-12,12,2,8,-9,4,-29,24,-12,-11,-19,23,-18,-11,-20,20,15,7,-7,15,4,1,-13,11,2,1,15,-18,4,-1,7,6,8,31,-6,-5,20,-7,-3,-4,7,13,9,12,-13,-4,-6,6,-12,11,6,2,9,16,-8,-2,14,-18,6,-4,9,14,21,10,-9,-1,-15,19,-15,2,-24,18,-5,-2,27,15,13,-7,12,13,8,21,-15,6,19,-4,17,18,-8,9,3,15,26,10,4,11,-10,28,12,17,-6,-3,15,-17,1,12,11,16,3,20,-8,19,4,2,16,-14,3,-12,-6,-26,25,10,9,15,-8,7,9,-2,11,-15,9,4,11,20,6,0,-20,23,9,9,13,17,-6,-3,16,-19,13,5,14,12,-1,19,-22,9,3,4,15,18,-4,-2,13,16,-9,9,5,11,-2,13,8,-17,19,5,8,9,-3,-5,-6,5,-4,26,-6,19,5,7,-26,-24,-7,-2,-11,10,0,11,9,7,-19,11,-2,5,36,11,-7,8,-23,12,22,24,-5,7,-12,-9,-7,10,-9,7,16,-12,24,39,-19,4,18,17,-1,-15,12,19,13,-8,10,18,-4,1,16,10,-2,6,-11,6,11,-3,12,7,7,-21,12,-2,-17,-15,4,-12,11,7,19,-13,-9,-9,4,-3,-14,-6,1,1,17,14,11,-12,14,12,5,4,14,-22,3,2,10,23,1,16,-26,24,-2,-3,16,9,9,12,-19,-15,-12,3,-10,35,3,5,22,14,-5,10,-15,22,17,4,-17,-11,-7,2,-5,15,-4,9,6,5,-15,13,8,-8,12,13,13,13,-26,6,15,-21,29,19,26,-15,9,20,9,13,-8,-2,18,18,23,14,-18,20,21,13,0,-7,-17,16,-9,1,-15,28,-8,22,23,14,-12,12,12,14,-8,-3,18,5,2,12,-25,32,9,5,-15,12,-2,-14,-16,16,-15,21,31,37,1,1,-10,-11,-9,25,-6,-7,-19,16,-6,-7,-15,33,3,4,-16,6,8,16,-16,9,3,0,-31,22,9,-7,11,7,7,12,-15,-1,-9,25,-5,-6,14,20,15,4,14,25,-9,-4,22,17,30,-11,2,-18,-9,-8,4,8,9,37,16,1,20,17,6,-12,9,0,26,35,-12,6,-11,7,-1,2,14,-20,12,-2,9,15,1,17,-20,10,7,-18,26,15,1,5,-9,7,6,-20,16,16,14,-15,3,-25,20,-29,2,13,18,12,-11,7,2,-5,14,-22,6,4,10,20,3,6,-12,11,9,12,-10,6,2,1,11,-13,12,1,23,-18,-15,-7,3,4,18,-7,6,9,12,4,41,-24,-8,-1,22,-11,15,-8,-7,-12,6,-5,-14,-5,18,-14,-2,-14,15,-7,-6,-4,3,17,10,-9,28,22,5,-24,21,10,3,5,13,9,-6,12,4,5,31,26,-20,1,13,20,25,14,-6,16,11,-10,15,-11,1,-3,13,-6,-4,-2,-15,-10,0,-1,12,17,12,-3,7,-31,4,-3,-9,-11,10,-9,-7,3,13,-12,9,21,3,-2,9,-12,6,2,8,-34,3,11,20,20,-13,19,13,-5,9,-34,2,4,9,20,5,-6,9,51,7,-21,19,8,5,19,-7,2,27,-28,0,-2,11,25,6,19,-18,-2,27,10,10,-9,7,17,-1,-2,9,-18,-4,-10,-13,-7,13,26,28,22,-9,-14,26,30,3,0,7,-12,9,2,5,24,-11,2,12,5,1,0,-34,24,-21,5,-15,14,7,5,-12,11,7,3,16,21,10,-3,-29,31,-7,-14,18,4,8,29,-7,6,7,-22,13,9,12,51,-18,10,3,-2,11,37,8,12,-23,16,16,5,-3,-6,-17,13,-11,33,23,-16,9,1,9,17,2,16,-12,-2,22,-21,0,-4,6,5,7,30,7,-1,18,8,14,-15,2,-3,6,21,27,-6,12,13,8,-19,9,-2,8,20,4,18,-21,10,9,-35,27,-35,11,4,19,31,25,-25,17,-2,7,11,10,27,-14,4,-27,24,-12,30,-4,15,9,1,-26,8,-7,5,16,26,18,-35,25,-2,10,27,11,19,16,26,-8,-6,14,-23,4,1,28,21,-7,27,-40,6,14,-4,35,42,5,-15,23,-28,12,-4,8,3,7,33,5,1,12,-16,12,-3,12,23,3,2,12,21,16,-2,7,-22,11,11,55,16,7,18,-6,17,-34,4,9,-11,36,28,23,22,-29,2,-18,15,21,0,18,13,-4,5,-11,-7,-27,4,-5,25,43,51,-9,-19,-46,12,-10,-3,-6,-23,8,-15,20,-12,-2,0,-15,11,-16,27,-7,-10,-15,-38,3,3,-11,30,-17,4,-14,-47,-7,14,-12,27,1,4,-23,10,10,0,33,13,3,18,-16,-16,-21,4,-8,32,-30,27,7,11,-5,-1,-18,-59,-5,18,-40,11,1,16,21,9,-12,-4,-21,5,-7,48,-8,37,-28,8,0,11,27,83,-36,29,3,21,-16,1,-8,-14,-5,-1,-7,16,-18,17,-44,33,-27,70,-21,26,2,63,21,33,-3,24,-13,25,0,31,6,56,28,26,24,11,22,5,65,7,20,87,84,11,31,137,28,82,0,39,-5,45,-19,38,-27,31,-40,8,-56,-8,-82,-35,-69,-108,-126,-4,-31,13,-60,50,-68,23,-45,60,-169,37,-61,84,-98,52,-39,140,-37,97,-44,364,-136,27,-16,31,-34,25,-146,14,-41,23,-37,59,-63,136,-91,202,-175,32,-35,31,-48,18,-68,-6,-93,34,-98,-2,-70,-14,-56,-21,-26,-28,-16,-87,-32,-166,-120,-19,-33,-2,-80,7,-24,34,-41,50,-37,90,-48,77,-67,75,-132,39,-43,61,-32,157,-51,52,-36,2,-4,2,-4,8,-22,18,-126,87,-160,35,-119,10,-58,-30,-76,6,-103,-1,-8,-2,-14,-2,-11,-44,-86,-20,-71,-52,-117,-35,-106,-102,-121,-53,-218,7,-57,45,-68,20,-56,57,-106,41,-124,50,-65,62,-118,84,-109,143,-249,29,-32,95,-73,65,-37,55,-54,32,-45,38,-25,174,-89,77,-8,94,2,45,-10,62,-29,148,-91,74,-59,34,-38,67,-96,55,-43,82,-31,54,-7,86,-1,84,-23,42,-37,126,-77,48,-76,17,-42,-2,-161,-16,-47,-172,-63,-29,-53,53,-66,132,-30,64,-61,32,-186,-29,-87,-86,-96,-80,-72,-57,-81,-7,-69,67,-92,147,-117,6,-55,-42,-60,-71,-62,-221,-49,-121,-45,-55,-78,19,-123,39,-110,138,-100,158,-61,73,-18,21,-2,126,19,54,0,70,-17,37,-23,20,-28,4,-21,-16,-53,18,-90,22,-47,149,-81,52,-39,31,-52,10,-42,-9,-36,-17,-28,-39,-38,-79,-107,-23,-19,-93,-49,-133,-56,-124,-29,-72,-38,-48,-64,12,-71,89,-66,177,-78,131,-38,31,-22,19,-42,88,-75,18,-27,9,-56,-13,-92,-32,-42,-29,-18,-74,-33,-133,-73,-157,-134,-36,-22,-130,-52,-83,-39,-29,-39,-3,-70,10,-41,22,-35,181,-117,70,-59,30,-58,30,-132,46,-116,31,-32,27,-11,39,-7,64,3,33,-5,46,-20,32,-42,69,-155,38,-108,-13,-108,0,-69,6157,-298,4367,1724,2000,1113,-2047,3327,-1949,3169,3,7,20,16,43,-10,43,21,33,-15,50,10,24,28,52,29,51,-18,41,24,15,0,5,10,-14,34,17,15,-6,17,34,8,7,15,-20,21,-4,31,8,7,12,-5,2,9,-18,16,2,8,28,20,27,-17,42,1,13,15,10,40,30,-7,11,12,56,8,23,18,-4,24,-18,17,5,24,-6,19,8,8,-2,12,-10,6,-45,-10,-32,9,-13,12,-9,24,14,42,-7,29,8,5,27,-8,31,60,63,32,15,-5,2,7,-11,7,11,23,32,18,-8,18,-28,9,-15,-2,-14,15,12,14,1,32,13,23,43,5,27,-18,18,7,3,-1,2,1,40,-17,10,9,1,3,-22,12,0,8,14,25,2,24,29,18,8,24,-27,6,-13,18,-24,-8,-11,10,0,4,-2,2,2,1,0,2,23,20,34,-9,22,7,10,13,19,-2,11,25,-29,25,-1,10,2,0,1,3,27,1,10,21,32,21,29,-20,17,8,2,24,45,-8,41,27,34,14,15,1,16,-9,8,29,25,21,4,16,-18,18,-29,4,-8,8,30,48,20,-3,13,-30,11,-8,104,-4,24,-12,26,-28,35,14,35,26,0,46,-21,22,1,21,31,6,-15,-18,3,-10,10,0,6,9,19,-2,13,-10,-1,-15,7,-8,23,-4,29,6,-3,8,-18,5,-1,21,36,4,16,34,-16,8,-5,26,-19,-6,-23,11,-8,84,-29,17,-21,50,-8,2,-15,-27,-16,7,-9,15,-5,20,23,10,5,11,-4,45,-13,6,-38,-2,-4,6,11,25,0,31,42,68,-5,37,17,14,46,-19,46,21,-3,43,-28,17,-17,56,39,-18,37,10,-4,-15,5,-3,16,16,16,-12,18,-1,50,41,31,-13,40,3,7,6,-10,14,-1,22,-31,30,6,17,-8,16,20,6,17,24,-9,14,-33,14,10,61,-14,-1,-2,10,-12,9,-6,36,16,6,6,14,-6,8,-13,-2,-5,5,8,10,12,-7,13,2,2,8,-19,-1,-3,6,11,9,-2,16,20,4,-7,14,3,6,5,5,12,-3,4,22,19,-7,22,35,48,9,-2,-22,22,-20,21,-5,12,-29,33,6,8,-15,19,19,29,9,51,6,11,-10,6,19,23,-16,32,15,13,-12,26,-5,29,21,9,16,2,31,15,29,-4,19,-27,13,-38,7,-14,30,15,18,11,-17,12,5,-7,30,-15,16,-2,16,-53,2,-9,14,31,14,10,37,25,20,50,-8,23,34,20,3,1,13,-31,72,3,21,30,13,21,-8,22,18,14,-5,9,12,-8,18,17,10,6,20,18,7,-14,11,9,16,0,25,-23,27,16,30,5,25,-22,10,-10,45,4,10,-25,20,8,17,8,2,-3,26,-18,17,-1622,3536,-9,7,-63,-12,-15,-24,-1,-29,-22,-11,-37,23,-40,53,-16,-11,-5,-22,-16,-9,-46,-5,-1,20,-26,-9,-24,27,-11,2,-92,-46,-19,-15,-34,-7,-22,-41,20,-91,-22,-12,-36,-1,-56,22,-53,1,10,-38,-23,-40,-21,-9,3,-31,-19,-17,-17,3,-12,14,-12,-5,-17,3,-34,34,-36,-7,-82,25,-20,-18,18,-45,10,-1,24,16,8,-6,-11,-17,-3,-28,-6,-10,-17,-6,-22,16,-57,14,-3,-44,12,-30,-5,-21,18,-28,-12,-16,5,-14,-11,-35,-12,-10,-29,0,-10,-7,3,-46,-8,-19,-8,-3,-23,11,-33,-4,-22,7,3,14,31,20,0,16,-16,21,-79,-33,-10,-10,-2,-28,-11,-17,0,-30,14,-10,18,10,29,1,-1,-33,-43,-12,-49,-30,-35,25,-42,-36,-22,5,-81,-101,-28,-12,-36,-6,-3,-11,14,-24,-12,-18,-23,2,-24,68,-32,8,-16,30,-25,-2,-9,-12,18,-59,-6,-9,-16,7,-17,26,-22,9,-18,-8,-12,-17,-34,-3,-24,-21,-12,5,-7,19,-18,8,-108,6,-17,-13,-29,-3,-40,-24,-24,1,-16,-31,-94,-41,-3,-14,19,-14,-3,-9,-15,-6,-42,3,-14,-18,2,-21,29,-40,-11,-74,-96,-56,-40,1,-32,-12,-5,-8,-4,-42,11,-62,9,-11,41,-19,6,-10,-69,-103,5,-8,40,11,3,-65,-17,-27,-35,-27,-43,-21,-22,-53,-32,-34,-16,-8,-30,-2,-25,-34,13,-40,27,-8,1,-45,15,-49,-3,-36,-11,-7,-22,9,-23,-5,-30,6,-4,-14,17,-6,14,-15,-17,-17,-56,-21,-34,3,-32,-22,-6,-25,-27,-18,2,-32,15,-4,19,23,20,13,11,-6,4,-19,-49,-46,-111,-21,-47,13,-17,-26,-9,7,4,37,-7,11,-18,2,-20,-11,-19,8,-23,-13,-19,3,-3,-8,13,-15,27,-5,23,-49,-9,-25,-57,-28,-81,-19,-110,49,-35,-6,-43,3,-15,55,16,25,2,24,-16,23,-24,1,7,-29,-32,-1,-14,50,-33,-16,1,13,14,12,-6,4,-50,-25,-7,37,-30,-12,-2,20,-9,5,-14,-6,-5,8,-3,13,-13,13,-350,569,13,7,62,15,2,38,-27,45,44,40,46,-9,57,6,13,11,6,53,14,17,-9,16,18,12,9,34,-8,14,-58,49,-58,21,-14,39,11,53,-7,49,8,27,-10,25,3,23,-22,6,-8,17,-20,15,8,18,-32,-2,7,19,12,3,-5,11,13,13,-10,12,-5,40,7,2,5,-12,8,-4,15,9,-10,11,-33,10,7,43,7,16,43,25,-33,45,-8,59,7,28,-14,43,1,19,-10,17,2,8,12,2,23,19,-15,3,-64,-30,-25,27,-6,21,4,20,22,22,17,38,0,11,-13,14,-52,4,-39,-27,-74,-6,-45,37,-13,3,4,58,-16,15,-5,15,-13,-6,3,14,-21,9,-11,18,28,18,42,-7,-9,12,13,7,-8,3,-6,23,14,6,0,18,9,-1,7,-12,5,3,-12,55,-12,6,6,15,-44,15,-6,21,-15,-2,-35,18,3,7,14,-3,-17,18,6,17,-8,5,14,12,0,8,-29,10,-13,13,-10,-2,-6,13,9,10,-10,12,0,11,-39,-11,-2,19,-7,3,-5,21,-9,2,-11,38,-17,5,-9,-9,-10,6,5,17,-31,8,-12,32,-9,-2,-8,-12,-14,7,7,13,28,6,5,7,9,26,-6,46,4,16,39,17,-7,15,-9,1,6,21,-9,5,-1,7,10,8,-13,11,-7,38,17,21,-13,12,7,8,46,11,3,5,-34,38,-14,31,15,55,-22,79,-63,87,-4,52,16,39,-7,23,2,44,-32,36,6,28,-17,24,13,15,6,59,-22,25,-50,19,-20,70,7,30,-13,14,-3,16,35,42,2,27,24,42,-1,21,-18,14,6,29,-11,15,40,30,3,13,-7,18,27,32,10,21,33,9,-5,5,16,11,7,14,4,26,-14,37,10,20,-7,18,19,9,-1,12,18,12,-7,21,16,22,-16,32,29,23,7,32,-2,23,15,28,-29,9,10,10,2,13,9,1,-5,6,7,9,-4,23,14,14,-9,33,-15,13,-4,16,0,10,9,-4,2,5,-7,19,7,15,42,24,0,8,15,9,10,44,49,3,17,22,2,21,30,28,14,24,105,30,22,28,38,21,11,-7,1,-11,11,-2,13,12,6,18,50,20,51,-9,26,30,44,10,18,26,74,-1,32,18,3,22,-10,17,12,17,-5,24,13,24,1,24,13,17,0,36,-8,22,5,9,2,52,-7,23,9,7,-3,10,11,15,-9,28,16,16,-5,13,27,28,21,1,22,18,34,6,127,47,43,30,52,25,29,37,-2167,694,-54,-7,-35,-28,-37,-17,-47,-3,-100,109,-39,14,-22,-32,-8,1,-73,39,1,38,-7,8,-118,60,-9,26,46,78,6,43,-43,59,10,33,-5,20,-11,6,-28,36,-52,23,-19,-17,-41,-19,-9,-4,-50,-33,-20,-35,-6,-29,17,-29,-1,-16,-15,-24,-25,-6,-32,16,-36,60,-64,1,0,12,34,2,-4,20,-16,9,-17,-12,-39,10,-24,22,-14,26,-16,-11,-17,-31,-39,-3,-25,6,-79,-21,-32,1,-17,14,-4,7,-12,21,-34,24,-6,27,-21,22,-2,48,-15,15,-38,-18,-49,-12,-46,3,-4,-8,13,-16,-8,-14,-15,2,-103,17,-35,-1,-20,24,-5,21,-26,17,28,45,2,37,-30,35,-49,24,-34,-10,-11,-50,-30,-30,-44,-22,-7,-24,-44,18,-26,22,-19,8,-9,-5,-5,-37,-10,-9,-111,25,-59,-27,-13,-1,-15,25,-74,6,-5,13,-41,2,-64,26,-9,-5,-4,-14,4,-16,-115,-28,-76,-29,-59,5,-56,17,-178,29,-7,6,2,12,47,40,-2,8,-29,-4,-29,19,-36,-19,-7,22,-4,22,-92,44,-300,105,-162,23,-75,-17,-57,-35,-64,-27,-42,3,-4,11,-44,0,-24,12,-4,-1,-46,36,-30,154,-44,39,-137,-31,-249,-193,-193,-32,-446,101,-155,13,-13,-30,-17,-63,-51,-53,-113,-2,-154,81,-84,18,-32,-54,-31,14,-10,30,-14,4,-29,-8,-9,7,-2,13,21,16,-6,8,-34,-8,-27,-26,-11,-6,-46,27,2,2,19,11,-1,11,-21,16,-28,0,-22,19,-27,1,-15,20,-15,-4,-8,-7,-83,49,-144,51,-109,8,-208,75,-85,1,-187,-41,-22,32,-8,-1,-51,-49,-4,-1,-16,5,-5,23,-10,4,-20,-18,-12,-1,-39,32,-53,66,-6,19,-19,14,-6,-12,-17,35,-28,14,-13,-1,-10,-39,-23,-32,-33,-14,-39,24,-77,29,-124,12,-53,-13,-40,-28,-55,-21,-24,11,-56,-9,-29,10,-35,54,-34,27,-8,20,2,82,28,56,-12,64,20,46,-21,13,-22,-1,-20,-51,-22,-4,-19,19,-5,16,27,35,-6,16,-41,-1,-22,-41,-18,4,-6,10,6,21,47,32,-8,28,-30,9,-37,-13,-22,12,-10,25,20,38,-22,20,-20,-1,-17,-28,-15,2,3,26,37,65,-6,20,-35,30,-8,16,19,83,18,40,-8,18,-45,4,-46,-15,-64,-51,-69,-17,-42,-37,-22,0,-61,15,-72,-24,-9,2,-9,24,-92,39,-46,-12,-11,6,-26,-1,-29,-12,-21,7,-17,10,-25,45,-57,44,-29,37,-14,-1,-32,-21,-39,-15,-94,7,0,-19,35,-45,-1,-19,-41,-34,-65,-8,-15,-29,0,-1,-69,20,-46,3,-13,16,-12,31,-27,1,-34,-17,-16,-15,-9,-18,-172,-60,-41,-1,-96,33,-38,-3,-19,-35,-18,-58,-4,-53,24,-17,-35,-16,-9,4,-19,-18,-58,-27,-78,-13,-102,24,-103,3,-59,-48,-20,51,5,52,-13,12,-29,11,-83,8,-103,-77,-23,-5,-55,6,-55,-22,-35,37,-86,46,-68,-9,-96,-38,-1,24,-19,9,-34,2,-130,-32,-19,6,-51,35,-100,5,-35,11,-30,-3,-3,10,18,43,32,19,33,34,-6,27,-74,5,-47,32,-28,39,-5,19,14,59,-2,22,-46,59,-45,10,-39,-6,-15,-18,-8,-26,-28,-1,-23,19,-18,56,-32,12,-28,-25,-9,-55,-73,56,-2,2,-131,65,-18,104,-4,151,16,137,219,586,23,97,94,88,233,408,45,124,-74,231,-139,164,-92,144,70,172,35,59,-563,-158,-1090,-379,-1060,-443,-565,-280,-6342,-12717]]]
3436714	n	-56.6893,-25.9761,-56.1907,-25.6	[[[-566893,-257500,12,-222,36,-219,59,-215,82,-209,105,-201,126,-190,146,-178,164,-165,181,-149,197,-132,210,-114,221,-95,230,-75,238,-54,242,-32,244,-11,244,11,242,32,238,54,230,75,221,95,210,114,197,132,181,149,164,165,146,178,126,190,105,201,82,209,59,215,36,219,12,222,-12,222,-36,219,-59,215,-82,209,-105,201,-126,190,-146,178,-65,66,-3724,0,-65,-66,-146,-178,-126,-190,-105,-201,-82,-209,-59,-215,-36,-219,-12,-222]]]
3437526	r	-58.5075,-27.123,-58.0172,-26.6194	[[[-585075,-270539,45,-38,148,-109,155,-100,163,-91,169,-81,175,-71,179,-61,183,-50,187,-39,189,-28,191,-17,191,-6,191,6,191,17,189,28,187,39,183,50,179,61,175,71,169,81,163,91,155,100,148,109,140,118,131,125,122,133,111,140,101,146,91,152,79,157,67,161,56,164,43,168,32,170,18,171,7,172,-7,172,-18,171,-32,170,-43,168,-56,164,-67,161,-79,157,-91,152,-101,146,-111,140,-122,133,-131,125,-140,118,-148,109,-155,100,-163,91,-169,81,-117,48,1,-52,49,-90,58,-80,28,-91,-53,-61,-118,-7,-315,55,-51,34,-32,-12,-52,-114,-45,-190,-27,-780,-39,-50,-75,-13,-121,2,-165,-43,14,-101,80,-115,37,-82,-138,-131,-169,24,-178,53,-167,-48,-124,-219,108,-125,12,-15,183,-123,40,-110,-18,-3,-45,-18,78,-25,4,-5,4,-12,-131,-100,-458,-35,-100,-95,-92,-126,-216,-78,-443,-107,-157,-98,-82,-126,21,-132,150,-121,-79,-142,-179,-196,-90,-140,-35,-78,-18,-70,-8,-154]]]
3439297	r	-56.8965,-26.6756,-55.8435,-25.9205	[[[-568965,-262000,11,-311,20,-185,2763,-3701,142,-69,314,-128,322,-110,330,-90,336,-71,340,-51,343,-30,344,-10,344,10,343,30,340,51,336,71,330,90,322,110,314,128,304,147,292,164,280,181,267,198,251,213,236,227,218,240,201,253,182,265,162,274,143,284,121,291,100,298,78,303,56,307,34,310,11,311,-11,311,-34,310,-56,307,-78,303,-100,298,-121,291,-143,284,-162,274,-161,233,-467,184,-8860,-1127,-58,-139,-100,-298,-78,-303,-56,-307,-34,-310,-11,-311]]]
3867291	r	-62.3696,-24.2978,-57.9603,-20.1614	[[[-623696,-223400,45,-1255,164,-58,73,-10,357,-44,112,-31,73,-41,27,-48,9,-51,-2,-110,24,-73,58,-14,68,5,54,-14,222,-240,80,-179,-57,-167,-141,-181,2,-125,131,-102,248,-105,124,-29,59,7,36,-17,54,-104,-70,-220,-4,-130,191,-113,-124,-234,41,-54,134,-36,67,-86,44,-113,62,-106,273,-279,37,-75,28,-89,38,-77,71,-32,9,-35,87,-72,98,-62,48,-3,38,-122,92,-115,212,-206,146,-204,186,-369,111,-150,23,-95,-51,-234,28,-47,2,-45,138,-192,357,-363,1114,-628,80,-75,227,-305,116,-98,227,-119,107,-87,108,-118,62,-97,28,-117,7,-185,45,-175,113,-86,145,-59,141,-91,156,-161,85,-47,134,-37,473,0,145,-64,505,-491,88,-42,118,-20,179,-4,-47,-82,-47,-115,-8,-100,159,-97,93,-234,93,-54,215,-9,184,-33,162,-63,152,-100,118,-99,100,-65,138,-36,231,-10,648,-267,80,-127,61,-158,103,-137,207,-57,90,-38,193,-182,92,-59,67,-4,200,14,75,-10,124,-94,133,-137,150,-124,173,-55,123,-88,37,-202,-36,-228,-90,-164,92,-92,171,-263,263,-138,162,-190,119,-207,19,-134,60,-58,144,-221,95,-88,315,-186,381,103,368,-167,335,-254,288,-159,207,-23,291,7,585,13,94,-29,205,-163,97,-23,460,22,115,-9,110,-35,174,-89,92,-18,10,-57,161,-320,58,-18,357,-16,183,-81,328,-216,618,-112,357,13,90,-13,108,-62,196,-161,106,-56,94,-16,316,16,783,-110,749,22,239,50,469,154,207,19,180,-41,3601,-2184,383,-361,176,-220,72,-61,100,-33,251,-30,34,-19,696,459,1323,983,2024,4060,174,348,-503,1186,1214,239,9,18,-27,96,-405,538,-38,-1,-44,-14,-44,-34,-21,-8,-36,-4,-23,4,-100,52,-63,42,-57,21,-58,-4,-64,37,-42,15,-8,6,-9,36,-17,5,-21,-12,-25,11,-7,9,2,17,-16,14,154,385,-26,3,-48,16,-35,2,-695,-92,0,9,-326,302,-30,59,-53,61,-7,20,-65,88,-40,28,-89,22,-85,-4,-62,-28,-46,-65,-32,-27,-40,-17,-112,-7,-35,23,-48,18,-13,0,-64,-49,-45,31,-41,49,-7,17,-157,168,-129,78,-19,299,-71,105,3,375,22,1,4,82,272,1428,1246,736,155,118,105,-116,15,-27,373,-1132,16,-54,0,-36,-64,-162,27,-8,6,3,5,17,10,0,6,-31,8,-6,19,10,-9,34,50,32,28,-14,-27,-5,-7,-12,27,-6,26,9,-9,-30,5,-23,19,4,6,20,30,-24,43,3,0,30,23,-13,10,1,0,17,12,15,38,8,-4,23,41,12,1,-14,9,2,-14,65,5,4,15,-5,8,6,2,29,23,14,7,-6,-3,-24,7,-2,3,43,-11,15,24,3,4,-22,21,-5,12,36,19,-33,-19,-16,0,-50,28,-14,23,-1,10,38,13,-7,-8,-27,14,-22,-27,-11,-11,-13,-16,7,21,-17,41,-11,39,6,2,8,-15,15,5,28,10,0,14,-20,19,-11,6,9,-3,19,10,6,11,-4,6,-19,25,10,-20,17,4,10,24,-18,50,0,-8,-13,-16,-1,1,-11,21,-26,21,1,14,-21,35,39,8,-19,-13,-7,-2,-9,15,-36,6,1,10,25,17,-17,24,-10,40,6,57,-10,5,22,9,8,20,-1,22,8,16,-17,5,3,12,33,-15,13,-4,14,-20,-1,8,49,50,1,12,-7,8,-21,20,-5,-41,61,30,14,12,-24,16,25,26,9,-7,19,-17,-1,-11,11,11,10,42,-7,-9,15,-33,22,3,9,15,-6,16,-16,16,-2,-1,-9,10,-8,14,6,8,21,23,3,-25,-34,17,-25,-51,-5,-2,-13,19,-5,46,13,39,-5,10,-14,9,-1,-1,-14,5,-1,11,15,-15,25,19,31,9,1,3,-14,-9,-10,0,-8,26,-24,34,52,36,-36,9,23,12,9,17,3,30,-10,0,13,-38,35,15,2,34,-24,12,13,-6,15,13,3,-4,7,5,9,32,1,36,47,14,-13,18,-2,12,-14,37,1,8,20,-15,11,0,21,39,-4,17,6,7,-8,-3,-15,10,-28,7,-7,7,2,14,39,-14,9,-6,25,-17,12,-23,59,26,21,46,-34,54,47,14,1,14,-19,24,-3,21,-14,23,-31,20,20,16,-7,41,1,20,-9,7,-22,24,10,5,23,37,25,21,-52,17,7,8,13,-16,12,-13,37,6,4,33,-6,6,-17,47,-49,19,27,-21,36,-4,19,15,19,20,7,22,-4,6,-7,-26,-36,34,-29,21,9,15,-20,25,-4,-31,-41,-10,0,-17,11,-29,-8,5,-23,-28,-7,-5,-16,22,-11,24,-2,27,17,37,8,5,-11,-10,-12,13,-11,3,-30,24,13,11,-1,3,-9,-12,-14,13,-9,14,5,7,16,12,5,26,-21,24,-8,2,-7,-24,-13,-7,-29,25,-19,7,19,13,1,10,-35,14,-18,40,-14,11,-28,-11,-24,4,-18,16,3,10,8,11,-4,-3,-18,9,-3,25,42,25,-16,23,-29,18,17,43,-11,12,-20,-33,-22,-28,-4,-29,-48,-1,-12,29,-19,-17,-17,-5,-24,23,-13,11,13,19,-7,37,-23,11,-16,3,30,-13,24,-10,42,11,1,14,-12,15,16,23,3,-2,-11,-17,-16,2,-9,38,-8,14,16,8,1,2,-7,-48,-69,21,-14,17,8,16,-2,-9,-34,12,-6,15,3,1,37,28,22,31,55,3,2,6342,12717,3129,6274,-436,759,-808,1211,-892,1159,-971,1102,-1047,1040,-1117,975,-1184,904,-1244,831,-1300,753,-1350,672,-1395,588,-1433,502,-1465,414,-1491,324,-1510,232,-1524,140,-1530,46,-1530,-46,-1524,-140,-1510,-232,-1491,-324,-1465,-414,-1433,-502,-1395,-588,-1350,-672,-1300,-753,-1244,-831,-1184,-904,-1117,-975,-1047,-1040,-971,-1102,-892,-1159,-808,-1211,-722,-1257,-632,-1299,-539,-1334,-444,-1364,-348,-1389,-249,-1406,-150,-1419,-51,-1425]]]
3437063	r	-57.4111,-26.9139,-56.8689,-26.4261	[[[-574111,-266700,6,-160,17,-158,29,-158,40,-155,52,-153,62,-149,74,-146,83,-141,94,-135,103,-130,113,-123,121,-117,129,-109,138,-101,144,-93,150,-84,157,-76,162,-65,166,-57,169,-46,173,-36,175,-26,177,-16,177,-5,177,5,177,16,175,26,173,36,169,46,166,57,162,65,157,76,150,84,144,93,138,101,129,109,121,117,113,123,103,130,94,135,83,141,74,146,62,149,52,153,40,155,29,158,17,158,6,160,-6,160,-17,158,-29,158,-40,155,-52,153,-62,149,-74,146,-83,141,-94,135,-103,130,-113,123,-121,117,-129,109,-138,101,-144,93,-150,84,-157,76,-162,65,-166,57,-169,46,-173,36,-175,26,-177,16,-177,5,-177,-5,-177,-16,-175,-26,-173,-36,-169,-46,-166,-57,-162,-65,-157,-76,-150,-84,-144,-93,-138,-101,-129,-109,-121,-117,-113,-123,-103,-130,-94,-135,-83,-141,-74,-146,-62,-149,-52,-153,-40,-155,-29,-158,-17,-158,-6,-160]]]
