683506	r	25.6354,44.1223,26.5846,44.7156	[[[256354,444300,10,-223,31,-222,50,-221,71,-217,90,-214,109,-209,128,-203,147,-197,164,-190,181,-181,197,-173,111,-85,2702,-364,913,-123,2,0,1887,-255,52,17,274,105,264,118,252,130,240,142,227,152,212,163,197,173,181,181,164,190,147,197,128,203,109,209,90,214,71,217,50,221,31,222,10,223,-10,223,-31,222,-50,221,-71,217,-90,214,-109,209,-128,203,-147,197,-164,190,-181,181,-197,173,-212,163,-227,152,-240,142,-252,130,-42,19,-5997,-504,-186,-120,-177,-155,-181,-181,-164,-190,-147,-197,-128,-203,-109,-209,-90,-214,-71,-217,-50,-221,-31,-222,-10,-223]]]
11048319	p	683506
675810	r	27.1395,46.8732,28.0156,47.4803	[[[271395,472083,2457,-3196,96,-35,276,-86,132,-34,4634,542,69,38,222,142,208,152,192,161,177,169,160,176,138,176,-73,-25,-217,69,-235,102,-244,32,-3,145,-125,77,-283,126,-306,232,-93,47,-95,21,-44,30,61,73,0,68,-433,161,-119,112,112,24,18,43,-29,60,-27,78,-18,7,-120,273,-253,220,-106,126,12,125,-203,242,-105,77,-250,42,-79,34,-76,44,-106,46,-270,41,-78,27,-129,147,-241,393,-112,67,-23,14,-140,64,79,308,-178,105,30,118,39,103,54,77,82,44,-71,97,-127,79,-150,60,-137,37,-15,-6,-258,6,-57,19,-4,3,-212,-34,-291,-61,-284,-73,-276,-86,-268,-98,-258,-109,-247,-121,-234,-132,-222,-142,-208,-152,-192,-161,-177,-169,-160,-176,-144,-183,-125,-190,-107,-194,-88,-199,-69,-202,-49,-205,-5,-32]]]
11048323	p	683506
680963	r	28.2335,43.8939,28.7745,44.4663	[[[282335,441800,8,-187,26,-187,42,-185,59,-182,75,-179,92,-176,107,-170,122,-165,137,-159,151,-153,165,-145,177,-136,190,-128,200,-119,211,-109,220,-99,229,-89,237,-77,242,-66,249,-54,252,-43,256,-30,259,-19,165,-4,171,247,32,136,141,292,50,184,91,94,26,82,-5,59,-171,516,-166,810,-10,26,319,73,-29,-5,14,11,5,-5,12,3,-12,3,16,4,-19,-1,-7,27,-9,5,10,-29,-19,-4,-12,28,-7,-2,12,-28,-18,-3,-12,28,-8,-2,13,-28,-18,-4,-13,28,-127,-29,-8,19,111,25,-7,15,-111,-25,-8,19,111,25,-113,14,4,19,103,-9,3,18,-103,9,3,18,84,-8,2,12,-58,5,2,10,54,-5,1,11,-36,3,2,12,28,-3,2,8,-71,5,-21,6,1,7,18,-1,-18,2,1,6,102,-16,1,9,-31,3,6,30,58,14,15,-24,-30,-6,4,-10,24,5,-10,-59,-8,0,-2,-9,12,-1,-6,-32,13,-1,3,32,36,-19,-11,-11,15,8,10,-5,-11,-11,10,-5,10,10,15,-9,-7,-6,40,-22,7,6,17,-7,15,-55,-10,-3,10,-2,-4,-43,37,-23,-31,29,2,39,-17,65,-131,74,19,81,33,4,14,13,66,-28,-68,69,32,87,-29,150,-140,315,-159,212,-43,124,13,380,28,140,58,122,103,114,132,84,158,49,129,-72,32,122,103,227,679,655,-170,46,-249,54,-252,43,-256,30,-259,19,-259,6,-259,-6,-259,-19,-256,-30,-252,-43,-249,-54,-242,-66,-237,-77,-229,-89,-220,-99,-211,-109,-200,-119,-190,-128,-177,-136,-165,-145,-151,-153,-137,-159,-122,-165,-107,-170,-92,-176,-75,-179,-59,-182,-42,-185,-26,-187,-8,-187]]]
11048318	p	683506
11048320	p	683506
681290	r	23.1381,46.4515,24.0619,47.0886	[[[231381,467700,10,-208,29,-208,50,-205,68,-203,88,-200,106,-195,125,-190,143,-184,159,-177,176,-169,192,-161,207,-152,220,-143,234,-132,246,-121,256,-111,267,-98,275,-86,283,-73,289,-61,295,-47,298,-34,301,-20,302,-7,302,7,301,20,298,34,295,47,289,61,283,73,275,86,267,98,256,111,246,121,234,132,220,143,207,152,192,161,176,169,159,177,143,184,125,190,106,195,88,200,68,203,50,205,29,208,10,208,-10,208,-29,208,-50,205,-68,203,-88,200,-106,195,-125,190,-143,184,-159,177,-176,169,-192,161,-207,152,-220,143,-234,132,-246,121,-256,111,-267,98,-275,86,-283,73,-289,61,-295,47,-298,34,-301,20,-302,7,-302,-7,-301,-20,-298,-34,-295,-47,-93,-20,-2988,-1855,-97,-178,-88,-200,-68,-203,-50,-205,-29,-208,-10,-208]]]
11048322	p	683506
683844	r	25.0733,45.2735,26.1403,45.928	[[[250733,456500,11,-247,35,-246,57,-244,79,-241,102,-236,124,-232,145,-225,166,-218,185,-210,205,-201,223,-191,240,-180,256,-169,272,-157,285,-144,298,-130,310,-117,320,-102,182,-48,2280,-227,293,20,346,40,342,56,336,72,329,87,320,102,310,117,298,130,285,144,272,157,256,169,240,180,223,191,205,201,185,210,166,218,145,225,124,232,102,236,79,241,39,167,-8933,3350,-165,-109,-240,-180,-223,-191,-205,-201,-185,-210,-166,-218,-145,-225,-124,-232,-102,-236,-79,-241,-57,-244,-35,-246,-11,-247]]]
665087	r	20.7585,45.4183,21.7022,46.0009	[[[207585,457648,67,20,123,-45,82,-97,-2,-92,-39,-94,-25,-103,9,-520,-27,-142,-3,-5,59,-136,109,-203,127,-198,146,-192,163,-184,180,-176,196,-168,211,-159,226,-148,239,-138,251,-126,262,-115,273,-102,281,-90,289,-76,296,-63,301,-49,305,-36,307,-21,309,-7,309,7,307,21,305,36,301,49,296,63,289,76,281,90,273,102,167,73,1490,1061,71,80,146,192,127,198,109,203,90,207,70,212,50,214,31,216,10,217,-10,217,-31,216,-50,214,-70,212,-90,207,-109,203,-127,198,-146,192,-118,133,-7058,717,-26,-15,-226,-148,-211,-159,-196,-168,-180,-176,-163,-184,-146,-192,-127,-198,-109,-203,-90,-207,-70,-212,-50,-214,-31,-216,-3,-69]]]
680332	r	23.3799,44.0174,24.1659,44.6226	[[[233799,443200,9,-198,27,-197,45,-195,62,-193,80,-190,97,-185,114,-180,129,-175,145,-168,160,-161,175,-153,188,-145,200,-135,213,-125,223,-116,234,-104,242,-94,250,-81,258,-70,263,-58,267,-45,272,-32,273,-19,275,-7,275,7,273,19,272,32,267,45,263,58,258,70,250,81,242,94,234,104,223,116,213,125,200,135,188,145,175,153,160,161,145,168,21,28,-750,1887,-744,1871,-151,381,-156,60,-250,81,-258,70,-263,58,-267,45,-272,32,-273,19,-275,7,-275,-7,-273,-19,-272,-32,-267,-45,-263,-58,-258,-70,-250,-81,-242,-94,-234,-104,-223,-116,-213,-125,-200,-135,-188,-145,-175,-153,-160,-161,-145,-168,-129,-175,-114,-180,-97,-185,-80,-190,-62,-193,-45,-195,-27,-197,-9,-198]]]
11048317	p	683506
677697	r	27.5477,45.2672,28.4133,45.8377	[[[275477,454606,8467,-1934,189,264,-81,15,-350,141,-169,32,-231,105,-194,249,-296,540,52,199,-195,188,-293,116,-225,-17,-22,-2,-134,116,-17,14,11,14,42,24,56,4,-7,12,-19,9,-177,37,-24,11,-29,75,-39,23,-31,116,-39,52,-13,4,-51,-8,-3,178,8,15,-8,8,-1,50,10,22,-13,33,-30,22,26,18,10,20,-2,83,-46,15,-17,37,-39,40,36,64,-81,-1,-27,13,15,16,36,5,13,8,22,50,0,53,-14,0,-12,-10,-57,-68,-28,-17,-14,10,-34,94,-20,11,-34,2,-6,-6,10,-40,-16,-20,-17,2,-12,44,-15,-7,-31,-40,-9,2,-5,30,-26,-21,-11,-1,-43,36,12,17,27,13,-1,6,-28,13,-52,59,-71,17,-53,74,-83,26,-33,54,-7,28,-27,4,-71,-8,-17,5,143,97,165,84,131,33,329,-2,143,50,-62,129,19,161,-87,1003,-85,94,-176,238,-156,304,-9,96,-256,18,-368,9,-368,-9,-367,-25,-363,-43,-359,-59,-353,-75,-344,-92,-336,-107,-325,-123,-295,-130,-1913,-3108]]]
665004	r	24.1423,46.2777,24.9777,46.8294	[[[241423,465400,9,-189,26,-189,45,-186,62,-185,79,-181,77,-140,5635,-1553,92,28,241,90,232,100,222,110,211,120,200,129,187,139,173,146,159,154,145,161,129,167,112,172,97,177,79,181,62,185,45,186,26,189,9,189,-9,189,-26,189,-45,186,-62,185,-79,181,-97,177,-112,172,-129,167,-145,161,-159,154,-173,146,-187,139,-200,129,-211,120,-222,110,-232,100,-241,90,-249,78,-256,66,-262,55,-266,43,-270,31,-272,19,-273,6,-273,-6,-272,-19,-270,-31,-266,-43,-262,-55,-256,-66,-249,-78,-241,-90,-232,-100,-222,-110,-211,-120,-200,-129,-187,-139,-173,-146,-159,-154,-145,-161,-129,-167,-112,-172,-97,-177,-79,-181,-62,-185,-45,-186,-26,-189,-9,-189]]]
671768	r	21.5554,46.7222,22.3977,47.3743	[[[215554,468385,55,-46,213,-156,228,-147,242,-136,254,-125,266,-113,275,-101,285,-88,293,-76,299,-62,304,-49,308,-35,312,-21,312,-7,312,7,312,21,308,35,304,49,299,62,293,76,285,88,275,101,266,113,254,125,242,136,228,147,213,156,199,166,182,174,165,183,147,189,129,195,110,201,91,205,71,209,51,211,31,214,10,214,-10,214,-31,214,-51,211,-71,209,-91,205,-110,201,-129,195,-147,189,-165,183,-182,174,-199,166,-213,156,-228,147,-242,136,-254,125,-266,113,-275,101,-285,88,-293,76,-299,62,-304,49,-257,29,-60,-82,-445,-89,-180,-75,-182,-140,-386,-383,-61,-117,-115,-358,-53,-91,-116,-148,-41,-111,-3,-116,24,-90,3,-92,-61,-124,-84,-80,-221,-144,-95,-96,-18,-35,-27,-55,-49,-177,-67,-88,-203,-136,-493,-224,-223,-145,-391,-320,15,-33,23,-53,86,-29,96,-13,70,-38,89,-117,7,-10,-39,-10,-190,-494,-84,-73,-457,-257,-45,-11,-12,-27,-16,-118,10,-122,34,-107,3,-108,-84,-128,-103,-61,-177,-33]]]
670474	r	25.7152,44.6723,26.4437,45.2519	[[[257152,451596,495,-4486,2,-20,197,-100,235,-105,245,-93,215,-69,4178,351,61,31,214,125,202,135,190,144,176,153,161,161,147,167,130,175,115,180,97,185,81,189,63,192,45,195,27,197,9,197,-9,197,-27,197,-45,195,-63,192,-81,189,-97,185,-115,180,-130,175,-147,167,-161,161,-176,153,-190,144,-202,135,-214,125,-226,115,-235,105,-245,93,-252,81,-260,70,-265,57,-270,45,-274,32,-276,20,-277,6,-277,-6,-276,-20,-274,-32,-270,-45,-265,-57,-260,-70,-252,-81,-245,-93,-235,-105,-226,-115,-214,-125,-202,-135,-52,-39]]]
686254	r	20.745,45.9164,21.895,46.5809	[[[207450,461800,12,-262,37,-261,61,-259,86,-255,109,-251,133,-246,85,-131,1240,-126,7058,-717,1261,-128,230,196,219,213,199,223,177,231,155,239,133,246,109,251,86,255,61,259,37,261,12,262,-12,262,-37,261,-61,259,-86,255,-109,251,-133,246,-155,239,-177,231,-199,223,-219,213,-239,203,-257,191,-275,180,-291,166,-305,153,-320,138,-332,124,-343,108,-352,93,-360,76,-366,59,-371,43,-375,26,-376,8,-251,-5,-36,-336,-124,-183,-172,-151,-141,-158,-25,-206,293,-385,63,-220,-232,-122,-423,-13,-196,-48,-168,-136,-101,-217,-27,-282,-15,-163,-86,-194,-114,-152,-96,-52,-293,2,-64,-23,-477,-403,-180,-48,-196,118,-69,58,-78,27,-86,0,-91,-27,-198,-6,-373,113,-178,26,-69,-15,-146,-57,-100,-6,-81,27,-180,107,-93,33,-201,6,-209,-41,-113,-42,-89,-33,-255,-147,-31,-131,-37,-261,-12,-262]]]
683902	r	27.5815,44.9947,28.3585,45.4351	[[[275815,452700,8,-180,25,-179,41,-178,58,-176,74,-172,89,-169,105,-164,120,-159,134,-152,148,-147,162,-139,174,-132,185,-123,197,-114,206,-105,216,-95,225,-85,231,-74,238,-64,243,-52,248,-41,251,-29,253,-18,254,-6,254,6,253,18,251,29,248,41,243,52,238,64,231,74,225,85,216,95,206,105,197,114,185,123,174,132,162,139,148,147,134,152,120,159,105,164,89,169,74,172,58,176,41,178,25,179,8,180,-2,54,-6991,1597,-123,-122,-134,-152,-120,-159,-105,-164,-89,-169,-74,-172,-58,-176,-41,-178,-25,-179,-8,-180]]]
670609	r	24.4648,44.5595,25.212,45.1406	[[[244648,448243,17,-122,43,-188,60,-185,78,-182,94,-178,109,-173,126,-168,97,-111,1998,-1154,122,-33,255,-55,259,-43,263,-31,265,-19,266,-6,266,6,265,19,263,31,259,43,255,55,250,67,242,78,235,90,226,100,217,111,206,121,194,130,182,138,169,147,155,155,36,41,-949,3881,-210,108,-226,100,-235,90,-242,78,-250,67,-255,55,-259,43,-263,31,-265,19,-266,6,-266,-6,-265,-19,-263,-31,-71,-11,-3187,-3095]]]
685948	r	26.4822,46.2739,27.3318,46.753	[[[264822,465700,9,-194,28,-192,45,-192,64,-188,81,-186,99,-181,115,-177,132,-170,148,-165,163,-157,178,-150,191,-142,204,-132,217,-123,227,-113,238,-102,247,-92,255,-80,262,-68,268,-56,272,-44,277,-32,278,-19,280,-6,280,6,278,19,277,32,272,44,268,56,262,68,255,80,247,92,238,102,227,113,217,123,204,132,191,142,178,150,163,157,148,165,132,170,115,177,99,181,81,186,64,188,22,94,-235,1561,-31,56,-115,177,-132,170,-148,165,-10,9,-147,4,-6200,172,-1336,-1074,-60,-178,-45,-192,-28,-192,-9,-194]]]
667268	r	23.5563,45.3904,24.7977,46.0552	[[[235563,456187,128,-198,200,-262,223,-253,247,-242,269,-230,290,-217,309,-203,328,-189,344,-173,360,-157,374,-140,58,-19,7780,1187,166,141,247,242,223,253,200,262,175,271,149,279,124,284,96,290,69,294,41,296,14,297,-14,297,-17,124,-8123,2131,-2867,-2938,-1393,-1427]]]
667873	r	22.3738,47.4705,23.3044,48.088	[[[223738,477315,64,-184,94,-211,115,-206,134,-200,153,-194,172,-186,189,-179,206,-170,223,-160,237,-151,251,-139,264,-128,276,-116,287,-104,296,-91,304,-77,311,-64,317,-50,1,0,3695,568,1717,4227,-142,180,-172,186,-189,179,-206,170,-223,160,-237,151,-251,139,-264,128,-208,87,-162,-168,-224,-467,-135,-170,-428,-228,-159,-16,-162,33,-157,65,-154,72,-178,56,-152,-9,-84,-118,85,-203,-84,-135,-179,-82,-203,-43,-164,-129,-251,-313,-164,-102,-401,-100,-160,-75,-107,-136,4,-85,50,-65,20,-73,-85,-112,-60,-27,-216,-15,-203,-63,-122,-65,-247,-219,-293,-172,-365,-107,-382,-37,-345,38,-741,264,-307,-48,-164,-395,-114,-74,-133,-37,-88,-5]]]
685826	r	23.1327,47.2336,24.2067,48.0148	[[[231327,475273,2648,-1453,895,-491,1809,-993,263,29,406,64,399,82,390,100,379,117,368,133,353,149,21,10,2380,2027,91,165,121,271,95,275,68,278,41,282,13,282,-13,282,-41,282,-68,278,-95,275,-121,271,-146,264,-172,258,-197,249,-220,240,-242,229,-265,219,-79,57,-156,28,-164,80,-315,11,-1007,-279,-214,-2,-68,155,-519,323,-164,55,-696,-24,-232,22,-412,93,-644,50,-185,42,-376,-46,-111,-22,-108,-61,-43,-67,-51,-57,-58,-46,-30,-17,-39,-20,-208,-9,-648,218,-15,4,-15,1,-14,-1,-15,-4,-79,-20,-75,-5,-74,6,-72,19,-226,178,-68,39,-263,-648,-1717,-4227]]]
683123	r	26.3953,44.8414,27.2647,45.4586	[[[263953,451500,9,-202,28,-201,37,-159,480,-944,29,-37,150,-172,165,-164,181,-156,194,-147,208,-139,220,-128,231,-117,242,-107,250,-95,260,-83,266,-72,272,-58,277,-46,281,-33,283,-20,284,-6,284,6,283,20,281,33,277,46,272,58,266,72,260,83,250,95,242,107,231,117,220,128,208,139,194,147,181,156,165,164,150,172,135,178,117,184,100,189,83,193,64,197,47,199,28,201,9,202,-9,202,-28,201,-47,199,-64,197,-83,193,-100,189,-117,184,-135,178,-150,172,-165,164,-181,156,-194,147,-208,139,-220,128,-122,62,-1666,514,-10,2,-281,33,-283,20,-284,6,-284,-6,-283,-20,-281,-33,-277,-46,-272,-58,-266,-72,-260,-83,-250,-95,-242,-107,-231,-117,-220,-128,-208,-139,-194,-147,-181,-156,-165,-164,-150,-172,-135,-178,-117,-184,-100,-189,-83,-193,-64,-197,-47,-199,-28,-201,-9,-202]]]
670889	r	25.8827,46.6124,26.63,47.2276	[[[258827,469200,10,-201,29,-200,47,-199,67,-196,85,-193,103,-188,121,-183,138,-178,154,-171,171,-163,185,-156,200,-147,214,-137,226,-128,238,-117,249,-107,258,-94,266,-83,274,-71,280,-59,285,-45,289,-33,291,-20,293,-7,293,7,291,20,289,33,285,45,280,59,25,6,201,162,1336,1074,0,3950,-51,32,-226,128,-238,117,-249,107,-258,94,-266,83,-274,71,-280,59,-285,45,-289,33,-291,20,-293,7,-293,-7,-291,-20,-289,-33,-285,-45,-280,-59,-274,-71,-266,-83,-258,-94,-249,-107,-238,-117,-226,-128,-214,-137,-200,-147,-185,-156,-171,-163,-154,-171,-138,-178,-121,-183,-103,-188,-85,-193,-67,-196,-47,-199,-29,-200,-10,-201]]]
668872	r	23.9045,44.7693,24.8237,45.4307	[[[239046,451000,10,-216,30,-216,50,-213,69,-211,88,-207,107,-203,126,-197,144,-191,160,-183,178,-176,193,-168,208,-158,222,-148,236,-137,247,-126,259,-114,269,-102,277,-90,285,-76,291,-63,297,-49,301,-35,303,-21,304,-7,304,7,91,6,553,537,3187,3095,402,390,-42,128,-88,207,-107,203,-126,197,-144,191,-160,183,-178,176,-193,168,-208,158,-222,148,-236,137,-247,126,-259,114,-269,102,-277,90,-285,76,-291,63,-297,49,-301,35,-303,21,-304,7,-304,-7,-303,-21,-301,-35,-297,-49,-291,-63,-285,-76,-277,-90,-269,-102,-259,-114,-247,-126,-236,-137,-222,-148,-208,-158,-193,-168,-178,-176,-160,-183,-144,-191,-126,-197,-107,-203,-88,-207,-69,-211,-50,-213,-30,-216,-10,-216]]]
684039	r	26.3267,47.464,27.0925,48.036	[[[263267,479165,2633,-4473,249,-28,275,-18,276,-6,276,6,275,18,273,31,270,42,264,55,259,66,252,77,244,88,234,99,225,109,214,119,202,128,189,136,175,145,161,152,146,159,130,165,115,170,97,176,80,179,63,182,45,185,27,186,9,187,-9,187,-27,186,-45,185,-63,182,-80,179,-97,176,-115,170,-130,165,-146,159,-161,152,-175,145,-189,136,-202,128,-214,119,-225,109,-234,99,-244,88,-252,77,-259,66,-264,55,-270,42,-273,31,-275,18,-276,6,-276,-6,-275,-18,-273,-31,-270,-42,-264,-55,-259,-66,-252,-77,-244,-88,-234,-99,-225,-109,-214,-119,-202,-128,-189,-136,-175,-145,-81,-76]]]
665850	r	25.7802,47.3113,26.6138,47.9487	[[[257802,476300,10,-208,30,-208,51,-206,69,-203,90,-200,108,-195,127,-190,145,-184,162,-177,179,-169,195,-162,210,-152,225,-142,237,-133,250,-121,261,-110,271,-99,280,-86,288,-73,294,-61,300,-47,303,-34,306,-21,307,-6,307,6,306,21,303,34,300,47,294,61,288,73,280,86,271,99,261,110,250,121,237,133,225,142,210,152,106,88,-238,406,-2633,4473,-175,296,-285,20,-307,6,-307,-6,-306,-21,-303,-34,-300,-47,-294,-61,-288,-73,-280,-86,-271,-99,-261,-110,-250,-121,-237,-133,-225,-142,-210,-152,-195,-162,-179,-169,-162,-177,-145,-184,-127,-190,-108,-195,-90,-200,-69,-203,-51,-206,-30,-208,-10,-208]]]
668954	r	21.3476,44.9159,22.4324,45.6841	[[[213476,453000,12,-251,35,-250,57,-248,53,-161,422,-93,283,-109,256,-148,250,-213,89,-76,45,-132,-37,-126,-126,-77,-125,-6,-104,-37,-86,-63,-76,-81,14,-14,6,-62,0,-40,153,-151,225,-195,243,-183,259,-172,274,-159,289,-147,301,-132,313,-119,323,-104,333,-88,339,-73,346,-57,350,-41,353,-25,355,-8,355,8,353,25,350,41,346,57,339,73,333,88,323,104,313,119,301,132,289,147,274,159,259,172,243,183,225,195,207,204,187,214,168,221,146,229,125,235,103,241,81,245,57,248,35,250,12,251,-12,251,-35,250,-57,248,-81,245,-103,241,-125,235,-146,229,-168,221,-187,214,-207,204,-225,195,-243,183,-259,172,-274,159,-289,147,-301,132,-313,119,-323,104,-333,88,-339,73,-346,57,-350,41,-353,25,-355,8,-355,-8,-353,-25,-350,-41,-144,-24,-2448,-1743,-422,-300,-1221,-869,-27,-82,-57,-248,-35,-250,-12,-251]]]
678817	r	22.1154,44.2478,23.1846,45.0131	[[[221154,446300,11,-251,34,-249,57,-247,80,-244,101,-240,31,-59,14,-1,239,44,130,98,1139,1466,59,157,148,79,414,68,196,84,348,273,106,59,244,-7,184,-28,108,-45,-50,-18,-53,-97,140,-60,72,-75,148,-79,26,-23,47,-69,34,-33,76,-40,54,-50,78,-46,16,-20,54,-35,144,-120,46,-17,8,-51,34,-38,67,-35,39,-7,53,-36,76,-23,228,-113,81,-26,86,-8,77,3,318,50,67,-8,24,-17,3,-29,64,52,22,6,23,28,34,19,8,69,60,-5,146,-75,505,-403,-59,-181,-176,-128,-223,-75,-193,-26,-216,38,-363,175,-210,61,-209,6,-198,-43,-149,-101,-58,-166,-31,-173,-83,-98,-129,-42,-351,-11,-93,-22,-70,-44,-43,-94,-26,-134,-2,-130,30,-82,210,-139,44,-69,10,-75,-24,-158,11,-76,176,-290,267,-261,334,-206,384,-125,413,-42,190,-64,80,-136,-38,-439,341,24,345,41,341,57,335,73,327,88,319,103,308,119,297,132,285,146,270,159,256,171,239,183,222,194,203,204,185,213,165,221,144,228,124,235,101,240,80,244,57,247,34,249,11,251,-11,251,-34,249,-10,41,-4450,3240,-143,17,-348,24,-350,9,-350,-9,-348,-24,-345,-41,-341,-57,-335,-73,-327,-88,-319,-103,-308,-119,-297,-132,-285,-146,-270,-159,-256,-171,-239,-183,-222,-194,-203,-204,-185,-213,-165,-221,-144,-228,-124,-235,-101,-240,-80,-244,-57,-247,-34,-249,-11,-251]]]
684657	r	24.0157,46.8243,24.9843,47.4617	[[[240157,471300,10,-217,31,-216,52,-214,72,-212,92,-207,112,-203,130,-198,150,-192,167,-184,185,-176,201,-168,217,-159,231,-148,245,-138,257,-126,270,-115,279,-102,265,-82,4372,215,196,84,257,126,245,138,231,148,217,159,201,168,185,176,167,184,150,192,130,198,112,203,92,207,72,212,52,214,31,216,10,217,-10,217,-31,216,-52,214,-72,212,-92,207,-112,203,-130,198,-150,192,-167,184,-185,176,-201,168,-217,159,-231,148,-245,138,-257,126,-270,115,-279,102,-289,90,-296,76,-304,63,-308,49,-313,36,-315,21,-317,7,-317,-7,-315,-21,-313,-36,-308,-49,-304,-63,-296,-76,-289,-90,-279,-102,-270,-115,-257,-126,-245,-138,-231,-148,-217,-159,-201,-168,-185,-176,-167,-184,-150,-192,-130,-198,-112,-203,-92,-207,-72,-212,-52,-214,-31,-216,-10,-217]]]
665010	r	22.8514,44.7451,23.7086,45.3548	[[[228514,450500,10,-199,27,-199,46,-197,63,-194,82,-191,99,-187,115,-181,133,-176,148,-170,163,-162,178,-154,192,-145,204,-137,217,-126,228,-117,238,-105,248,-94,255,-82,262,-71,269,-57,273,-46,277,-32,279,-20,280,-6,280,6,279,20,277,32,273,46,269,57,262,71,255,82,248,94,238,105,228,117,217,126,204,137,192,145,178,154,163,162,148,170,133,176,115,181,99,187,82,191,63,194,46,197,27,199,10,199,-10,199,-27,199,-46,197,-63,194,-82,191,-99,187,-115,181,-133,176,-148,170,-163,162,-178,154,-192,145,-204,137,-217,126,-228,117,-238,105,-248,94,-255,82,-262,71,-269,57,-273,46,-277,32,-279,20,-280,6,-280,-6,-279,-20,-277,-32,-273,-46,-269,-57,-262,-71,-255,-82,-248,-94,-238,-105,-228,-117,-217,-126,-204,-137,-192,-145,-178,-154,-163,-162,-148,-170,-133,-176,-115,-181,-99,-187,-82,-191,-63,-194,-46,-197,-27,-199,-10,-199]]]
675918	r	22.4267,45.4174,23.3733,45.8221	[[[224267,457500,11,-217,30,-217,50,-215,71,-211,90,-209,109,-203,128,-198,146,-192,163,-185,180,-177,197,-168,212,-159,226,-149,239,-138,252,-126,263,-115,273,-103,282,-90,290,-76,296,-63,302,-50,305,-35,308,-22,310,-7,310,7,308,22,305,35,302,50,296,63,290,76,282,90,273,103,263,115,252,126,239,138,226,149,212,159,197,168,180,177,163,185,146,192,128,198,109,203,90,209,71,211,50,215,30,217,11,217,-11,217,-3,22,-398,411,-3580,0,14,-61,-43,5,11,-13,-16,-6,-6,-11,0,-5,18,-2,5,-43,-133,2,2,25,-42,-3,-26,44,-91,38,21,28,-12,5,-2,10,21,4,7,-7,4,14,-15,5,-8,20,-40,9,-22,-24,-24,-3,1,6,-16,4,-4,23,-114,-11,-19,16,-25,2,-124,-51,-1,0,-7,-3,-27,-17,-4669,0,-1,-1,-50,-215,-30,-217,-11,-217]]]
668732	r	26.63,46.7358,27.3475,47.2071	[[[266300,467530,6200,-172,112,94,159,153,145,159,129,166,112,171,97,176,79,180,62,183,44,185,27,187,9,188,-9,188,-1592,2071,-32,19,-222,109,-232,99,-241,89,-249,77,-256,67,-261,54,-266,43,-270,30,-272,19,-273,6,-273,-6,-272,-19,-270,-30,-266,-43,-261,-54,-256,-67,-249,-77,-241,-89,-232,-99,-222,-109,-211,-119,-199,-129,-48,-35,0,-3665]]]
684802	r	27.284,45.9612,28.056,46.4485	[[[272840,462300,8,-176,25,-175,41,-173,57,-172,74,-168,89,-165,104,-160,119,-155,133,-150,148,-143,160,-136,173,-128,184,-120,195,-112,205,-102,215,-93,223,-83,230,-73,236,-62,242,-51,246,-40,249,-28,252,-18,252,-5,252,5,252,18,249,28,246,40,242,51,236,62,230,73,223,83,215,93,205,102,195,112,184,120,173,128,160,136,148,143,133,150,119,155,104,160,89,165,74,168,57,172,41,173,25,175,8,176,-8,176,-25,175,-41,173,-57,172,-74,168,-89,165,-104,160,-119,155,-133,150,-148,143,-160,136,-56,42,-5091,370,-105,-52,-195,-112,-184,-120,-173,-128,-160,-136,-148,-143,-133,-150,-119,-155,-104,-160,-89,-165,-74,-168,-57,-172,-41,-173,-25,-175,-8,-176]]]
679452	r	22.4434,45.8014,23.3321,46.2	[[[224434,458800,10,-209,29,-209,49,-206,8,-26,4498,0,27,17,7,3,1,0,124,51,25,-2,19,-16,114,11,4,-23,16,-4,-1,-6,24,3,22,24,40,-9,8,-20,15,-5,-4,-14,-7,7,-21,-4,2,-10,12,-5,-21,-28,91,-38,26,-44,42,3,-2,-25,133,-2,-5,43,-18,2,0,5,6,11,16,6,-11,13,43,-5,-14,61,3580,0,-1947,3382,-91,40,-263,98,-273,87,-279,73,-286,61,-291,48,-295,34,-297,20,-299,7,-299,-7,-297,-20,-295,-34,-291,-48,-286,-61,-279,-73,-273,-87,-263,-98,-254,-111,-243,-122,-231,-133,-218,-143,-204,-153,-190,-162,-174,-170,-157,-178,-141,-185,-123,-190,-106,-196,-86,-201,-68,-204,-49,-206,-29,-209,-10,-209]]]
665024	r	25.1141,44.6184,25.7647,45.2216	[[[251141,450934,30,-126,949,-3881,47,-193,83,-42,235,-104,244,-93,252,-81,259,-70,265,-57,270,-45,273,-32,275,-20,277,-6,277,6,275,20,273,32,270,45,265,57,259,70,252,81,244,93,235,104,225,115,214,125,203,135,55,43,-495,4486,-1,9,-201,103,-235,104,-244,93,-252,81,-259,70,-265,57,-270,45,-273,32,-275,20,-277,6,-277,-6,-275,-20,-273,-32,-270,-45,-265,-57,-259,-70,-252,-81,-244,-93,-235,-104,-225,-115,-214,-125,-203,-135,-189,-144,-175,-153,-103,-102]]]
678015	r	26.7672,45.4097,27.5928,45.9903	[[[267672,457000,8,-190,27,-189,44,-187,61,-185,79,-182,95,-178,111,-173,128,-167,142,-162,158,-154,171,-147,185,-139,197,-130,209,-120,219,-111,230,-100,238,-90,246,-78,253,-67,258,-55,264,-43,266,-31,269,-19,270,-6,270,6,269,19,266,31,264,43,258,55,253,67,246,78,238,90,230,100,219,111,209,120,197,130,185,139,171,147,158,154,142,162,128,167,111,173,95,178,79,182,61,185,44,187,27,189,8,190,-8,190,-27,189,-44,187,-61,185,-79,182,-95,178,-111,173,-128,167,-142,162,-158,154,-171,147,-185,139,-197,130,-209,120,-219,111,-230,100,-238,90,-246,78,-253,67,-258,55,-264,43,-266,31,-269,19,-270,6,-270,-6,-269,-19,-266,-31,-264,-43,-258,-55,-253,-67,-246,-78,-238,-90,-230,-100,-219,-111,-209,-120,-197,-130,-185,-139,-171,-147,-158,-154,-142,-162,-128,-167,-111,-173,-95,-178,-79,-182,-61,-185,-44,-187,-27,-189,-8,-190]]]
664518	r	28.3429,44.8252,29.2999,45.4033	[[[283429,450367,88,-136,154,-205,173,-197,190,-189,208,-179,223,-169,239,-159,253,-147,266,-136,278,-122,288,-110,298,-95,306,-82,313,-68,319,-52,323,-38,325,-23,327,-8,327,8,325,23,323,38,319,52,67,15,-320,239,-226,70,-80,53,-70,76,-30,89,20,32,46,17,46,27,19,58,-22,67,-93,50,-16,57,59,210,107,115,367,249,102,29,222,11,110,40,59,89,31,92,36,52,104,13,312,-75,308,0,131,-38,434,-207,89,-103,-118,-130,-467,-124,-103,-189,21,-552,60,23,278,122,266,136,253,147,239,159,223,169,208,179,190,189,173,197,154,205,135,211,116,218,95,222,74,226,53,229,32,231,11,232,-11,232,-32,231,-53,229,-74,226,-95,222,-116,218,-135,211,-154,205,-173,197,-190,189,-85,73,-50,-43,-37,-71,-51,-29,-242,-11,-82,-28,-144,-106,-172,-54,-408,-83,-513,-299,-136,-48,-222,-6,-87,-18,-72,-38,-61,-86,-30,-193,-46,-69,-229,-60,-199,83,-164,124,-127,64,-228,29,-263,132,-155,38,-266,-47,-11,-143,16,-150,-287,-103,-18,-76,29,-91,47,-73,70,-44,284,-92,-113,-92,-127,-39,-313,-6,-373,-35,-1331,211,-828,308,-530,96,-279,51,-189,-264,-515,-2305]]]
686578	r	23.1384,45.751,23.9823,46.389	[[[231384,461515,1937,-3365,213,-219,246,-92,272,-86,280,-74,286,-61,291,-47,295,-34,297,-20,299,-7,299,7,297,20,295,34,265,43,2867,2938,-605,2263,-188,141,-219,143,-231,132,-243,122,-253,110,-264,98,-272,86,-280,74,-286,61,-291,47,-295,34,-297,20,-299,7,-299,-7,-297,-20,-295,-34,-291,-47,-286,-61,-280,-74,-272,-86,-264,-98,-253,-110,-243,-122,-231,-132,-219,-143,-204,-153,-190,-161,-174,-170,-157,-177,-141,-184,-124,-190,-105,-196,-87,-199,-4,-11]]]
666767	r	24.0165,44.1499,24.7595,44.7101	[[[240165,445473,1397,-3513,190,-85,225,-87,232,-75,239,-65,244,-53,248,-42,252,-30,253,-18,255,-6,255,6,253,18,252,30,248,42,244,53,239,65,232,75,225,87,216,96,207,107,197,116,187,126,174,133,162,142,148,149,135,156,120,161,105,167,90,172,74,175,58,179,41,180,25,183,8,183,-8,183,-25,183,-41,180,-58,179,-74,175,-90,172,-105,167,-120,161,-135,156,-148,149,-162,142,-30,22,-822,475,-163,94,-191,74,-232,75,-239,65,-244,53,-248,42,-252,30,-253,18,-255,6,-255,-6,-253,-18,-252,-30,-248,-42,-244,-53,-239,-65,-232,-75,-225,-87,-216,-96,-207,-107,-197,-116,-187,-126,-174,-133,-162,-142,-148,-149,-135,-156,-120,-161,-41,-66]]]
663118	r	27.3059,46.4067,28.1641,46.9204	[[[273059,466935,24,-158,235,-1561,21,-141,68,-102,133,-174,150,-166,103,-99,662,-49,5091,-370,653,-48,171,111,194,143,180,152,166,160,150,166,133,174,118,178,100,184,82,188,65,191,46,194,28,196,9,196,-9,196,-28,196,-46,194,-65,191,-82,188,-100,184,-118,178,-133,174,-150,166,-166,160,-180,152,-194,143,-208,135,-219,124,-231,115,-241,103,-251,93,-259,81,-266,69,-271,57,-30,5,-1908,-223,-1603,-188,-226,-112,-219,-124,-208,-135,-194,-143,-180,-152,-166,-160,-150,-166,-133,-174,-118,-178,-100,-184,-82,-188,-48,-142]]]
677106	r	25.599,43.7098,26.2883,44.1738	[[[255990,437789,92,-148,121,-164,136,-158,149,-151,79,-70,147,76,615,14,67,1,415,131,233,279,19,38,330,247,300,125,471,435,81,142,88,108,-4,-2,9,6,100,-51,21,17,48,-37,-12,-10,34,-26,319,187,182,88,309,100,-126,202,330,175,73,155,177,192,369,299,345,135,808,151,568,181,-22,25,-149,151,-163,144,-176,136,-187,128,-198,118,-209,108,-218,98,-226,88,-77,26,-1934,260,-236,-17,-253,-30,-250,-42,-246,-54,-240,-66,-234,-77,-226,-88,-218,-98,-209,-108,-198,-118,-83,-57,-941,-3194]]]
673634	r	23.9164,45.8921,24.823,46.4516	[[[239164,463015,54,-200,605,-2263,6219,-1631,86,37,251,126,240,137,226,147,211,158,197,166,180,176,163,183,146,190,128,197,109,202,90,206,70,211,51,213,30,214,10,216,-10,216,-30,214,-51,213,-70,211,-13,30,-700,193,-6313,1739,-171,-74,-251,-126,-240,-137,-226,-147,-211,-158,-197,-166,-180,-176,-163,-183,-146,-190,-94,-144]]]
662334	r	22.5715,46.8727,23.5285,47.5243	[[[225715,472000,10,-214,31,-213,51,-212,71,-208,91,-205,110,-201,130,-195,147,-189,166,-181,182,-175,199,-165,214,-156,228,-147,242,-136,255,-124,266,-114,276,-101,285,-88,293,-75,300,-63,305,-48,308,-35,312,-21,313,-7,313,7,312,21,308,35,147,23,143,89,2988,1855,325,202,86,194,71,208,51,212,31,213,10,214,-10,214,-31,213,-51,212,-71,208,-91,205,-110,201,-51,76,-3426,1879,-11,2,-296,33,-2093,-321,-1144,-176,-58,-25,-255,-124,-242,-136,-228,-147,-214,-156,-199,-165,-182,-175,-166,-181,-147,-189,-130,-195,-110,-201,-91,-205,-71,-208,-51,-212,-31,-213,-10,-214]]]
667303	n	25.4575,45.6709,26.1025,46.0961	[[[254575,458700,15,-215,4737,-1776,265,111,254,132,235,149,212,165,189,178,163,190,135,201,106,209,77,215,47,219,15,222,-15,222,-47,219,-77,215,-106,209,-135,201,-163,190,-189,178,-212,165,-235,149,-254,132,-272,114,-286,95,-298,75,-307,54,-313,32,-316,11,-316,-11,-313,-32,-307,-54,-298,-75,-286,-95,-272,-114,-254,-132,-235,-149,-212,-165,-189,-178,-163,-190,-135,-201,-106,-209,-77,-215,-47,-219,-15,-222]]]
8581467	r	26.8114,44.1664,27.9086,44.9536	[[[268114,445600,11,-257,36,-257,58,-254,82,-251,104,-246,126,-241,148,-235,170,-227,189,-219,209,-209,228,-199,246,-188,262,-176,277,-163,292,-150,305,-136,316,-122,327,-106,336,-91,344,-75,350,-58,354,-42,357,-25,359,-9,359,9,357,25,354,42,350,58,344,75,336,91,327,106,316,122,305,136,292,150,277,163,262,176,246,188,228,199,209,209,189,219,170,227,148,235,126,241,104,246,82,251,58,254,36,257,11,257,-11,257,-36,257,-58,254,-82,251,-104,246,-126,241,-148,235,-170,227,-189,219,-209,209,-228,199,-246,188,-262,176,-277,163,-292,150,-305,136,-316,122,-327,106,-336,91,-344,75,-350,58,-354,42,-357,25,-359,9,-359,-9,-60,-4,-4241,-1849,-91,-106,-170,-227,-148,-235,-126,-241,-104,-246,-82,-251,-58,-254,-36,-257,-11,-257]]]
686502	r	24.8748,43.6522,25.7113,44.3098	[[[248748,439800,10,-216,29,-214,48,-213,68,-211,86,-206,105,-202,123,-197,141,-190,157,-183,174,-176,189,-166,203,-158,210,-142,525,-137,521,-28,776,-42,410,-73,331,-142,33,-14,343,-193,366,-154,200,-20,98,7,294,36,290,49,4,0,192,62,151,20,22,3,195,53,271,89,263,102,191,86,223,759,941,3194,181,617,-27,32,-174,176,-189,166,-203,158,-218,147,-230,137,-242,126,-253,114,-263,102,-271,89,-279,76,-285,62,-290,49,-294,36,-296,21,-298,7,-298,-7,-296,-21,-294,-36,-290,-49,-285,-62,-279,-76,-271,-89,-263,-102,-253,-114,-242,-126,-230,-137,-218,-147,-203,-158,-189,-166,-174,-176,-157,-183,-141,-190,-123,-197,-105,-202,-86,-206,-68,-211,-48,-213,-29,-214,-10,-216]]]
673441	r	25.2946,46.1025,26.3054,46.7012	[[[252946,463500,11,-230,33,-228,53,-227,76,-224,96,-220,116,-215,137,-209,155,-203,175,-195,193,-187,209,-178,14,-9,7371,-150,215,159,209,178,193,187,175,195,155,203,137,209,116,215,96,220,76,224,53,227,33,228,11,230,-11,230,-33,228,-53,227,-76,224,-96,220,-116,215,-137,209,-155,203,-175,195,-193,187,-209,178,-54,39,-2174,982,-264,55,-322,52,-326,38,-329,22,-331,8,-331,-8,-329,-22,-326,-38,-322,-52,-316,-66,-310,-81,-301,-95,-292,-109,-281,-121,-268,-134,-256,-146,-241,-157,-227,-167,-209,-178,-193,-187,-175,-195,-155,-203,-137,-209,-116,-215,-96,-220,-76,-224,-53,-227,-33,-228,-11,-230]]]
