792680	r	20.0522,44.3688,21.1095,45.2051	[[[200522,449557,138,-1090,0,-1,181,-1434,0,-1,157,-1245,3860,-2097,1808,3120,3705,2631,724,514,-61,115,-136,214,-155,206,-173,199,-191,191,-208,181,-225,170,-239,161,-254,148,-267,136,-278,124,-290,111,-299,96,-165,45,-4551,-1193,-1384,-98,-1697,-1203]]]
787657	r	21.5157,43.1409,22.2844,43.6115	[[[215157,433300,8,-184,25,-183,41,-182,57,-179,73,-177,89,-172,103,-168,119,-162,133,-157,146,-149,160,-143,45,-35,6169,481,3,3,119,162,103,168,89,172,73,177,57,179,41,182,25,183,8,184,-8,184,-25,183,-41,182,-57,179,-73,177,-89,172,-103,168,-119,162,-133,157,-146,149,-160,143,-172,134,-183,126,-195,117,-204,107,-214,97,-221,87,-229,76,-236,65,-240,53,-245,42,-248,30,-251,18,-251,6,-251,-6,-251,-18,-248,-30,-245,-42,-240,-53,-236,-65,-229,-76,-95,-37,-471,-553,-1,-1,-943,-1105,-629,-737,-4,-91]]]
3194360	r	19.4183,44.9673,20.2084,45.549	[[[194183,452500,9,-195,27,-195,45,-193,63,-191,80,-187,97,-183,114,-178,130,-172,146,-167,160,-159,176,-151,188,-142,83,-56,410,-63,1,0,1474,-227,2009,-310,1,0,373,-58,245,66,251,80,243,93,235,103,224,114,213,124,202,134,188,142,176,151,160,159,146,167,32,42,-1955,4176,-115,37,-259,69,-264,57,-268,44,-273,32,-274,20,-276,6,-276,-6,-274,-20,-273,-32,-268,-44,-264,-57,-259,-69,-251,-80,-243,-93,-235,-103,-224,-114,-213,-124,-202,-134,-188,-142,-176,-151,-160,-159,-146,-167,-130,-172,-114,-178,-97,-183,-80,-187,-63,-191,-45,-193,-27,-195,-9,-195]]]
787607	p	792680
783920	p	792680
789128	r	20.5461,43.77,21.3382,44.3228	[[[205461,441555,947,-2135,4180,-1705,36,-15,2275,1090,52,71,113,180,96,186,80,189,62,193,45,196,26,197,9,198,-9,198,-26,197,-45,196,-62,193,-80,189,-96,186,-113,180,-129,175,-144,168,-160,161,-173,153,-188,145,-199,136,-212,125,-222,116,-233,104,-241,94,-249,81,-257,70,-262,58,-266,45,-270,32,-272,19,-274,7,-274,-7,-272,-19,-270,-32,-266,-45,-262,-58,-257,-70,-249,-81,-241,-94,-233,-104,-222,-116,-212,-125,-199,-136,-188,-145,-173,-153,-160,-161,-144,-168,-117,-159]]]
792078	r	20.0793,43.6108,20.6408,44.1695	[[[200793,440522,454,-3887,113,-59,214,-96,222,-87,230,-75,236,-65,241,-53,246,-41,248,-30,251,-18,129,-3,100,110,2931,3202,-809,1822,-173,78,-222,87,-230,75,-236,65,-241,53,-246,41,-248,30,-251,18,-252,6,-252,-6,-251,-18,-248,-30,-163,-27,-1793,-1092]]]
3189595	r	18.9777,45.6353,20.3756,46.1901	[[[189777,459435,11,-37,77,-85,22,-43,-12,-32,-28,-10,98,-181,197,-305,226,-294,252,-284,279,-271,304,-259,327,-243,349,-229,370,-212,389,-194,406,-177,422,-157,219,-69,5644,580,4106,2082,20,32,169,312,132,305,-46,14,-171,89,-153,161,-209,458,-120,150,-629,545,-543,323,-180,51,-251,-84,-74,-6,-76,29,-103,98,-53,30,-164,28,-98,-9,-232,-81,-17,-23,-10,15,-277,-22,-419,164,-639,41,-403,-61,-153,-44,-94,-27,-110,-5,-41,-39,-438,-126,-36,17,-22,14,-22,31,-37,7,-21,-9,-108,52,-89,-3,-133,37,-101,86,-74,91,-70,42,-13,3,-56,-20,-23,12,-30,3,-39,20,-2,44,-144,80,-35,35,-17,4,-118,-61,2,-17,-40,-4,-59,21,-63,48,-7,-26,-47,30,-11,20,-23,11,-256,-178,-128,-18,-151,23,-16,-7,-9,10,-379,56,-45,-17,12,-14,-45,-17,34,-41,-46,-18,18,-17,-19,-11,-86,-10,-247,-78,-232,-108,-145,-114,18,-82,74,-91,26,-83,-135,-51,-8,12,-32,1,-15,-30,-42,-19,-31,-12,-5,-4,-12,-6,-5,-11,-64,-13,14,-35,-49,-73,-72,-69,-168,-96,-86,-25,-111,-12,-125,-41,-81,-86,-75,-101,-57,-44,-32,-13,-108,120,-52,44,-554,-253,-18,-3,-84,-43,-170,-78,26,-28,-47,-79,-47,-122,-113,-102,-278,-37,-877,64,-222,90,0,2,-148,197,-225,58,-231,-68,-157,-189,-11,-297,-177,-34,-253,26,-238,-118,-31,-36,-10,-37]]]
788709	r	21.5905,42.7643,22.3094,43.1868	[[[215906,430000,7,-173,23,-172,39,-171,53,-169,68,-166,83,-162,97,-158,111,-152,124,-147,137,-141,150,-134,160,-126,172,-119,182,-110,84,-44,795,-46,-1,3,21,29,53,6,24,9,107,-12,24,5,21,-4,10,5,22,-4,59,3,40,19,62,13,30,17,22,-15,-11,-21,39,-22,36,25,89,8,38,-2,54,29,9,-1,25,23,50,-1,56,-19,60,-9,28,6,-1,26,42,10,30,16,96,-16,88,30,29,-18,27,-42,0,-29,-30,-30,-57,-21,-41,-4,-16,-14,-4,-62,1810,-103,166,65,200,91,191,101,182,110,172,119,160,126,150,134,137,141,124,147,111,152,97,158,83,162,68,166,53,169,39,171,23,172,7,173,-7,173,-23,172,-39,171,-53,169,-68,166,-83,162,-97,158,-111,152,-124,147,-137,141,-150,134,-156,123,-5565,-434,-94,-111,-111,-152,-97,-158,-83,-162,-68,-166,-53,-169,-39,-171,-23,-172,-7,-173]]]
787595	r	20.1626,42.8851,20.8558,43.3952	[[[201626,431400,8,-167,22,-166,37,-165,52,-163,66,-159,80,-157,93,-152,108,-147,120,-142,132,-136,144,-129,156,-122,166,-114,175,-106,185,-97,193,-88,201,-79,207,-69,212,-59,218,-48,221,-38,225,-27,226,-17,81,-2,-10,24,-55,117,-222,103,-157,125,85,280,169,164,171,38,176,0,194,50,79,55,55,65,95,154,90,69,104,-2,36,-7,79,-17,121,2,209,150,265,302,211,331,43,244,-74,61,-101,4,-108,-10,-88,20,-60,64,-55,96,-85,216,-120,189,-26,112,65,130,83,43,326,10,221,64,783,432,242,79,249,23,153,-35,83,-19,-72,99,-120,142,-132,136,-144,129,-156,122,-166,114,-175,106,-185,97,-193,88,-201,79,-207,69,-212,59,-218,48,-221,38,-225,27,-226,17,-227,5,-227,-5,-226,-17,-225,-27,-221,-38,-218,-48,-212,-59,-207,-69,-201,-79,-193,-88,-185,-97,-175,-106,-166,-114,-156,-122,-144,-129,-132,-136,-120,-142,-108,-147,-93,-152,-80,-157,-66,-159,-52,-163,-37,-165,-22,-166,-8,-167]],[[208320,431786,66,-81,172,-74,-14,102,-37,165,-52,163,-31,76,-24,-16,6,-51,-15,-145,-30,-131,-41,-8]]]
789107	r	20.3477,43.4584,21.0602,43.942	[[[203477,436218,74,-119,116,-157,129,-151,142,-145,155,-137,167,-130,178,-121,189,-113,199,-103,207,-94,216,-84,222,-73,229,-63,234,-52,238,-40,241,-29,243,-17,244,-6,244,6,243,17,241,29,238,40,234,52,229,63,222,73,216,84,207,94,199,103,189,113,178,121,41,32,1021,2240,0,4,-14,60,-4180,1705,-2931,-3202]]]
783814	r	19.9744,45.076,20.8954,45.7445	[[[199744,456047,385,-823,1955,-4176,135,-288,1384,98,4551,1193,206,54,63,83,139,217,119,223,98,229,76,232,55,235,33,238,11,238,-8,186,-316,201,-326,338,-144,104,-165,56,-179,41,-145,67,-64,140,225,128,144,104,26,140,-128,232,-294,356,-36,163,62,200,-161,121,-246,163,-261,152,-274,139,-287,126,-297,112,-307,99,-316,84,-323,69,-328,54,-333,39,-336,23,-337,8,-337,-8,-336,-23,-333,-39,-328,-54,-323,-69,-316,-84,-307,-99,-297,-112,-287,-126,-274,-139,-261,-152,-246,-163,-230,-174,-181,-156]]]
787237	p	792680
788975	r	20.9779,43.3232,21.6821,43.8368	[[[209779,435800,7,-168,23,-167,37,-166,53,-164,66,-161,82,-157,95,-153,108,-148,122,-143,134,-136,146,-130,158,-123,168,-115,178,-107,188,-97,195,-89,204,-79,209,-70,216,-59,221,-49,224,-38,227,-27,230,-17,230,-5,230,5,230,17,227,27,224,38,221,49,216,59,209,70,204,79,195,89,188,97,70,43,1219,1428,21,66,37,166,23,167,7,168,-7,168,-23,167,-37,166,-53,164,-66,161,-82,157,-95,153,-108,148,-122,143,-134,136,-146,130,-158,123,-168,115,-178,107,-188,97,-195,89,-204,79,-209,70,-216,59,-221,49,-224,38,-227,27,-230,17,-230,5,-230,-5,-230,-17,-227,-27,-224,-38,-221,-49,-216,-59,-209,-70,-204,-79,-195,-89,-188,-97,-178,-107,-168,-115,-158,-123,-146,-130,-65,-67,-660,-1447,-2,-49]]]
3188434	r	19.2184,43.3013,20.1457,44.0873	[[[192184,435341,53,-53,19,-3,-7,-9,100,-102,322,-285,347,-269,370,-251,387,-231,5,-3,14,-7,7,1,6,-8,17,6,21,-11,12,0,1,-9,10,2,8,-16,13,1,11,-15,-6,-3,271,-141,25,5,13,-14,43,-9,17,1,15,13,50,-15,31,1,16,-10,19,11,49,-17,-2,-8,44,-12,25,-61,-7,-39,121,-55,447,-174,462,-152,475,-129,485,-107,495,-84,500,-60,97,-7,3871,1825,-209,1797,-454,3887,-4407,276,-1,0,-1186,75,21,-23,326,-137,163,-144,93,-54,36,28,61,60,90,23,125,-81,75,-188,-85,-164,-170,-137,-412,-222,-236,-62,-245,-15,-570,41,-531,-27,-149,-32,-145,-6,-129,58,-258,175,-253,129,-133,35,-145,-6,-207,-49,-86,-55,-55,-95,1,-71,48,-126,-22,-71,-114,-80,117,-53,344,-191,305,-286,536,-625,344,-270,-16,-16,-11,-43,31,-69,2,-41,58,-13,25,7,29,-2,35,-30,22,-6,43,3,19,25,119,-94,19,-33,4,-30,-11,-27,6,-14,128,-10,176,-138,200,-329,240,-556,17,-264,-257,-183,-42,-119,-19,-144,13,-139,48,-106,73,-49,28,-46,-22,-42,-79,-36,-378,111,-121,-8,-125,-218,-86,-85,-78,88,-83,169,-141,191,-171,160,-168,72,-108,-23,-231,-133,-118,-49,-117,-4,-255,31,-110,-24,-138,-165,-94,-224,-111,-156]]]
785756	r	20.5714,44.3658,21.3409,44.944	[[[205714,445166,28,-37,142,-164,157,-156,170,-149,184,-140,196,-132,208,-122,218,-112,229,-102,237,-91,245,-79,251,-68,258,-56,261,-44,266,-31,267,-19,269,-6,269,6,267,19,266,31,261,44,258,56,251,68,245,79,237,91,229,102,218,112,208,122,196,132,184,140,170,149,157,156,142,164,127,170,111,175,94,180,79,185,61,187,43,190,27,192,8,192,-8,192,-27,192,-43,190,-61,187,-79,185,-94,180,-111,175,-127,170,-142,164,-157,156,-170,149,-184,140,-196,132,-208,122,-218,112,-229,102,-237,91,-245,79,-251,68,-250,54,-3705,-2631,-952,-1643]]]
3188402	r	19.5286,44.0522,20.2714,44.5374	[[[195286,442700,8,-175,23,-175,40,-172,55,-171,71,-168,85,-164,101,-159,114,-155,129,-149,141,-142,154,-136,167,-127,12,-9,4407,-276,1462,891,76,103,101,159,85,164,71,168,55,171,40,172,23,175,8,175,-8,175,-23,175,-40,172,-55,171,-71,168,-85,164,-101,159,-114,155,-129,149,-141,142,-154,136,-167,127,-177,120,-188,111,-197,102,-207,93,-214,83,-222,72,-227,62,-233,51,-236,39,-240,29,-242,17,-76,2,-2417,-544,-11,-6,-188,-111,-177,-120,-167,-127,-154,-136,-141,-142,-129,-149,-114,-155,-101,-159,-85,-164,-71,-168,-55,-171,-40,-172,-23,-175,-8,-175]]]
784227	r	21.3786,42.2349,22.5351,42.8047	[[[213787,427441,100,-51,168,-37,123,3,240,5,872,-89,135,-14,227,-56,153,-100,322,-298,167,-82,147,1,56,19,377,126,215,4,298,-50,56,-28,201,-98,84,-221,-57,-88,-106,-51,-120,-40,-98,-54,9,-29,-55,-203,-13,-27,-18,-19,-68,-25,-19,-29,14,-43,71,-88,9,-38,-100,-229,-498,-611,-400,-297,-89,-112,-21,-153,50,-317,-45,-156,-208,-145,-593,-135,-213,-167,-11,-241,390,-438,102,-277,109,-43,497,8,350,-72,172,-7,151,71,50,45,95,86,130,59,977,441,202,35,400,-4,70,13,339,218,107,38,125,-20,531,-203,4,-2,216,-57,110,-29,178,-16,155,-13,346,47,1379,431,264,202,91,12,44,-48,7,-170,29,-73,147,-128,160,-91,177,-50,197,-9,191,76,417,6,182,43,145,142,159,367,154,149,153,55,125,20,112,57,53,80,57,139,96,303,57,262,-26,101,0,2,-76,141,-46,41,-82,74,-307,164,-517,358,-44,15,35,199,125,401,33,104,46,247,-71,137,225,317,35,49,133,94,12,30,3,31,-3,30,-12,30,-64,38,-3619,207,-1810,103,4,62,16,14,41,4,57,21,30,30,0,29,-27,42,-29,18,-88,-30,-96,16,-30,-16,-42,-10,1,-26,-28,-6,-60,9,-56,19,-50,1,-25,-23,-9,1,-54,-29,-38,2,-89,-8,-36,-25,-39,22,11,21,-22,15,-30,-17,-62,-13,-40,-19,-59,-3,-22,4,-10,-5,-21,4,-24,-5,-107,12,-24,-9,-53,-6,-21,-29,1,-3,-795,46,-3353,191,-2,-7,-135,-336,-35,-154,-32,-50,-47,-30,-5,-29]]]
3191376	r	19.2971,44.4694,20.0841,45.0268	[[[192971,446983,9,-41,59,-182,76,-179,92,-175,108,-170,124,-165,138,-159,152,-152,166,-144,179,-137,191,-128,202,-118,213,-109,222,-99,230,-88,239,-77,244,-66,251,-54,254,-43,26,-3,604,136,2417,544,597,134,141,108,166,144,152,152,138,159,124,165,108,170,92,175,76,179,59,182,21,90,-181,1434,-67,128,-108,170,-124,165,-138,159,-152,152,-166,144,-179,137,-191,128,-140,82,-2009,310,-1474,227,-46,-8,-251,-54,-244,-66,-239,-77,-230,-88,-222,-99,-213,-109,-202,-118,-191,-128,-179,-137,-166,-144,-152,-152,-105,-120,31,2,27,11,2,9,38,-31,58,-48,59,-40,41,-57,29,-83,9,-101,-35,-27,-53,-10,-41,-47,-353,-1206,-104,-185,-96,-104,-113,-68]]]
