105343	n	38.9651,21.0408,39.5475,21.9422	[[[389651,218900,135,-279,339,-400,20,-33,28,-76,20,-34,117,-63,20,-5,29,-84,15,-165,30,-93,50,-81,41,-39,44,-29,64,-55,34,-85,-2,-79,32,-48,140,6,77,47,52,87,76,208,79,-122,-5,-157,-51,-135,-53,-58,-188,-64,-20,-148,107,-271,21,-275,-15,-311,36,-293,164,-220,-75,-62,92,-203,94,-112,103,27,127,213,161,-331,15,-133,-107,-88,0,-56,150,-152,77,-289,-13,-319,-112,-243,-792,-648,313,-468,137,-78,376,-545,69,-144,-20,-62,-95,-127,-22,-51,22,-116,93,-196,63,-274,111,-117,422,-279,65,-21,37,-43,12,-120,30,-92,14,-9,408,57,459,108,446,149,428,190,407,228,139,97,753,6694,-161,167,-351,298,-380,264,-407,228,-428,190,-446,149,-459,108,-469,65,-473,22,-473,-22,-469,-65,-459,-108,-446,-149,-402,-178]]]
108410	n	45.7571,24.0531,47.2143,25.4659	[[[457571,247500,17,-468,50,-466,84,-462,116,-457,149,-448,180,-438,212,-427,241,-413,271,-398,298,-380,325,-363,350,-341,374,-321,396,-297,417,-273,435,-247,451,-221,467,-193,480,-165,490,-136,257,-55,1005,2509,234,-128,438,-190,457,-149,471,-108,479,-65,485,-22,485,22,479,65,397,91,3464,3376,23,86,72,439,23,443,-23,443,-72,439,-117,431,-164,418,-207,401,-250,380,-289,357,-325,329,-360,298,-390,264,-416,228,-438,190,-457,149,-471,108,-199,27,1003,2506,-105,52,-467,193,-480,165,-490,136,-499,106,-505,77,-510,46,-512,15,-512,-15,-510,-46,-505,-77,-499,-106,-490,-136,-480,-165,-467,-193,-451,-221,-435,-247,-417,-273,-396,-297,-374,-321,-350,-341,-325,-363,-298,-380,-271,-398,-241,-413,-212,-427,-180,-438,-149,-448,-116,-457,-84,-462,-50,-466,-17,-468]]]
104515	r	39.4315,20.6423,40.4756,22.3551	[[[394315,207622,48,-55,220,-118,196,-59,-72,30,-61,40,-46,57,-25,78,139,-20,346,-111,-161,-235,30,-167,335,-355,46,-112,35,-171,62,18,5005,5675,47,0,76,-38,67,9,85,67,86,0,352,-228,76,0,105,47,504,-105,96,-57,220,-59,73,5,60,38,162,174,5,60,-28,149,-80,97,-59,145,-10,206,104,112,25,110,96,45,102,2,116,56,-31,105,-162,138,-70,124,80,206,70,37,42,96,-54,50,-263,75,-46,35,-20,94,61,185,-38,65,-52,211,84,185,-184,128,-118,42,-78,58,-15,48,111,209,159,185,275,91,124,2,324,-64,164,-149,149,-19,46,29,19,80,-2,195,64,6,35,-14,11,-103,33,-35,-26,-53,18,-105,80,-10,201,77,5,76,-189,302,-59,258,34,200,54,130,-9,98,76,47,95,-33,125,20,75,58,5,55,-53,68,-9,65,107,140,-40,133,15,113,-27,104,87,103,55,128,-5,325,63,60,83,35,124,-50,103,7,85,66,36,-8,47,-63,102,26,76,119,12,70,-65,109,-10,92,-296,37,-194,40,-104,46,-350,59,-453,288,-274,-49,-168,-98,-27,-24,1173,3603,-177,119,-551,321,-572,287,-592,251,-607,215,-621,176,-633,138,-640,99,-360,34,-3309,-1610,-1539,-13680,53,15,47,-3,20,-95,5,-62,14,-55,49,-118,-119,26,-98,37,-43,-384]]]
109223	n	39.2354,24.0178,40.1035,24.7839	[[[392354,241762,257,-260,358,-298,389,-264,416,-228,438,-190,456,-149,469,-108,479,-65,484,-22,484,22,479,65,469,108,456,149,438,190,416,228,389,264,358,298,326,329,288,357,249,380,207,401,163,418,118,431,71,439,24,443,-24,443,-71,439,-118,431,-163,418,-207,401,-249,380,-288,357,-267,270,-7294,-6077]]]
110336	n	49.7588,26.0401,50.2906,26.8615	[[[497589,265700,12,-222,36,-219,60,-215,83,-209,106,-201,126,-190,26,-31,-7,-3,8,-51,60,-215,83,-209,105,-201,127,-190,147,-178,83,-83,-11,-3,-26,-158,-12,-222,12,-222,36,-219,60,-215,83,-209,105,-201,126,-190,147,-178,165,-165,182,-149,197,-132,211,-114,175,-75,-6,34,-93,144,-22,73,-58,49,-105,130,-52,135,110,62,81,64,261,455,114,34,133,-66,122,-109,78,-99,39,-77,20,-68,20,-277,31,-24,46,0,55,-38,60,-57,21,-20,94,-64,90,-79,70,-121,15,-147,-4,-158,44,-142,56,-38,114,-26,76,231,80,393,26,386,-64,251,88,110,107,35,78,-52,5,-154,196,113,103,199,37,238,3,502,3,586,-74,456,-73,142,-103,199,-293,235,-858,267,-18,10,-164,91,-165,146,-112,161,-96,271,-173,490,-15,167,42,612,-23,42,-4,8,-100,96,-72,96,-33,109,-3,120,8,125,48,162,91,170,88,62,76,-368,97,-113,142,-43,546,-61,242,-137,452,-362,-34,257,-166,164,-728,473,-171,273,-500,611,-290,254,-309,159,-249,32,-231,-12,-105,10,-79,-79,-147,-178,-127,-190,-106,-201,-83,-209,-60,-215,-36,-219,-7,-133,17,-6,-49,-49,-147,-178,-126,-190,-106,-201,-83,-209,-60,-215,-36,-219,-12,-222]],[[500250,265231,1483,138,1173,419,-7,134,-10,60,-2639,472,0,-1223]]]
101760	n	39.3432,24.3282,39.7821,24.7161	[[[393432,244900,12,-222,36,-219,58,-215,82,-209,104,-201,124,-190,144,-178,163,-165,23,-19,3643,3035,-13,17,-163,165,-179,149,-195,132,-208,114,-219,95,-228,75,-235,54,-239,32,-242,11,-242,-11,-239,-32,-235,-54,-228,-75,-219,-95,-208,-114,-195,-132,-179,-149,-163,-165,-144,-178,-124,-190,-104,-201,-82,-209,-58,-215,-36,-219,-12,-222]]]
107304	r	42.3538,25.0741,44.4589,28.0473	[[[423538,262506,39,-126,95,-60,321,-64,62,-83,-77,-208,-126,-73,-62,-94,8,-166,85,-87,109,-176,113,-95,50,-92,147,-88,111,-101,166,-19,200,-96,10,-82,-73,-157,-42,-384,75,-67,66,-59,83,-10,102,-70,145,-196,78,-24,86,28,86,-69,295,-148,198,-21,147,-82,348,-277,68,-114,106,-94,623,-360,-18,191,-40,80,-98,91,-39,130,82,152,38,146,139,117,347,110,264,-67,226,179,223,66,334,-113,180,-112,89,-6,157,51,237,32,170,-13,-29,132,83,137,52,362,140,162,-16,71,-72,37,-22,64,35,281,-95,397,199,492,16,154,35,20,86,-58,122,-152,384,-214,94,-111,57,-188,141,-151,7,-25,-196,-129,-20,-63,123,-111,42,-78,118,-406,149,-58,342,-57,237,-183,108,-48,180,-20,327,56,320,-48,52,-56,-40,-132,-120,-112,-358,-206,-381,-136,-94,-80,214,-477,119,-162,199,-150,204,-72,116,-130,-9,-31,-334,-314,-99,-61,-23,-64,57,-74,233,-189,-67,-170,-21,-266,158,-71,27,-136,196,94,53,-8,-55,-225,-394,-877,-46,-316,-118,-506,-145,-370,-91,-57,-76,-279,-116,-247,7,-132,-107,-296,7,-50,-303,-378,6,-185,-130,-64,-101,-129,-167,-337,-8,-205,-152,-8,-150,-113,-63,-140,-5,-228,-55,-219,-87,-133,-89,-38,-25,-69,57,-63,166,-32,181,-82,120,-115,254,191,366,-113,270,-184,81,-129,59,16,140,221,59,11,211,-167,318,-130,64,6,33,-43,75,-33,426,297,173,91,274,232,103,60,221,-87,113,60,-32,188,16,130,70,37,129,0,92,-91,167,205,129,-6,145,-45,155,195,169,83,-22,295,15,98,-33,80,74,94,-68,251,50,350,-12,17,-103,-6,-33,32,-19,232,-122,139,-113,-174,-73,-62,-270,78,-304,-50,-255,96,68,73,10,34,-2,75,-96,91,-76,187,3,31,-5,15,44,405,233,146,132,-35,149,79,85,-30,106,-118,504,-222,156,-332,-2,511,-59,155,-21,180,25,86,-42,130,-164,167,-17,122,-137,171,-25,85,-136,216,-166,196,-159,140,-177,106,-388,142,-24,124,0,2,42,300,-18,148,124,106,13,80,97,162,-100,227,-115,131,21,88,112,202,431,533,312,107,-50,118,-272,370,0,28,89,60,-5,28,-307,271,19,41,161,-34,42,25,-22,52,15,82,-102,133,265,41,332,-4,215,-114,216,-60,-7,15,3,-3,-38,120,-87,151,83,110,10,378,41,146,-5,34,-43,17,-59,75,-16,192,-61,131,-46,437,-209,18,-61,122,-85,96,-36,107,-200,154,-29,128,-239,182,-18,118,25,111,54,14,164,-96,39,35,25,75,-14,304,57,17,18,47,-4,185,502,357,1720,-1496,1204,88,9,-156,51,-100,-28,-70,-60,-215,-36,-219,-12,-222,12,-222,36,-219,60,-215,83,-209,105,-201,126,-190,146,-178,165,-165,182,-149,197,-132,210,-114,222,-95,231,-75,238,-54,243,-32,245,-11,245,11,243,32,238,54,231,75,222,95,210,114,95,63,17,-9,217,110,182,-22,357,40,199,154,195,63,266,8,371,-28,319,-61,109,91,71,0,98,81,176,-24,111,65,300,54,40,100,-47,140,-333,458,-99,52,-199,-36,-98,-104,-161,-32,-89,28,-99,160,-532,53,-179,-18,49,-129,-160,-156,-193,70,21,53,60,215,36,219,12,222,-12,222,-36,219,-60,215,-83,209,-105,201,-126,190,-40,49,1880,136,107,2471,-187,1431,334,3493,67,8,349,8030,-3207,2532,-337,30,-1245,37,-1245,-37,-1239,-110,-1229,-183,-1085,-229,-6807,-10912,6117,-5318,-53,2,-579,-141,-277,-20,-162,17,-200,75,-74,-5,-22,-19,-47,-243,-80,-172,-82,-84,-155,-71,-105,3,-202,89,-181,32,-590,278,-46,0,-169,-46,-172,-80,-221,-44,-341,-169,-115,-7,-189,-126,-138,-9,-27,-76,-195,-130,-40,-23,-108,-2,-98,68,-175,230,-401,-48,-42,26,-83,-3,-102,83,-40,-31,-361,-47,-257,97,-128,-90,-280,88,-74,87,-238,177,-46,93,-421,407,3,59,90,50,56,84,15,75,-36,135,-452,64,-32,5,-318,223,-156,-120,-37,-282,-44,-75,-173,-68,-293,121,-90,-5,-55,-64,-56,-158,-128,-236,-82,-84,-160,-67,-145,3,-274,-97,-266,-167,-221,-216,-246,-122,-179,-15,-130,-115,-25,-68,-24,-204]],[[435751,259820,3,-97,84,-23,459,18,57,43,220,72,141,102,118,277,10,82,-128,126,35,175,234,-16,104,17,145,23,-273,358,-67,48,-217,54,-241,-46,0,32,-478,115,41,173,-103,30,15,-343,-118,-246,46,-216,51,-53,13,-154,-46,-177,13,-87,-41,-154,-77,-133]],[[441704,256097,117,40,40,-8,35,-150,-33,-137,15,-188,188,-345,185,-206,25,-62,115,-62,7,-30,-55,-58,-17,-128,-57,-66,67,-22,1501,500,451,562,-34,185,11,86,80,146,-157,108,-65,140,-136,-29,-44,24,-155,251,-106,87,-60,20,-122,-27,-32,49,-164,116,-54,-65,-173,-89,-85,42,-181,-20,-35,54,-42,10,-147,-82,-35,28,-164,7,-87,-28,-130,33,-57,-17,-255,-182,-155,-487]]]
107968	n	40.0793,20.8878,40.661,21.4961	[[[400793,210700,12,-222,35,-219,57,-215,80,-209,100,-201,122,-190,34,-43,5,0,259,-40,198,-4,335,70,30,-24,7,-126,90,-10,177,99,80,108,254,68,261,-152,30,-55,36,-9,95,149,2,74,-14,59,-109,140,-3,63,-50,45,0,29,37,0,21,-29,20,24,48,-19,126,97,110,20,43,-10,48,-69,40,13,20,-26,10,-25,-25,-18,45,-22,-69,-48,138,-44,-198,-9,6,-78,-87,-29,-40,-80,129,-9,79,-54,-38,-172,68,-99,-47,-280,14,-41,146,8,127,73,76,188,120,134,-1,113,239,-73,122,-9,233,78,162,13,347,-133,70,-10,5,6,141,178,122,190,100,201,80,209,57,215,35,219,12,222,-11,210,45,-19,88,61,175,149,159,165,141,178,121,190,101,201,80,209,58,215,34,219,12,222,-12,222,-34,219,-58,215,-80,209,-101,201,-121,190,-141,178,-159,165,-175,149,-190,132,-203,114,-214,95,-222,75,-230,54,-234,32,-236,11,-236,-11,-234,-32,-230,-54,-222,-75,-214,-95,-203,-114,-190,-132,-175,-149,-159,-165,-43,-55,-56,-167,20,-94,46,-35,263,-75,54,-50,-42,-96,-70,-37,-80,-206,70,-124,162,-138,31,-105,-116,-56,-102,-2,-96,-45,-25,-110,-104,-112,10,-206,59,-145,80,-97,28,-149,-5,-60,-162,-174,-60,-38,-73,-5,-220,59,-96,57,-504,105,-105,-47,-21,0,-103,-161,-100,-201,-80,-209,-57,-215,-35,-219,-12,-222]]]
101628	n	36.3147,28.1739,36.8253,28.6261	[[[363147,284000,12,-222,37,-219,61,-215,84,-209,107,-201,129,-190,149,-178,169,-165,185,-149,202,-132,215,-114,226,-95,236,-75,243,-54,248,-32,250,-11,250,11,248,32,243,54,236,75,226,95,215,114,202,132,185,149,169,165,149,178,129,190,107,201,84,209,61,215,37,219,12,222,-12,222,-37,219,-61,215,-84,209,-107,201,-129,190,-149,178,-169,165,-185,149,-202,132,-215,114,-226,95,-236,75,-243,54,-248,32,-250,11,-250,-11,-248,-32,-243,-54,-236,-75,-226,-95,-215,-114,-202,-132,-185,-149,-169,-165,-149,-178,-129,-190,-107,-201,-84,-209,-61,-215,-37,-219,-12,-222]]]
106281	r	38.9303,25.582,43.7313,29.572	[[[389303,269921,21767,-12567,2700,-1534,14425,13182,6807,10912,2311,3704,-3089,12102,-12033,-1883,-892,-449,-1,-1,-7167,-3606,11,-79,89,-202,48,-310,-446,24,-198,-21,-148,27,-373,-53,-419,21,-318,-52,-242,56,-194,9,-426,-25,-1592,35,-984,-14,-354,35,-177,-27,-603,11,-611,-34,-49,1,-100,-5,-146,11,-8,1,-316,24,-763,-49,-330,-126,-485,-371,-206,-49,-274,-130,-417,-114,-497,-227,-599,-224,-330,-160,-203,-67,-571,-302,-316,-120,-705,-343,-230,-87,-975,-227,-542,-198,-168,-116,-247,-293,-419,-212,-447,-276,-379,-318,-274,-268,-240,-145,-307,-26,-199,-76,-88,-82,-133,-44,-741,-17,-270,-53,-533,-168,-185,-99,-62,-86,-52,-26,-441,-105,-442,-4,-200,36,-175,-43,-171,-2,-90,-88,-99,4,-131,-36,-190,-92,-286,-93,-514,-504,-301,-227,-173,-229,-33,-69,24,-50,109,-38,428,-255,212,-35,336,-148,1018,-528,290,-112,367,-197,155,-193,-22,-181,-128,-250,-115,-126,-135,-74,-871,-247,-348,-53,-423,-14,-419,-62,-333,-69,-17,-16,22,-38,93,-36,316,-52,362,-15,409,-78,766,2,873,64,285,-13,-3397,-1709,-1696,-8219]]]
103630	r	43.3402,17.3018,44.921,18.2494	[[[433402,175211,148,-308,360,217,219,80,221,29,181,-41,340,-13,163,-40,737,-305,424,-242,698,-749,413,-315,200,-67,182,-2,374,41,114,-10,143,-97,607,23,0,-11,-25,-199,39,-80,34,-48,59,-31,118,-25,236,34,156,148,75,114,49,-8,166,267,206,105,171,-18,384,-189,260,-37,191,86,152,179,48,83,63,54,29,102,6,9,147,101,204,-25,421,-117,191,13,768,171,967,97,611,-22,686,-136,282,16,626,227,219,46,2025,-13,691,-4,11,102,17,497,-17,497,-51,494,-84,491,-118,484,-150,475,-182,465,-214,453,-244,438,-273,422,-302,404,-328,384,-354,363,-378,340,-400,315,-420,289,-440,263,-456,234,-472,205,-484,175,-495,144,-504,113,-511,81,-515,49,-517,16,-517,-16,-515,-49,-511,-81,-504,-113,-495,-144,-484,-175,-472,-205,-456,-234,-440,-263,-420,-289,-400,-315,-378,-340,-354,-363,-328,-384,-302,-404,-273,-422,-244,-438,-214,-453,-182,-465,-150,-475,-118,-484,-84,-491,-3,-37,88,-293,-131,-116,-5,-48,-6,-186]]]
109353	r	45.9596,22.6534,48.9674,25.4144	[[[459596,233476,167,-246,625,-802,681,-762,734,-719,783,-674,830,-626,872,-574,911,-520,947,-465,978,-407,1004,-347,1027,-287,1045,-223,1059,-161,1068,-97,1073,-32,1073,32,1068,97,1059,161,1045,223,1027,287,1004,347,978,407,947,465,911,520,872,574,830,626,783,674,734,719,681,762,625,802,567,837,506,870,443,898,378,922,311,944,244,960,175,973,13,119,-9025,14097,-196,294,-18645,-18169,-2212,-2499]]]
105072	n	42.5546,18.0753,42.9666,18.5261	[[[425546,184514,1,-2,209,-73,66,-3,29,28,51,252,130,60,37,152,-83,-48,-187,-132,-172,-149,-81,-85]],[[425966,183137,77,-178,5,5,47,15,197,-28,32,-57,-7,-210,104,-132,286,-217,-1,29,38,18,47,-42,60,135,146,-153,-58,-71,-9,-92,-59,-30,-152,25,-25,-53,35,-62,178,-142,157,-220,-106,-441,-7,-230,25,-49,62,-28,108,28,60,42,163,-4,72,-19,91,-66,78,-103,-49,-53,200,28,226,54,218,75,210,95,199,114,187,132,172,149,155,165,139,178,119,190,99,201,79,209,56,215,34,219,11,222,-11,222,-34,219,-56,215,-79,209,-99,201,-119,190,-139,178,-155,165,-172,149,-187,132,-199,114,-210,95,-218,75,-226,54,-229,32,-232,11,-232,-11,-229,-32,-226,-54,-218,-75,-182,-83,68,-27,115,-6,56,-25,191,-169,197,54,170,-17,67,-31,-81,-74,110,-33,4,-20,-137,-113,198,-326,42,-120,-25,-122,-54,-15,-33,20,-251,372,-37,92,-53,46,-93,-7,-69,-81,-128,-19,-11,-19,-79,19,-61,43,-39,-57,-18,-157,-39,-73,29,-85,-103,-161,208,-126,-48,-129,-86,44,-64,-68,-68,-226,-118,-147,-7,-106]]]
109571	n	49.3414,25.1339,49.8386,25.6361	[[[493414,254100,12,-222,4,-28,1,0,-4,-28,-12,-222,12,-222,35,-219,60,-215,82,-209,104,-201,126,-190,145,-178,164,-165,180,-149,196,-132,209,-114,221,-95,230,-75,236,-54,241,-32,244,-11,244,11,241,32,236,54,230,75,221,95,209,114,196,132,180,149,164,165,145,178,126,190,104,201,82,209,60,215,35,219,12,222,-12,222,-4,28,1,0,4,28,12,222,-12,222,-35,219,-60,215,-82,209,-104,201,-126,190,-145,178,-164,165,-181,149,-196,132,-209,114,-221,95,-229,75,-237,54,-241,32,-244,11,-244,-11,-241,-32,-237,-54,-229,-75,-221,-95,-209,-114,-196,-132,-181,-149,-164,-165,-145,-178,-126,-190,-104,-201,-82,-209,-60,-215,-35,-219,-12,-222]]]
109101	p	109571
106297	r	43.9256,26.7531,47.7254,29.4761	[[[439256,284300,44,-1184,130,-1169,1952,-1541,3207,-2532,6361,-2886,69,-87,271,-239,-21,-261,-82,-73,89,-203,-16,-180,114,-198,96,-328,201,-308,252,-135,601,-531,278,7,647,-175,612,-5,156,-65,143,-28,467,35,133,51,182,113,229,7,129,-38,175,-128,131,-171,12,-63,-360,-518,-17,-64,1246,-626,308,-46,355,-173,152,-278,271,-215,371,177,152,668,112,129,-145,383,-58,241,17,26,9164,-4158,138,46,1218,489,1180,558,1136,626,1088,690,222,161,-34,7125,336,-161,346,119,3187,1094,0,1,-6,0,5,35,-11,438,165,513,31,282,85,128,113,325,-168,300,-67,195,-72,334,0,397,-213,40,-466,36,-30,44,91,489,179,435,231,395,348,395,565,406,88,105,68,135,47,221,68,54,-41,40,-9,98,-78,2,-13,33,-127,60,60,77,-36,34,6,34,-61,55,-2,90,47,78,-60,35,-5,65,65,20,53,87,-22,23,-120,3,-25,24,9,61,-27,57,45,60,-12,25,-66,10,-102,56,2,30,66,-10,25,57,-90,2,14,61,-42,24,-78,-27,-10,43,38,35,-63,79,-79,219,-54,9,-14,35,-66,36,-67,-1,-12,50,-38,16,8,44,-53,6,-8,52,-102,7,-93,91,-107,-22,5,65,-34,71,13,184,-74,85,27,97,48,23,7,42,-33,65,-79,35,-20,138,52,85,-10,120,47,27,11,56,49,-10,-8,247,68,293,-11,185,-121,604,-300,362,-152,279,-300,347,-135,323,-308,332,-2614,274,-474,77,-5933,650,-238,-23,-51,-22,-18,2,-438,-81,-437,-82,-176,-33,-261,-48,-387,-72,-829,73,-69,-11,-524,74,-2336,207,-1672,97,-1269,142,-1741,125,-1442,72,-2023,173,-20,-21,-425,34,-797,63,-795,64,-796,62,-798,64,-914,72,-66,22,-63,22,-64,22,-64,21,-769,543,-952,672,-954,672,-953,673,-261,183,-328,-405,-706,-1006,-631,-1044,-552,-1079,-471,-1109,-389,-1133,-303,-1154,-218,-1168,-131,-1179,-44,-1184]]]
107991	p	110336
109435	n	49.3679,26.7939,49.8265,27.1942	[[[493679,270200,12,-222,36,-219,61,-215,83,-209,106,-201,127,-190,147,-178,166,-165,184,-149,198,-132,213,-114,223,-95,233,-75,240,-54,245,-32,247,-11,247,11,245,32,240,54,233,75,223,95,213,114,198,132,184,149,166,165,116,141,-557,229,-103,70,-146,137,-92,66,-284,112,-88,61,-293,327,-577,811,-183,187,-187,79,-54,55,-55,126,-60,229,8,144,92,243,35,159,-194,-175,-78,-30,-100,25,-88,66,-97,56,-123,-5,-150,-131,82,-157,271,-264,-161,13,-270,104,-156,26,-255,-72,-83,30,100,178,-34,15,-17,-3,-9,5,-8,45,-115,-203,-64,-84,-101,-54,-27,40,-67,-101,-106,-201,-83,-209,-61,-215,-36,-219,-12,-222]]]
102651	r	42.1903,16.9816,43.125,17.7024	[[[421903,175429,703,-578,62,-115,18,-88,50,-49,78,-20,103,-5,98,-38,64,-93,73,-222,15,-213,-60,-498,45,-178,64,-239,175,-1357,135,-389,41,-205,4,-431,129,-29,-62,405,202,123,-175,283,-73,159,-25,172,450,-189,91,-78,47,-137,13,-87,-20,-24,5,-263,97,-114,0,-1,1,0,124,-280,87,-140,179,-40,22,-15,17,6,39,-8,14,-16,69,-3,271,-61,47,-3,7,-1,9,-10,10,-2,-13,-13,16,-12,113,-37,57,-77,31,23,4,-20,15,18,41,-12,-10,-41,35,-23,-37,-34,137,-74,27,-32,-3,-42,140,113,318,68,93,-20,11,42,52,33,102,168,60,175,57,221,28,4,20,-4,61,-47,44,-19,61,-19,17,-5,38,-13,40,-1,18,0,20,-1,20,-14,102,-42,186,-123,53,-27,16,-1,3472,3374,662,643,-119,183,-226,303,-246,289,-265,273,-283,255,-300,237,-316,217,-330,197,-342,176,-353,154,-364,132,-371,108,-56,13,-3945,-338,-157,-69,-342,-176,-330,-197,-316,-217,-300,-237,-283,-255,-103,-106]],[[424025,170023,129,-120,178,-87,-9,25,-64,19,-165,122,-62,59,-7,-18]]]
110690	r	41.4261,17.4854,43.5336,19.0853	[[[414261,177859,5,-23,100,21,27,14,-8,23,-124,-35]],[[415817,181406,34,-52,175,-207,-91,-188,154,-207,189,-162,-58,-33,72,-19,-10,-18,36,-31,48,25,48,-41,-4,-11,9,7,22,-19,-12,-26,31,-48,-68,-26,32,-79,89,-75,-7,-33,-165,-6,-16,-35,60,-64,0,-84,51,-54,79,-18,22,51,86,71,-16,28,28,39,-21,31,67,-16,9,-50,43,7,10,-20,-51,-36,28,-26,-17,-29,20,-41,-47,7,4,-35,-51,24,8,-28,-38,-26,32,-72,82,-17,8,-20,-7,-12,22,-30,37,-96,27,-34,-60,13,-3,23,-24,-12,-10,26,18,2,-26,7,16,-71,97,-75,-12,63,13,13,49,-59,-42,-16,24,-39,16,-5,-8,36,29,-47,35,5,3,-4,0,-17,17,-4,33,-40,-1,-36,32,-32,26,-2,57,-70,5,-11,46,-51,62,-77,201,-185,215,-142,175,-167,93,-262,228,33,374,-249,217,85,592,-533,103,-53,307,-421,96,-92,56,0,75,21,63,28,18,20,433,-432,50,-86,44,-125,103,-23,227,45,73,-33,38,-71,2761,236,3945,338,921,79,-297,679,48,2,49,46,17,101,88,47,51,-24,43,-94,55,-9,98,82,289,147,39,143,-21,94,-91,171,-3,87,45,56,-105,91,18,122,80,35,35,-11,63,-89,97,6,46,-25,248,19,10,21,-56,197,-6,155,-109,211,-30,110,8,78,-67,175,-246,-359,-24,-129,-185,3,-369,92,-330,222,84,568,-223,-43,-91,23,-280,230,-57,147,-6,117,39,150,56,60,-78,103,-91,66,-72,19,-163,4,-60,-42,-108,-28,-62,28,-25,49,7,230,106,441,-157,220,-178,142,-35,62,25,53,152,-25,59,30,9,92,58,71,-146,153,-60,-135,-47,42,-38,-18,1,-29,-286,217,-104,132,7,210,-32,57,-197,28,-47,-15,-5,-5,-77,178,7,106,118,147,68,226,64,68,86,-44,48,129,-208,126,103,161,-29,85,39,73,18,157,39,57,61,-43,79,-19,11,19,128,19,69,81,93,7,53,-46,37,-92,251,-372,33,-20,54,15,25,122,-42,120,-198,326,137,113,-4,20,-110,33,81,74,-67,31,-170,17,-197,-54,-191,169,-56,25,-115,6,-76,30,-56,57,-44,4,-73,-294,-130,-60,-51,-252,-29,-28,-66,3,-209,73,-133,180,-193,156,-5,7,-304,696,26,122,18,34,105,30,94,194,107,79,173,-10,-9,61,-42,40,-202,69,-27,627,164,213,144,76,34,87,-3,256,189,42,26,172,-131,216,4,217,161,120,127,22,-42,60,-102,8,-63,53,-59,137,0,186,-56,142,-76,82,-136,84,-71,169,3,72,107,221,8,68,-118,129,-9,71,257,246,252,195,-190,221,-62,51,-159,132,-308,76,-260,30,-237,202,-155,-32,-78,22,-15,-200,-64,-36,-157,57,-50,-100,-150,-135,-57,-107,-278,71,-276,-41,-74,-134,-110,-88,-162,-277,-62,-154,-84,-15,-121,-154,-158,-128,-59,-187,-308,-352,-55,-125,0,-176,-81,-143,-172,-121,-37,-62,-134,-9,0,-1,1,-2,-61,-86,110,-57,36,-51,-15,-57,-77,-36,6,-50,219,-104,20,-35,-60,-284,-53,-90,-116,-113,-27,-55,2,-91,63,-55,264,-75,43,-109,50,-273,-16,-114,-54,-114,-229,-290,-3,-75,54,-148,104,-32,197,1,249,35,5,-5,-4500,-3061,-144,219,-48,242,-113,119,1,60,-107,42,-151,-79,-20,-72,22,-41,-53,-109,-159,-84,-4,-101,-121,-71,6,-179,-93,-45,-4,-88,58,-166,-36,-123,51,-44,-49,-101,15,-26,-1098,-747]],[[431535,175092,32,-85,107,-81,350,13,60,-17,49,-62,134,-5,196,94,-19,52,-79,60,-56,-4,-6,-79,-67,33,60,64,-28,22,18,26,-26,28,45,103,-40,48,52,30,96,-41,19,28,-17,32,87,33,61,-109,66,-59,-3,-52,87,-61,73,38,-10,35,-52,29,87,-6,-4,62,76,52,42,1,31,-39,14,71,33,5,26,-65,18,33,55,-42,257,121,185,163,-105,346,-216,241,-258,-2,-68,-13,-97,23,-116,-64,-110,18,-48,-28,-119,3,-100,125,-169,-59,-472,-90,196,-350,13,-129,-53,-118,-118,-69,-40,-93,-71,-59,-58,-151]],[[432528,183760,230,-27,101,82,96,-132,93,-73,71,52,26,57,122,76,-23,50,147,-22,47,89,155,9,105,41,45,67,47,24,24,61,9,-329,-19,-108,118,-169,31,-245,107,-158,-2,-37,-51,-60,5,-116,97,-234,183,-20,133,31,133,66,53,66,-49,217,213,84,22,40,110,62,-44,133,0,62,35,66,239,66,164,190,-13,195,48,151,-21,63,-108,-6,-201,243,-99,-130,-97,142,0,180,57,139,-5,45,-161,207,-60,217,77,168,17,116,116,157,-4,60,-147,85,-143,40,-125,181,-22,91,-95,158,-8,184,-61,62,-128,267,-88,351,-90,234,-2,98,-222,-121,-198,-6,-74,-101,-86,-59,-169,-307,-22,-107,-234,-145,71,-121,146,-123,139,-5,11,-38,-32,-78,-168,-100,-207,-11,-300,-150,7,-93,215,-104,-17,-236,-99,-241,68,-821,-64,-314,-175,-378]]]
100425	r	37.1486,23.4983,38.9973,25.2799	[[[371486,248510,172,-355,129,-161,176,-98,105,14,129,118,74,-33,32,-70,10,-99,-8,-99,-34,-73,14,-277,292,-354,615,-781,487,-648,47,-112,63,-34,55,-73,14,-33,16,-8,389,-518,16,-62,42,-15,33,-43,1,-23,34,-24,68,-91,-1,-26,99,-104,12,-16,32,-93,-10,-32,19,-108,-49,-93,20,7,-44,-16,-183,112,-73,22,-41,-81,2,10,-50,51,-174,24,-11,-39,21,-49,38,23,65,-8,57,-36,18,-47,-24,-49,76,-224,-3,-5,16,-87,21,-9,4,-12,54,-43,46,-58,88,-47,165,-129,122,-158,0,-2,9,-10,90,-115,131,-213,10,-30,53,-34,165,-157,217,63,27,-2,54,-23,3,-10,10,4,26,-11,3,-8,8,3,29,-12,4,-12,70,-21,2,-1,78,-184,56,-3,38,14,6,-7,294,9,38,-8,115,5,44,75,-47,-19,-41,33,-5,19,28,59,53,-7,5,54,-46,28,9,36,-60,3,15,60,81,56,10,-3,2,11,14,10,40,-2,54,-23,95,59,-26,-16,132,4,128,-15,167,-103,13,-11,0,-1,1,0,133,-115,45,-23,11,-30,37,-31,129,-31,12,1,118,-52,131,-83,89,-202,71,-52,1,-3,77,-82,68,-20,51,-38,16,-23,45,-20,59,-43,105,-89,14,-24,58,-31,66,-46,26,-51,142,-120,156,-55,25,-18,145,35,137,17,199,-68,152,-20,49,62,2,64,-59,54,0,82,-42,54,67,26,-34,49,-85,23,-14,-5,-47,43,36,62,39,2,-12,34,4,1,201,5,25,47,-57,42,6,-5,4,4,4,0,104,-37,-42,-156,-41,-61,-47,-9,-17,-44,-18,-83,31,-58,49,-62,101,-19,44,20,15,91,30,14,148,44,98,-90,-9,-2,16,-11,-29,20,-6,-11,-48,-7,-66,34,-85,-3,-30,-30,-8,-38,-155,-99,-3,-6,-34,-2,-36,-52,37,-15,-22,-45,311,-219,412,-240,67,-50,41,-51,205,-132,44,-9,24,-15,14,8,15,-3,10,18,44,26,89,37,82,-19,14,-7,-25,-35,-60,27,-97,-59,112,-79,101,12,-10,63,33,46,11,-4,-13,-31,55,-12,29,-45,71,-37,10,-9,19,-65,18,32,112,-99,171,-145,152,-108,22,-18,1,2,29,-21,83,-95,-40,0,-14,-43,60,35,101,-117,198,-170,129,-88,37,-23,121,-102,19,17,32,-20,-24,7,-7,-22,69,-24,21,18,108,-13,-4,-18,-70,-6,57,-44,142,-50,7,-72,48,-16,-46,18,-4,49,39,18,-32,9,34,68,59,-17,165,-110,79,-60,8,-8,-36,-97,79,-24,-67,31,10,25,49,-14,-1,24,-42,15,12,35,151,-163,7,-12,-10,-3,12,-28,5,19,40,-70,50,34,-68,-46,20,9,41,-71,98,-70,136,-70,162,-42,127,-37,16,-19,37,-12,7,-34,22,1,53,-63,-3,-10,52,-25,-32,16,7,-9,32,-71,-10,-4,12,1,12,-27,34,-74,46,-144,95,-100,31,-10,-25,-34,34,31,80,-24,-3,-27,6,26,44,-14,108,-22,99,-46,156,-181,74,-232,34,-193,-3,-54,58,-174,11,-10,14,-44,234,-687,444,-527,9,-487,219,-188,335,-29,0,69,-252,85,-94,88,-10,168,81,0,99,-59,223,116,14,-163,31,-165,75,-111,167,-164,13,-96,3671,2301,-589,2004,-1221,3890,3,36,-24,32,-33,103,3,23,115,86,223,19,23,108,63,92,14,171,-95,154,-9,128,78,29,85,-20,151,50,68,77,146,6,29,127,-45,74,-41,182,11,52,-129,138,-18,133,-54,77,-132,53,-187,-33,-45,3,-96,63,-70,-12,-24,20,12,104,-95,87,9,46,124,78,49,5,91,-45,66,9,21,83,-140,71,-7,59,52,59,105,27,-64,90,-19,80,59,71,81,3,44,26,167,817,47,93,-29,55,-125,-43,-81,4,40,152,-94,17,-20,40,-77,46,-217,-79,-156,139,-107,5,-449,272,-101,25,-4,-23,-52,35,18,-34,-112,-48,-27,-49,-62,-5,-36,23,12,71,-101,64,-5,153,-51,-2,-26,-42,-70,18,-62,-32,-28,-4,-1341,4272,-651,225,-810,226,-825,177,-836,127,-843,76,-847,26,-847,-26,-843,-76,-836,-127,-825,-177,-810,-226,-793,-274,-772,-321,-747,-367,-720,-411,-688,-454,-123,-93,174,-381,30,-225,-219,-423,-15,-506,-124,-168,-253,-78,-224,6,-224,34,-255,4]],[[374042,244577,14,-49,46,20,56,70,-19,33,-43,-9,-54,-65]],[[374117,244309,67,-67,87,-4,16,18,-111,124,-16,82,-30,17,-13,-170]],[[374247,244558,27,-164,49,-72,98,-10,19,-26,-25,-29,24,-28,51,45,-27,46,-96,91,-58,132,-32,25,-30,-10]],[[378905,238389,132,-93,-63,136,-39,41,-30,-84]],[[379254,237986,54,-81,48,-34,4,23,-67,102,-39,-10]],[[379280,238187,92,-81,32,15,-54,62,-70,4]],[[379470,237695,142,-131,81,-35,19,15,-198,170,-40,10,-4,-29]],[[381485,239973,10,-40,66,-15,13,16,-63,47,-26,-8]],[[381670,238950,42,-67,98,1,115,-62,90,13,26,-71,57,1,46,-78,66,-17,8,15,-217,203,-105,-17,-87,43,-139,36]],[[382662,238280,25,-184,46,14,-1,89,-41,88,-29,-7]],[[383651,236835,26,-89,90,-51,4,39,-66,40,-26,92,-28,-31]],[[383826,237020,50,-106,50,-1,-85,191,-15,-84]]]
101732	p	107304
109323	p	110336
108512	r	39.5557,29.6165,42.7636,31.994	[[[395557,313045,19,-45,84,-63,218,-389,380,-526,57,-137,545,-390,255,-362,169,-186,67,-193,129,-198,225,-179,-29,-135,19,-98,45,-50,156,-79,87,-186,-12,-141,-67,-147,22,-277,-22,-134,29,-67,216,-164,124,-23,143,77,463,138,60,-57,56,-152,223,-114,179,-31,175,-118,167,-53,101,-126,72,-47,63,-126,74,-53,143,-59,381,-10,34,-28,38,-149,301,-241,263,-69,299,67,152,-46,118,6,137,-44,270,108,120,141,52,122,62,36,137,23,86,57,36,113,44,32,23,103,63,32,72,-6,-11,156,114,-5,47,25,258,-16,95,-36,110,-108,128,47,220,-28,118,34,82,-93,139,7,78,-78,114,25,113,-112,188,-37,90,50,160,-59,51,-80,166,-57,83,-71,183,-66,171,0,183,-74,198,-38,185,-67,228,-4,210,-93,140,6,581,135,1472,161,66,46,116,-36,569,59,505,4,162,-25,104,-42,147,-7,72,-75,139,-13,246,-108,141,-9,55,-48,42,-49,8,-29,-5,-112,-15,-58,8,-105,99,-114,-6,-200,135,-205,-156,-476,8,-252,82,-319,197,-272,8,-1,5,-6,200,-12,78,26,84,105,77,228,81,110,263,103,117,-7,180,110,339,-53,73,19,95,72,110,-19,55,48,625,-88,281,128,174,-4,118,67,40,-6,21,-34,7,-322,36,-52,271,71,146,0,194,-42,159,24,23,-1,281,-133,126,-94,123,-7,118,-48,236,-47,126,20,34,-89,105,-19,11,-40,-19,-40,-76,-42,-55,-72,-46,-200,-163,-149,-299,-158,-57,-83,28,-451,86,-162,221,-164,455,-171,141,-137,205,87,154,35,480,22,459,-575,304,-239,96,-31,64,-228,128,-94,141,-213,179,-179,357,-295,438,-253,164,-152,15,-90,54,-74,-20,-89,-39,-52,-120,-49,-170,-137,-495,-115,-162,-1,-161,-84,-274,7,-139,-21,-202,-100,-241,-277,-254,-184,-77,-83,-69,-461,-105,-178,-195,-15,-104,-44,-225,-41,-373,112,-59,-15,-124,-95,-281,-31,-90,-156,-112,-129,-12,-69,33,-107,-17,-49,-362,-139,-15,-128,-54,-64,-134,-42,3475,-2379,558,258,994,533,952,589,905,641,855,691,801,738,743,782,682,821,618,859,552,891,483,921,413,946,290,824,-944,708,-947,709,-948,710,-845,630,-845,629,-844,630,-174,129,61,167,10,229,-1304,917,-3559,1443,-66,34,-877,446,-878,447,-878,447,-876,447,-877,447,-878,448,-877,447,-877,446,-877,447,-571,291,-4632,2574,-2637,459,-38,-9,-112,-138,-72,-228,-2,-95,100,-175,-88,-150,5,-120,-264,-55,-109,-62,-75,-93,60,-168,268,-265,-65,-124,51,-311,-77,-125,55,-119,-67,-144,12,-179,-69,-366,-43,-2,-35,-75,-200,58,-160,7,-69,60,-239,12,-125,-74,-401,-98,-318,-187,-440,-387,-60,-201,7,-184,-57,-136,-84,-53,-313,-19,-48,-175,-380,-765,-313,-196,-352,-150,-308,-75,-338,-114,-176,-108,-463,-479,-362,-305,-175,-323]]]
102527	r	38.1948,28.3848,42.1634,30.9633	[[[381948,296301,18,-94,305,-1141,74,-213,2520,-4867,166,-233,783,-952,852,-906,918,-855,981,-801,1038,-743,1092,-683,1141,-618,743,-347,60,29,131,36,99,-4,90,88,171,2,175,43,200,-36,442,4,441,105,52,26,62,86,185,99,533,168,270,53,741,17,133,44,88,82,199,76,307,26,240,145,274,268,379,318,447,276,419,212,247,293,168,116,542,198,975,227,230,87,705,343,316,120,571,302,203,67,330,160,599,224,497,227,417,114,274,130,206,49,485,371,330,126,763,49,316,-24,8,-1,146,-11,100,5,49,-1,611,34,603,-11,177,27,354,-35,984,14,1592,-35,426,25,194,-9,242,-56,318,52,419,-21,373,53,148,-27,198,21,446,-24,-48,310,-89,202,-11,79,7167,3606,241,558,95,273,-2844,1947,-3475,2379,134,42,54,64,15,128,362,139,17,49,-33,107,12,69,112,129,90,156,281,31,124,95,59,15,373,-112,225,41,104,44,195,15,105,178,69,461,77,83,254,184,241,277,202,100,139,21,274,-7,161,84,162,1,495,115,170,137,120,49,39,52,20,89,-54,74,-15,90,-164,152,-438,253,-357,295,-179,179,-141,213,-128,94,-64,228,-96,31,-304,239,-459,575,-480,-22,-154,-35,-205,-87,-141,137,-455,171,-221,164,-86,162,-28,451,57,83,299,158,163,149,46,200,55,72,76,42,19,40,-11,40,-105,19,-34,89,-126,-20,-236,47,-118,48,-123,7,-126,94,-281,133,-23,1,-159,-24,-194,42,-146,0,-271,-71,-36,52,-7,322,-21,34,-40,6,-118,-67,-174,4,-281,-128,-625,88,-55,-48,-110,19,-95,-72,-73,-19,-339,53,-180,-110,-117,7,-263,-103,-81,-110,-77,-228,-84,-105,-78,-26,-200,12,-5,6,-8,1,-197,272,-82,319,-8,252,156,476,-135,205,6,200,-99,114,-8,105,15,58,5,112,-8,29,-42,49,-55,48,-141,9,-246,108,-139,13,-72,75,-147,7,-104,42,-162,25,-505,-4,-569,-59,-116,36,-66,-46,-1472,-161,-581,-135,-140,-6,-210,93,-228,4,-185,67,-198,38,-183,74,-171,0,-183,66,-83,71,-166,57,-51,80,-160,59,-90,-50,-188,37,-113,112,-114,-25,-78,78,-139,-7,-82,93,-118,-34,-220,28,-128,-47,-110,108,-95,36,-258,16,-47,-25,-114,5,11,-156,-72,6,-63,-32,-23,-103,-44,-32,-36,-113,-86,-57,-137,-23,-62,-36,-52,-122,-120,-141,-270,-108,-137,44,-118,-6,-152,46,-299,-67,-263,69,-301,241,-38,149,-34,28,-381,10,-143,59,-74,53,-63,126,-72,47,-101,126,-167,53,-175,118,-179,31,-223,114,-56,152,-60,57,-463,-138,-25,-14,-93,-50,-25,-13,-29,-19,-222,-144,-36,-16,-28,-12,-56,-24,-226,-28,-250,74,-409,299,-215,243,-192,269,-207,52,-145,38,-27,7,-17,1,-1,0,-378,17,-262,-83,-44,-67,-93,11,-96,82,-211,-150,-303,-166,598,-245,-10101,-7672,-1,0,-890,-676,-2484,-4366]]]
107781	r	44.3838,25.321,45.9168,27.2989	[[[443839,266343,187,-1431,-107,-2471,2512,-8475,3865,-756,669,141,693,190,677,230,660,270,639,308,615,345,589,381,559,415,529,446,495,478,460,505,422,531,382,555,341,577,299,595,255,612,211,626,164,636,118,645,71,651,24,653,-24,653,-71,651,-118,645,-164,636,-211,626,-255,612,-299,595,-341,577,-382,555,-422,531,-460,505,-495,478,-529,446,-559,415,-589,381,-615,345,-639,308,-660,270,-677,230,-693,190,-706,148,-714,107,-721,64,-724,21,-724,-21,-721,-64,-714,-107,-706,-148,-693,-190,-191,-65,-111,-2550,-67,-8,-334,-3493]]]
103369	r	41.8733,18.9897,43.9264,21.2548	[[[418733,201190,68,-166,-50,-175,67,3,25,36,96,-57,81,67,214,24,110,-12,68,-44,99,-126,78,-189,131,-109,23,-69,-17,-119,52,-73,114,-121,188,-147,147,-180,119,-206,362,-343,-8,-51,-193,-83,13,-53,-57,-65,49,-57,-5,-37,-109,-178,-56,-30,28,-103,-46,-18,73,-57,-23,-51,14,-75,-28,-31,59,-66,-12,-36,109,-210,104,-116,512,-53,104,-80,160,-267,252,45,345,179,100,-3,26,-54,-126,-350,-5,-119,-152,-138,-195,-62,-157,5,-421,171,-61,122,-161,-127,-13,-96,-122,-230,-11,-130,50,-252,167,-232,211,-101,106,14,41,-23,60,36,174,-114,97,-5,13,-28,-18,-78,-129,-138,-124,-174,-23,-74,-45,-23,-28,-55,-28,97,-110,13,-83,-13,-73,-115,142,-244,55,10,28,-56,0,-46,-55,-87,17,-122,79,-61,45,22,95,-3,109,-64,91,-259,5,-87,83,-184,124,-92,160,-257,138,-133,216,-114,225,37,135,-72,90,52,197,60,24,-29,29,7,-44,-30,31,-37,46,17,-13,-73,33,-42,84,72,1,79,40,37,38,112,40,11,3,99,41,61,125,-45,36,-50,22,11,-53,116,-42,14,-116,135,118,125,0,110,-55,86,7,53,43,45,78,40,53,-28,209,-283,123,-23,51,36,5,40,-131,125,-13,97,143,53,165,-63,63,13,676,708,45,0,30,-37,-1,-70,34,-53,59,5,303,-384,-46,-127,-23,-271,19,-56,100,-103,0,-138,-150,-149,-13,-229,156,-823,83,-233,-6,-237,35,-116,-80,-164,-5,-66,12,-52,50,-48,0,-50,78,-87,64,-215,-9,-64,32,0,32,-74,35,0,10,-102,38,-39,-26,-89,32,-81,-16,-211,-282,-263,68,-70,-3,-71,64,-41,16,-55,-14,-38,62,-51,14,-16,6,-4,298,-341,180,-54,70,5,55,47,-43,432,13,37,51,22,121,-43,105,-110,37,0,50,65,37,3,45,-70,86,-296,93,-94,85,-3,138,123,172,-23,52,48,108,-35,66,49,176,-114,51,-93,102,6,323,554,182,37,80,57,38,155,-17,179,25,85,136,-10,89,91,105,-64,51,43,48,106,34,16,79,-64,95,30,113,-135,244,125,198,1,-107,556,-9,13,6860,437,213,246,505,668,459,697,409,724,358,748,306,768,252,786,197,800,141,810,85,817,29,821,-29,821,-85,817,-141,810,-197,800,-252,786,-306,768,-358,748,-409,724,-459,697,-505,668,-551,635,-593,599,-634,561,-671,521,-705,479,-737,433,-766,387,-790,339,-813,289,-830,239,-845,186,-857,134,-864,80,-867,27,-867,-27,-864,-80,-857,-134,-845,-186,-830,-239,-813,-289,-453,-194,-81,-7613,-306,-191,-167,-320,-56,-199,6,-52,86,-119,-6,-44,-157,-30,-71,-64,-32,-71,-21,-215,-79,-110,-13,-63,-140,-49,-32,-71,-61,19,-37,-26,-48,-70,-28,-112,-136,-114,-18,-91,-130,-28,-27,-89,-102,-127,-2,-239,-80,-121]]]
105299	n	42.4462,16.7182,42.7462,17.0512	[[[424462,170511,13,-21,122,-105,143,-12,205,11,128,-10,-271,61,-69,3,-14,16,-39,8,-17,-6,-22,15,-179,40]],[[425166,170327,41,-45,42,-132,96,-47,97,-60,44,-170,-1,-492,72,-160,-139,-441,341,-457,110,57,100,-12,320,-169,69,-47,234,-252,127,-181,63,-72,281,-241,61,-100,-109,-73,8,-51,137,119,154,165,137,178,11,17,-475,1385,-206,-107,-183,-85,-42,-10,-125,114,-39,-13,-27,33,36,92,0,56,-32,22,-10,43,-6,124,-14,89,-206,242,-79,266,56,230,-93,21,-318,-68,-140,-113,3,42,-27,32,-137,74,37,34,-35,23,10,41,-41,12,-15,-18,-4,20,-31,-23,-57,77,-96,31]]]
108648	n	37.0954,31.1105,37.6029,31.5561	[[[370954,314126,968,-955,477,-387,140,-173,761,-829,611,-565,107,-112,145,31,243,75,233,95,222,114,207,132,191,149,173,165,154,178,133,190,110,201,87,209,63,215,37,219,13,222,-13,222,-37,219,-63,215,-87,209,-110,201,-133,190,-154,178,-173,165,-191,149,-207,132,-222,114,-233,95,-243,75,-250,54,-255,32,-258,11,-258,-11,-255,-32,-250,-54,-243,-75,-233,-95,-222,-114,-207,-132,-191,-149,-173,-165,-154,-178,-133,-190,-110,-201,-17,-39]]]
11670045	n	41.7216,19.3539,42.1639,19.8061	[[[417216,195800,12,-222,34,-219,57,-215,79,-209,100,-201,120,-190,139,-178,158,-165,173,-149,188,-132,200,-114,212,-95,220,-75,227,-54,231,-32,234,-11,234,11,231,32,227,54,220,75,212,95,200,114,188,132,173,149,158,165,113,146,-88,252,-109,64,-95,3,-45,-22,-79,61,-17,122,55,87,0,46,-28,56,-55,-10,-142,244,73,115,83,13,110,-13,28,-97,28,55,45,23,23,74,124,174,129,138,18,78,-13,28,-97,5,-174,114,-60,-36,-41,23,-106,-14,-211,101,-167,232,-50,252,11,130,122,230,13,96,161,127,61,-122,421,-171,155,-4,-57,90,-139,178,-158,165,-173,149,-188,132,-200,114,-212,95,-220,75,-227,54,-231,32,-234,11,-234,-11,-231,-32,-227,-54,-220,-75,-212,-95,-200,-114,-188,-132,-173,-149,-158,-165,-139,-178,-120,-190,-100,-201,-79,-209,-57,-215,-34,-219,-12,-222]]]
107797	p	110336
108927	p	110336
109953	r	41.063,19.7585,41.8633,20.395	[[[410630,200100,9,-252,26,-251,43,-248,61,-246,77,-241,94,-235,110,-230,125,-222,141,-214,155,-205,148,-171,3028,1514,58,-37,92,-77,83,-56,67,-19,90,-5,38,57,87,97,38,53,35,90,17,199,3381,1690,-2,6,-77,241,-94,235,-110,230,-125,222,-141,214,-155,205,-169,195,-182,184,-194,172,-206,160,-217,146,-226,133,-235,119,-242,104,-250,89,-255,73,-259,57,-263,41,-265,25,-266,8,-266,-8,-265,-25,-263,-41,-259,-57,-255,-73,-250,-89,-242,-104,-235,-119,-226,-133,-217,-146,-206,-160,-194,-172,-182,-184,-169,-195,-155,-205,-141,-214,-125,-222,-110,-230,-94,-235,-77,-241,-61,-246,-43,-248,-26,-251,-9,-252]]]
110325	n	44.1432,24.2839,44.6368,24.7361	[[[441432,245100,12,-222,35,-219,59,-215,82,-209,103,-201,125,-190,144,-178,163,-165,179,-149,195,-132,208,-114,218,-95,229,-75,234,-54,240,-32,242,-11,242,11,240,32,234,54,229,75,218,95,208,114,195,132,179,149,163,165,144,178,125,190,103,201,82,209,59,215,35,219,12,222,-12,222,-35,219,-59,215,-82,209,-103,201,-125,190,-144,178,-163,165,-179,149,-195,132,-208,114,-218,95,-229,75,-234,54,-240,32,-242,11,-242,-11,-240,-32,-234,-54,-229,-75,-218,-95,-208,-114,-195,-132,-179,-149,-163,-165,-144,-178,-125,-190,-103,-201,-82,-209,-59,-215,-35,-219,-12,-222]]]
101554	p	110336
108435	r	42.4613,24.93,44.1325,26.7118	[[[424613,258700,22,-615,67,-613,111,-608,154,-599,197,-590,240,-576,280,-561,321,-543,359,-523,396,-500,431,-476,464,-449,496,-421,526,-391,552,-359,578,-325,599,-290,619,-254,636,-217,651,-179,662,-140,670,-100,677,-60,360,-11,6644,3622,-4237,7674,-104,-17,-234,16,-35,-175,128,-126,-10,-82,-118,-277,-141,-102,-220,-72,-57,-43,-459,-18,-84,23,-3,97,77,133,41,154,-13,87,46,177,-13,154,-51,53,-46,216,118,246,-15,343,103,-30,-41,-173,478,-115,0,-32,241,46,169,-42,-474,857,-1720,1496,-502,-357,4,-185,-18,-47,-57,-17,14,-304,-25,-75,-39,-35,-164,96,-54,-14,-25,-111,18,-118,239,-182,29,-128,200,-154,36,-107,85,-96,61,-122,209,-18,46,-437,61,-131,16,-192,59,-75,43,-17,5,-34,-41,-146,-10,-378,-83,-110,87,-151,38,-120,-3,3,7,-15,-216,60,-215,114,-332,4,-265,-41,102,-133,-15,-82,22,-52,-42,-25,-161,34,-19,-41,307,-271,5,-28,-89,-60,0,-28,272,-370,50,-118,-312,-107,-431,-533,-112,-202,-21,-88,115,-131,100,-227,-97,-162,-13,-80,-124,-106,18,-148,-42,-300,0,-1,0,-1,24,-124,388,-142,177,-106,159,-140,166,-196,136,-216,25,-85,137,-171,17,-122,164,-167,42,-130,-25,-86,21,-180,59,-155,2,-511,-156,332,-504,222,-106,118,-85,30,-149,-79,-132,35,-233,-146,-44,-405,5,-15,-3,-31,76,-187,96,-91,2,-75,-10,-34,-68,-73,255,-96,304,50,270,-78,73,62,113,174,122,-139,19,-232,33,-32,103,6,12,-17,-50,-350,68,-251,-74,-94,33,-80,-15,-98,22,-295,-169,-83,-155,-195,-145,45,-129,6,-167,-205,-92,91,-129,0,-70,-37,-16,-130,32,-188,-113,-60,-221,87,-103,-60,-274,-232,-173,-91,-426,-297,-75,33,-33,43,-64,-6,-318,130,-211,167,-59,-11,-140,-221,-59,-16,-81,129,-270,184,-366,113,-254,-191,-120,115,-181,82,-166,32,-57,63,25,69,89,38,87,133,55,219,5,228,63,140,150,113,152,8,8,205,167,337,101,129,130,64,-6,185,303,378,-7,50,107,296,-7,132,116,247,76,279,91,57,145,370,118,506,46,316,394,877,55,225,-53,8,-196,-94,-27,136,-158,71,21,266,67,170,-233,189,-57,74,23,64,99,61,334,314,9,31,-116,130,-204,72,-199,150,-119,162,-214,477,94,80,381,136,358,206,120,112,40,132,-52,56,-320,48,-327,-56,-180,20,-108,48,-237,183,-342,57,-149,58,-118,406,-42,78,-123,111,20,63,196,129,-7,25,-141,151,-57,188,-94,111,-384,214,-122,152,-86,58,-35,-20,-16,-154,-199,-492,95,-397,-35,-281,22,-64,72,-37,16,-71,-140,-162,-52,-362,-83,-137,29,-132,-170,13,-237,-32,-157,-51,-89,6,-180,112,-334,113,-223,-66,-226,-179,-264,67,-347,-110,-139,-117,-38,-146,-82,-152,39,-130,98,-91,40,-80,18,-191,-623,360,-106,94,-68,114,-348,277,-147,82,-198,21,-295,148,-86,69,-86,-28,-78,24,-145,196,-102,70,-83,10,-66,59,-47,-260,-67,-613,-22,-615]],[[426672,264317,452,-64,36,-135,-15,-75,-56,-84,-90,-50,-3,-59,421,-407,46,-93,238,-177,74,-87,280,-88,128,90,257,-97,361,47,40,31,102,-83,83,3,42,-26,401,48,175,-230,98,-68,108,2,40,23,195,130,27,76,138,9,189,126,115,7,341,169,221,44,172,80,169,46,46,0,590,-278,181,-32,202,-89,105,-3,155,71,82,84,80,172,47,243,22,19,74,5,200,-75,162,-17,277,20,579,141,53,-2,-3950,3434,-555,-269,-578,-325,-552,-359,-526,-391,-496,-421,-464,-449,-431,-476,-88,-111]]]
12495725	r	41.1965,18.2704,42.6622,19.2764	[[[411966,189300,15,-457,20,-195,121,-28,10,-16,222,-113,41,-8,95,-141,-12,-58,-53,-35,-30,-79,-35,-204,-156,-428,12,-46,139,-437,169,-428,198,-416,226,-403,23,-35,107,-39,39,19,104,103,62,20,15,-22,45,-48,59,-50,155,-66,76,-103,49,-124,16,-105,55,-63,362,-237,18,-65,6,-93,19,-85,53,-37,73,-9,46,-26,28,-43,24,-58,15,-534,67,-59,371,-290,390,-267,408,-241,423,-215,437,-189,395,-142,85,41,-6,179,121,71,4,101,159,84,53,109,-22,41,20,72,151,79,107,-42,-1,-60,113,-119,48,-242,144,-219,4500,3061,-5,5,-249,-35,-197,-1,-104,32,-54,148,3,75,229,290,54,114,16,114,-50,273,-43,109,-264,75,-63,55,-2,91,27,55,116,113,53,90,60,284,-20,35,-219,104,-6,50,77,36,15,57,-36,51,-110,57,61,86,-1,2,0,1,134,9,37,62,172,121,81,143,0,176,55,125,308,352,59,187,158,128,121,154,84,15,62,154,162,277,110,88,74,134,276,41,278,-71,57,107,150,135,50,100,157,-57,64,36,15,200,78,-22,155,32,237,-202,260,-30,308,-76,159,-132,14,38,-16,55,-64,41,3,71,-68,70,282,263,16,211,-32,81,26,89,-38,39,-10,102,-35,0,-32,74,-32,0,9,64,-64,215,-78,87,0,50,-50,48,-12,52,5,66,80,164,-9,28,-11535,443,-1155,-382,-194,-409,-169,-428,-139,-437,-109,-445,-79,-451,-47,-455,-15,-457]],[[425256,189700,9,-71,118,-129,-8,-68,-107,-221,-3,-72,71,-169,136,-84,76,-82,56,-142,0,-75,1018,1077,-3,93,-47,455,-33,190,-7,0,-50,-65,-37,0,-105,110,-121,43,-51,-22,-13,-37,43,-432,-55,-47,-70,-5,-180,54,-298,341,-6,4,176,-205,-252,-195,-257,-246]]]
103035	r	38.6302,22.1359,40.1504,23.7284	[[[386302,234983,10,-83,59,-218,38,-281,56,-394,128,-289,80,-138,8,-102,45,-21,4,20,74,-294,-1,-145,86,-173,28,-135,122,-152,75,-221,179,-194,184,-333,174,-219,125,-218,10,17,8,-23,36,-16,-25,41,21,29,-13,14,10,17,2,-6,-1,8,14,24,34,-24,19,18,-8,46,45,-18,0,-22,55,-44,-13,-113,44,-39,25,-83,25,-287,-20,-140,-57,-146,-85,-133,-111,-101,205,-425,146,-160,76,15,51,-46,56,-105,15,20,-64,76,-5,65,72,13,44,-22,-4,-35,101,-15,27,-13,92,-21,-5,-9,-9,-23,-27,8,16,-52,-41,28,36,-39,77,70,-30,3,0,10,53,-12,0,-24,39,-18,128,-27,29,4,70,-26,87,-159,27,-108,62,-100,81,-74,73,-29,70,-41,26,-122,89,-48,45,-96,13,-1,31,-55,104,-115,-59,-113,-78,-71,-96,-15,-107,61,0,5,-2,-4,0,1,-151,44,-2,3,27,-5,14,36,34,1,44,-29,0,26,-47,82,-114,93,-99,213,-76,52,-57,144,-57,21,-17,36,-43,22,-18,31,-120,63,-37,-6,-74,38,-1,-49,-17,-3,17,-20,-1,-64,516,-865,273,-282,278,-400,132,-281,69,64,85,-122,57,18,-66,79,-6,44,79,-22,11,18,27,-21,-10,-27,43,15,11,-18,112,73,0,-2,-238,-204,-26,-121,73,-157,195,-299,261,-560,277,-351,77,-134,69,-252,-16,-88,4,-73,-55,-419,79,-547,-129,-418,11,-287,245,44,1,2,-3,-25,22,-78,30,4,9,64,43,31,7,118,41,6,14,-31,55,13,65,-19,-8,194,-145,82,80,41,80,-28,53,72,99,-37,33,-71,-50,-103,6,-88,-155,-146,-27,-4,-20,-39,-63,-13,-28,-79,36,-3,22,-22,-50,-104,-44,6,39,68,-16,31,-54,-107,-28,32,-11,-21,-43,20,9,74,-56,-52,-11,-89,68,-16,7,-48,20,98,71,-25,16,-16,-66,-77,-7,-6,-4,0,2,-2,-48,-45,-2,11,-23,-28,0,-5,-8,-8,-71,-99,-102,-424,-329,-353,-74,-270,0,-410,-37,-146,-66,-107,-20,-66,140,14,57,138,62,0,-13,-127,5473,557,3309,1610,1527,742,147,365,213,651,167,662,119,672,72,677,24,680,-24,680,-72,677,-119,672,-167,662,-213,651,-258,637,-303,620,-345,600,-387,578,-427,553,-342,386,-8874,2568,-3671,-2301],[386706,233521,17,-30,-8,-4,-9,34]],[[388349,229663,76,-87,31,17,-61,36,-17,39,-29,-5]],[[388428,229565,45,-85,106,-63,44,19,-161,144,-34,-15]],[[388517,229621,61,-55,26,6,-37,42,-50,7]],[[388607,229569,16,-53,97,-23,45,-67,-42,80,-61,2,-55,61]],[[389213,229027,37,-167,132,-75,46,16,-38,54,12,18,-137,38,-39,62,12,23,5,-2,0,5,-3,0,10,20,-37,8]],[[391044,223638,7,-49,72,162,-79,-113]]]
410096	p	107968
109253	r	39.5345,19.5812,40.996,20.9979	[[[395345,206424,25,-121,65,-111,232,-209,79,-43,2,-14,79,-89,24,-2,36,58,57,-13,-33,-77,-12,-9,-1,0,-30,32,-65,-52,6,-23,-35,-6,-100,6,0,-74,197,-155,594,-906,271,-254,538,-393,25,-23,6,-30,41,-13,100,-91,155,-304,182,-81,199,-53,131,-59,141,-114,762,-441,0,-2,1,2,215,-124,175,-44,45,21,33,-13,58,70,-33,-21,19,31,-36,-10,-58,41,-17,91,-109,7,-42,19,-26,52,-93,4,-25,29,56,75,63,10,11,-4,427,-243,106,-37,-35,-1,-17,-17,15,-8,39,25,60,-21,16,-29,-10,-28,25,18,49,-25,-1,24,33,5,-63,-124,89,121,-77,-129,70,116,46,-14,33,38,60,1,-9,55,-35,31,11,28,101,34,272,-26,82,68,33,7,103,2,162,-73,318,-275,100,-59,3,-5,-9,-42,18,-19,-6,-67,68,-59,52,9,10,-4,85,-73,64,-99,20,-7,28,-38,48,-41,53,-106,103,-25,24,29,21,-28,-3,47,128,28,90,-42,46,6,120,-32,150,-98,3,-45,-49,-107,-18,-7,4,-47,49,-45,30,-2,-4,16,25,-13,221,-237,-4,-7,17,-7,35,-38,3,-2,49,-77,47,-34,42,6,10,-7,16,-40,-24,-6,10,-56,27,-37,120,-35,88,-5,69,-53,203,-112,184,-46,87,-10,128,-30,4,-16,163,-75,35,11,-63,39,2,2,58,-27,5,-7,23,-38,11,-8,210,-278,91,-48,88,-31,92,-136,90,-31,376,-218,304,-123,119,-107,60,-179,-125,-264,-10,-72,65,-63,310,-181,232,-322,6,-35,-56,-105,19,2,24,-111,111,-77,76,16,142,-60,5,-46,51,-124,3,-34,16,-11,13,-31,19,-31,-3,-46,38,-80,65,-35,10,-17,49,-38,27,-43,38,-8,36,-28,-11,23,29,-6,5,-54,87,12,100,-121,18,51,50,32,-8,29,-8,-22,-8,17,-66,-24,-87,80,31,-1,-160,85,-36,120,-38,26,2,22,62,66,62,14,91,-96,85,-15,258,40,76,37,154,-17,195,-123,460,-629,71,-218,26,-501,-62,-409,-231,122,-109,14,0,-62,243,-124,154,-151,160,1137,441,93,97,43,139,-16,136,31,76,52,104,29,98,90,190,56,55,44,45,114,194,183,63,19,106,142,-22,177,77,196,-85,180,-361,490,-119,42,-42,78,18,77,-148,92,-205,74,-130,18,-11,35,67,81,32,261,-46,88,-169,152,-125,169,-32,72,797,5697,-3059,138,25,76,72,15,83,107,45,185,181,81,129,350,276,205,149,19,295,-15,189,35,209,388,-7,99,-334,332,-325,-19,-431,87,-423,215,-406,83,-229,9,-108,-20,-168,-345,-157,-40,-51,-83,-68,13,-59,116,37,68,-28,70,37,73,10,135,70,133,86,29,-53,81,49,50,-24,56,71,70,6,105,75,51,3,26,-35,59,-52,0,-21,67,-75,-2,-30,66,21,63,-59,75,-65,25,-122,155,-35,0,-35,-35,-75,11,-347,133,-162,-13,-233,-78,-122,9,-239,73,1,-113,-120,-134,-76,-188,-127,-73,-146,-8,-14,41,47,280,-68,99,38,172,-79,54,-129,9,40,80,87,29,-6,78,198,9,-138,44,69,48,-45,22,25,18,-10,25,-20,26,-40,-13,-48,69,-43,10,-110,-20,-126,-97,-48,19,-20,-24,-21,29,-37,0,0,-29,50,-45,3,-63,109,-140,14,-59,-2,-74,-95,-149,-36,9,-30,55,-261,152,-254,-68,-80,-108,-177,-99,-90,10,-7,126,-30,24,-335,-70,-198,4,-259,40,-164,-11,-163,-57,-73,-134,-219,-8,-14,-40,33,-87,-35,-39,-116,-20,-129,-70,-68,-54,-48,-94,-53,-19,-196,54,-116,-50,-46,-141,14,-110,-26,-61,-52,-33,-59,-7,-106,37,-104,-54,-272,-43,-123,-56,-87,66,-35,71,-81,4,-87,-47,-42,-37,-44,-146,-243,-205,-50,-88,-145,-112,-81,-52,-119,-5,-20,-103,-193,-203,-91,-12,-121,29,-49,-27,-21,-47,19,-72,-11,-124,-62,-116,-47,-28,-131,24,-147,-80,-102,-216,-39,-261,-113,-92,-87,-50,-1106,50,-90,83,-45,-22,-27,-53,-199,9,-62,-18]],[[399954,202594,46,-70,111,-92,161,-88,433,-11,90,-65,182,-78,94,-75,112,-92,117,-33,106,-82,180,-68,203,-124,155,-53,20,9,-38,56,-30,5,-11,39,-35,-7,-166,73,-426,255,-57,62,-305,151,-277,83,-112,2,-41,29,-68,-13,-210,50,-128,68,-32,62,-74,7]],[[400369,202602,114,-12,183,-66,-54,56,-45,10,-10,9,-11,-2,14,-5,-38,9,-55,27,11,-18,-33,-1,-73,22,-3,-29]],[[401216,199818,50,-134,157,-108,39,-102,19,12,40,75,-57,42,-43,98,-91,79,15,28,-38,0,-6,-25,-37,37,-14,-18,-34,16]],[[401991,201658,54,-32,199,-43,24,1,14,33,-112,15,23,35,-36,3,-8,-39,-22,49,-14,-18,-27,26,-95,-30]],[[405764,197722,37,-45,95,-14,19,12,-97,59,-54,-12]],[[405948,197656,16,-20,26,5,13,64,-55,-49]],[[406896,197560,81,-52,41,54,-92,37,-7,38,-23,-77]],[[407033,196856,56,-37,-39,88,-17,-51]],[[407298,196802,69,73,49,-56,89,3,41,-31,38,13,-38,27,-181,58,-67,-87]]]
110619	r	42.6054,16.5006,43.2275,17.3844	[[[426054,169912,79,-266,206,-242,14,-89,6,-124,10,-43,32,-22,0,-56,-36,-92,27,-33,39,13,125,-114,42,10,183,85,248,129,-42,-22,1386,-4040,246,8,318,30,314,50,311,70,306,89,298,108,286,125,36,49,258,653,40,189,14,211,49,138,129,52,250,-45,401,-118,171,31,61,187,-4,15,-59,234,-91,153,-22,137,144,208,90,62,92,39,75,53,42,105,-13,130,-68,108,-103,78,-371,99,-115,91,-121,365,-211,390,-39,170,67,248,162,386,43,192,1,218,-57,221,-78,166,-41,161,59,208,210,396,57,203,-9,231,61,197,207,158,264,108,229,50,12,5,-105,141,-202,238,-218,224,-233,210,-247,195,-259,179,-271,162,-151,77,-3472,-3374,-16,1,-53,27,-186,123,-102,42,-20,14,-78,2,-116,37,-44,19,-61,47,-20,4,-28,-4,-57,-221,-60,-175,-102,-168,-52,-33,-67,-273]]]
102318	p	110336
101313	r	37.9272,30.1343,40.1496,32.1543	[[[379272,317355,343,-1111,-2,-3,-8,-95,72,-102,20,-64,1,-77,28,-18,2137,-6909,36,-206,-103,-189,151,17,29,10,2216,-7166,62,-9,1069,-90,10101,7672,-598,245,303,166,211,150,96,-82,93,-11,44,67,262,83,378,-17,1,0,17,-1,379,-97,192,-269,215,-243,409,-299,250,-74,226,28,120,52,251,163,-124,23,-216,164,-29,67,22,134,-22,277,67,147,12,141,-87,186,-156,79,-45,50,-19,98,29,135,-225,179,-129,198,-67,193,-169,186,-255,362,-545,390,-57,137,-380,526,-218,389,-84,63,-19,45,175,323,362,305,463,479,176,108,338,114,308,75,352,150,313,196,380,765,48,175,313,19,84,53,57,136,-7,184,60,201,440,387,318,187,401,98,125,74,239,-12,69,-60,160,-7,200,-58,35,75,43,2,69,366,-12,179,67,144,-55,119,77,125,-51,311,65,124,-268,265,-60,168,75,93,109,62,264,55,-5,120,88,150,-100,175,2,95,72,228,112,138,38,9,-9488,1603,-1945,-1537,-3393,-813,-6272,-1558,-558,-190,-244,-9,-324,-81]]]
104828	p	106297
102891	p	110336
110312	p	108410
109380	r	47.3016,27.1849,49.074,28.7037	[[[473016,277184,448,-553,598,-645,645,-610,688,-571,730,-529,766,-487,801,-441,832,-393,860,-345,882,-294,903,-243,919,-189,239,-35,5957,3949,222,-311,186,-135,84,-117,32,-100,284,-351,106,-95,28,-6,118,311,960,473,139,14,297,116,-128,36,-89,-45,-132,22,-20,55,17,-23,64,24,-174,59,-188,215,-18,46,26,24,-55,-19,-87,89,15,29,-32,26,-259,91,-48,-1,-258,-164,-144,-33,-94,-109,-42,-9,16,-14,-75,-118,54,33,18,-37,24,7,-40,39,3,39,105,95,73,-61,-41,-59,30,-68,-50,-49,-122,-54,-115,-7,36,-9,-14,-27,-51,72,24,42,23,-31,-29,175,20,92,66,172,58,81,48,25,-135,38,6,4,-20,40,-68,0,-74,-148,96,64,-5,-26,-47,-92,-42,-29,-32,-92,-85,-46,-78,-1,-55,50,-10,1,65,43,-143,-8,-44,17,-1,5,-55,31,-19,87,49,47,32,1,144,-65,4,-37,53,12,27,-12,19,-56,-5,153,-76,41,4,-2,-8,17,-9,34,-7,0,-40,85,110,8,48,24,0,-1,-26,-63,44,27,48,76,25,-2,-44,61,-17,108,12,35,60,40,-58,-36,7,22,-4,173,-51,-101,-73,-97,-96,-50,-46,16,-13,105,45,90,-7,62,-27,59,-59,36,-33,76,-14,-29,30,-41,-5,-15,-60,94,-52,-106,-94,-85,-10,-2,-80,98,47,141,57,66,-3,135,-136,108,55,-33,-20,31,-80,8,49,-15,-12,-14,0,15,-73,-63,-71,-168,-55,-48,-61,-4,95,151,39,125,6,161,49,39,48,104,-21,162,15,112,-25,39,28,118,129,105,39,-150,-21,-115,-93,-218,76,39,-99,-51,23,11,-82,-191,-17,-1,-22,-21,44,-53,132,-10,182,150,-81,26,-3,68,70,159,-22,49,39,87,130,122,42,-57,23,-70,-33,-81,-58,-81,-30,-140,6,-67,-42,-24,36,-39,11,2,11,-118,-15,-84,-70,-117,27,17,31,4,-41,-12,-11,-42,45,-27,324,231,135,208,-45,53,-62,0,-30,44,2,8,-29,45,24,143,72,151,21,21,70,-28,-64,35,19,58,-54,35,12,109,-54,20,-5,9,-402,355,-169,225,24,66,-71,-4,-9,12,-5,45,-185,69,-227,160,28,-73,-37,95,-87,70,-4,44,-118,69,-58,81,-27,82,-3,30,55,112,122,54,152,-19,9,26,14,-1,64,26,38,47,12,26,-6,-37,-30,-50,-59,-14,-7,-37,-47,-6,-64,-62,23,5,204,132,24,95,-20,13,2,4,5,62,-41,27,-120,22,-200,98,-88,23,-342,-11,-109,11,-342,137,-44,23,8,56,-66,75,-36,23,8,62,-67,104,-291,355,57,18,104,-31,-77,54,-97,-25,-12,14,-37,58,29,1,-30,1,-42,67,16,398,46,190,48,83,90,65,5,-65,23,-15,-12,89,22,-61,-3,35,21,-16,-29,-59,28,14,14,61,-74,71,-11,44,-50,25,-35,82,-307,299,-27,53,-441,289,360,-236,-420,410,-127,200,-51,236,7,118,36,151,92,197,128,131,-1,56,-46,74,-90,18,-54,-27,-4,3,-2,-6,-55,-28,2,-22,-13,12,-40,-143,-41,-30,28,167,129,57,10,35,38,0,-31,19,-42,-14,-87,40,-57,67,-1,193,-83,396,19,54,-39,8,-28,51,-258,105,-124,79,-236,220,-1776,-16,-1778,-16,-1778,-17,-1778,-16,-150,-2,22,93,-550,526,-193,348,-293,244,-135,478,-49,10,-11,-56,-47,-27,10,-120,-52,-85,20,-138,79,-35,33,-65,-7,-42,-48,-23,-27,-97,74,-85,-13,-184,34,-71,-5,-65,107,22,93,-91,102,-7,8,-52,53,-6,-8,-44,38,-16,12,-50,67,1,66,-36,14,-35,54,-9,79,-219,63,-79,-38,-35,10,-43,78,27,42,-24,-14,-61,90,-2,-25,-57,-66,10,-2,-30,102,-56,66,-10,12,-25,-45,-60,27,-57,-9,-61,25,-24,120,-3,22,-23,-53,-87,-65,-20,5,-65,60,-35,-47,-78,2,-90,61,-55,-6,-34,36,-34,-60,-77,127,-60,13,-33,78,-2,9,-98,41,-40,-68,-54,-47,-221,-68,-135,-88,-105,-565,-406,-348,-395,-231,-395,-179,-435,-91,-489,30,-44,466,-36,213,-40,0,-397,72,-334,67,-195,168,-300,-113,-325,-85,-128,-31,-282,-165,-513,11,-438,-5,-35,6,0,0,-1,-3187,-1094],[484699,283870,63,85,70,30,34,-11,0,-35,-100,-70,38,22,34,-29,-139,8],[484842,283861,49,52,162,-14,-4,-3,-166,-37,-41,2],[488087,277588,97,59,-8,-55,-89,-4],[488421,277305,107,70,40,52,12,-9,0,-37,-52,-43,-107,-33],[488506,276654,12,24,9,-31,-21,7]],[[486177,281516,65,59,-21,-59,134,172,148,123,-34,37,-18,-22,-151,0,130,-5,13,-35,-121,-77,65,23,-210,-216]]]
107692	n	41.3223,19.6339,41.7988,20.0338	[[[413223,198387,1,-9,34,-219,57,-215,79,-209,100,-201,121,-190,139,-178,158,-165,173,-149,188,-132,201,-114,212,-95,221,-75,227,-54,232,-32,234,-11,234,11,232,32,227,54,221,75,212,95,201,114,188,132,173,149,158,165,139,178,121,190,100,201,79,209,57,215,34,219,12,222,-12,222,-34,219,-57,215,-79,209,-100,201,-121,190,-139,178,-158,165,-161,139,-1875,-937,-17,-199,-35,-90,-38,-53,-87,-97,-38,-57,-90,5,-67,19,-83,56,-92,77,-58,37,-1424,-712]]]
