379252	r	32.1169,15.1191,32.9743,15.6168	[[[321169,153920,27,-69,120,-257,137,-248,153,-240,170,-229,184,-218,199,-206,212,-193,225,-178,236,-165,247,-149,256,-133,265,-116,272,-99,278,-82,283,-64,287,-46,289,-28,291,-9,291,9,289,28,287,46,283,64,278,82,272,99,265,116,256,133,247,149,236,165,225,178,212,193,199,206,184,218,170,229,153,240,137,248,120,257,103,264,84,270,66,274,47,279,29,280,9,282,-9,282,-22,218,-3824,0,-4,32,-26,62,-17,27,-30,28,-52,19,-162,-5,-116,-11,-272,-49,-95,-25,-66,2,-48,21,-63,49,-4,-29,20,-87,11,-14,11,-64,33,-29,-317,-165,-248,-952,-811,-40,-2,436,-2409,-1260,-51,-26]]]
365137	r	32.0413,15.3946,32.5327,16.0607	[[[320413,156400,10,-278,28,-277,46,-275,66,-271,83,-266,101,-261,119,-253,135,-246,151,-236,68,-91,2409,1260,2,-436,811,40,248,952,317,165,-33,29,-11,64,-11,14,-20,87,4,29,63,-49,48,-21,66,-2,15,4,-51,241,-4,6,1,8,-24,115,47,153,16,101,0,67,30,85,59,88,91,197,21,98,10,170,3,85,-13,1,-492,28,-655,3082,-223,-36,-279,-63,-275,-81,-269,-98,-261,-115,-253,-131,-244,-147,-234,-162,-221,-176,-210,-191,-196,-203,-182,-215,-168,-226,-151,-236,-135,-246,-119,-253,-101,-261,-83,-266,-66,-271,-46,-275,-28,-277,-10,-278]]]
379251	r	32.4311,15.6,32.8972,16.006	[[[324312,159927,510,-2402,492,-28,13,-1,-3,-85,-10,-170,-21,-98,-91,-197,-59,-88,-30,-85,0,-67,-16,-101,-47,-153,24,-115,-1,-8,96,-142,-92,137,51,-242,80,21,272,49,116,11,162,5,52,-19,30,-28,17,-27,26,-62,4,-32,3047,0,6,35,24,232,8,233,-8,233,-24,232,-39,229,-54,227,-70,223,-85,218,-99,212,-113,206,-127,198,-140,189,-152,180,-165,170,-175,159,-186,148,-195,136,-204,123,-212,110,-219,96,-225,82,-230,67,-234,53,-237,38,-239,23,-240,8,-240,-8,-239,-23,-237,-38,-234,-53,-38,-11]]]
369004	r	24.4467,11.6234,25.3134,12.4766	[[[244467,120500,9,-279,28,-278,46,-275,64,-272,83,-267,100,-262,117,-254,133,-246,150,-237,165,-227,180,-216,194,-204,207,-191,219,-177,231,-162,240,-148,250,-131,259,-116,265,-98,271,-81,277,-63,279,-46,283,-27,274,-9,2544,809,103,72,219,177,207,191,194,204,180,216,165,227,150,237,133,246,117,254,100,262,83,267,64,272,46,275,28,278,9,279,-9,279,-28,278,-46,275,-64,272,-83,267,-100,262,-117,254,-133,246,-150,237,-165,227,-180,216,-194,204,-207,191,-219,177,-231,162,-240,148,-250,131,-259,116,-265,98,-271,81,-277,63,-279,46,-283,27,-283,9,-283,-9,-283,-27,-279,-46,-277,-63,-271,-81,-168,-62,-2710,-3274,-25,-147,-28,-278,-9,-279]]]
377039	r	36.3185,18.7651,37.4726,20.475	[[[363185,196200,19,-559,58,-557,96,-552,134,-545,171,-535,208,-524,243,-509,279,-494,311,-475,344,-455,374,-432,403,-408,431,-383,456,-355,479,-326,501,-295,521,-264,537,-231,552,-197,565,-162,574,-127,582,-91,587,-55,590,-18,590,18,587,55,582,91,574,127,193,55,-34,57,-216,382,-133,181,-83,518,-136,418,-208,642,-89,366,-31,132,-244,323,4,69,53,131,0,67,-62,72,-91,53,-84,69,-37,120,-81,1031,-396,2125,-205,571,-160,259,-39,95,-16,84,16,188,-71,603,31,152,167,224,53,109,19,179,0,652,-58,338,-634,1585,-73,340,7,269,46,94,122,144,37,110,-4,67,87,215,66,164,-53,479,-54,327,-80,353,-236,585,-3,148,-72,405,75,710,-37,297,34,129,304,-41,97,95,22,66,-46,1,-590,-18,-587,-55,-582,-91,-574,-127,-565,-162,-552,-197,-537,-231,-521,-264,-501,-295,-479,-326,-456,-355,-431,-383,-403,-408,-374,-432,-344,-455,-311,-475,-279,-494,-243,-509,-208,-524,-171,-535,-134,-545,-96,-552,-58,-557,-19,-559]]]
372753	r	35.8877,14.6354,36.8652,16.2647	[[[358877,160952,1656,-10400,-516,-465,560,190,546,-3425,179,-66,525,-155,535,-121,542,-86,547,-53,549,-17,549,17,260,25,-69,572,-118,970,-67,553,-204,1675,-115,949,15,219,81,175,735,694,34,51,242,39,140,226,610,1817,103,67,282,94,-217,397,717,2637,277,232,-121,-9,193,193,268,428,480,1318,452,1243,125,344,-455,275,-484,251,-501,220,-514,188,-525,155,-535,121,-542,86,-547,53,-549,17,-549,-17,-547,-53,-542,-86,-535,-121,-525,-155,-514,-188,-501,-220,-484,-251,-467,-282,-446,-310,-13,-11]]]
379003	n	29.9893,12.9539,30.4507,13.4061	[[[299893,131800,12,-222,33,-219,55,-215,76,-209,97,-201,116,-190,135,-178,152,-165,168,-149,182,-132,194,-114,204,-95,213,-75,220,-54,224,-32,226,-11,226,11,224,32,220,54,213,75,204,95,194,114,182,132,168,149,152,165,135,178,116,190,97,201,76,209,55,215,33,219,12,222,-12,222,-33,219,-55,215,-76,209,-97,201,-116,190,-135,178,-152,165,-168,149,-182,132,-194,114,-204,95,-213,75,-220,54,-224,32,-226,11,-226,-11,-224,-32,-220,-54,-213,-75,-204,-95,-194,-114,-182,-132,-168,-149,-152,-165,-135,-178,-116,-190,-97,-201,-76,-209,-55,-215,-33,-219,-12,-222]]]
379062	r	35.0882,13.7551,35.6717,14.3249	[[[350883,140400,6,-186,19,-186,31,-184,43,-181,56,-179,67,-174,79,-170,90,-165,100,-158,112,-151,121,-145,130,-136,140,-127,147,-118,155,-109,162,-98,169,-88,174,-77,178,-66,183,-54,186,-42,188,-31,190,-18,191,-6,191,6,190,18,188,31,186,42,183,54,178,66,174,77,169,88,162,98,155,109,147,118,140,127,130,136,121,145,112,151,100,158,90,165,79,170,67,174,56,179,43,181,31,184,19,186,6,186,-6,186,-19,186,-31,184,-43,181,-56,179,-67,174,-79,170,-90,165,-100,158,-112,151,-121,145,-130,136,-140,127,-147,118,-155,109,-162,98,-169,88,-174,77,-178,66,-183,54,-186,42,-188,31,-190,18,-191,6,-191,-6,-190,-18,-188,-31,-186,-42,-183,-54,-178,-66,-174,-77,-169,-88,-162,-98,-155,-109,-147,-118,-140,-127,-130,-136,-121,-145,-112,-151,-100,-158,-90,-165,-79,-170,-67,-174,-56,-179,-43,-181,-31,-184,-19,-186,-6,-186]]]
371760	r	31.8886,12.3881,32.9707,13.6177	[[[318886,133140,1036,-5622,131,-206,300,-411,327,-390,352,-369,376,-345,399,-321,419,-294,437,-267,455,-238,469,-208,482,-178,493,-147,502,-115,508,-82,513,-49,515,-17,515,17,513,49,508,82,502,115,341,101,-1241,4673,101,130,220,340,123,288,101,35,204,95,194,114,182,132,168,149,152,165,135,178,116,190,97,201,76,209,55,215,33,219,12,222,-12,222,-33,219,-55,215,-76,209,-97,201,-116,190,-135,178,-152,165,-168,149,-182,132,-194,114,-204,95,-213,75,-220,54,-224,32,-226,11,-226,-11,-224,-32,-220,-54,-213,-75,-87,-41,-619,2329,-6841,-2684,-84,-353]]]
364103	n	33.2881,14.1739,33.7519,14.6261	[[[332881,144000,12,-222,33,-219,55,-215,77,-209,97,-201,117,-190,136,-178,152,-165,169,-149,183,-132,195,-114,206,-95,214,-75,221,-54,225,-32,227,-11,227,11,225,32,221,54,214,75,206,95,195,114,183,132,169,149,152,165,136,178,117,190,97,201,77,209,55,215,33,219,12,222,-12,222,-33,219,-55,215,-77,209,-97,201,-117,190,-136,178,-152,165,-169,149,-183,132,-195,114,-206,95,-214,75,-221,54,-225,32,-227,11,-227,-11,-225,-32,-221,-54,-214,-75,-206,-95,-195,-114,-183,-132,-169,-149,-152,-165,-136,-178,-117,-190,-97,-201,-77,-209,-55,-215,-33,-219,-12,-222]]]
380148	n	25.9009,11.2339,26.3591,11.6861	[[[259009,114600,11,-222,33,-219,54,-215,76,-209,96,-201,116,-190,134,-178,151,-165,166,-149,181,-132,193,-114,203,-95,212,-75,218,-54,222,-32,225,-11,225,11,222,32,218,54,212,75,203,95,193,114,181,132,166,149,151,165,134,178,116,190,96,201,76,209,54,215,33,219,11,222,-11,222,-33,219,-54,215,-76,209,-96,201,-116,190,-134,178,-151,165,-166,149,-181,132,-193,114,-203,95,-212,75,-218,54,-222,32,-225,11,-225,-11,-222,-32,-218,-54,-212,-75,-203,-95,-193,-114,-181,-132,-166,-149,-151,-165,-134,-178,-116,-190,-96,-201,-76,-209,-54,-215,-33,-219,-11,-222]]]
379555	n	25.1189,13.4039,25.5811,13.8561	[[[251189,136300,11,-222,34,-219,55,-215,76,-209,97,-201,117,-190,135,-178,152,-165,168,-149,182,-132,195,-114,205,-95,213,-75,220,-54,224,-32,227,-11,227,11,224,32,220,54,213,75,205,95,195,114,182,132,168,149,152,165,135,178,117,190,97,201,76,209,55,215,34,219,11,222,-11,222,-34,219,-55,215,-76,209,-97,201,-117,190,-135,178,-152,165,-168,149,-182,132,-195,114,-205,95,-213,75,-220,54,-224,32,-227,11,-227,-11,-224,-32,-220,-54,-213,-75,-205,-95,-195,-114,-182,-132,-168,-149,-152,-165,-135,-178,-117,-190,-97,-201,-76,-209,-55,-215,-34,-219,-11,-222]]]
366847	r	33.3319,12.5496,34.5424,13.701	[[[333319,130225,66,-279,116,-376,141,-367,166,-358,189,-347,211,-333,234,-320,254,-303,274,-287,292,-269,310,-249,326,-229,340,-207,354,-185,365,-163,375,-138,383,-114,390,-89,396,-64,398,-39,401,-13,401,13,398,39,396,64,390,89,383,114,375,138,365,163,354,185,340,207,326,229,310,249,292,269,274,287,254,303,234,320,211,333,189,347,166,358,141,367,116,376,91,383,65,387,40,391,13,393,-13,393,-40,391,-65,387,-91,383,-116,376,-141,367,-166,358,-189,347,-211,333,-234,320,-254,303,-274,287,-292,269,-310,249,-326,229,-340,207,-354,185,-283,126,-4417,-3565,-50,150,-47,30,-171,-75,-53,15,-683,-257,-356,-427,113,-443,-2742,-2213]]]
380174	r	33.4443,10.8875,35.3041,12.7096	[[[334443,117900,19,-590,59,-588,98,-583,136,-575,174,-565,211,-553,247,-538,283,-520,316,-502,349,-480,380,-457,410,-431,437,-403,463,-375,487,-344,509,-312,529,-278,546,-244,560,-208,574,-171,583,-135,592,-96,596,-58,599,-19,599,19,596,58,592,96,583,135,574,171,560,208,546,244,529,278,509,312,487,344,463,375,20,18,145,420,8,61,30,250,-127,205,-174,192,-97,271,28,217,1260,2741,38,196,-19,142,-6,46,-209,407,-72,205,18,409,-75,379,6,202,70,238,109,245,136,230,153,193,387,247,219,83,670,254,301,333,21,97,6,183,1,46,29,92,90,87,374,212,63,71,-66,392,-137,580,-176,571,-213,559,-250,543,-286,526,-320,507,-352,485,-384,461,-414,435,-442,408,-468,379,-492,347,-515,315,-534,281,-493,220,-11673,-3950,-225,-414,-250,-543,-213,-559,-80,-260,77,-28,-206,-541,-174,-565,-136,-575,-98,-583,-59,-588,-19,-590]]]
379303	n	22.2195,13.2239,22.7109,13.6961	[[[222195,134579,91,-168,354,-419,120,-229,-84,-417,-88,-113,127,-167,152,-165,168,-149,182,-132,194,-114,205,-95,214,-75,220,-54,224,-32,226,-11,226,11,224,32,220,54,214,75,205,95,194,114,177,129,1,-1,122,72,182,132,168,149,152,165,135,178,117,190,97,201,76,209,55,215,33,219,11,222,-11,222,-33,219,-55,215,-76,209,-97,201,-117,190,-135,178,-152,165,-168,149,-182,132,-194,114,-205,95,-214,75,-219,54,-225,32,-226,11,-100,-5,-100,5,-226,-11,-225,-32,-219,-54,-214,-75,-205,-95,-194,-114,-182,-132,-168,-149,-152,-165,-135,-178,-117,-190,-90,-188,-2,1,-7,-13,-97,-201,-77,-209,-55,-215,-33,-219,-7,-143]]]
368277	p	371760
379302	p	379303
367644	n	33.339,13.3439,33.801,13.7961	[[[333390,135700,11,-222,33,-219,55,-215,77,-209,97,-201,116,-190,135,-178,152,-165,168,-149,182,-132,195,-114,205,-95,213,-75,220,-54,225,-32,226,-11,226,11,225,32,220,54,213,75,205,95,195,114,182,132,168,149,152,165,135,178,116,190,97,201,77,209,55,215,33,219,11,222,-11,222,-33,219,-55,215,-77,209,-97,201,-116,190,-135,178,-152,165,-168,149,-182,132,-195,114,-205,95,-213,75,-220,54,-225,32,-226,11,-226,-11,-225,-32,-220,-54,-213,-75,-205,-95,-195,-114,-182,-132,-168,-149,-152,-165,-135,-178,-116,-190,-97,-201,-77,-209,-55,-215,-33,-219,-11,-222]]]
379149	n	32.7583,14.0239,33.2217,14.4761	[[[327583,142500,11,-222,33,-219,56,-215,76,-209,98,-201,116,-190,136,-178,153,-165,168,-149,183,-132,195,-114,205,-95,214,-75,221,-54,225,-32,227,-11,227,11,225,32,221,54,214,75,205,95,195,114,183,132,168,149,153,165,136,178,116,190,98,201,76,209,56,215,33,219,11,222,-11,222,-33,219,-56,215,-76,209,-98,201,-116,190,-136,178,-153,165,-168,149,-183,132,-195,114,-205,95,-214,75,-221,54,-225,32,-227,11,-227,-11,-225,-32,-221,-54,-214,-75,-205,-95,-195,-114,-183,-132,-168,-149,-153,-165,-136,-178,-116,-190,-98,-201,-76,-209,-56,-215,-33,-219,-11,-222]]]
8504621	r	24.3114,10.9291,25.7049,11.8352	[[[243114,112800,17,-535,54,-533,88,-528,123,-521,105,-342,5836,262,11,75,86,881,1055,1244,256,366,988,-3439,146,-439,5170,1524,-334,993,-1263,6544,-4117,-1309,-2544,-809,-5497,-1748,-21,-90,-88,-528,-54,-533,-17,-535]]]
378231	n	33.7899,17.6077,34.2258,17.9262	[[[337899,178191,58,-2,1171,102,113,-1329,132,-381,2676,-504,29,58,78,209,56,215,34,219,11,222,-11,222,-34,219,-56,215,-78,209,-99,201,-119,190,-138,178,-155,165,-171,149,-186,132,-199,114,-209,95,-218,75,-224,54,-229,32,-231,11,-231,-11,-229,-32,-224,-54,-218,-75,-209,-95,-199,-114,-186,-132,-171,-149,-155,-165,-138,-178,-41,-65]]]
378699	n	28.1998,12.4739,28.6602,12.9261	[[[281998,127000,11,-222,33,-219,55,-215,76,-209,97,-201,116,-190,134,-178,152,-165,168,-149,181,-132,194,-114,204,-95,213,-75,219,-54,223,-32,226,-11,226,11,223,32,219,54,213,75,204,95,194,114,181,132,168,149,152,165,134,178,116,190,97,201,76,209,55,215,33,219,11,222,-11,222,-33,219,-55,215,-76,209,-97,201,-116,190,-134,178,-152,165,-168,149,-181,132,-194,114,-204,95,-213,75,-219,54,-223,32,-226,11,-226,-11,-223,-32,-219,-54,-213,-75,-204,-95,-194,-114,-181,-132,-168,-149,-152,-165,-134,-178,-116,-190,-97,-201,-76,-209,-55,-215,-33,-219,-11,-222]]]
380173	r	32.1946,16.7005,35.9019,18.1987	[[[321946,179863,483,-271,-436,-1117,160,-108,1004,-2798,8579,-3195,1816,-124,2016,0,1801,-1006,172,1006,5611,434,583,588,1575,-654,1297,-677,1358,-1067,1841,-1169,724,-1703,694,-809,109,-188,5940,4017,1746,1858,-19646,3701,-132,381,-113,1329,-1171,-102,-3140,92,-746,0,-260,463,-259,1666,-584,709,-728,450,-1039,-244,-7673,662,-618,-1166,-415,-1062,-549,104]]]
373141	r	29.0724,10.3699,30.3676,11.5539	[[[290724,110100,14,-419,42,-416,69,-413,96,-408,123,-401,149,-392,175,-381,200,-370,224,-355,247,-341,268,-324,290,-305,309,-286,328,-266,344,-244,360,-221,374,-198,386,-172,396,-148,406,-122,413,-95,418,-68,421,-41,424,-14,424,14,421,41,418,68,413,95,406,122,396,148,386,172,374,198,360,221,344,244,328,266,309,286,290,305,268,324,247,341,224,355,200,370,175,381,149,392,123,401,96,408,69,413,42,416,14,419,-14,419,-42,416,-69,413,-96,408,-123,401,-149,392,-175,381,-200,370,-224,355,-247,341,-268,324,-290,305,-309,286,-328,266,-344,244,-191,117,-3269,-207,-49,-346,34,-119,0,-229,-342,99,-500,-188,-1756,-139,-126,411,-125,329,-1356,-86,-188,-152,-309,-286,-290,-305,-268,-324,-247,-341,-224,-355,-200,-370,-175,-381,-149,-392,-123,-401,-96,-408,-69,-413,-42,-416,-14,-419]]]
380129	n	32.0785,13.7739,32.5415,14.2261	[[[320785,140000,12,-222,33,-219,55,-215,77,-209,97,-201,117,-190,135,-178,152,-165,169,-149,182,-132,195,-114,205,-95,214,-75,220,-54,225,-32,227,-11,227,11,225,32,220,54,214,75,205,95,195,114,182,132,169,149,152,165,135,178,117,190,97,201,77,209,55,215,33,219,12,222,-12,222,-33,219,-55,215,-77,209,-97,201,-117,190,-135,178,-152,165,-169,149,-182,132,-195,114,-205,95,-214,75,-220,54,-225,32,-227,11,-227,-11,-225,-32,-220,-54,-214,-75,-205,-95,-195,-114,-182,-132,-169,-149,-152,-165,-135,-178,-117,-190,-97,-201,-77,-209,-55,-215,-33,-219,-12,-222]]]
377108	r	24.3236,10.0465,25.9719,11.3169	[[[243236,108600,18,-541,54,-538,89,-534,124,-527,159,-518,193,-507,226,-492,258,-478,289,-459,319,-440,347,-418,374,-395,400,-370,423,-344,444,-315,465,-286,483,-255,498,-223,513,-191,523,-157,533,-123,151,-24,50,103,109,294,12,58,3,62,-6,57,-31,103,-82,188,-16,50,-22,111,8,83,27,106,478,1023,43,0,16,74,56,-28,46,14,41,107,-6,64,58,24,157,46,126,49,47,-13,8,28,72,15,256,-21,115,19,242,93,57,2,117,-15,66,9,90,36,72,17,68,7,119,-20,55,-18,101,-44,57,-18,59,-10,60,-1,55,12,96,36,56,4,108,-15,58,1,54,9,186,87,51,15,118,13,64,1,120,12,102,33,95,43,148,50,114,21,121,11,402,-14,113,18,126,36,31,4,738,257,430,106,58,8,323,3,227,37,159,43,57,10,402,-16,81,9,88,24,210,102,447,116,108,11,38,-28,130,-161,282,448,258,478,226,492,193,507,159,518,39,165,-2739,4169,-3871,-1141,-1229,-362,-42,126,-9,26,-95,287,-988,3439,-256,-366,-1055,-1244,-86,-881,-11,-75,-5836,-262,-74,-3,-30,-125,-89,-534,-54,-538,-18,-541]]]
367308	r	31.4885,15.5548,35.3035,18.0551	[[[314885,174145,7822,-6665,14087,-11480,608,-452,4838,179,5760,8655,5035,-59,-287,773,-935,1085,-480,824,-109,188,-694,809,-724,1703,-1841,1169,-1358,1067,-1297,677,-1575,654,-583,-588,-5611,-434,-172,-1006,-1801,1006,-2016,0,-1816,124,-8579,3195,-1004,2798,-160,108,436,1117,-483,271,-1319,688,-5742,-6406]]]
374272	n	35.3671,15.1039,35.8329,15.5561	[[[353671,153300,12,-222,33,-219,56,-215,77,-209,97,-201,118,-190,136,-178,153,-165,170,-149,183,-132,196,-114,207,-95,215,-75,222,-54,226,-32,228,-11,228,11,226,32,222,54,215,75,207,95,196,114,183,132,170,149,153,165,136,178,118,190,97,201,77,209,56,215,33,219,12,222,-12,222,-33,219,-56,215,-77,209,-97,201,-118,190,-136,178,-153,165,-170,149,-183,132,-196,114,-207,95,-215,75,-222,54,-226,32,-228,11,-228,-11,-226,-32,-222,-54,-215,-75,-207,-95,-196,-114,-183,-132,-170,-149,-153,-165,-136,-178,-118,-190,-97,-201,-77,-209,-56,-215,-33,-219,-12,-222]]]
376450	r	28.7835,11.4408,30.5266,12.8738	[[[287835,119217,67,-401,131,-550,166,-540,202,-529,237,-514,270,-499,303,-479,334,-459,324,-388,3249,205,1356,86,125,-329,126,-411,1756,139,500,188,342,-99,0,229,-34,119,49,346,3269,207,3205,203,280,443,270,499,237,514,202,529,166,540,131,550,93,557,56,562,19,565,-19,565,-56,562,-93,557,-131,550,-166,540,-134,350,-10766,5114,-219,-65,-537,-199,-97,-43,-5213,-9214]]]
378459	p	380174
364706	n	30.9896,12.6839,31.4504,13.1361	[[[309896,129100,11,-222,33,-219,55,-215,76,-209,97,-201,116,-190,135,-178,152,-165,167,-149,182,-132,194,-114,204,-95,213,-75,220,-54,223,-32,226,-11,226,11,223,32,220,54,213,75,204,95,194,114,182,132,167,149,152,165,135,178,116,190,97,201,76,209,55,215,33,219,11,222,-11,222,-33,219,-55,215,-76,209,-97,201,-116,190,-135,178,-152,165,-167,149,-182,132,-194,114,-204,95,-213,75,-220,54,-223,32,-226,11,-226,-11,-223,-32,-220,-54,-213,-75,-204,-95,-194,-114,-182,-132,-167,-149,-152,-165,-135,-178,-116,-190,-97,-201,-76,-209,-55,-215,-33,-219,-11,-222]]]
363417	r	27.2089,16.2684,33.2831,22	[[[272089,191800,70,-2034,210,-2026,349,-2008,486,-1982,621,-1948,754,-1905,884,-1854,1009,-1795,1130,-1729,1247,-1654,1358,-1574,1463,-1485,1562,-1392,1655,-1291,1740,-1186,1818,-1074,1887,-960,1950,-840,1060,-379,21543,11461,5742,6406,12204,27257,-833,1273,-1247,1654,-1358,1574,-1463,1485,-1562,1392,-1655,1291,-1740,1186,-1818,1074,-1887,960,-597,257,-3453,0,-271,0,-592,0,16,46,-1786,0,-101,-56,-1355,0,-973,0,-975,1,-4866,0,-972,0,-3895,0,-1945,1,-2921,0,-974,1,-2696,0,-580,-250,-1887,-960,-1818,-1074,-1740,-1186,-1655,-1291,-1562,-1392,-1463,-1485,-1358,-1574,-1247,-1654,-1130,-1729,-1009,-1795,-884,-1854,-754,-1905,-621,-1948,-486,-1982,-349,-2008,-210,-2026,-70,-2034]]]
13132452	p	379303
372773	r	23.6236,11.7986,24.9775,13.2288	[[[236236,122149,105,-228,225,-415,253,-400,279,-382,304,-363,327,-344,349,-321,370,-299,389,-274,406,-248,422,-222,436,-194,448,-166,458,-136,466,-107,392,-64,2664,3218,2710,3274,2536,3063,-118,310,-198,428,-225,415,-253,400,-279,382,-304,363,-327,344,-349,321,-370,299,-389,274,-406,248,-422,222,-436,194,-448,166,-458,136,-466,107,-472,77,-477,46,-478,15,-478,-15,-477,-46,-472,-77,-65,-15,-2100,-4054,-428,-45,50,-118,-40,-65,-234,-219,-80,-155,-51,-262,307,-56,-2596,-5012]]]
370181	r	23.8429,13.319,27.3216,15.8596	[[[238429,145910,860,-1380,14945,-5630,-28,-79,1099,-39,-835,29,14924,-5621,3791,7190,31,920,-38,1131,-114,1127,-189,1116,-263,1103,-337,1083,-408,1059,-478,1031,-547,998,-612,961,-675,920,-736,875,-792,826,-846,774,-896,718,-943,659,-984,598,-1023,533,-1056,468,-1085,398,-1109,329,-1129,257,-1144,184,-1153,111,-1159,37,-1159,-37,-1153,-111,-1144,-184,-1129,-257,-1109,-329,-1085,-398,-1056,-468,-1023,-533,-984,-598,-943,-659,-896,-718,-846,-774,-792,-826,-736,-875,-675,-920,-612,-961,-547,-998,-478,-1031,-408,-1059,-296,-950]]]
363533	n	23.2396,12.6839,23.7004,13.1361	[[[232396,129100,11,-222,33,-219,55,-215,76,-209,97,-201,116,-190,135,-178,152,-165,167,-149,182,-132,194,-114,204,-95,213,-75,220,-54,223,-32,226,-11,226,11,223,32,220,54,213,75,204,95,194,114,182,132,167,149,152,165,135,178,116,190,97,201,76,209,55,215,33,219,11,222,-11,222,-33,219,-55,215,-76,209,-97,201,-116,190,-135,178,-152,165,-167,149,-182,132,-194,114,-204,95,-213,75,-220,54,-223,32,-226,11,-226,-11,-223,-32,-220,-54,-213,-75,-204,-95,-194,-114,-182,-132,-167,-149,-152,-165,-135,-178,-116,-190,-97,-201,-76,-209,-55,-215,-33,-219,-11,-222]]]
