2673730	r	17.5084,59.0831,18.7471,59.7381	[[[175084,594300,11,-108,1974,-747,552,-345,956,-2269,2416,1456,87,-14,1,23,114,27,5,13,35,6,6,8,-22,32,18,29,37,-8,13,9,6,-3,44,15,131,-38,289,-47,15,-15,137,-28,28,2,30,153,34,24,-194,-12,-39,24,-20,25,-41,9,-11,49,0,5,1057,121,-23,46,101,48,338,-2,0,68,-73,78,-95,79,-114,70,-128,46,154,98,161,75,175,42,198,-3,-19,-46,-29,-119,-20,-47,265,-63,834,63,134,-5,288,-46,125,-48,168,-47,164,18,159,43,160,23,397,12,169,20,147,52,76,152,-139,166,-315,89,-345,55,-226,69,195,-13,202,-44,171,0,115,124,-335,101,-348,105,-18,37,-39,133,-17,35,-258,122,-262,60,-578,22,107,-171,183,-96,398,-142,-478,0,54,-105,17,-34,270,-339,-118,-106,-133,-17,-300,48,53,31,100,74,57,32,-581,156,-716,64,-634,-131,-341,-430,-62,0,-74,129,-104,15,-237,-76,-106,0,-19,16,2,64,-225,97,-4,2,-217,108,-34,25,-14,23,-157,96,-114,14,-299,149,-349,173,-103,52,100,-21,17,-3,164,-66,54,-21,115,-19,4,0,110,17,330,113,-78,74,-17,33,56,-37,273,-33,222,213,21,37,-63,32,41,39,16,-5,137,32,222,112,126,-12,55,-61,44,-203,31,-84,-117,50,-124,8,-122,-19,-115,-39,293,-148,591,-97,597,-9,306,117,-200,12,-248,43,-162,86,58,138,-159,84,-183,53,137,24,271,-19,139,64,-341,136,0,68,759,-43,346,33,335,146,448,310,262,124,566,114,566,282,38,9,-176,169,-205,168,-226,162,-246,153,-265,145,-283,136,-300,126,-316,116,-329,105,-342,93,-354,82,-363,70,-371,58,-378,45,-43,4,-2462,-665,50,-157,-335,-9,-428,-32,-421,-54,-408,-75,-392,-95,-371,-114,-348,-132,-321,-149,-291,-165,-259,-178,-222,-190,-186,-201,-146,-209,-105,-215,-63,-219,-22,-222]],[[181053,593776,65,-50,7,-6,45,-77,58,-75,172,-82,255,-80,246,-22,220,31,103,103,-127,106,-58,35,200,-2,89,-11,165,21,-118,61,-859,122,-289,41,-69,-18,-91,-23,-14,-74]],[[183447,592993,521,-132,44,-20,868,101,-263,40,-1170,11]],[[185105,594831,40,-46,33,-44,13,-100,78,-94,94,-83,55,-92,36,-87,52,-59,58,-3,59,60,108,35,78,-11,-24,332,40,-84,87,-30,106,36,35,107,-109,201,55,-7,43,18,-9,51,51,5,151,-53,95,14,47,95,88,53,24,5,-61,136,-113,190,-78,106,-140,-26,-172,-68,-121,-87,-206,-122,-87,-78,-57,-77,27,-34,73,5,47,-14,34,-24,60,-4,69,11,12,-13,-60,-17,-66,-4,-54,-16,-34,-39,19,-46,-7,-9,-86,110,-107,26,-132,-5,-105,-41,-39,-79]],[[186380,593680,104,-84,48,-47,106,-79,122,-67,61,-91,15,-87,20,-56,575,67,40,83,-29,130,-25,59,-37,8,-67,23,-163,130,-91,43,-78,24,-70,1,-31,-24,-407,5,-93,-38]]]
2711537	n	11.6563,57.6533,12.3765,57.9361	[[[116563,578394,305,-18,211,-145,194,-201,245,-182,151,40,225,15,185,-22,25,-67,-89,-72,-952,-522,-24,-123,15,-113,143,-49,183,-2,138,27,-41,176,228,-14,508,-162,246,-27,285,0,277,29,216,66,-142,-160,-649,-38,-96,-211,48,-86,5367,1132,-42,91,-139,209,-176,201,-213,190,-245,178,-277,165,-306,149,-331,132,-354,114,-373,95,-389,75,-400,54,-408,32,-412,11,-412,-11,-408,-32,-400,-54,-389,-75,-373,-95,-125,-40,0,-33,-259,-53,-301,-120,-92,-45,98,-198,-131,-19,-124,-49,-221,-143]]]
2692969	r	12.8288,55.3494,13.4691,55.6773	[[[128288,554001,40,-175,146,-6,198,69,195,44,104,-11,133,-47,105,-11,117,16,147,82,110,39,209,32,208,-32,86,-32,163,-86,59,-19,110,-10,197,-41,540,-10,1463,-309,21,7,294,103,280,115,267,124,252,135,237,143,219,152,201,159,182,167,120,128,-4087,2046,10,-28,-34,-138,-85,-136,-90,-96,-6,3,-45,-14,-65,23,-71,-5,-6,-3,11,-13,58,7,2,-4,-17,-2,17,1,1,-8,-3,-5,-134,-10,-18,47,-153,-16,-50,-25,-25,-23,7,-38,-19,-6,30,-19,-12,-22,50,4,9,11,32,-7,184,13,14,-16,10,8,-22,11,32,2,12,-16,-9,-7,4,0,-27,-12,-8,8,-58,3,-5,-5,-212,-14,38,-35,95,-18,-25,-11,-75,14,-5,-12,57,-11,-31,-13,-12,7,6,-10,-25,-10,-1,0,-16,15,-2,22,-7,-3,-19,30,-18,-5,13,2,17,-40,-11,-2,-13,37,-28,2,-10,25,-69,-13,-64,-47,16,-43,-3,-34,-25,-26,-184,-62,-134,-6,7,-8,-9,-6,-43,0,13,15,32,4,-32,-2,-36,-37,-12,3,-3,-5,16,-5,-5,-8,-51,-47,-21,9,54,60,13,27,-24,-25,-38,-7,-31,-17,-51,-57,35,-8,23,22,13,0,37,-20,-31,5,4,-8,9,2,-4,-9,-23,13,-2,-11,-9,5,-19,-12,-56,-2,-36,-19,3,-6,43,25,39,-4,2,-7,-30,-21,-42,8,69,-16,-48,-34,13,-2,-38,-53,2,-22,33,-22,74,-6,4,31,39,15,6,0,-92,-245,110,-272,473,-450,99,-271,-128,63,-97,1,-32,-64,58,-130,-129,-99,-232,-62,-251,-8,-179,63,-88,71,-61,30,-56,6,-68,-1,-306,-348]]]
2666199	n	17.1926,59.6339,18.0873,60.0861	[[[171927,598600,22,-222,64,-219,107,-215,148,-209,187,-201,226,-190,262,-178,294,-165,326,-149,352,-132,377,-114,396,-95,414,-75,425,-54,435,-32,438,-11,438,11,435,32,425,54,414,75,396,95,377,114,352,132,326,149,294,165,262,178,226,190,187,201,148,209,107,215,64,219,22,222,-22,222,-64,219,-107,215,-148,209,-187,201,-226,190,-262,178,-294,165,-326,149,-352,132,-377,114,-396,95,-414,75,-425,54,-435,32,-438,11,-438,-11,-435,-32,-425,-54,-414,-75,-396,-95,-377,-114,-352,-132,-326,-149,-294,-165,-262,-178,-226,-190,-187,-201,-148,-209,-107,-215,-64,-219,-22,-222]]]
2694762	n	15.1913,58.1839,16.0448,58.6361	[[[151913,584100,20,-222,62,-219,102,-215,142,-209,180,-201,216,-190,251,-178,283,-165,311,-149,338,-132,361,-114,380,-95,397,-75,408,-54,416,-32,420,-11,420,11,416,32,408,54,397,75,380,95,361,114,338,132,311,149,283,165,251,178,216,190,180,201,142,209,102,215,43,153,-1903,1561,-1082,887,-19,4,-408,54,-416,32,-420,11,-420,-11,-416,-32,-408,-54,-397,-75,-380,-95,-361,-114,-338,-132,-311,-149,-283,-165,-251,-178,-216,-190,-180,-201,-142,-209,-102,-215,-62,-219,-20,-222]]]
2686657	n	14.7705,59.0439,15.6495,59.4961	[[[147705,592700,21,-222,64,-219,104,-215,146,-209,184,-201,222,-190,257,-178,289,-165,320,-149,346,-132,370,-114,390,-95,406,-75,419,-54,426,-32,431,-11,431,11,426,32,419,54,406,75,390,95,370,114,346,132,320,149,289,165,257,178,222,190,184,201,146,209,104,215,64,219,21,222,-21,222,-64,219,-104,215,-146,209,-184,201,-222,190,-257,178,-289,165,-320,149,-346,132,-370,114,-390,95,-406,75,-419,54,-426,32,-431,11,-431,-11,-426,-32,-419,-54,-406,-75,-390,-95,-370,-114,-346,-132,-320,-149,-289,-165,-257,-178,-222,-190,-184,-201,-146,-209,-104,-215,-64,-219,-21,-222]]]
2675408	p	2673730
602150	r	19.6055,63.5945,20.908,64.1206	[[[196055,638300,14,-190,42,-189,69,-188,98,-185,124,-182,151,-178,177,-173,201,-168,227,-162,249,-154,272,-147,293,-139,312,-130,331,-121,155,-49,27,46,73,40,361,93,147,75,145,-6,782,-168,-171,204,-23,112,89,133,145,94,190,66,201,28,185,-17,63,-29,39,-43,68,-99,108,-49,117,17,116,43,103,24,659,25,234,-25,-68,227,101,246,188,215,195,132,22,-121,-40,-141,-74,-140,-83,-114,7,-107,117,-114,159,-70,128,22,101,246,-14,611,88,139,134,-39,135,-114,93,-132,6,-94,-88,-147,12,-122,102,-85,182,-31,112,35,113,87,95,113,60,112,-5,62,-70,218,17,88,32,51,7,51,-56,83,233,-64,189,110,476,498,43,-10,216,-122,94,-80,22,-91,-100,-105,118,-59,109,17,82,82,32,131,476,239,176,-13,129,-64,212,-233,104,-19,128,94,215,235,-161,-12,-150,16,-80,65,49,136,99,58,446,11,479,198,93,92,187,324,198,337,165,147,33,10,-179,149,-227,162,-249,154,-272,147,-293,139,-312,130,-331,121,-349,111,-363,100,-378,90,-390,78,-401,67,-410,55,-417,44,-423,30,-426,19,-428,6,-428,-6,-426,-19,-423,-30,-417,-44,-410,-55,-401,-67,-390,-78,-378,-90,-363,-100,-349,-111,-331,-121,-312,-130,-293,-139,-272,-147,-249,-154,-227,-162,-201,-168,-177,-173,-151,-178,-124,-182,-98,-185,-69,-188,-42,-189,-14,-190]],[[208392,637676,127,41,116,18,97,-28,77,-100,-74,-67,235,99,50,94,59,161,-33,41,-397,33,-257,-292]]]
2664454	n	16.1058,59.4795,16.9941,59.8461	[[[161059,596200,22,-222,64,-219,106,-215,146,-209,187,-201,34,-29,31,-1,7303,-308,23,-1,217,149,224,190,187,201,146,209,106,215,64,219,22,222,-22,222,-64,219,-106,215,-146,209,-187,201,-224,190,-259,178,-293,165,-323,149,-350,132,-374,114,-394,95,-410,75,-423,54,-431,32,-435,11,-435,-11,-431,-32,-423,-54,-410,-75,-394,-95,-374,-114,-350,-132,-323,-149,-293,-165,-259,-178,-224,-190,-187,-201,-146,-209,-106,-215,-64,-219,-22,-222]]]
2676209	p	2673730
2702979	n	13.7388,57.5539,14.5812,58.0061	[[[137388,577800,20,-222,61,-219,100,-215,140,-209,176,-201,213,-190,246,-178,278,-165,306,-149,332,-132,354,-114,374,-95,389,-75,401,-54,409,-32,413,-11,413,11,409,32,401,54,389,75,374,95,354,114,332,132,306,149,278,165,246,178,213,190,176,201,140,209,100,215,61,219,20,222,-20,222,-61,219,-100,215,-140,209,-176,201,-213,190,-246,178,-278,165,-306,149,-332,132,-354,114,-374,95,-389,75,-401,54,-409,32,-413,11,-413,-11,-409,-32,-401,-54,-389,-75,-374,-95,-354,-114,-332,-132,-306,-149,-278,-165,-246,-178,-213,-190,-176,-201,-140,-209,-100,-215,-61,-219,-20,-222]]]
2706767	n	12.5158,55.8569,13.0921,56.2695	[[[125158,562535,6,-13,244,-297,38,-93,91,-317,109,-98,376,-485,73,-67,885,-650,66,-108,42,-194,107,-91,154,-60,174,-96,77,-134,47,-184,61,-164,129,-70,68,-20,80,-46,64,-55,27,-47,8,-145,24,-79,105,-155,295,-210,295,-88,1081,419,125,78,235,178,202,190,169,201,133,209,96,215,58,219,19,222,-19,222,-58,219,-96,215,-133,209,-169,201,-202,190,-235,178,-266,165,-292,149,-317,132,-338,114,-357,95,-121,24,-44,-114,-129,-137,-176,-81,-193,-16,-420,28,-82,-11,-140,-46,-86,-11,-82,21,-149,94,-79,22,-76,32,-125,146,-74,33,-506,122,-224,-31,-372,-75,-203,-54]]]
2688368	n	15.7534,58.3639,16.6109,58.8161	[[[157534,586202,3005,-2464,10,-2,410,-54,419,-32,422,-11,422,11,419,32,410,54,398,75,382,95,363,114,340,132,313,149,284,165,99,70,-747,212,-357,27,288,85,983,-178,21,-7,182,159,181,201,143,209,102,215,62,219,21,222,-21,222,-39,140,-871,-16,-132,63,-507,151,-141,21,-114,-87,-70,-145,-54,-158,-68,-125,-90,-42,-125,-8,-112,36,-49,85,5,134,-5,35,-41,11,-215,141,-120,33,-134,-29,-144,-116,-208,-87,-452,122,-201,-73,-60,105,-102,27,-122,-21,-125,-36,0,62,186,29,421,-51,150,22,66,86,-44,87,-107,68,-127,32,0,75,3452,-220,180,-11,-45,94,-143,209,-181,201,-217,190,-252,178,-284,165,-313,149,-340,132,-363,114,-382,95,-398,75,-410,54,-419,32,-422,11,-422,-11,-419,-32,-410,-54,-398,-75,-382,-95,-363,-114,-340,-132,-313,-149,-284,-165,-252,-178,-217,-190,-181,-201,-143,-209,-102,-215,-40,-139]]]
2704620	p	2673730
2693678	r	12.8803,55.4809,13.672,55.9831	[[[128803,558569,110,-33,347,-195,127,-436,-22,-131,-46,-79,-81,-42,-125,-14,113,-144,186,-42,246,9,86,-197,185,-7,186,26,149,-160,141,-70,144,-114,55,-167,3924,-1964,50,18,256,104,244,114,230,122,216,130,200,139,183,145,167,152,149,158,130,163,111,167,92,171,71,175,52,176,30,178,11,179,-11,179,-30,178,-52,176,-71,175,-92,171,-111,167,-130,163,-149,158,-167,152,-183,145,-200,139,-216,130,-230,122,-244,114,-256,104,-268,95,-278,84,-288,74,-295,63,-302,52,-307,40,-311,29,-314,18,-155,3,-3257,-1262]]]
604490	n	21.6168,65.402,22.6414,65.8061	[[[216168,655800,26,-222,78,-219,130,-215,179,-209,228,-201,274,-190,318,-178,358,-165,395,-149,103,-32,252,55,300,111,76,-109,185,-49,207,13,145,77,7,97,-70,96,-36,103,99,120,239,-197,151,-69,164,-7,141,59,72,93,52,119,75,138,-270,99,-575,325,-254,-14,82,-20,205,-111,-225,-55,-277,119,-467,340,212,16,1365,-194,271,76,93,-1,92,-60,91,-47,98,36,55,74,8,39,20,26,91,35,278,42,560,3,261,92,-196,-4,-133,44,-224,164,-151,88,-139,53,-660,141,-825,339,-1223,295,-601,257,-236,410,140,-82,314,-89,132,-77,207,-191,93,-55,150,-58,621,-91,340,-167,423,-49,151,-68,300,-177,752,-136,1018,-316,283,-31,-59,142,123,64,119,-17,236,-110,218,-49,298,-26,198,-66,170,-128,184,-81,237,71,-104,202,-72,98,-64,42,-390,57,-224,67,-103,86,68,87,444,149,-41,62,-545,112,74,62,-89,82,-158,98,-155,43,-82,-87,47,-93,245,-139,50,-103,-185,-200,-379,3,-735,123,729,15,228,59,-127,195,-69,85,-77,55,79,85,26,77,-28,67,-77,51,239,85,264,-7,215,-115,102,-243,112,52,120,27,125,6,127,-10,-114,278,-148,160,-223,79,-662,63,-235,52,-196,96,-210,159,354,-10,409,-168,405,-79,346,257,-150,101,-150,216,-23,19,-106,16,-517,54,-528,32,-532,11,-532,-11,-528,-32,-517,-54,-502,-75,-482,-95,-457,-114,-428,-132,-395,-149,-358,-165,-318,-178,-274,-190,-228,-201,-179,-209,-130,-215,-78,-219,-26,-222]],[[221426,654458,57,-112,53,-42,478,-49,93,-23,92,-33,118,-18,15,58,-15,76,-45,52,-104,53,-102,82,6,59,81,39,-51,58,-362,85,-174,1,-93,-57,-1,-103,-31,-39,-15,-87]],[[221868,655378,64,-120,256,-190,470,-250,143,-36,54,10,-20,39,-108,81,-22,57,3,33,35,11,-38,85,83,35,144,-19,146,-47,133,-65,116,-86,114,-12,141,47,5,89,-224,89,-95,77,-82,34,-73,-11,-79,1,-770,209,-150,12,-134,-31,-112,-42]],[[222852,654316,97,-34,808,25,122,30,225,76,74,86,-97,54,-172,42,-200,0,-188,-102,-196,-63,-112,39,-46,53,-103,32,-116,-25,-84,-103,-12,-110]],[[225291,655762,44,-84,58,-41,303,-87,67,-8,-43,34,34,6,114,-31,106,-12,88,36,60,63,17,76,75,47,161,36,39,94,-156,43,-478,-106,-173,-20,-143,10,-105,-4,-68,-52]],[[225530,655301,146,-132,208,-48,163,-18,96,16,29,56,-67,65,-156,43,-83,7,-94,41,-183,52,-59,-82]],[[225545,656054,41,-44,116,-62,189,-11,154,66,-94,127,-270,-5,-136,-71]]]
2707953	n	17.8405,58.95,18.5609,59.2942	[[[178406,590052,214,-100,345,-132,369,-114,280,-68,160,228,259,194,153,169,-159,157,110,63,119,5,249,-68,-20,46,-33,116,-20,49,530,-14,125,48,212,240,88,67,132,36,333,19,122,54,123,94,139,54,153,20,165,-9,0,-63,-70,-27,-67,-35,137,-68,-134,-59,-278,-87,-133,-59,296,35,937,238,-49,83,-79,46,-100,12,-112,-16,174,107,362,105,377,60,216,-25,112,-53,99,39,72,96,27,117,-44,94,-107,5,-264,-62,0,69,51,33,29,31,22,33,35,39,-192,-63,-94,81,-54,123,-71,64,-146,10,-212,38,-159,74,2,120,220,18,911,-391,-145,182,-241,153,-270,105,-235,38,-584,171,-40,79,-1057,-121,0,-5,11,-49,41,-9,20,-25,39,-24,194,12,-34,-24,-30,-153,-28,-2,-137,28,-15,15,-289,47,-131,38,-44,-15,-6,3,-13,-9,-37,8,-18,-29,22,-32,-6,-8,-35,-6,-5,-13,-114,-27,-1,-23,-87,14,-2416,-1456,-171,-779]],[[180505,589671,1,-62,61,-15,153,61,149,97,78,28,43,8,185,-114,136,-27,136,44,55,78,-15,89,5,86,-34,100,23,9,113,-76,83,-4,70,42,79,-22,76,-54,44,41,37,117,-62,23,-67,-5,-47,-23,-20,22,370,87,9,44,-445,28,-227,-17,-241,-49,-218,20,-107,-49,-99,-86,-31,-66,18,-59,-57,-36,-107,-21,-66,-59,-60,-145,-21,-35]],[[182389,589500,283,36,405,75,389,95,93,29,12,35,-63,27,-293,-106,-158,-37,-62,-27,-91,-15,-139,2,-146,-18,-230,-96]],[[183413,590334,31,-77,111,-99,110,-67,102,-22,95,2,48,36,50,-1,93,-20,83,31,63,53,47,46,29,41,20,61,0,64,34,49,30,67,202,74,278,255,34,23,28,44,-16,56,-31,26,0,80,-61,110,-133,7,-151,-53,-171,-78,-184,-113,-406,-145,-32,-48,72,-31,-25,-67,-101,-60,-91,-19,-60,9,-13,-39,83,-75,35,-62,-83,-25,-73,4,-47,-37]],[[184012,592841,119,-53,49,-51,91,-128,33,-26,379,-62,521,-234,312,-28,93,65,-16,32,-52,76,-217,-13,-151,71,-12,223,230,-113,29,-4,-155,170,-165,141,-220,35,-868,-101]]]
2712414	r	16.5287,60.3685,17.6589,60.9715	[[[165287,606700,13,-197,40,-196,65,-195,91,-192,116,-189,141,-185,165,-179,188,-174,212,-168,233,-160,253,-153,274,-144,292,-134,309,-126,325,-114,340,-105,352,-93,365,-81,374,-70,383,-57,389,-45,395,-32,398,-19,400,-7,400,7,398,19,395,32,389,45,383,57,374,70,365,81,352,93,340,105,325,114,309,126,292,134,274,144,253,153,233,160,83,65,-183,64,-134,209,-34,108,-145,224,-31,146,73,44,356,111,122,87,-134,103,-371,118,-143,90,-191,85,-279,13,-1333,-113,-180,-57,-156,-78,-36,-5,-167,-24,-204,15,-158,57,0,69,409,136,-544,238,-221,47,10,3,10,27,-26,36,19,18,-63,14,-29,-36,-37,1,-17,14,-50,4,-118,86,-200,33,-104,-12,-223,-51,-119,-12,-67,22,-4,47,49,46,235,45,375,138,269,163,324,90,122,70,120,146,-49,34,-154,-6,-190,31,-133,84,-9,85,26,103,-26,131,-71,41,-85,-20,-73,5,-38,117,26,54,70,42,90,27,81,13,-359,570,-46,45,-88,21,-161,-52,-29,31,-88,122,-27,68,27,124,-77,23,-177,10,-215,112,-7,40,12,121,21,66,-208,4,-400,-7,-398,-19,-395,-32,-389,-45,-383,-57,-374,-70,-365,-81,-352,-93,-340,-105,-325,-114,-309,-126,-292,-134,-274,-144,-253,-153,-233,-160,-212,-168,-188,-174,-165,-179,-141,-185,-116,-189,-91,-192,-65,-195,-40,-196,-13,-197]]]
2719111	p	2673730
2720501	n	12.5195,57.4939,13.3605,57.9461	[[[125195,577200,20,-222,61,-219,100,-215,139,-209,176,-201,213,-190,245,-178,278,-165,305,-149,332,-132,354,-114,373,-95,388,-75,401,-54,408,-32,412,-11,412,11,408,32,401,54,388,75,373,95,354,114,332,132,305,149,278,165,245,178,213,190,176,201,139,209,100,215,61,219,20,222,-20,222,-61,219,-100,215,-139,209,-176,201,-213,190,-245,178,-278,165,-305,149,-332,132,-354,114,-373,95,-388,75,-401,54,-408,32,-412,11,-412,-11,-408,-32,-401,-54,-388,-75,-373,-95,-354,-114,-332,-132,-305,-149,-278,-165,-245,-178,-213,-190,-176,-201,-139,-209,-100,-215,-61,-219,-20,-222]]]
2663536	n	14.399,56.6539,15.221,57.1061	[[[143990,568800,20,-222,59,-219,98,-215,136,-209,172,-201,208,-190,240,-178,271,-165,299,-149,324,-132,345,-114,365,-95,380,-75,391,-54,399,-32,403,-11,403,11,399,32,391,54,380,75,365,95,345,114,324,132,299,149,271,165,240,178,208,190,172,201,136,209,98,215,59,219,20,222,-20,222,-59,219,-98,215,-136,209,-172,201,-208,190,-240,178,-271,165,-299,149,-324,132,-345,114,-365,95,-380,75,-391,54,-399,32,-403,11,-403,-11,-399,-32,-391,-54,-380,-75,-365,-95,-345,-114,-324,-132,-299,-149,-271,-165,-240,-178,-208,-190,-172,-201,-136,-209,-98,-215,-59,-219,-20,-222]]]
2676176	n	17.1814,58.974,17.8577,59.4187	[[[171814,592000,21,-222,63,-219,105,-215,145,-209,184,-201,221,-190,257,-178,289,-165,319,-149,345,-132,369,-114,390,-95,405,-75,417,-54,426,-32,341,-9,32,66,71,217,102,157,-171,140,17,191,43,214,-94,212,200,58,164,85,136,115,120,152,-142,341,108,-66,112,-89,91,-106,36,-114,-48,-134,-201,-226,-29,-146,355,-235,92,-45,107,62,51,146,15,311,50,97,118,83,135,32,107,-53,3,-116,-130,-238,25,-44,17,-136,5,-302,-51,-307,-142,-149,0,-74,5,-10,53,6,405,75,390,95,138,43,0,3,171,779,-956,2269,-552,345,-1961,742,-181,-23,-405,-75,-390,-95,-369,-114,-345,-132,-319,-149,-289,-165,-257,-178,-221,-190,-184,-201,-145,-209,-105,-215,-63,-219,-21,-222]],[[176257,589740,373,10,375,29,20,69,48,86,-10,150,-54,164,-68,142,-74,114,-91,62,-46,10,-40,13,-33,59,-26,72,-109,-5,-83,-102,29,-275,-6,-104,19,-59,-21,-80,-96,-118,-96,-163,-11,-74]]]
2708365	n	12.5731,56.4439,13.2687,56.8961	[[[125731,568309,252,-99,21,-111,-57,-219,210,-379,157,-161,179,-88,150,-109,61,-222,95,-125,519,-326,150,-28,156,-9,158,9,398,83,241,14,297,-44,143,-123,177,-442,306,-459,43,-198,-53,-208,-130,-212,-159,-183,-144,-117,-486,-109,185,-5,401,11,396,32,389,54,378,75,363,95,344,114,322,132,297,149,269,165,239,178,207,190,171,201,135,209,98,215,59,219,19,222,-19,222,-59,219,-98,215,-135,209,-171,201,-207,190,-239,178,-269,165,-297,149,-322,132,-344,114,-363,95,-378,75,-389,54,-396,32,-401,11,-401,-11,-396,-32,-389,-54,-378,-75,-363,-95,-344,-114,-322,-132,-276,-139]],[[126950,564634,86,-23,378,-75,389,-54,396,-32,20,-1,-1082,225,-187,-40]]]
2698691	p	2673730
2715953	n	16.0692,59.1439,16.9508,59.5104	[[[160692,593700,21,-222,64,-219,105,-215,146,-209,185,-201,222,-190,258,-178,290,-165,321,-149,347,-132,371,-114,391,-95,407,-75,420,-54,428,-32,432,-11,432,11,428,32,420,54,407,75,391,95,371,114,347,132,321,149,290,165,258,178,222,190,185,201,146,209,105,215,64,219,21,222,-21,222,-64,219,-105,215,-146,209,-185,201,-35,30,-7303,308,-214,-148,-222,-190,-185,-201,-146,-209,-105,-215,-64,-219,-21,-222]]]
2675397	p	2673730
2701713	n	15.1867,56.0743,15.9846,56.3861	[[[151867,561600,5,-51,52,-20,421,43,393,140,215,172,214,-251,59,-97,-79,-2,-194,-60,120,-56,137,-22,446,15,45,38,3,65,63,97,167,140,106,47,142,17,151,-26,107,-61,83,-68,75,-49,202,-93,49,39,17,156,63,50,420,121,379,179,136,26,98,-51,-39,-113,-94,-117,-70,-61,162,-142,197,88,197,164,167,89,76,-20,144,-91,122,-20,93,-29,51,-54,57,-30,111,45,176,-175,255,-5,495,112,203,-85,-78,-194,-300,-336,280,-86,184,-98,166,-16,227,163,577,720,169,127,356,187,-87,195,-133,209,-169,201,-204,190,-236,178,-265,165,-294,149,-317,132,-340,114,-358,95,-372,75,-384,54,-392,32,-395,11,-395,-11,-392,-32,-384,-54,-372,-75,-358,-95,-340,-114,-317,-132,-294,-149,-265,-165,-236,-178,-204,-190,-169,-201,-133,-209,-96,-215,-58,-219,-20,-222]],[[156423,561046,88,-146,322,-146,44,-8,91,-3,54,24,14,40,-3,87,-48,111,24,52,135,13,114,60,11,54,-91,-18,-125,-2,-118,12,-101,-1,-81,26,-62,38,-141,-44,-127,-149]]]
2701680	n	13.0591,59.1539,13.9409,59.6061	[[[130591,593800,21,-222,64,-219,105,-215,145,-209,185,-201,223,-190,258,-178,290,-165,321,-149,347,-132,372,-114,391,-95,407,-75,420,-54,428,-32,432,-11,432,11,428,32,420,54,407,75,391,95,372,114,347,132,321,149,290,165,258,178,223,190,185,201,145,209,105,215,64,219,21,222,-21,222,-64,219,-105,215,-145,209,-185,201,-223,190,-258,178,-290,165,-321,149,-347,132,-372,114,-391,95,-407,75,-420,54,-428,32,-432,11,-432,-11,-428,-32,-420,-54,-407,-75,-391,-95,-372,-114,-347,-132,-321,-149,-290,-165,-258,-178,-223,-190,-185,-201,-145,-209,-105,-215,-64,-219,-21,-222]]]
2691459	n	11.8398,57.434,12.4298,57.7671	[[[118398,576533,8,-13,90,-87,85,-107,35,-154,58,-98,122,-12,123,68,52,141,48,-7,110,-34,39,-21,-53,-256,62,-558,-144,-154,69,-26,210,-104,-144,-64,-66,-11,175,-56,171,-81,-151,-61,-133,-75,-93,-110,-38,-163,17,-76,231,-32,408,-32,377,-10,0,1,161,149,74,26,65,54,70,48,99,8,58,-38,185,-217,141,11,400,54,388,75,372,95,353,114,331,132,306,149,276,165,246,178,211,190,177,201,138,209,101,215,60,219,20,222,-20,222,-60,219,-101,215,-138,209,-177,201,-6,5,-5398,-1138]]]
2664740	p	2673730
2669772	p	2673730
2670781	r	16.648,62.0811,17.7074,62.6989	[[[166480,623900,14,-202,42,-201,71,-200,98,-196,126,-194,153,-189,179,-184,204,-178,229,-172,252,-164,275,-157,296,-147,316,-138,335,-129,352,-117,368,-107,382,-95,395,-84,405,-71,415,-59,421,-46,428,-32,431,-20,433,-7,433,7,431,20,428,32,336,37,-4,61,21,198,71,138,169,172,31,30,70,132,-5,93,-27,143,-12,163,44,147,105,95,158,71,181,23,165,-53,-277,-256,26,-48,251,31,832,273,-206,87,-327,89,-327,43,-201,-48,-864,239,125,61,62,16,94,-2,0,61,-115,57,-80,96,-69,107,-78,88,-163,89,-138,14,-312,-34,-122,44,-126,104,-80,126,12,104,18,44,-26,9,66,-24,13,-30,60,11,7,13,-5,31,-13,-2,13,4,-9,18,-68,32,8,8,44,-3,-46,7,-10,8,1,2,-60,107,-18,13,30,-3,75,14,51,36,70,-10,62,5,-2,12,47,12,27,-5,48,30,-20,39,-71,49,9,3,-19,45,9,3,-43,48,16,12,-27,55,29,17,31,-1,13,5,-23,18,-18,-1,37,15,11,34,-70,103,-28,12,0,12,-19,-3,-42,23,-55,64,-38,18,-74,62,-64,28,-87,5,-20,14,-62,16,-32,2,-32,25,2,155,107,104,171,59,201,18,168,55,106,243,207,55,112,-43,435,-310,446,-410,54,-21,185,-144,118,-45,145,-35,1311,-29,-113,132,-201,47,-163,61,-8,170,51,46,-3111,2152,-429,7,-433,-7,-431,-20,-428,-32,-421,-46,-415,-59,-405,-71,-395,-84,-382,-95,-368,-107,-352,-117,-335,-129,-316,-138,-296,-147,-275,-157,-252,-164,-229,-172,-204,-178,-179,-184,-153,-189,-126,-194,-98,-196,-71,-200,-42,-201,-14,-202],[173519,623958,5,12,55,15,41,-9,9,-8,-60,-16,6,-7,-13,-17,-43,30]]]
2685750	n	14.1423,62.9539,15.1377,63.4061	[[[141423,631800,24,-222,71,-219,119,-215,164,-209,209,-201,251,-190,291,-178,328,-165,362,-149,393,-132,419,-114,441,-95,460,-75,474,-54,483,-32,488,-11,488,11,483,32,474,54,460,75,441,95,419,114,393,132,362,149,328,165,291,178,251,190,209,201,164,209,119,215,71,219,24,222,-24,222,-71,219,-119,215,-164,209,-209,201,-251,190,-291,178,-328,165,-362,149,-393,132,-419,114,-441,95,-460,75,-474,54,-483,32,-488,11,-488,-11,-483,-32,-474,-54,-460,-75,-441,-95,-419,-114,-393,-132,-362,-149,-328,-165,-291,-178,-251,-190,-209,-201,-164,-209,-119,-215,-71,-219,-24,-222]]]
2687700	n	16.5771,58.5412,17.4344,58.9761	[[[165771,587500,21,-222,62,-219,103,-215,144,-209,173,-192,2968,-189,888,160,228,-1,-163,186,-179,80,-477,14,210,161,360,-36,589,-200,232,-10,149,89,147,136,231,133,0,62,-204,30,-423,-29,-205,73,66,36,83,66,63,83,-2,88,-101,73,-316,22,-136,42,180,21,292,94,115,21,139,-34,200,-173,110,-66,306,-55,1137,-13,0,181,291,36,526,-12,190,132,-52,146,-342,275,970,-119,-101,210,-144,209,-181,201,-219,190,-253,178,-285,165,-315,149,-341,132,-364,114,-384,95,-400,75,-412,54,-421,32,-424,11,-424,-11,-421,-32,-412,-54,-400,-75,-384,-95,-364,-114,-341,-132,-315,-149,-285,-165,-253,-178,-219,-190,-181,-201,-144,-209,-103,-215,-62,-219,-21,-222]],[[166512,586236,242,-170,285,-165,315,-149,341,-132,364,-114,108,-27,0,40,44,16,92,59,-261,27,-182,106,-64,160,97,185,-124,5,-354,63,20,-49,28,-113,20,-49,-178,94,-408,32,-137,51,-186,117,-62,13]],[[168230,585464,210,-52,0,52,-210,0]]]
2702261	n	15.9514,56.435,16.7474,56.8861	[[[159514,566600,20,-222,58,-219,98,-215,135,-209,171,-201,206,-190,239,-178,270,-165,297,-149,322,-132,330,360,64,193,63,98,283,14,62,99,23,233,46,213,11,107,-2,50,26,55,227,282,89,80,97,35,107,27,127,47,128,20,239,-111,166,-9,171,31,129,69,76,143,14,182,-28,321,-148,206,-64,120,45,52,151,20,206,91,158,26,150,-18,272,-73,118,29,51,62,28,89,-20,81,-91,34,-110,-37,-116,-70,-122,-42,-126,51,-80,111,9,93,274,485,35,99,2,110,-6,40,-393,32,-401,11,-401,-11,-396,-32,-389,-54,-378,-75,-362,-95,-344,-114,-322,-132,-297,-149,-270,-165,-239,-178,-206,-190,-171,-201,-135,-209,-98,-215,-58,-219,-20,-222]],[[163914,564587,58,-191,26,-46,3,0,396,32,389,54,378,75,362,95,344,114,322,132,37,19,19,165,23,49,87,107,26,50,-4,50,-65,30,2,56,53,219,62,87,127,36,83,33,101,81,85,101,35,89,34,230,88,198,489,861,-99,152,-171,201,-206,190,-239,178,-270,165,-297,149,-195,80,-1469,-2053,-67,-209,-35,-79,-232,-231,-173,-312,-32,-97,-75,-860]]]
2715459	n	15.1725,60.3739,16.0875,60.8261	[[[151725,606000,22,-222,66,-219,109,-215,151,-209,192,-201,231,-190,268,-178,301,-165,333,-149,360,-132,385,-114,406,-95,423,-75,436,-54,444,-32,448,-11,448,11,444,32,436,54,423,75,406,95,385,114,360,132,333,149,301,165,268,178,231,190,192,201,151,209,109,215,66,219,22,222,-22,222,-66,219,-109,215,-151,209,-192,201,-231,190,-268,178,-301,165,-333,149,-360,132,-385,114,-406,95,-423,75,-436,54,-444,32,-448,11,-448,-11,-444,-32,-436,-54,-423,-75,-406,-95,-385,-114,-360,-132,-333,-149,-301,-165,-268,-178,-231,-190,-192,-201,-151,-209,-109,-215,-66,-219,-22,-222]]]
2707684	n	17.4515,62.483,18.2507,62.8561	[[[174515,626300,2125,-1470,72,64,218,83,416,81,515,0,93,-30,171,-134,110,-36,196,39,186,111,311,267,-141,136,219,46,88,37,34,82,5,73,16,83,109,315,49,77,63,32,134,-8,30,-30,-6,-61,79,-297,15,-124,61,-31,742,316,217,37,-100,45,-65,63,-36,86,-9,110,-1516,318,-198,128,618,0,112,-22,230,-95,71,-19,95,7,90,20,39,50,-53,96,-11,63,93,170,25,112,-73,187,-330,244,-75,112,19,192,-39,35,-122,84,-117,61,-435,143,0,75,164,170,-63,158,-35,-1,-474,-32,-465,-54,-451,-75,-434,-95,-411,-114,-385,-132,-355,-149,-322,-165,-286,-178,-246,-190,-205,-201,-162,-209,-116,-215,-70,-219,-24,-222]],[[179243,628311,21,-88,89,-53,164,-60,161,-32,71,37,137,144,317,154,270,91,-120,14,-474,32,-479,11,-142,-3,-15,-247]],[[180061,627056,209,-211,519,-47,458,81,54,56,-56,55,-75,27,30,48,111,10,120,-11,39,31,14,60,88,99,39,138,-13,79,-104,27,-213,19,-249,-65,-104,30,-108,62,-177,35,-233,-34,-127,-93,-34,-106,-91,-123,-97,-167]],[[180090,627944,398,14,196,-19,163,-70,-27,-36,-47,-94,431,-33,201,13,187,82,99,113,78,127,94,76,146,-37,-53,-36,-74,-66,-53,-78,5,-65,117,-61,105,46,95,81,93,43,193,46,70,54,-8,4,-385,132,-411,114,-434,95,-451,75,-90,10,115,-101,199,-63,420,-87,-248,-165,-874,57,-250,-171]]]
2662689	n	18.1119,57.4139,18.7196,57.832	[[[181120,575111,15,-231,74,-229,107,-198,107,-133,9,-16,350,-68,399,-54,408,-32,411,-11,411,11,408,32,399,54,388,75,372,95,353,114,331,132,305,149,276,165,246,178,211,190,176,201,139,209,100,215,61,219,20,222,-20,222,-61,219,-100,215,-139,209,-176,201,-211,190,-246,178,-276,165,-305,149,-331,132,-123,40,-214,-54,-363,-234,-1381,-1306,-1635,-947,-333,-297,-162,-371]]]
