2253354	r	-17.549,14.6465,-17.4091,14.7966	[[[-175490,147474,32,-109,240,-47,101,-96,314,-272,109,-131,-4,-20,9,-11,-16,-30,6,-18,6,7,25,4,-15,-1,0,13,8,5,12,-5,-6,-8,18,13,2,-4,4,-15,11,-2,104,-126,132,-83,13,22,19,-15,17,-32,-2,-14,7,2,-2,-18,9,0,-5,-9,18,-4,-4,-5,9,5,16,37,-8,24,3,14,-25,11,-4,17,4,11,-8,12,9,2,13,16,9,39,5,10,24,16,13,-1,50,23,8,50,10,14,-5,23,5,70,22,-12,6,4,-1,19,-53,45,-3,7,16,17,-27,24,23,35,31,16,15,1,-9,29,3,23,-36,-13,1,1,19,36,-112,32,0,1,1,56,13,38,49,57,58,40,56,23,-31,87,-65,-19,-10,33,-8,3,-32,57,-12,28,-15,136,31,-11,179,102,-78,213,-386,-143,-347,-130,-458,-119,40,-37,-170,-63]]]
2246678	n	-17.4301,14.7359,-17.2643,14.8629	[[[-174301,147662,15,-136,12,-28,32,-57,8,-3,10,-33,65,19,17,-45,219,14,287,-34,316,4,676,1266,-577,-239,-489,-387,-431,-112,50,-138,-179,-102,-31,11]]]
2244322	r	-16.1835,14.5339,-15.5615,15.1699	[[[-161835,149534,104,-167,343,-138,-20,-32,-82,-150,-49,-104,782,-1726,529,-1533,133,-78,206,-95,215,-75,221,-54,225,-32,228,-11,228,11,225,32,221,54,215,75,206,95,195,114,183,132,169,149,153,165,136,178,117,190,98,201,76,209,56,215,33,219,11,222,-4,84,866,-162,32,82,60,194,47,197,34,201,21,201,7,203,-7,203,-21,201,-34,201,-47,197,-60,194,-74,190,-86,185,-98,178,-110,173,-122,164,-132,157,-142,148,-152,139,-161,129,-170,118,-177,107,-184,95,-189,84,-195,71,-200,59,-203,46,-205,33,-208,20,-208,7,-208,-7,-208,-20,-205,-33,-203,-46,-200,-59,-195,-71,-189,-84,-184,-95,-177,-107,-170,-118,-161,-129,-152,-139,-142,-148,-132,-157,-122,-164,-110,-173,-98,-178,-86,-185,-74,-190,-19,-62]]]
2595778	p	2246678
2244802	r	-16.9812,14.589,-16.6527,14.9018	[[[-169812,149018,273,-1021,-74,-23,-5,21,-8,4,-70,-19,36,-121,32,0,-2,-48,61,-5,-2,14,64,-11,9,-71,-13,-34,55,-18,445,-1669,1673,-127,53,48,128,133,118,140,109,148,98,154,88,160,77,165,66,170,54,174,20,85,-2119,1366,-1166,385]]]
2250805	r	-16.3658,13.8321,-15.7945,14.4546	[[[-163658,140174,38,-80,100,-183,112,-177,125,-169,135,-161,145,-152,156,-142,165,-132,173,-121,181,-110,188,-98,194,-86,199,-73,204,-61,208,-47,210,-34,212,-20,213,-7,213,7,212,20,210,34,208,47,204,61,199,73,194,86,188,98,181,110,173,121,165,132,156,142,141,148,111,1356,0,1,32,387,168,2047,-47,75,-125,169,-135,161,-145,152,-156,142,-165,132,-173,121,-181,110,-188,98,-194,86,-90,33,-292,76,-1648,-525,-2174,-3847]]]
2246512	r	-17.332,14.6966,-17.2008,14.8893	[[[-173320,147363,14,0,66,-74,92,-47,-9,-42,333,-136,42,-1,127,-35,43,-7,-119,42,166,-58,56,-39,-11,101,15,23,45,18,2,53,53,15,21,30,-1,29,-2,110,-8,31,-20,-6,407,1523,-636,-264,-676,-1266]]]
2248477	r	-17.1157,14.1688,-16.6879,14.6017	[[[-171157,145413,42,-111,353,-516,57,-132,110,-115,642,-295,-37,-45,273,-149,38,-37,61,-80,12,8,41,-40,121,-177,48,-165,-11,-115,-51,-196,-12,-103,15,-131,43,-41,66,-14,87,-47,189,-187,81,-125,65,-171,85,-539,52,-145,64,-57,164,61,163,71,157,82,151,92,145,101,137,110,130,119,122,127,113,134,104,141,94,147,84,153,73,159,63,162,51,166,41,169,29,172,17,172,6,174,-6,174,-17,172,-29,172,-41,169,-51,166,-63,162,-73,159,-84,153,-94,147,-104,141,-74,88,-1496,114,-1522,-40,-624,-564]]]
2246452	r	-16.5834,15.695,-16.1482,16.3265	[[[-165834,157020,49,-15,218,-49,41,-6,3953,2501,25,104,37,213,22,216,7,216,-7,216,-22,216,-37,213,-51,211,-65,207,-78,203,-93,197,-105,191,-118,183,-130,176,-142,168,-153,158,-163,148,-173,137,-182,126,-190,114,-197,102,-204,90,-26,9,-193,-798,-43,-118,-63,-102,-156,-99,-369,-85,-146,-121,-72,-201,-44,-677,-174,-404,-13,-41,-4,28,-24,47,-19,12,-1,17,-22,7,-9,10,-9,-2,-10,-22,-60,-52,-41,0,-18,-561,-11,-132,-27,-113,-14,-248,52,-29,21,-2,-12,-564,-98,-551,-226,-376,63,-141,17,-103,-46,-100,-445,-724],[-164901,160595,11,13,-7,-9,-4,-11,0,7]]]
2244799	n	-17.1569,14.5977,-16.9011,14.9652	[[[-171569,149134,1036,-3157,1522,40,-445,1669,-55,18,13,34,-9,71,-64,11,2,-14,-61,5,2,48,-32,0,-36,121,70,19,8,-4,5,-21,74,23,-273,1021,-1217,634,-90,-65,-268,-310,-182,-143]]]
11101625	p	2246512
2243940	r	-16.5459,12.3615,-15.9941,12.8412	[[[-165459,125700,6,-177,18,-177,29,-175,41,-173,53,-169,63,-166,75,-162,85,-156,95,-151,105,-144,115,-137,123,-130,132,-121,59,-47,337,2,303,121,801,424,690,367,105,22,107,-20,216,-83,82,-14,47,18,44,33,67,29,756,129,355,-31,326,-107,73,158,63,166,53,169,41,173,29,175,18,177,6,177,-6,177,-18,177,-29,175,-13,55,-72,37,-219,9,-149,-75,-129,-93,-155,-45,-240,-14,-179,-42,-779,-285,-57,73,-59,127,-77,88,-117,-46,-226,-137,4,10,-38,50,-37,-28,-61,-16,-95,13,-171,61,-233,9,-177,-93,-240,-292,-197,-93,-173,14,-332,153,-301,81,-335,187,-196,43,-177,-49,-103,-122,-6,-156,-125,77,-1,-30]],[[-165343,126473,54,-45,132,-174,75,0,69,825,34,-141,56,-121,97,-76,154,-3,0,-75,-101,-22,-92,-63,-63,-89,-17,-99,49,-72,93,-44,91,-28,40,-23,65,-134,155,-128,332,-185,410,-131,90,67,69,114,49,107,34,47,90,22,140,94,108,21,323,-62,121,0,107,27,191,83,112,26,378,0,242,-62,106,-12,61,27,206,133,106,44,409,69,279,174,37,341,47,65,67,128,-68,108,-105,144,-115,137,-123,130,-132,121,-140,113,-146,103,-154,94,-159,83,-164,73,-169,63,-173,51,-176,41,-178,29,-180,17,-180,6,-180,-6,-180,-17,-178,-29,-176,-41,-173,-51,-169,-63,-164,-73,-159,-83,-154,-94,-146,-103,-140,-113,-132,-121,-123,-130,-115,-137,-105,-144,-95,-151,-85,-156,-75,-162,-63,-166,-31,-98]]]
2252309	r	-16.531,14.4021,-15.9971,14.9335	[[[-165310,146500,6,-185,19,-185,31,-183,13,-56,3757,-1870,944,301,59,47,139,127,130,135,121,143,111,151,9,14,-786,2278,-919,2028,-156,35,-188,31,-190,18,-190,6,-190,-6,-190,-18,-188,-31,-185,-42,-182,-54,-179,-65,-173,-77,-168,-87,-162,-98,-155,-108,-147,-118,-139,-127,-130,-135,-121,-143,-111,-151,-100,-158,-90,-163,-79,-169,-67,-174,-55,-177,-43,-181,-31,-183,-19,-185,-6,-185]]]
2244991	r	-13.9526,13.4936,-13.3874,14.0464	[[[-139526,137700,6,-181,18,-180,30,-178,42,-176,54,-173,65,-170,76,-164,87,-160,98,-154,108,-147,117,-139,126,-132,135,-124,143,-115,151,-105,157,-96,163,-85,168,-74,173,-64,177,-53,181,-41,182,-29,184,-18,185,-6,185,6,184,18,182,29,181,41,177,53,173,64,168,74,163,85,157,96,151,105,143,115,135,124,126,132,117,139,108,147,98,154,87,160,76,164,65,170,54,173,42,176,30,178,18,180,6,181,-6,181,-18,180,-30,178,-42,176,-54,173,-65,170,-76,164,-87,160,-98,154,-108,147,-117,139,-126,132,-135,124,-143,115,-151,105,-157,96,-163,85,-168,74,-173,64,-177,53,-181,41,-182,29,-184,18,-185,6,-185,-6,-184,-18,-182,-29,-181,-41,-177,-53,-173,-64,-168,-74,-163,-85,-157,-96,-151,-105,-143,-115,-135,-124,-126,-132,-117,-139,-108,-147,-98,-154,-87,-160,-76,-164,-65,-170,-54,-173,-42,-176,-30,-178,-18,-180,-6,-181]]]
2249222	r	-16.4933,15.355,-15.9467,15.885	[[[-164933,156200,6,-173,18,-173,29,-171,40,-169,52,-166,63,-162,74,-158,84,-153,95,-147,104,-141,113,-134,123,-127,130,-118,138,-110,146,-101,152,-92,157,-82,163,-71,168,-61,171,-51,174,-39,176,-28,178,-17,179,-6,179,6,178,17,176,28,174,39,171,51,168,61,163,71,157,82,152,92,146,101,138,110,130,118,123,127,113,134,104,141,95,147,84,153,74,158,63,162,52,166,40,169,29,171,18,173,6,173,-6,173,-18,173,-29,171,-40,169,-52,166,-63,162,-74,158,-84,153,-95,147,-104,141,-113,134,-123,127,-130,118,-138,110,-146,101,-152,92,-157,82,-163,71,-168,61,-171,51,-174,39,-176,28,-178,17,-179,6,-179,-6,-178,-17,-2,0,-1199,-759,-774,-490,-35,-53,-84,-153,-74,-158,-63,-162,-52,-166,-40,-169,-29,-171,-18,-173,-6,-173]]]
2249782	r	-15.2177,12.6777,-14.6623,13.1626	[[[-152177,128900,6,-178,17,-178,30,-176,41,-173,53,-171,64,-167,75,-163,86,-157,96,-151,106,-145,115,-138,124,-130,133,-122,74,-60,2435,-10,805,-3,257,-1,91,74,133,122,124,130,115,138,106,145,96,151,86,157,75,163,64,167,53,171,41,173,30,176,17,178,6,178,-6,178,-17,178,-30,176,-41,173,-53,171,-64,167,-75,163,-86,157,-96,151,-106,145,-115,138,-124,130,-133,122,-140,114,-148,103,-154,95,-161,84,-165,73,-170,63,-174,52,-177,40,-179,29,-181,18,-182,6,-182,-6,-181,-18,-179,-29,-177,-40,-174,-52,-170,-63,-165,-73,-161,-84,-154,-95,-148,-103,-140,-114,-133,-122,-124,-130,-115,-138,-106,-145,-96,-151,-86,-157,-75,-163,-64,-167,-53,-171,-41,-173,-30,-176,-17,-178,-6,-178]]]
2244386	r	-16.8646,14.738,-16.5555,15.2057	[[[-168646,148633,1944,-1253,112,79,134,107,126,115,119,123,110,130,100,137,92,143,81,148,72,153,61,158,50,161,39,164,29,166,17,168,5,168,-5,168,-17,168,-29,166,-39,164,-50,161,-61,158,-72,153,-81,148,-92,143,-100,137,-110,130,-119,123,-126,115,-134,107,-140,98,-147,89,-153,80,-158,69,-162,59,-165,49,-169,39,-171,27,-60,6,-731,-3424]]]
2248698	p	2244322
2244616	p	2252309
2243973	p	2253354
2248385	p	2244322
2246544	r	-15.9797,16.19,-15.4203,16.5815	[[[-159797,164600,6,-177,18,-175,30,-175,42,-172,53,-169,64,-165,76,-161,86,-156,97,-150,106,-144,116,-136,125,-129,134,-121,142,-112,148,-103,156,-93,161,-84,167,-73,171,-62,175,-51,178,-40,181,-29,182,-17,183,-6,183,6,182,17,181,29,178,40,175,51,171,62,167,73,161,84,156,93,148,103,142,112,134,121,125,129,116,136,106,144,97,150,86,156,76,161,64,165,53,169,42,172,30,175,18,175,6,177,-6,177,-18,175,-30,175,-42,172,-53,169,-64,165,-76,161,-4,8,-144,13,-145,-63,-124,-107,-243,-336,-96,-87,-119,-57,-148,-14,-429,85,-153,-23,-118,-71,-221,-195,-138,-85,-148,-48,-153,-9,-157,39,-236,109,-85,24,-324,18,-453,143,-159,7,-247,-42,-84,0,-349,81,-141,-15,-397,-171,-74,-14,-63,6,-115,44,-14,-82,-18,-175,-6,-177]]]
2252132	n	-17.1022,14.8633,-16.7981,15.1861	[[[-171022,149649,1210,-631,1166,-385,665,3115,-44,16,-221,54,-226,32,-228,11,-228,-11,-226,-32,-134,-33,-191,-206,-318,-460,-1222,-1416,-3,-54]]]
2254154	r	-17.252,14.5413,-17.0533,14.9134	[[[-172520,147067,11,-101,337,-232,34,-30,10,64,37,36,22,-15,287,-258,404,-541,221,-577,624,564,-1036,3157,-161,-126,-278,-115,-407,-1523,20,6,8,-31,2,-110,1,-29,-21,-30,-53,-15,-2,-53,-45,-18,-15,-23]]]
2251007	r	-15.8145,13.8495,-15.2832,14.3705	[[[-158145,140757,28,-165,40,-166,51,-163,61,-160,72,-155,83,-150,92,-145,101,-139,111,-132,120,-124,127,-116,135,-109,142,-99,148,-90,154,-80,159,-71,163,-60,168,-49,170,-39,172,-28,174,-16,174,-6,174,6,174,16,172,28,170,39,168,49,163,60,159,71,154,80,148,90,142,99,135,109,127,116,120,124,111,132,101,139,92,145,83,150,72,155,61,160,51,163,40,166,28,168,17,170,6,170,-6,170,-17,170,-28,168,-40,166,-51,163,-61,160,-72,155,-83,150,-92,145,-101,139,-111,132,-120,124,-127,116,-135,109,-142,99,-148,90,-154,80,-159,71,-163,60,-168,49,-170,39,-172,28,-174,16,-174,6,-174,-6,-174,-16,-172,-28,-170,-39,-168,-49,-163,-60,-159,-71,-154,-80,-148,-90,-142,-99,-135,-109,-127,-116,-120,-124,-111,-132,-101,-139,-92,-145,-83,-150,-72,-155,-61,-160,-29,-94,-90,-1086]]]
2254153	p	2254154
2595382	p	2254154
2251911	r	-16.6788,14.0678,-16.1505,14.577	[[[-166788,143300,6,-171,17,-171,29,-169,40,-168,51,-164,62,-160,72,-157,83,-151,93,-146,103,-139,111,-133,120,-125,129,-117,136,-109,143,-100,149,-91,70,-36,156,269,30,81,20,92,36,75,85,31,116,-23,100,-37,103,-7,124,67,-111,102,-31,151,59,144,157,81,-17,-217,270,-101,630,-23,-79,-54,-162,-75,-61,-45,-98,-50,-83,44,-80,73,-84,39,-121,-44,-155,-192,-321,-92,-142,-119,-200,-239,104,-46,165,-61,168,-50,172,-38,173,-28,175,-17,176,-6,176,6,175,17,173,28,172,38,98,30,1801,3187,-18,56,-3475,1730,-131,-48,-160,-71,-155,-80,-149,-91,-143,-100,-136,-109,-129,-117,-120,-125,-111,-133,-103,-139,-93,-146,-83,-151,-72,-157,-62,-160,-51,-164,-40,-168,-29,-169,-17,-171,-6,-171]]]
2245704	r	-15.8177,12.4644,-15.3023,12.9632	[[[-158177,127100,6,-166,16,-164,28,-164,38,-161,49,-158,60,-155,24,-52,279,174,709,-112,304,-135,-57,-300,88,-72,104,-46,119,6,132,81,504,449,77,98,242,204,30,67,8,81,-6,163,-18,103,-28,93,99,20,-28,103,-40,215,-116,-30,0,554,59,147,136,70,150,21,102,1,179,36,247,178,151,65,161,-21,151,-65,147,-5,155,159,-24,-280,-128,-105,-188,53,-206,196,-45,-118,-62,-91,-95,-72,-139,-60,-137,-15,-150,14,-143,-5,-116,-69,-85,-250,32,-311,91,-305,98,-226,-86,-80,61,-55,110,-46,57,-61,-27,-138,-73,-69,-102,-52,-114,-83,-307,-391,-183,-183,-457,-185,-114,-22,-121,3,-90,26,-72,42,-65,58,-53,77,-67,170,-79,88,-55,15,-51,-24,-58,-10,-137,97,-65,-1,-63,-31,-55,-46,-209,89,-141,-79,-6,-6,4,-6,89,-141,98,-134,107,-128,115,-121,123,-114,130,-105,138,-96,143,-87,148,-79,154,-68,158,-58,161,-48,46,-11,1975,905,29,21,531,383,481,216,45,117,49,158,38,161,28,164,16,164,6,166,-6,166,-16,164,-28,164,-38,161,-49,158,-60,155,-69,151,-80,146,-89,141,-98,134,-107,128,-115,121,-123,114,-130,105,-138,96,-143,87,-148,79,-154,68,-158,58,-161,48,-164,38,-167,27,-167,16,-169,6,-169,-6,-167,-16,-167,-27,-164,-38,-161,-48,-158,-58,-154,-68,-148,-79,-143,-87,-138,-96,-130,-105,-123,-114,-115,-121,-107,-128,-98,-134,-89,-141,-80,-146,-69,-151,-60,-155,-49,-158,-38,-161,-28,-164,-16,-164,-6,-166]]]
2250645	r	-12.471,12.3236,-11.889,12.8459	[[[-124710,125600,7,-187,18,-186,31,-185,43,-182,56,-179,67,-175,78,-171,90,-165,101,-159,111,-152,6,-7,71,-1,13,-10,-2,-18,93,-93,35,-11,6,-20,36,-23,0,-14,-11,-9,16,-12,2,-29,12,-30,35,-38,1,-18,13,-2,8,-16,11,4,8,-11,15,-6,2,-27,20,-18,147,-118,136,-96,357,242,56,29,43,-21,53,-56,26,-63,44,-3,34,-16,23,17,18,50,28,-2,26,18,25,3,83,57,17,-7,10,6,13,-9,9,11,8,0,4,12,14,12,33,11,15,-1,74,-37,30,10,8,-13,23,20,38,9,15,18,7,23,16,1,27,15,52,2,25,10,32,-14,11,-19,38,13,8,-9,18,5,3,15,10,6,24,-16,37,31,16,-1,14,-14,9,12,17,-6,30,24,38,8,11,11,24,-36,65,9,8,10,11,40,11,11,90,48,45,14,19,15,19,-6,19,39,24,3,0,36,25,38,27,0,23,-14,33,23,36,-9,15,13,11,-3,10,9,3,13,9,10,13,2,0,17,-10,10,3,10,17,12,13,-1,12,12,20,4,2,35,11,25,11,16,33,20,9,43,18,18,4,19,16,13,16,3,22,23,20,0,24,17,48,-10,22,17,47,15,21,22,96,10,8,19,13,8,36,-2,15,12,40,0,8,-2,3,-11,15,2,13,8,7,22,71,32,25,-5,29,-27,12,-31,39,-8,40,7,105,-47,81,-83,68,-20,21,-14,30,-40,5,-28,16,-14,46,-6,77,15,105,6,32,27,3,9,25,3,7,6,21,-3,31,-18,18,0,2,-5,15,7,87,-9,512,328,57,123,67,175,56,179,43,182,31,185,18,186,7,187,-7,187,-18,186,-31,185,-43,182,-56,179,-67,175,-78,171,-90,165,-101,159,-111,152,-120,144,-131,137,-139,128,-147,118,-154,109,-162,99,-168,88,-174,78,-178,66,-182,54,-185,42,-188,31,-190,18,-190,6,-190,-6,-190,-18,-188,-31,-185,-42,-182,-54,-178,-66,-174,-78,-168,-88,-162,-99,-154,-109,-147,-118,-139,-128,-131,-137,-120,-144,-111,-152,-101,-159,-90,-165,-78,-171,-67,-175,-56,-179,-43,-182,-31,-185,-18,-186,-7,-187]]]
2248752	r	-13.5248,15.4033,-13.0639,15.911	[[[-135248,156600,6,-168,17,-167,28,-166,40,-163,50,-161,61,-157,71,-153,82,-148,92,-143,100,-136,110,-130,119,-123,126,-115,134,-106,141,-98,147,-89,153,-79,158,-69,162,-59,166,-49,168,-38,171,-28,173,-16,173,-6,173,6,173,16,171,28,168,38,166,49,162,59,158,69,153,79,147,89,141,98,134,106,126,115,89,93,-199,50,-58,42,-35,92,-19,85,-1,87,56,376,-23,141,-72,118,-107,95,-125,71,-230,60,-74,29,-185,130,-71,28,-146,8,-300,-51,-150,-5,-50,130,38,10,-73,83,-10,26,-14,84,10,89,37,81,151,229,18,74,-12,73,-42,83,-114,162,-68,70,-80,60,-153,87,-70,53,-51,68,-14,86,23,84,33,85,22,84,-3,194,-48,170,-89,154,-181,205,-42,60,-22,67,0,82,33,143,-136,-31,-166,-49,-162,-59,-158,-69,-153,-79,-147,-89,-141,-98,-134,-106,-126,-115,-119,-123,-110,-130,-100,-136,-92,-143,-82,-148,-71,-153,-61,-157,-50,-161,-40,-163,-28,-166,-17,-167,-6,-168]]]
