3583361	r	-89.3896,13.4038,-89.012,14.1211	[[[-893896,138609,1198,-870,132,-281,0,-3,-24,4,-10,-26,-9,2,0,8,-7,5,-18,0,1,-20,-16,-21,0,-61,-27,-22,-3,-16,-26,-24,6,-23,-13,-35,-20,-27,-13,-7,-1,-29,-10,-10,13,-7,-2,-15,-17,3,-5,-7,7,-26,7,-9,141,3,17,-54,20,-29,19,-67,26,-21,41,-18,20,-27,9,-18,-6,-44,6,-6,16,7,18,-1,10,10,26,9,42,-2,27,-232,-5,-23,-50,-8,-37,-82,-13,-58,-9,-15,8,-59,55,3,-337,-1592,194,-45,680,-292,656,-393,907,1769,-13,50,-1099,830,-19,-17,5,-22,-30,-14,-18,7,-14,-3,-18,9,-5,13,11,13,-36,13,-41,6,-15,8,-7,-29,-24,-9,-15,13,-16,0,-8,12,-8,-9,-25,10,-23,19,13,7,7,15,-8,13,44,12,-9,44,-11,2,2,45,5,-2,7,26,-24,9,-2,9,-23,3,1,9,-13,-3,-6,26,-10,6,2,40,12,13,14,4,19,-10,0,1,16,22,-6,16,9,8,-1,7,15,3,4,6,2,3,1,1,-6,9,4,9,-18,-2,-4,3,-4,3,3,21,12,9,-11,7,1,1,15,7,33,37,4,11,-7,33,17,27,1,0,10,-6,6,3,13,-10,0,-1,7,7,3,-9,-6,-11,8,-11,9,0,3,9,1,-8,30,-6,38,3,5,138,27,59,-19,72,72,1,-5,53,6,91,-5,21,12,33,1,0,0,4,15,42,963,364,276,722,-2471,2434,-222,-444,-1083,-2158]]]
3583096	r	-89.1717,13.5857,-89.0284,13.8055	[[[-891717,136928,10,-6,6,-26,13,3,-1,-9,23,-3,2,-9,24,-9,-7,-26,-5,2,-2,-45,11,-2,9,-44,-44,-12,8,-13,-7,-15,-13,-7,23,-19,25,-10,8,9,8,-12,16,0,15,-13,24,9,7,29,15,-8,41,-6,36,-13,-11,-13,5,-13,18,-9,14,3,18,-7,30,14,-5,22,19,17,1099,-830,-47,935,-116,-83,116,88,-64,1258,-963,-364,-15,-42,0,-4,-1,0,-12,-33,5,-21,-6,-91,5,-53,-72,-1,19,-72,-27,-59,-5,-138,-38,-3,-30,6,-1,8,-3,-9,-9,0,-8,11,6,11,-3,9,-7,-7,-13,11,-6,-3,-11,6,-17,-27,7,-33,-4,-11,-33,-37,-16,-8,11,-7,-12,-9,-3,-21,8,-6,18,2,-4,-9,6,-9,-7,-10,-15,-3,1,-7,-9,-8,6,-16,-16,-23,-19,10,-14,-4,-12,-13,-2,-40]]]
3583446	r	-88.434,13.163,-87.9616,13.6802	[[[-884340,136492,1735,-3276,-9,2,-34,-12,-34,-25,-13,-3,-7,9,-8,-4,-2,-12,16,-17,1,-14,5,-6,11,24,7,-20,-18,-30,2,-9,28,-13,10,6,3,18,19,-4,-2,8,5,4,38,-4,47,-44,17,-9,758,-1431,546,45,74,29,570,1308,25,-12,52,0,29,23,119,31,-64,137,32,17,22,54,26,27,11,31,2,31,9,2,30,-20,12,3,-10,36,30,62,-6,7,-31,6,-22,35,-9,46,-23,16,-1,2,726,1663,-1785,641,51,31,17,28,5,30,7,3,-40,52,-2,23,10,5,18,-8,14,5,-36,24,-20,34,-12,6,2,28,-13,0,-21,11,18,11,9,18,-28,30,-7,-11,3,-6,-15,-5,-3,12,-48,8,1,-16,-248,-83,-10,40,5,36,-4,14,-46,25,-24,-16,-37,4,-16,-14,-9,-17,-19,-7,-54,1,-29,7,-70,-3,-15,8,-6,-35,-26,-22,-1949,701,-292,-310]]]
3583334	r	-89.7383,13.7728,-89.2813,14.2755	[[[-897383,140998,590,-2228,1863,-1042,1034,881,1083,2158,-16,52,-68,175,-79,170,-90,165,-101,159,-112,152,-121,145,-131,136,-140,128,-148,119,-155,109,-163,99,-169,88,-174,77,-179,66,-184,54,-186,43,-189,30,-191,18,-67,3,8,-72,19,-65,44,-42,126,-61,32,-41,2,-156,-64,-62,-1074,-250,-263,-117,-252,-189,-201,-213,-284,-489]]]
3584399	p	3583361
3584257	r	-89.5198,13.4768,-89.2321,13.8609	[[[-895198,134942,1348,11,260,-60,341,0,540,-125,337,1592,-55,-3,-8,59,9,15,13,58,37,82,50,8,5,23,-27,232,-42,2,-26,-9,-10,-10,-18,1,-16,-7,-6,6,6,44,-9,18,-20,27,-41,18,-26,21,-19,67,-20,29,-17,54,-141,-3,-7,9,-7,26,5,7,17,-3,2,15,-13,7,10,10,1,29,13,7,20,27,13,35,-6,23,26,24,3,16,27,22,0,61,16,21,-1,6,0,9,0,5,18,0,7,-5,0,-8,9,-2,10,26,24,-4,0,3,-132,281,-1198,870,-1034,-881,-268,-2786]]]
3587345	p	3583361
3586814	p	3583361
3583102	r	-89.9808,13.5063,-89.493,13.877	[[[-899808,137062,1,-29,17,-167,18,-110,259,-115,810,-448,206,-124,126,-101,37,-229,101,-368,153,-102,949,11,333,67,634,-203,286,-55,109,-26,21,12,139,98,132,106,125,114,116,122,105,125,201,2088,-1863,1042,-3015,-1708]]]
3583480	p	3583361
3582883	r	-88.7317,13.1603,-88.1765,13.6492	[[[-887317,132355,2042,-371,148,-73,132,-97,199,-102,179,-29,70,119,-192,184,-428,136,-820,165,0,68,297,-87,137,-25,187,-31,0,75,-84,61,-125,148,-70,64,-129,68,-89,14,-803,-84,-283,64,-65,-29,-73,12,-74,39,-32,25,-124,-314]],[[-887173,132720,69,30,565,14,405,75,147,0,330,-65,117,-10,77,-46,165,-289,88,-45,-1,-23,-17,-17,16,-8,33,0,20,8,8,9,9,-5,1,-6,7,3,19,-10,177,-44,5,-21,23,14,177,-43,20,-42,26,-11,33,-2,9,18,98,-54,45,104,-29,105,-13,26,9,-7,68,21,-11,36,-21,-6,-4,5,31,1,12,-28,5,17,13,11,-1,15,-4,-8,-3,5,8,14,8,0,2,-3,-6,-1,0,-24,-9,-11,46,-6,5,-7,-45,5,-13,-20,-1,-11,24,-6,-20,-1,-9,14,-55,-18,-12,-11,59,-70,17,-8,5,11,1,-16,15,-1,7,29,28,4,0,13,18,8,-16,-9,-2,-15,-25,-1,-5,-8,4,-19,-27,-13,59,-67,10,16,19,13,8,21,34,13,-15,13,1,9,21,8,3,-3,-22,-9,18,-4,19,6,8,-4,-40,-4,16,-15,19,9,5,9,-2,-26,-3,11,-42,-15,-8,2,-6,-5,0,-29,-30,-14,33,-5,3,12,0,-13,42,-4,-13,-4,6,-16,-5,-23,-34,-25,7,-17,105,9,7,6,40,-7,20,9,-32,-32,-25,2,-72,-12,-22,-13,7,-16,43,-30,-8,-8,-38,25,-98,43,8,-32,-8,-3,-8,-18,-31,-32,-22,-40,-17,-56,0,-33,3,-16,24,-22,16,-29,19,-16,109,-60,94,-66,54,-23,150,-33,24,2,15,17,31,13,173,42,66,4,40,27,16,39,-6,21,-7,-22,-35,-7,16,18,-2,20,-1,-12,-8,1,4,-13,-39,-21,-6,9,-24,-2,-5,12,2,9,106,42,0,75,-39,-1,32,21,33,10,22,0,-2,11,-6,-4,0,7,-65,34,305,-10,-47,102,-102,138,-2,24,-25,20,-29,58,182,-126,121,-190,-16,-154,-226,-15,0,-62,145,-32,129,-42,240,76,926,-138,318,26,-758,1431,-17,9,-47,44,-38,4,-5,-4,2,-8,-19,4,-3,-18,-10,-6,-28,13,-2,9,18,30,-7,20,-11,-24,-5,6,-1,14,-16,17,2,12,8,4,7,-9,13,3,34,25,34,12,9,-2,-1735,3276,-528,-179,-1576,-1743,-729,-1850],[-885193,132375,1,0,0,-1,-1,1],[-884621,132622,5,-3,-2,-10,-3,13],[-884568,132585,1,4,6,-4,0,-10,7,6,9,-5,-4,-6,-10,0,-9,15],[-884509,132441,13,9,-8,-6,0,-9,-5,6],[-884419,132009,8,21,14,5,-1,-1,40,-161,-16,17,-12,30,4,29,-21,42,3,10,-8,13,-11,-5],[-884409,132040,8,3,3,-8,-11,5],[-884384,132371,1,2,11,3,2,-2,-14,-3],[-884249,132240,16,4,2,10,4,-2,19,-19,3,-32,31,4,32,-11,5,7,0,-26,-16,5,-17,17,-36,-4,-10,12,2,23,-5,8,-12,7,-18,-3],[-883989,131844,75,11,44,-9,-18,3,-6,-1,-78,-12,-17,8],[-883852,131946,6,0,19,-8,16,12,10,1,-10,-13,4,-9,16,-3,16,-14,13,5,6,10,-3,9,-19,10,-3,7,6,1,-1,-6,23,-15,-7,-18,-15,-6,-16,14,-19,7,-3,14,-13,-9,-26,11],[-883810,131741,13,6,-9,-11,-4,5],[-883752,131956,6,1,15,-8,7,-26,10,4,6,29,11,0,-13,-33,-19,-9,-9,35,-14,7]],[[-884383,132198,7,-20,9,-32,10,-12,30,9,11,13,2,24,-69,18]]]
3586977	r	-89.0448,13.5807,-88.7836,13.8832	[[[-890448,136709,116,83,47,-935,13,-50,1370,369,1066,1888,-434,768,-1850,-55,-276,-722,64,-1258,-116,-88]]]
3583178	r	-88.8902,13.457,-88.4868,13.8064	[[[-888902,136176,409,-267,20,6,93,51,28,-180,11,-30,18,-12,60,-87,99,-18,45,-34,42,-55,1,-84,64,-77,58,2,26,-9,30,14,97,1,9,54,547,-358,-1,-3,18,-24,41,-33,18,-98,49,-55,-4,-27,94,-153,80,0,15,-7,24,5,137,-2,-14,57,16,31,328,-214,1576,1743,-2968,1751,-1066,-1888]]]
3582805	r	-89.118,13.2355,-88.6444,13.6176	[[[-891179,134038,531,-318,2482,-1127,309,-140,540,-98,124,314,-35,27,55,24,729,1850,-328,214,-16,-31,14,-57,-137,2,-24,-5,-15,7,-80,0,-94,153,4,27,-49,55,-18,98,-41,33,-18,24,1,3,-547,358,-9,-54,-97,-1,-30,-14,-26,9,-58,-2,-64,77,-1,84,-42,55,-45,34,-99,18,-53,76,-7,11,-11,7,-7,5,-11,30,-28,180,-93,-51,-20,-6,-409,267,-1370,-369,-907,-1769]]]
3587426	r	-90.1148,13.69,-89.6793,14.0998	[[[-901148,138120,5,-157,160,-649,771,-362,117,-52,3302,1870,-590,2228,-143,-246,-28,-81,9,-77,65,-145,7,-17,-3,-55,-147,-77,-146,58,-261,197,-181,46,-147,-10,-443,-164,-5,-3,23,-6,-49,12,-42,-5,-52,11,-59,-45,-10,-34,6,-10,-13,-13,-38,-7,-13,-16,11,-79,-2,-6,-77,-74,-51,-35,-8,13,-10,0,-8,-9,-4,-24,-21,-14,-10,-7,-48,-11,-6,-16,6,-13,-2,5,-799,-544,-148,-127,-85,-141,-66,-145,-93,-141,-85,-67,-37,-29,-275,-142,-119,-120,-80,-144,-53,-158,-25,-163],[-899642,139611,18,15,-17,-15,-1,0],[-899614,139603,12,10,-11,-10,-1,0],[-899356,139946,13,-17,21,4,-21,-5,-13,18],[-899278,139438,11,9,0,-1,-11,-7,0,-1],[-899187,139337,31,-6,-30,6,-1,0],[-899134,139277,11,4,0,-1,-11,-3],[-899121,139276,1,-3,15,1,-14,-1,-2,3],[-898830,138956,19,29,-18,-29,-22,-6,21,6],[-898835,138983,13,6,0,-1,-13,-6,0,1],[-898696,140404,46,14,40,-4,-40,3,-46,-13],[-898605,140424,6,16,0,-1,-6,-15],[-898496,140482,11,-2,-11,1,-15,-15,15,16],[-898421,140464,-1,0,-17,22,18,-22],[-898403,140467,4,5,33,-10,-33,9,-4,-4],[-898289,138842,-1,0,-16,12,17,-12],[-897894,139720,2,-17,-3,17,-18,38,19,-38],[-897882,139612,1,2,1,0,-2,-2],[-897666,139404,3,-35,-4,35,-23,24,24,-24]]]
3584772	r	-88.0817,13.1586,-87.6932,13.595	[[[-880817,132455,12,-31,70,-152,80,-147,90,-142,99,-136,109,-129,61,-64,1014,-68,353,80,-231,156,35,160,202,157,743,365,199,153,82,213,0,121,-16,59,-189,124,-87,82,28,19,46,42,-49,50,-31,19,-136,44,-180,101,-9,-15,-32,12,-184,125,74,280,281,476,76,-214,50,-82,78,-45,7,-2,788,351,172,191,24,129,-18,133,-51,120,-77,87,-146,55,-212,-68,-103,36,-104,228,58,277,111,260,-162,36,-168,28,-170,16,-170,5,-166,-5,-1050,-736,-726,-1663,1,-2,23,-16,9,-46,22,-35,31,-6,6,-7,-30,-62,10,-36,-12,-3,-30,20,-9,-2,-2,-31,-11,-31,-26,-27,-22,-54,-32,-17,64,-137,-119,-31,-29,-23,-52,0,-25,12,-242,-557]],[[-877802,132416,33,-159,131,-114,65,64,59,82,-65,147,-79,44,-85,-6,-59,-58]],[[-877284,131857,54,-108,-1,-108,85,38,129,-45,85,45,-38,102,-6,152,-85,184,-138,45,-73,-51,9,-127,-21,-127]]]
3583158	r	-88.827,13.6582,-88.3829,14.0467	[[[-888270,138832,434,-768,2513,-1482,116,52,143,74,137,84,131,92,125,100,119,108,110,115,103,123,94,128,85,134,77,140,66,144,57,148,47,151,37,154,26,156,16,157,5,149,-5,2,-95,5,-403,-87,-182,-75,-188,-111,-266,-13,88,141,-7,161,-108,262,-28,95,21,148,34,121,7,117,-51,109,-11,23,41,-5,3,0,8,7,6,5,3,24,8,31,-90,86,-96,39,-441,33,-758,236,-254,16,-255,-38,-61,-23,1,18,4,51,-23,84,-50,67,-72,60,-46,17,-215,28,-66,42,-894,-1635]]]
3587091	r	-89.2589,13.8777,-88.7376,14.3342	[[[-892589,141210,2469,-2433,1850,55,894,1635,-90,58,5,141,60,164,9,169,-72,114,-87,-8,-103,-62,-119,-46,-439,32,-176,-25,-65,282,-150,299,-210,257,-247,154,-156,3,-140,-59,-119,-67,-97,-21,-88,62,-32,106,-10,82,-6,46,-38,126,-89,147,-93,109,-253,187,-45,90,-40,306,-64,124,-160,78,-243,27,-125,-55,-190,-99,-183,-111,-175,-123,-167,-134,-158,-144,-147,-153,-137,-163,-125,-172,-114,-178,-102,-186,-89,-192,-76,-197,-63,-202,-5,-23]]]
3583747	r	-88.3469,13.5209,-87.8531,13.9315	[[[-883469,136900,5,-158,16,-155,1349,-486,26,22,6,35,15,-8,70,3,29,-7,54,-1,19,7,9,17,16,14,37,-4,24,16,46,-25,4,-14,-5,-36,10,-40,248,83,-1,16,48,-8,3,-12,15,5,-3,6,7,11,28,-30,-9,-18,-18,-11,21,-11,13,0,-2,-28,12,-6,20,-34,36,-24,-14,-5,-18,8,-10,-5,2,-23,40,-52,-7,-3,-5,-30,-17,-28,-51,-31,1785,-641,795,558,35,65,67,144,57,148,47,151,37,154,26,156,16,157,5,158,-5,158,-16,157,-26,156,-37,154,-47,151,-57,148,-67,144,-76,140,-85,134,-94,128,-103,122,-110,116,-118,108,-125,100,-126,89,-74,-20,-456,-221,-83,248,-164,189,-184,164,-14,17,-80,13,-161,15,-161,5,-161,-5,-161,-15,-160,-26,-157,-36,-155,-46,-151,-56,-147,-65,-143,-74,-137,-84,-131,-92,-125,-100,-118,-108,-110,-116,-103,-122,-94,-128,-85,-134,-76,-140,-67,-144,-57,-148,-47,-151,-37,-154,-26,-156,-16,-157,-5,-158]]]
