170063	n	36.7027,35.8746,37.3618,36.4214	[[[367027,363187,3366,-4441,3225,3793,-1145,1630,0,1,-31,44,-1600,-304,-1040,-197,-1,0,-2774,-526]]]
170654	n	36.1888,33.2302,36.6098,33.5749	[[[361888,335749,461,-697,260,-209,540,-2541,1,0,0,143,150,-6,264,11,261,32,257,54,248,75,239,95,227,114,212,132,196,149,177,165,113,127,5,-4,83,77,157,178,136,190,113,201,89,209,21,69,-2680,1126,-95,118,-1435,192]]]
169577	n	36.4568,34.4938,37.0032,34.825	[[[364568,347200,13,-222,39,-219,65,-215,91,-209,114,-201,138,-190,160,-178,180,-165,199,-149,215,-132,230,-114,242,-95,253,-75,260,-54,265,-32,268,-11,268,11,265,32,260,54,253,75,242,95,230,114,215,132,199,149,180,165,160,178,138,190,114,201,91,209,65,215,39,219,13,222,-13,222,-39,219,-65,215,-27,60,-449,334,-4558,0,-105,-185,-91,-209,-65,-215,-39,-219,-13,-222]]]
173576	n	35.7234,35.4566,36.0636,35.7522	[[[357234,355759,137,62,62,0,-24,-56,-21,-99,-17,-49,349,-154,61,-51,-10,-121,-51,-137,-15,-112,108,-46,55,26,155,47,161,20,75,-56,42,-98,100,-61,205,-83,203,-225,1827,1011,-29,164,-66,215,-91,209,-116,201,-139,190,-162,178,-182,165,-200,149,-218,132,-232,114,-245,95,-255,75,-263,54,-35,4,0,-47,-17,-54,-385,-606,-235,-64,-54,-73,20,-123,89,-137,23,-112,-59,-179,-151,-144,-200,-103,-200,-59,0,-62]]]
172955	n	38.7411,35.7239,39.2874,36.1761	[[[387411,360044,775,-2178,154,-114,219,-132,233,-114,246,-95,257,-75,264,-54,269,-32,272,-11,272,11,269,32,264,54,257,75,246,95,233,114,219,132,202,149,182,165,163,178,140,190,116,201,92,209,66,215,40,219,13,222,-13,222,-40,219,-66,215,-92,209,-116,201,-140,190,-163,178,-182,165,-202,149,-219,132,-233,114,-246,95,-257,75,-264,54,-269,32,-272,11,-272,-11,-269,-32,-264,-54,-257,-75,-246,-95,-233,-114,-219,-132,-202,-149,-182,-165,-163,-178,-140,-190,-116,-201,-92,-209,-34,-112]]]
170017	r	36.4066,35.0172,37.0466,35.421	[[[364066,351300,8,-190,22,-190,38,-188,28,-101,4563,-459,1741,2828,-62,71,-147,148,-158,139,-169,130,-179,121,-188,110,-196,101,-204,90,-211,78,-216,67,-221,56,-226,43,-228,31,-230,19,-231,6,-231,-6,-230,-19,-228,-31,-226,-43,-221,-56,-216,-67,-211,-78,-204,-90,-196,-101,-188,-110,-179,-121,-169,-130,-158,-139,-147,-148,-134,-154,-123,-162,-109,-168,-95,-173,-81,-179,-68,-182,-52,-185,-38,-188,-22,-190,-8,-190]]]
163345	n	35.8669,34.6724,36.1638,35.116	[[[358669,349242,322,-714,55,-210,39,-100,175,-249,30,-62,0,-409,22,-88,97,-148,65,-267,160,-271,61,12,253,75,243,95,230,114,216,132,199,149,180,165,160,178,139,190,115,201,90,209,65,215,40,219,13,222,-13,222,-40,219,-65,215,-90,209,-115,201,-139,190,-160,178,-180,165,-199,149,-216,132,-230,114,-243,95,-253,75,-261,54,-266,32,-253,10,-36,-68,0,-479,35,-113,59,-134,33,-147,-52,-151,-80,-66,-58,-73,-81,-141,31,-71,23,-15,-3,-6,-51,-44,0,-69,61,-64,18,-69,-18,-69,-61,-65,-6,-47,-60,-27]]]
173811	n	40.4706,36.2739,41.0294,36.7261	[[[404706,365000,14,-222,40,-219,67,-215,92,-209,117,-201,141,-190,163,-178,185,-165,203,-149,220,-132,235,-114,248,-95,258,-75,266,-54,271,-32,274,-11,274,11,271,32,266,54,258,75,248,95,235,114,220,132,203,149,185,165,163,178,141,190,117,201,92,209,67,215,40,219,14,222,-14,222,-40,219,-67,215,-92,209,-117,201,-141,190,-163,178,-185,165,-203,149,-220,132,-235,114,-248,95,-258,75,-266,54,-271,32,-274,11,-274,-11,-271,-32,-266,-54,-258,-75,-248,-95,-235,-114,-220,-132,-203,-149,-185,-165,-163,-178,-141,-190,-117,-201,-92,-209,-67,-215,-40,-219,-14,-222]]]
170794	r	39.8003,35.0619,40.4797,35.619	[[[398003,353400,7,-182,22,-182,36,-180,51,-178,64,-175,79,-171,91,-166,105,-161,117,-155,130,-148,141,-141,152,-134,162,-125,172,-115,181,-107,188,-96,197,-86,202,-75,208,-65,213,-53,216,-41,220,-30,180,-15,3619,2357,12,60,22,182,7,182,-7,182,-22,182,-36,180,-51,178,-64,175,-79,171,-91,166,-105,161,-117,155,-130,148,-141,141,-152,134,-162,125,-172,115,-181,107,-188,96,-197,86,-202,75,-208,65,-213,53,-216,41,-220,30,-221,18,-222,6,-222,-6,-221,-18,-220,-30,-216,-41,-213,-53,-208,-65,-202,-75,-197,-86,-188,-96,-181,-107,-172,-115,-162,-125,-152,-134,-141,-141,-130,-148,-117,-155,-105,-161,-91,-166,-79,-171,-64,-175,-51,-178,-36,-180,-22,-182,-7,-182]]]
173377	n	40.9486,36.8239,41.5114,37.1124	[[[409486,370500,14,-222,40,-219,67,-215,93,-209,118,-201,142,-190,165,-178,185,-165,205,-149,222,-132,237,-114,249,-95,260,-75,268,-54,273,-32,276,-11,276,11,273,32,268,54,260,75,249,95,237,114,222,132,205,149,185,165,165,178,142,190,118,201,93,209,67,215,40,219,14,222,-14,222,-11,59,-125,6,-166,-31,-2586,-99,-29,-37,-1,0,-33,3,-167,15,-1,0,0,19,-184,39,-446,146,-1753,282,-58,-183,-40,-219,-14,-222]]]
174018	n	37.2473,36.1614,37.7716,36.5265	[[[372473,364169,1145,-1630,2659,-924,238,91,235,114,219,132,203,149,184,165,163,178,141,190,56,97,-4525,2534,-44,-38,-624,-896,-50,-162]]]
169389	n	36.3527,35.7039,36.9073,36.1561	[[[363527,359300,13,-222,40,-219,66,-215,92,-209,116,-201,140,-190,162,-178,183,-165,202,-149,218,-132,234,-114,246,-95,256,-75,264,-54,269,-32,272,-11,272,11,269,32,264,54,256,75,246,95,234,114,218,132,202,149,183,165,162,178,140,190,116,201,92,209,66,215,40,219,13,222,-13,222,-40,219,-66,215,-92,209,-116,201,-140,190,-162,178,-183,165,-202,149,-218,132,-234,114,-246,95,-256,75,-264,54,-269,32,-272,11,-272,-11,-269,-32,-264,-54,-256,-75,-246,-95,-234,-114,-218,-132,-202,-149,-183,-165,-162,-178,-140,-190,-116,-201,-92,-209,-66,-215,-40,-219,-13,-222]]]
170592	n	36.3322,33.4305,36.6695,33.7847	[[[363323,335557,95,-118,2700,-1134,123,139,136,190,113,201,89,209,65,215,38,219,13,222,-13,222,-38,219,-65,215,-89,209,-113,201,-136,190,-157,178,-178,165,-196,149,-213,132,-226,114,-240,95,-193,58,-1515,-2290]]]
166716	p	170654
169174	p	170654
167357	n	37.7006,36.3039,38.2295,36.7562	[[[377006,366316,9,-22,1047,-2673,123,-316,245,-94,259,-75,266,-54,271,-32,274,-11,274,11,271,32,266,54,259,75,247,95,236,114,220,132,203,149,184,165,164,178,141,190,117,201,92,209,67,215,40,219,14,222,-14,222,-40,219,-67,215,-92,209,-117,201,-141,190,-164,178,-184,165,-203,149,-220,132,-236,114,-247,95,-259,75,-266,54,-271,32,-274,11,-274,-11,-271,-32,-266,-54,-259,-75,-247,-95,-236,-114,-220,-132,-203,-149,-184,-165,-164,-178,-141,-190,-29,-50]]]
170905	n	35.8611,32.4572,36.3609,32.8461	[[[358612,327201,345,-68,95,-47,173,-148,50,-14,129,1,38,-17,15,-67,-13,-65,-32,-41,-37,5,91,-96,88,-70,104,-30,145,22,233,-15,47,-114,-30,-170,7,-188,94,-167,451,-579,55,-117,3,-43,36,-7,120,-3,143,-4,370,42,63,-6,104,-34,60,-9,49,20,114,87,52,14,108,-50,326,-277,640,-374,37,29,176,165,156,178,135,190,111,201,89,209,57,196,-535,1880,-13,14,-176,165,-193,149,-211,132,-224,114,-237,95,-246,75,-254,54,-259,32,-261,11,-261,-11,-259,-32,-254,-54,-246,-75,-237,-95,-224,-114,-211,-132,-193,-149,-176,-165,-156,-178,-135,-190,-36,-65]]]
164947	n	36.8725,34.7839,37.3242,35.2361	[[[368725,350172,714,-1922,484,-359,42,-9,266,-32,269,-11,269,11,266,32,261,54,253,75,244,95,230,114,216,132,200,149,181,165,160,178,138,190,115,201,91,209,65,215,40,219,13,222,-13,222,-40,219,-65,215,-91,209,-115,201,-138,190,-160,178,-181,165,-200,149,-216,132,-230,114,-244,95,-253,75,-261,54,-266,32,-269,11,-269,-11,-178,-22,-1328,-2156]]]
172374	n	38.273,35.6139,38.8187,36.0661	[[[382730,358400,13,-222,40,-219,66,-215,92,-209,116,-201,140,-190,162,-178,182,-165,202,-149,218,-132,233,-114,246,-95,256,-75,264,-54,268,-32,272,-11,272,11,268,32,264,54,256,75,246,95,233,114,218,132,202,149,182,165,162,178,140,190,116,201,92,209,36,118,-772,2169,-158,117,-218,132,-233,114,-246,95,-256,75,-264,54,-268,32,-272,11,-272,-11,-268,-32,-264,-54,-256,-75,-246,-95,-233,-114,-218,-132,-202,-149,-182,-165,-162,-178,-140,-190,-116,-201,-92,-209,-66,-215,-40,-219,-13,-222]]]
170892	n	36.1119,33.2339,36.3118,33.5052	[[[361119,332571,151,-60,249,-75,256,-54,261,-32,264,-11,264,11,261,32,256,54,37,11,-509,2396,-260,209,-1230,-2481]]]
172082	n	36.7703,36.3713,37.3297,36.7735	[[[367703,365900,13,-222,41,-219,66,-215,93,-209,117,-201,141,-190,164,-178,184,-165,204,-149,220,-132,235,-114,249,-95,258,-75,114,-23,2527,480,149,108,65,59,145,209,459,658,1,1,31,44,20,45,44,142,41,219,13,222,-13,222,-41,219,-40,128,-784,117,-222,-15,-636,-132,-187,20,-164,40,-166,11,-42,-16,-3,-8,-141,-143,-83,32,-74,-60,-77,-94,-93,-22,-198,88,-188,136,-37,114,78,290,-42,27,-6,11,8,36,26,32,1,21,16,16,-5,96,-78,129,-305,228,-154,115,-188,89,-200,63,-191,36,-195,9,-147,-87,-204,-149,-184,-165,-164,-178,-141,-190,-117,-201,-93,-209,-66,-215,-41,-219,-13,-222]]]
169304	n	35.8808,35.1338,36.2054,35.5576	[[[358809,354566,280,-309,101,-80,-23,-144,74,-648,49,-170,-137,-336,380,-631,91,-269,-211,-173,-362,-457,249,-10,270,11,267,32,262,54,255,75,244,95,232,114,217,132,200,149,182,165,161,178,139,190,115,201,91,209,66,215,39,219,14,222,-14,222,-39,219,-66,215,-91,209,-115,201,-139,190,-161,178,-182,165,-200,149,-217,132,-195,96,-1826,-1010]]]
172503	n	37.1243,35.8539,37.6479,36.2539	[[[371243,359745,6,-11,141,-190,162,-178,183,-165,202,-149,219,-132,234,-114,247,-95,256,-75,265,-54,270,-32,272,-11,272,11,270,32,265,54,256,75,247,95,234,114,219,132,202,149,183,165,162,178,141,190,116,201,92,209,66,215,40,219,14,222,-14,222,-40,219,-66,215,-67,154,-15,5,-2659,924,-2375,-2794]]]
172408	n	36.309,32.4839,36.8369,32.9362	[[[363090,327566,519,-1826,18,-64,10,-10,176,-165,194,-149,210,-132,225,-114,237,-95,246,-75,254,-54,259,-32,262,-11,262,11,259,32,254,54,246,75,237,95,225,114,210,132,194,149,176,165,156,178,135,190,112,201,88,209,64,215,38,219,13,222,-13,222,-38,219,-64,215,-88,209,-112,201,-135,190,-156,178,-176,165,-194,149,-210,132,-225,114,-237,95,-246,75,-254,54,-259,32,-262,11,-262,-11,-259,-32,-254,-54,-246,-75,-237,-95,-225,-114,-210,-132,-194,-149,-176,-165,-156,-178,-135,-190,-112,-201,-88,-209,-56,-190]]]
174448	n	40.6477,34.3307,41.1015,34.6761	[[[406477,344500,13,-222,39,-219,65,-215,90,-209,114,-201,92,-127,15,8,2455,546,293,158,227,266,360,657,0,1,775,1239,-87,66,-215,132,-229,114,-242,95,-251,75,-260,54,-264,32,-267,11,-267,-11,-264,-32,-260,-54,-251,-75,-242,-95,-229,-114,-215,-132,-198,-149,-179,-165,-159,-178,-138,-190,-114,-201,-90,-209,-65,-215,-39,-219,-13,-222]]]
172349	n	36.045,33.5557,36.4829,33.8351	[[[360450,336510,1438,-761,1435,-192,1506,2277,-18,14,-213,132,-227,114,-239,95,-249,75,-239,50,-69,-76,-192,-26,-377,75,-156,64,-14,-1,-262,-32,-257,-54,-249,-75,-239,-95,-227,-114,-213,-132,-196,-149,-177,-165,-158,-178,-136,-190,-113,-201,-89,-209,-65,-215,-5,-31]]]
173480	n	40.1758,34.7939,40.7243,35.2461	[[[401758,350200,13,-222,39,-219,66,-215,90,-209,116,-201,138,-190,160,-178,181,-165,199,-149,216,-132,231,-114,244,-95,253,-75,261,-54,266,-32,269,-11,269,11,266,32,261,54,253,75,244,95,231,114,216,132,199,149,181,165,160,178,138,190,116,201,90,209,66,215,39,219,13,222,-13,222,-39,219,-66,215,-90,209,-116,201,-138,190,-160,178,-181,165,-199,149,-216,132,-231,114,-244,95,-253,75,-261,54,-266,32,-269,11,-269,-11,-266,-32,-97,-21,-1105,-720,-710,-462,-87,-150,-90,-209,-66,-215,-39,-219,-13,-222]]]
172946	n	36.4561,34.825,36.9439,35.0545	[[[364561,349300,13,-222,39,-219,66,-215,90,-209,106,-185,4564,0,-714,1922,-3711,373,-130,-179,-115,-201,-90,-209,-66,-215,-39,-219,-13,-222]]]
166833	n	35.9308,33.2567,36.235,33.6526	[[[359308,334700,13,-222,39,-219,64,-215,89,-209,113,-201,136,-190,157,-178,177,-165,196,-149,212,-132,227,-114,239,-95,147,-44,1232,2485,-461,697,-1470,777,-126,-78,-196,-149,-152,-142,1,0,184,-77,168,-104,88,-113,-33,-185,-154,-152,-205,-113,-190,-74,-235,3,-162,-44,-46,-157,-29,-163,23,-35,-36,-73,-10,-170]]]
166285	n	37.3182,36.2734,37.8192,36.6561	[[[373182,365270,9,-5,4520,-2531,147,132,163,178,141,190,30,53,-1177,3007,-247,95,-258,75,-265,54,-271,32,-274,11,-274,-11,-271,-32,-265,-54,-258,-75,-248,-95,-235,-114,-220,-132,-203,-149,-184,-165,-163,-178,-141,-190,-56,-96]]]
163808	n	38.0073,34.3339,38.5527,34.7861	[[[380073,345600,13,-222,39,-219,65,-215,91,-209,114,-201,138,-190,159,-178,180,-165,198,-149,215,-132,229,-114,242,-95,252,-75,260,-54,265,-32,267,-11,267,11,265,32,260,54,252,75,242,95,229,114,215,132,198,149,180,165,159,178,138,190,114,201,91,209,65,215,39,219,13,222,-13,222,-39,219,-65,215,-91,209,-114,201,-138,190,-159,178,-180,165,-198,149,-215,132,-229,114,-242,95,-252,75,-260,54,-265,32,-267,11,-267,-11,-265,-32,-260,-54,-252,-75,-242,-95,-229,-114,-215,-132,-198,-149,-180,-165,-159,-178,-138,-190,-114,-201,-91,-209,-65,-215,-39,-219,-13,-222]]]
171998	p	170654
172256	n	38.0722,36.6639,38.5942,36.9084	[[[380722,368586,24,-127,67,-215,93,-209,118,-201,141,-190,164,-178,185,-165,205,-149,221,-132,236,-114,249,-95,260,-75,267,-54,273,-32,275,-11,275,11,273,32,267,54,260,75,249,95,236,114,221,132,205,149,185,165,164,178,107,143,-648,550,-494,220,-1901,460,-656,67,-342,-29,-671,-209,-278,-142,-230,-118]]]
173334	n	35.7638,32.905,36.0982,33.3561	[[[357638,333344,383,-219,-335,-398,70,-78,280,-164,41,-468,225,-117,32,-289,-110,-195,-109,-148,0,-149,374,-132,-31,-133,132,-952,56,-125,235,-328,-141,-226,-71,-15,-109,-158,3,0,260,32,255,54,248,75,238,95,226,114,211,132,195,149,177,165,157,178,135,190,113,201,88,209,64,215,39,219,13,222,-13,222,-39,219,-64,215,-88,209,-113,201,-135,190,-157,178,-177,165,-195,149,-211,132,-226,114,-238,95,-248,75,-255,54,-260,32,-263,11,-263,-11,-24,-3,-78,-48,-77,-70,-220,-85]]]
