1609350	r	100.0652,13.2191,100.8659,14.2589	[[[1000652,135962,135,-138,753,-1370,832,320,161,84,117,117,101,192,148,-117,473,-231,193,78,246,18,276,-12,454,-2712,2,2744,1016,174,200,87,83,141,-10,423,10,42,3,15,24,103,55,101,45,85,9,17,4,-50,7,-108,-22,-138,-34,-73,-17,-39,-20,-95,25,-75,181,-70,395,-272,302,-111,699,-93,215,-87,242,-30,547,817,-117,578,-944,890,-511,482,-30,92,0,642,1583,995,-88,-13,-470,-49,-398,-131,-659,-22,7,10,-4,35,23,52,4,50,-254,-6,-77,3,2092,3205,-142,77,-214,-49,-3063,-697,-1528,212,-97,-78,-122,-112,-114,-119,-106,-126,-98,-133,-88,-139,-79,-144,-69,-149,-59,-153,-48,-156,-38,-159,-27,-161,-15,-148,-414,118,263,-1268,-23,-463,-1847,-2253,-79,-450]]]
1606590	p	1609350
1608133	p	1609350
1611110	n	100.7955,13.2149,101.2109,13.5627	[[[1007955,134882,185,-22,500,-145,249,-33,618,0,127,32,105,74,100,92,119,82,0,-69,-174,-304,-75,-217,142,-195,21,-216,-18,-231,-41,-140,-160,-105,-182,-41,-147,-63,-84,-225,-47,-48,-46,-64,-23,-105,30,-68,92,-145,2323,-577,15,17,135,178,117,190,97,201,76,209,55,215,33,219,11,222,-11,222,-33,219,-55,215,-76,209,-97,201,-117,190,-15,20,-2921,751,-71,-33,-194,-114,-182,-132,-168,-149,-2,-2,-211,-315]]]
1607508	p	1609350
7026720	p	1609350
1610780	r	100.1995,6.7297,100.759,7.4106	[[[1001995,70100,6,-183,18,-183,30,-181,42,-178,53,-176,65,-172,76,-167,86,-161,97,-156,107,-149,116,-142,126,-134,134,-125,142,-116,149,-107,156,-97,161,-87,168,-75,171,-65,176,-53,179,-42,181,-30,183,-18,183,-6,183,6,183,18,181,30,179,42,176,53,171,65,168,75,161,87,156,97,149,107,142,116,134,125,126,134,116,142,107,149,97,156,86,161,76,167,65,172,53,176,42,178,30,181,9,93,-1890,1032,0,718,-141,-130,-243,-72,-116,-19,-252,10,-88,33,-82,63,-117,110,-155,-19,-140,48,-122,111,-135,274,-83,46,-71,81,-32,113,29,61,67,48,88,35,162,83,-92,82,-97,48,-142,2,-89,78,-37,94,-18,120,-6,221,-1,15,-86,214,-25,8,-58,-79,-114,-190,-95,-201,-75,-209,-54,-215,-33,-219,-11,-222,11,-222,11,-71,-595,207,-88,-108,-107,-149,-97,-156,-86,-161,-76,-167,-65,-172,-53,-176,-42,-178,-30,-181,-18,-183,-6,-183]],[[1004101,73775,122,-75,68,-436,99,-323,-135,-265,188,-98,281,11,78,-50,194,-116,359,-323,126,-129,219,-18,0,265,-28,77,-128,203,-538,842,-324,766,-48,-17,-201,-95,-191,-114,-141,-105]]]
1608048	p	1609350
7026886	p	1609350
1606250	n	100.8717,13.01,101.1606,13.2726	[[[1008718,130835,5,-38,-4,-26,7,-9,32,9,22,38,8,2,55,-23,18,-24,1,-8,-22,-12,-9,16,8,-17,-55,-31,41,-77,11,2,32,18,-12,-2,107,56,-6,9,9,6,26,-40,-147,-84,37,-53,8,-27,161,46,15,-47,-9,-5,-2,6,-151,-43,26,-88,148,42,27,-85,-1,-8,-212,-60,22,-70,51,16,-2,14,138,40,29,34,31,54,3,18,4,-7,15,27,10,-3,5,9,2,12,-22,19,14,22,10,0,5,-15,7,0,17,-20,100,-164,4,-164,1751,0,-101,60,98,106,135,178,116,190,97,201,76,209,55,215,33,219,11,222,-11,222,-33,219,-2,10,-2314,575,44,-70,46,-96,109,-360,7,-191,-82,-169,-212,-291,-86,-156,-4,0,-41,34,-20,6,-20,-37,8,-23,-13,-29,9,-73,-5,-21,-25,-33,-9,-3,-11,8,9,-10,-16,-20,-38,-2,-15,-17,-36,-20,-12,-20,-22,-13,-22,-37,3,-26,-7,-37,-24,-60,-14,-78,-29,-47]]]
11071484	p	1609350
7027003	p	1609350
13494069	p	1609350
1619485	p	1609350
6957690	p	1609350
7026785	p	1609350
1618177	p	1609350
7026787	p	1609350
1608258	n	100.6567,13.6894,101.004,14.2	[[[1006567,139307,77,-3,254,6,-4,-50,-23,-52,4,-35,-7,-10,659,22,398,131,470,49,88,13,1557,979,-25,99,-77,209,-97,201,-117,190,-135,178,-153,165,-168,149,-182,132,-195,114,-205,95,-214,75,-147,36,-1758,-2693]],[[1006900,137741,30,-92,511,-482,62,0,17,-6,14,7,111,-2,22,-12,42,3,15,7,160,2,404,-147,305,-125,15,76,-56,24,353,567,194,344,184,107,103,131,-309,239,50,86,-75,14,16,67,-9,3,-3,40,7,12,2,205,27,265,49,388,-191,-19,-467,-65,-1583,-995,0,-642]]]
1152473	r	99.2097,18.022,99.7704,18.5579	[[[992097,182900,6,-175,18,-175,30,-173,42,-170,53,-168,65,-164,75,-160,87,-155,97,-148,106,-143,117,-136,125,-127,134,-120,142,-112,149,-102,156,-92,161,-83,167,-72,172,-62,176,-51,178,-40,181,-28,183,-17,183,-6,183,6,183,17,181,28,178,40,176,51,172,62,167,72,161,83,156,92,149,102,142,112,134,120,125,127,117,136,106,143,97,148,87,155,75,160,65,164,53,168,42,170,30,173,18,175,6,175,-6,175,-18,175,-30,173,-42,170,-53,168,-65,164,-75,160,-87,155,-97,148,-106,143,-117,136,-125,127,-134,120,-142,112,-149,102,-156,92,-161,83,-167,72,-172,62,-176,51,-178,40,-181,28,-183,17,-183,6,-183,-6,-183,-17,-181,-28,-178,-40,-176,-51,-172,-62,-167,-72,-161,-83,-156,-92,-149,-102,-142,-112,-134,-120,-125,-127,-117,-136,-106,-143,-97,-148,-87,-155,-75,-160,-65,-164,-53,-168,-42,-170,-30,-173,-18,-175,-6,-175]]]
1608236	p	1609350
1619532	p	1609350
7026776	p	1609350
1610538	n	101.5949,13.7239,102.0116,14.3461	[[[1015949,137600,160,-94,205,-95,214,-75,221,-54,224,-32,227,-11,227,11,224,32,221,54,214,75,205,95,147,86,7,17,902,2126,529,468,63,132,77,209,55,215,34,219,11,222,-11,222,-34,219,-55,215,-77,209,-97,201,-117,190,-135,178,-153,165,-168,149,-182,132,-195,114,-206,95,-214,75,-220,54,-225,32,-227,11,-227,-11,-225,-32,-220,-54,-214,-75,-206,-95,-195,-114,-182,-132,-168,-149,-101,-109,496,-2026,-364,-623,-245,-2441]]]
1150515	r	99.0168,8.8287,99.6432,9.4472	[[[990168,91400,7,-204,20,-202,33,-201,47,-199,59,-195,72,-190,85,-186,97,-180,108,-173,119,-165,130,-158,140,-148,150,-140,158,-129,167,-118,174,-108,181,-96,186,-84,192,-72,196,-59,200,-46,202,-34,204,-19,205,-7,205,7,204,19,202,34,200,46,196,59,192,72,186,84,181,96,174,108,167,118,158,129,150,140,140,148,130,158,119,165,108,173,97,180,85,186,72,190,59,195,47,199,33,201,20,202,7,204,-7,204,-20,202,-33,201,-47,199,-59,195,-72,190,-85,186,-3,5,-5,-2,-166,-32,-453,83,-124,-14,-143,-118,-71,-167,-51,-177,-76,-152,-269,-193,-309,-50,-329,4,-328,-35,-274,263,-490,34,-467,99,-210,458,-39,415,53,165,191,205,92,70,249,135,26,45,-13,46,8,37,82,14,70,-6,47,-11,50,-2,79,19,-435,557,-112,-19,-200,-46,-196,-59,-192,-72,-186,-84,-181,-96,-174,-108,-167,-118,-158,-129,-150,-140,-140,-148,-130,-158,-119,-165,-108,-173,-97,-180,-85,-186,-72,-190,-59,-195,-47,-199,-33,-201,-20,-202,-7,-204]]]
1605239	r	102.4957,17.1289,103.0932,17.6687	[[[1024957,174890,2365,-3547,182,-29,198,-19,198,-6,198,6,198,19,195,31,193,43,190,55,186,67,180,79,175,90,169,100,161,111,153,121,145,130,136,139,125,148,116,155,105,161,93,168,82,174,70,178,57,182,46,186,32,188,19,190,7,190,-7,190,-19,190,-32,188,-46,186,-57,182,-70,178,-82,174,-93,168,-105,161,-116,155,-125,148,-136,139,-145,130,-153,121,-161,111,-111,66,-3657,-375,-59,-53,-136,-139,-125,-148,-116,-155,-105,-161,-93,-168,-82,-174,-70,-178,-57,-182,-16,-64]]]
6694101	p	1609350
1153671	r	98.6854,18.6487,99.2747,19.0708	[[[986854,187900,6,-184,19,-183,31,-181,44,-179,56,-176,68,-172,80,-167,90,-162,6,-9,5402,728,34,137,31,181,19,183,6,184,-6,184,-19,183,-31,181,-44,179,-56,176,-68,172,-80,167,-90,162,-102,156,-113,150,-122,142,-132,134,-140,125,-149,117,-157,107,-164,97,-170,87,-175,75,-181,65,-184,54,-188,41,-190,30,-192,18,-193,6,-193,-6,-192,-18,-190,-30,-188,-41,-184,-54,-181,-65,-175,-75,-170,-87,-164,-97,-157,-107,-149,-117,-140,-125,-132,-134,-122,-142,-113,-150,-102,-156,-90,-162,-80,-167,-68,-172,-56,-176,-44,-179,-31,-181,-19,-183,-6,-184]]]
1608529	r	101.7901,14.6686,102.4099,15.2714	[[[1017901,149700,7,-197,20,-196,33,-195,46,-192,59,-189,71,-184,84,-180,95,-174,108,-167,118,-161,128,-152,139,-144,148,-135,157,-125,164,-115,173,-104,178,-93,185,-81,190,-70,194,-57,197,-45,201,-32,201,-19,203,-7,203,7,201,19,201,32,197,45,194,57,190,70,185,81,178,93,173,104,164,115,157,125,148,135,139,144,128,152,118,161,108,167,95,174,84,180,71,184,59,189,46,192,33,195,20,196,7,197,-7,197,-20,196,-33,195,-46,192,-59,189,-71,184,-84,180,-95,174,-108,167,-118,161,-128,152,-139,144,-148,135,-157,125,-164,115,-173,104,-178,93,-185,81,-190,70,-194,57,-197,45,-201,32,-201,19,-203,7,-203,-7,-201,-19,-201,-32,-197,-45,-194,-57,-190,-70,-185,-81,-178,-93,-173,-104,-164,-115,-157,-125,-148,-135,-139,-144,-128,-152,-118,-161,-108,-167,-95,-174,-84,-180,-71,-184,-59,-189,-46,-192,-33,-195,-20,-196,-7,-197]]]
1153269	r	99.5959,12.2122,100.021,12.8425	[[[995959,125700,8,-234,23,-233,39,-231,54,-228,70,-224,83,-219,99,-213,112,-207,126,-199,139,-190,151,-181,163,-171,174,-160,184,-148,193,-137,203,-123,210,-111,217,-96,223,-83,228,-68,232,-53,235,-38,237,-23,238,-8,238,8,237,23,86,14,-22,140,-46,104,-76,92,-100,92,-89,110,-11,94,220,740,85,148,-12,145,-280,662,8,18,-20,14,-2,22,7,6,-9,13,-8,4,-2,-1,-1,5,3,3,-4,2,-31,189,20,350,11,10,7,0,2,-6,-1,15,35,-9,7,11,-28,39,-42,8,13,-2,13,219,-28,204,-171,646,-1,108,-3,317,45,423,93,410,133,393,334,520,-3090,-108,-94,-87,-163,-171,-151,-181,-139,-190,-126,-199,-112,-207,-99,-213,-83,-219,-70,-224,-54,-228,-39,-231,-23,-233,-8,-234]]]
6845329	p	1609350
1613549	p	1609350
1605245	r	104.5739,14.9716,105.1263,15.5084	[[[1045739,152458,322,-1316,46,-84,96,-149,105,-143,115,-136,123,-128,132,-120,140,-111,147,-103,153,-92,160,-83,165,-73,169,-62,173,-51,176,-39,178,-29,180,-17,181,-6,181,6,180,17,178,29,176,39,173,51,169,62,165,73,160,83,153,92,147,103,140,111,132,120,123,128,115,136,105,143,96,149,85,155,75,160,63,164,53,168,41,171,29,174,18,174,6,176,-6,176,-18,174,-29,174,-41,171,-53,168,-63,164,-75,160,-85,155,-96,149,-105,143,-115,136,-123,128,-132,120,-140,111,-147,103,-153,92,-160,83,-165,73,-169,62,-173,51,-176,39,-178,29,-180,17,-181,6,-181,-6,-180,-17,-178,-29,-176,-39,-173,-51,-169,-62,-165,-73,-160,-83,-153,-92,-147,-103,-140,-111,-132,-120,-123,-128,-115,-136,-105,-143,-96,-149,-85,-155,-75,-160,-63,-164,-53,-168,-41,-171,-29,-174,-18,-174,-4,-118]]]
7026837	p	1609350
1607782	p	1609350
1157290	n	99.6799,13.5704,100.0731,14.0325	[[[996799,137049,3032,-1345,821,258,79,450,-1131,1358,0,2549,-19,6,-2274,-2948,-508,-328]]]
1605403	p	1609350
1609899	p	1609350
1608534	r	99.9599,13.6412,100.2601,14.1058	[[[999600,137770,1131,-1358,1847,2253,23,463,-249,1198,-24,23,-148,119,-156,108,-162,99,-169,88,-174,78,-179,65,-183,55,-187,42,-188,31,-191,18,-191,6,-191,-6,-191,-18,-188,-31,-27,-6,-203,-647,0,-2580]]]
1619460	p	1609350
7026999	p	1609350
1614295	r	100.7664,12.802,101.2004,13.0112	[[[1007665,129143,3,-6,11,-2,39,-40,-4,-22,8,-40,-5,-17,13,-15,4,-19,13,-8,11,29,21,4,13,-6,12,7,20,36,-7,39,17,23,5,20,24,17,-3,21,33,75,5,59,-12,29,5,21,11,14,-3,13,-20,-16,-16,-1,-5,-30,-23,-30,-20,-8,-4,-27,-16,-9,-43,-6,-5,15,-17,2,-7,10,-22,8,-2,-46,-13,-20,11,-14,2,-24,-9,-14,-22,-10,-3,-12]],[[1008554,129094,142,-147,111,-131,124,-177,45,-88,10,2,5,-7,48,17,22,-31,72,-128,52,-141,14,-154,-22,-89,1582,115,1245,1785,-918,180,-1751,0,1,-72,-30,-60,4,13,-21,19,-13,0,-10,19,17,53,2,32,-5,7,-10,-63,-24,-70,-9,-3,-27,-73,-33,-47,-67,-67,-28,-14,-86,48,-29,-83,-2,-19,-14,1,-6,4,5,8,-7,11,-15,9,-20,-25,-9,-2,-6,11,-9,0,-2,-13,-22,-15,-14,7,-14,-7,-4,5,-4,-10,6,-22,-6,-4,15,-31,7,-53,-5,-15,-12,-3,-7,-17,9,-65,5,2,5,-11,2,-34,-7,-48,-3,-7,-78,-48,-73,-58,-12,-31,-22,8,-20,37,-6,-1,-14,-47,-22,-8,4,-26,-5,-14,-10,-10,-13,-1,-4,-13,15,-43,-19,-47]]]
7026898	p	1609350
7027001	p	1609350
1609776	r	102.5399,16.1698,103.1201,16.7301	[[[1025399,164500,6,-183,19,-183,31,-180,43,-179,55,-175,67,-172,78,-167,90,-162,100,-155,111,-149,120,-142,130,-134,138,-125,147,-116,154,-107,162,-97,167,-86,173,-76,178,-64,181,-54,185,-41,187,-30,189,-18,190,-6,190,6,189,18,187,30,185,41,181,54,178,64,173,76,167,86,162,97,154,107,102,80,979,1608,29,168,19,183,6,183,-6,183,-19,183,-31,180,-43,179,-55,175,-67,172,-78,167,-90,162,-100,155,-111,149,-120,142,-130,134,-138,125,-147,116,-154,107,-162,97,-167,86,-173,76,-178,64,-181,54,-185,41,-187,30,-189,18,-190,6,-190,-6,-189,-18,-187,-30,-185,-41,-181,-54,-178,-64,-173,-76,-167,-86,-162,-97,-154,-107,-147,-116,-138,-125,-130,-134,-120,-142,-111,-149,-100,-155,-90,-162,-78,-167,-67,-172,-55,-175,-43,-179,-31,-180,-19,-183,-6,-183]]]
7026833	p	1609350
6908641	p	1609350
1610858	p	1609350
1607017	r	101.0759,12.5955,101.4809,12.9441	[[[1010759,128135,40,-1345,78,16,1612,-205,290,-70,3,-3,-2,3,455,-109,694,-305,252,-161,108,13,44,185,96,94,222,75,158,24,-721,2651,-144,88,-155,82,-160,71,-165,61,-168,50,-172,39,-173,28,-175,17,-176,6,-176,-6,-175,-17,-173,-28,-172,-39,-168,-50,-165,-61,-60,-27,-752,-1077]]]
1605843	p	1609350
8355932	p	1609350
1151933	r	99.6889,8.1501,100.2466,8.7093	[[[996890,84300,6,-183,18,-182,30,-181,42,-178,53,-176,65,-171,76,-167,86,-161,97,-156,108,-149,116,-141,126,-134,134,-125,142,-116,150,-107,156,-97,162,-86,168,-76,172,-64,176,-53,179,-42,181,-30,183,-18,184,-6,184,6,183,18,181,30,179,42,176,53,172,64,168,76,162,86,156,97,150,107,142,116,134,125,126,134,116,141,108,149,97,156,86,161,76,167,65,171,53,176,42,178,10,59,-261,674,-122,210,-275,315,-302,217,-195,-83,337,-132,103,-349,20,-403,92,-290,-128,-78,-159,-37,-134,31,-57,121,-45,29,-220,94,-77,45,-58,88,-64,199,-162,240,-222,433,-40,173,-89,146,-567,338,-170,263,-79,319,-73,717,-3,0,-183,-18,-181,-30,-179,-42,-176,-53,-172,-64,-168,-76,-162,-86,-156,-97,-150,-107,-142,-116,-134,-125,-126,-134,-116,-141,-108,-149,-97,-156,-86,-161,-76,-167,-65,-171,-53,-176,-42,-178,-30,-181,-18,-182,-6,-183]]]
1606291	n	101.146,13.7439,101.6194,14.2623	[[[1011460,139942,25,-98,76,-209,97,-201,117,-190,135,-178,153,-165,168,-149,183,-132,195,-114,205,-95,214,-75,220,-54,46,-6,1179,1945,-170,2402,-2843,-2681]],[[1013298,138282,13,-16,153,-165,168,-149,182,-132,195,-114,205,-95,214,-75,221,-54,224,-32,227,-11,227,11,224,32,221,54,176,62,246,2443,-1721,180,-1175,-1939]]]
1611269	n	101.8704,12.3912,102.3301,12.8361	[[[1018704,126216,1,0,30,-86,41,-75,82,-75,85,-15,83,14,68,-37,37,-166,-205,61,70,-140,145,-146,337,-254,-5,110,-130,430,27,55,90,65,18,61,21,46,45,-51,44,-100,20,-107,0,-433,127,41,187,-16,168,-57,135,-146,345,-512,5,289,21,133,49,124,-213,6,-117,106,-90,137,-132,93,0,74,129,40,423,22,-212,-202,46,-82,507,11,-53,-20,-51,-27,-101,-90,74,-53,74,-10,66,40,52,99,76,0,-67,-144,-135,-102,-66,-84,131,-87,-71,20,-56,8,-41,27,-37,82,-61,-208,152,-238,227,-238,161,-210,-16,-94,125,-87,198,-106,101,24,213,75,204,95,53,31,6,59,-38,81,-96,58,47,23,165,46,61,-127,65,-7,112,82,167,149,152,165,134,178,117,190,96,201,76,209,55,215,33,219,11,222,-11,222,-33,219,-55,215,-76,209,-96,201,-117,190,-134,178,-152,165,-167,149,-181,132,-194,114,-204,95,-213,75,-219,54,-223,32,-226,11,-226,-11,-223,-32,-219,-54,-213,-75,-204,-95,-194,-114,-181,-132,-167,-149,-152,-165,-134,-178,-117,-190,-96,-201,-76,-209,-55,-215,-33,-219,-6,-106]]]
1619278	p	1609350
13494075	p	1609350
1620755	p	1609350
13494076	p	1609350
1604870	r	101.0066,6.2666,101.5534,6.7236	[[[1010066,65400,6,-179,18,-178,29,-176,41,-175,51,-171,64,-167,73,-163,85,-158,94,-152,104,-145,114,-139,122,-130,131,-123,138,-113,145,-104,152,-95,158,-84,163,-74,167,-63,171,-52,175,-41,176,-29,178,-17,179,-6,179,6,178,17,176,29,175,41,171,52,167,63,163,74,158,84,152,95,145,104,138,113,131,123,122,130,114,139,104,145,94,152,85,158,73,163,64,167,51,171,41,175,29,176,18,178,6,179,-6,179,-18,178,-29,176,-41,175,-51,171,-64,167,-73,163,-85,158,-94,152,-104,145,-114,139,-31,33,-4330,-371,-61,-98,-85,-158,-73,-163,-64,-167,-51,-171,-41,-175,-29,-176,-18,-178,-6,-179]]]
1150954	n	99.589,13.3163,99.9831,13.7049	[[[995890,135400,11,-222,33,-219,55,-215,77,-209,97,-201,116,-190,135,-178,153,-165,168,-149,182,-132,194,-114,205,-95,213,-75,220,-54,135,-19,1947,2541,-3032,1345,-206,-27,-26,-23,-153,-165,-135,-178,-116,-190,-97,-201,-77,-209,-55,-215,-33,-219,-11,-222]]]
1620706	p	1609350
1607542	p	1609350
7026889	p	1609350
7026817	p	1609350
1897926	p	1606250
1601579	p	1610780
1607055	p	1609350
7026897	p	1609350
1608527	r	99.8496,15.4767,100.4305,15.9914	[[[998496,157100,7,-184,18,-183,31,-182,43,-179,55,-177,24,-61,4349,-1367,145,100,146,117,139,126,130,135,121,142,110,150,101,156,89,162,79,168,67,172,55,177,43,179,31,182,18,183,7,184,-7,184,-18,183,-31,182,-43,179,-55,177,-67,172,-79,168,-89,162,-101,156,-110,150,-121,142,-130,135,-139,126,-146,117,-155,107,-161,97,-168,87,-173,76,-178,65,-181,53,-186,42,-187,30,-189,18,-190,6,-190,-6,-189,-18,-187,-30,-186,-42,-181,-53,-178,-65,-173,-76,-168,-87,-161,-97,-155,-107,-146,-117,-139,-126,-130,-135,-121,-142,-110,-150,-101,-156,-89,-162,-79,-168,-67,-172,-55,-177,-43,-179,-31,-182,-18,-183,-7,-184]]]
1604792	p	1609350
10172776	p	1609350
13494081	p	1609350
1151254	r	98.2542,7.7677,98.6118,8.1529	[[[982542,79283,38,-19,177,-54,57,-36,39,-136,-53,-69,-80,-34,-42,-34,13,-110,39,-84,47,-73,37,-75,52,-642,52,-142,173,-98,140,32,94,151,36,253,78,216,184,-5,358,-174,-27,355,36,118,15,-11,19,19,-17,18,143,46,168,54,80,117,-2,153,-79,155,-37,-42,-61,-48,-33,-46,-36,52,-61,87,-74,181,-40,192,6,176,41,84,60,47,61,32,7,7,36,36,13,78,-22,181,9,82,133,225,66,159,6,168,-70,134,-95,34,-76,-39,-21,-11,-74,-118,-163,129,-155,155,-136,79,-105,-96,-61,0,-59,360,-58,-13,-165,-50,-162,-61,-90,-40,-18,-196,-30,-103,-77,-157,-24,-75,-8,-64,17,-355,43,-196,10,-111,-38,-95,-76,-96,-40,-102,55,-117,26,-84,-65,-74,-90,-80,-44,-100]],[[983749,81515,4,-7,160,-143,107,125,17,37,-37,2,-172,-6,-79,-8]],[[985304,80924,6,-38,59,-174,129,-211,13,-76,38,-56,110,-22,85,-29,52,-72,27,-92,7,-86,-26,-106,-58,-21,-66,-7,-48,-71,-4,-82,48,-147,32,-240,65,-198,109,-147,153,-11,83,223,-13,1003,-52,70,-150,165,-165,149,-178,132,-191,114,-65,30]]]
1155656	n	99.2279,14.3839,99.6921,14.8361	[[[992279,146100,11,-222,34,-219,55,-215,77,-209,97,-201,117,-190,136,-178,153,-165,169,-149,183,-132,195,-114,206,-95,214,-75,221,-54,226,-32,227,-11,227,11,226,32,221,54,214,75,206,95,195,114,183,132,169,149,153,165,136,178,117,190,97,201,77,209,55,215,34,219,11,222,-11,222,-34,219,-55,215,-77,209,-97,201,-117,190,-136,178,-153,165,-169,149,-183,132,-195,114,-206,95,-214,75,-221,54,-226,32,-227,11,-227,-11,-226,-32,-221,-54,-214,-75,-206,-95,-195,-114,-183,-132,-169,-149,-153,-165,-136,-178,-117,-190,-97,-201,-77,-209,-55,-215,-34,-219,-11,-222]]]
1153669	r	99.5325,19.6284,100.1275,20.1916	[[[995325,199100,7,-184,19,-184,32,-181,44,-180,56,-176,69,-173,80,-167,92,-163,103,-156,113,-150,124,-143,133,-134,142,-126,150,-117,158,-107,166,-97,171,-87,178,-76,182,-65,186,-54,190,-42,192,-30,193,-18,195,-6,195,6,193,18,192,30,190,42,186,54,182,65,178,76,171,87,166,97,158,107,150,117,142,126,133,134,124,143,113,150,103,156,92,163,80,167,69,173,56,176,44,180,32,181,19,184,7,184,-7,184,-19,184,-32,181,-44,180,-56,176,-69,173,-80,167,-92,163,-103,156,-113,150,-124,143,-133,134,-142,126,-150,117,-158,107,-166,97,-171,87,-178,76,-182,65,-186,54,-190,42,-192,30,-193,18,-195,6,-195,-6,-193,-18,-192,-30,-190,-42,-186,-54,-182,-65,-178,-76,-171,-87,-166,-97,-158,-107,-150,-117,-142,-126,-133,-134,-124,-143,-113,-150,-103,-156,-92,-163,-80,-167,-69,-173,-56,-176,-44,-180,-32,-181,-19,-184,-7,-184]]]
1619434	p	1609350
7026800	p	1609350
13494072	p	1609350
7026994	p	1609350
1606790	r	103.8381,16.86,104.4619,17.46	[[[1038381,171600,7,-196,20,-196,33,-193,47,-191,59,-188,72,-184,84,-179,96,-173,108,-167,119,-159,129,-152,140,-143,149,-135,158,-124,165,-114,174,-104,180,-93,186,-81,191,-69,195,-57,199,-44,201,-32,203,-20,204,-6,204,6,203,20,201,32,199,44,195,57,191,69,186,81,180,93,174,104,165,114,158,124,149,135,140,143,129,152,119,159,108,167,96,173,84,179,72,184,59,188,47,191,33,193,20,196,7,196,-7,196,-20,196,-33,193,-47,191,-59,188,-72,184,-84,179,-96,173,-108,167,-119,159,-129,152,-140,143,-149,135,-158,124,-165,114,-174,104,-180,93,-186,81,-191,69,-195,57,-199,44,-201,32,-203,20,-204,6,-204,-6,-203,-20,-201,-32,-199,-44,-195,-57,-191,-69,-186,-81,-180,-93,-174,-104,-165,-114,-158,-124,-149,-135,-140,-143,-129,-152,-119,-159,-108,-167,-96,-173,-84,-179,-72,-184,-59,-188,-47,-191,-33,-193,-20,-196,-7,-196]]]
1609879	p	1609350
7026885	p	1609350
1609395	p	1609350
1619457	p	1609350
1154770	p	1151254
7026870	p	1609350
13494090	p	1609350
10227099	p	1609350
1606418	r	100.6956,14.2645,101.1925,14.7501	[[[1006956,145370,1467,-2613,72,-22,173,-39,176,-28,178,-17,178,-6,178,6,49,4,2434,2080,11,47,29,171,18,173,5,174,-5,174,-18,173,-29,171,-40,169,-52,166,-63,163,-74,158,-84,154,-94,147,-104,141,-113,135,-122,126,-130,119,-137,110,-136,95,-3767,-2131]]]
1150007	r	99.3425,7.293,99.8614,7.827	[[[993425,75600,6,-175,17,-173,29,-173,39,-170,51,-167,62,-164,72,-159,83,-154,92,-148,102,-142,111,-135,120,-128,127,-119,136,-111,142,-102,149,-92,133,-71,-16,135,30,158,68,198,103,142,134,-14,39,-136,-49,-430,42,-157,249,-95,194,204,283,540,62,0,-51,-335,-132,-360,-75,-116,148,-15,175,-6,175,6,174,17,173,29,170,39,168,51,164,62,159,72,154,82,149,92,142,102,136,111,127,119,120,128,111,135,102,142,92,148,83,154,72,159,43,113,-332,2451,-60,83,-111,135,-120,128,-127,119,-136,111,-142,102,-149,92,-154,82,-159,72,-164,62,-168,51,-170,39,-173,29,-174,17,-175,6,-175,-6,-174,-17,-173,-29,-170,-39,-168,-51,-164,-62,-159,-72,-154,-82,-149,-92,-142,-102,-136,-111,-127,-119,-120,-128,-111,-135,-102,-142,-92,-148,-83,-154,-72,-159,-62,-164,-51,-167,-39,-170,-29,-173,-17,-173,-6,-175]]]
1606386	n	100.8374,12.598,101.0799,12.8135	[[[1008374,127079,189,-65,83,-3,-33,-60,-68,-154,-34,-59,203,0,-15,-78,-30,-57,-43,-43,-47,-33,127,20,93,34,88,7,109,-61,181,99,169,-97,62,-165,-147,-110,0,-63,484,-211,0,242,32,170,3,4,106,98,435,76,346,193,132,27,-40,1345,-1582,-115,-20,-84,-78,-111,-87,-90,-71,-110,-62,0,-180,86,-131,-188,-174,-444]]]
1153081	n	99.3185,13.7739,99.7436,14.2261	[[[993185,140000,12,-222,33,-219,55,-215,77,-209,97,-201,117,-190,135,-178,152,-165,169,-149,182,-132,195,-114,205,-95,214,-75,220,-54,225,-32,227,-11,227,11,32,4,5,11,1672,3472,-12,19,-135,178,-152,165,-169,149,-182,132,-195,114,-205,95,-214,75,-220,54,-225,32,-227,11,-227,-11,-225,-32,-220,-54,-214,-75,-205,-95,-195,-114,-182,-132,-169,-149,-152,-165,-135,-178,-117,-190,-97,-201,-77,-209,-55,-215,-33,-219,-12,-222]]]
1608232	n	102.504,17.6539,102.976,18.0073	[[[1025040,178800,12,-222,34,-219,56,-215,78,-209,99,-201,119,-190,138,-178,155,-165,172,-149,186,-132,199,-114,209,-95,218,-75,225,-54,229,-32,231,-11,231,11,229,32,225,54,218,75,209,95,199,114,186,132,172,149,155,165,138,178,119,190,99,201,78,209,56,215,34,219,12,222,-12,222,-34,219,-56,215,-78,209,-99,201,-119,190,-13,17,-202,-86,-3,-18,25,-6,14,-52,-88,-56,-107,-49,-281,-44,-87,-22,-69,-32,-215,-189,-114,-87,-63,-33,-22,-7,-84,-1,-268,-141,-8,-13,-43,-129,-23,-47,-52,-67,-76,-57,-112,-49,-52,-46,-99,-22,-129,-10,-5,0,-197,-46,-81,-44,-60,-61,-43,-64,-21,-51,-12,-49,-2,-52,14,-51,172,-154,24,-33,1,-17,-44,-76,-24,-30,-33,-26,-55,-23,-75,-2,-32,2,-50,22,-102,93,-356,168,-121,8,-107,20,-51,28,-37,54,-8,23,4,44,41,119,94,160,98,381,-127,399,-164,80,-7,2,-74,6,-206,51,-17,1,-40,-13,-69,-37,-96,-10,-58,4,-47,23,-76,-203,-56,-215,-34,-219,-12,-222]]]
1606588	p	1609350
1607708	r	99.9826,16.5883,100.5391,17.089	[[[999827,167900,6,-51,29,-174,42,-171,53,-169,64,-164,76,-161,86,-155,96,-150,106,-143,116,-136,125,-128,134,-120,141,-112,148,-103,134,-80,3747,837,87,135,86,155,76,161,64,164,53,169,42,171,29,174,18,175,6,176,-6,176,-18,175,-29,174,-42,171,-53,169,-64,164,-76,161,-86,155,-96,150,-106,143,-116,136,-125,128,-134,120,-141,112,-148,103,-155,93,-161,83,-167,72,-171,62,-175,51,-177,40,-181,29,-181,17,-183,6,-183,-6,-181,-17,-181,-29,-177,-40,-175,-51,-171,-62,-167,-72,-161,-83,-155,-93,-87,-61,-1135,-2476]]]
1606147	r	100.5699,6.9891,100.7558,7.2336	[[[1005700,70859,1773,-968,30,22,55,45,-1366,1859,-14,-15,15,16,-5,3,-77,105,-32,39,-111,186,-19,6,-17,-7,12,-1,-12,-2,-78,97,0,-12,-37,88,15,16,-64,-63,-16,-38,30,-97,68,-172,-8,-58,-24,-84,41,-13,25,5,2,-20,-78,-120,-108,-99,0,-718]],[[1005700,71953,40,-3,6,142,-46,126,0,-265]]]
1612696	p	1609350
1617111	p	1608258
13494073	p	1609350
1607284	n	101.4303,14.0041,101.6558,14.2861	[[[1014303,142623,170,-2402,1721,-180,364,623,-498,2034,-188,66,-220,54,-225,32,-227,11,-227,-11,-225,-32,-220,-54,-186,-65,-39,-76]]]
1153090	r	99.2409,16.2105,99.7991,16.7495	[[[992409,164800,6,-176,18,-176,29,-174,42,-171,53,-169,64,-165,76,-161,86,-155,96,-150,107,-143,115,-137,125,-128,134,-121,141,-112,148,-103,155,-93,161,-83,167,-73,171,-62,175,-51,177,-40,181,-29,181,-17,183,-6,183,6,181,17,181,29,177,40,175,51,171,62,167,73,161,83,155,93,148,103,141,112,134,121,125,128,115,137,107,143,96,150,86,155,76,161,64,165,53,169,42,171,29,174,18,176,6,176,-6,176,-18,176,-29,174,-42,171,-53,169,-64,165,-76,161,-86,155,-96,150,-107,143,-115,137,-125,128,-134,121,-141,112,-148,103,-155,93,-161,83,-167,73,-171,62,-175,51,-177,40,-181,29,-181,17,-183,6,-183,-6,-181,-17,-181,-29,-177,-40,-175,-51,-171,-62,-167,-73,-161,-83,-155,-93,-148,-103,-141,-112,-134,-121,-125,-128,-115,-137,-107,-143,-96,-150,-86,-155,-76,-161,-64,-165,-53,-169,-42,-171,-29,-174,-18,-176,-6,-176]]]
1611407	n	101.7966,15.5839,102.2634,16.0361	[[[1017966,158100,11,-222,34,-219,55,-215,78,-209,98,-201,117,-190,137,-178,154,-165,169,-149,184,-132,197,-114,207,-95,215,-75,223,-54,226,-32,229,-11,229,11,226,32,223,54,215,75,207,95,197,114,184,132,169,149,154,165,137,178,117,190,98,201,78,209,55,215,34,219,11,222,-11,222,-34,219,-55,215,-78,209,-98,201,-117,190,-137,178,-154,165,-169,149,-184,132,-197,114,-207,95,-215,75,-223,54,-226,32,-229,11,-229,-11,-226,-32,-223,-54,-215,-75,-207,-95,-197,-114,-184,-132,-169,-149,-154,-165,-137,-178,-117,-190,-98,-201,-78,-209,-55,-215,-34,-219,-11,-222]]]
1605215	n	99.8544,17.4039,100.3256,17.8561	[[[998544,176300,11,-222,34,-219,56,-215,78,-209,99,-201,119,-190,137,-178,156,-165,171,-149,186,-132,198,-114,209,-95,218,-75,224,-54,229,-32,231,-11,231,11,229,32,224,54,218,75,209,95,198,114,186,132,171,149,156,165,137,178,119,190,99,201,78,209,56,215,34,219,11,222,-11,222,-34,219,-56,215,-78,209,-99,201,-119,190,-137,178,-156,165,-171,149,-186,132,-198,114,-209,95,-218,75,-224,54,-229,32,-231,11,-231,-11,-229,-32,-224,-54,-218,-75,-209,-95,-198,-114,-186,-132,-171,-149,-156,-165,-137,-178,-119,-190,-99,-201,-78,-209,-56,-215,-34,-219,-11,-222]]]
1609032	n	100.4603,14.5748,100.8189,15.0261	[[[1004603,146698,101,-132,154,-165,168,-149,183,-132,196,-114,206,-95,215,-75,221,-54,225,-32,37,-2,1880,3800,-47,51,-168,149,-183,132,-196,114,-206,95,-215,75,-221,54,-225,32,-228,11,-228,-11,-225,-32,-48,-12,-1307,-3285,-89,-223]]]
1155139	p	1157290
1616464	p	1610538
1607512	n	100.6311,14.537,101.0322,14.9552	[[[1006311,145752,47,-51,16,-13,582,-318,3365,1904,1,26,-11,222,-34,219,-55,215,-77,209,-97,201,-117,190,-136,178,-153,165,-169,149,-183,132,-195,114,-206,95,-215,75,-221,54,-225,32,-37,2,-1880,-3800]]]
1153557	n	98.9516,10.2739,99.3329,10.7261	[[[989516,105000,11,-222,33,-219,54,-215,76,-209,96,-201,115,-190,133,-178,151,-165,166,-149,180,-132,192,-114,203,-95,211,-75,217,-54,222,-32,224,-11,42,2,-152,136,-105,150,-71,436,2,111,91,106,109,23,131,10,153,72,131,-64,103,-67,73,-89,34,-128,223,124,74,12,144,1,68,71,43,163,12,184,-18,128,-110,116,-309,203,-64,131,34,154,79,116,93,108,73,134,-103,-2,-90,20,-63,45,-23,74,42,132,101,48,126,18,109,43,101,169,79,480,62,201,108,164,140,159,57,43,-80,72,-180,132,-192,114,-203,95,-211,75,-217,54,-222,32,-224,11,-224,-11,-222,-32,-217,-54,-211,-75,-203,-95,-192,-114,-180,-132,-166,-149,-151,-165,-133,-178,-115,-190,-96,-201,-76,-209,-54,-215,-33,-219,-11,-222]]]
1609610	n	101.4267,12.6313,101.8803,13.0061	[[[1014267,128341,542,-1994,281,43,301,-73,163,7,110,-11,47,8,15,43,-6,69,15,65,76,29,410,-31,202,18,175,87,87,127,75,158,104,135,180,58,617,-20,166,-48,257,-132,219,-151,140,-138,88,144,97,201,76,209,55,215,33,219,11,222,-11,222,-33,219,-55,215,-76,209,-97,201,-116,190,-135,178,-152,165,-167,149,-182,132,-193,114,-205,95,-213,75,-219,54,-223,32,-226,11,-226,-11,-223,-32,-219,-54,-213,-75,-205,-95,-193,-114,-182,-132,-167,-149,-152,-165,-135,-178,-116,-190,-97,-201,-76,-209,-29,-115]]]
1610469	r	103.2276,16.2206,103.7929,16.7032	[[[1032276,164455,65,-51,2775,-2198,2529,902,69,146,65,168,54,171,42,174,30,176,18,178,6,179,-6,179,-18,178,-30,176,-42,174,-54,171,-65,168,-76,162,-88,158,-97,152,-108,145,-118,138,-126,131,-135,122,-144,114,-150,104,-157,94,-164,84,-168,74,-174,63,-177,52,-180,41,-183,29,-184,17,-185,6,-185,-6,-184,-17,-183,-29,-180,-41,-177,-52,-174,-63,-168,-74,-164,-84,-157,-94,-150,-104,-144,-114,-135,-122,-126,-131,-118,-138,-108,-145,-97,-152,-88,-158,-76,-162,-65,-168,-54,-171,-42,-174,-30,-176,-18,-178,-1,-24]]]
1606033	n	99.8881,14.2439,100.3519,14.6961	[[[998881,144700,11,-222,33,-219,56,-215,76,-209,98,-201,117,-190,135,-178,153,-165,169,-149,182,-132,196,-114,205,-95,215,-75,221,-54,225,-32,227,-11,227,11,225,32,221,54,215,75,205,95,196,114,182,132,169,149,153,165,135,178,117,190,98,201,76,209,56,215,33,219,11,222,-11,222,-33,219,-56,215,-76,209,-98,201,-117,190,-135,178,-153,165,-169,149,-182,132,-196,114,-205,95,-215,75,-221,54,-225,32,-227,11,-227,-11,-225,-32,-221,-54,-215,-75,-205,-95,-196,-114,-182,-132,-169,-149,-153,-165,-135,-178,-117,-190,-98,-201,-76,-209,-56,-215,-33,-219,-11,-222]]]
7026842	p	1609350
13494089	p	1609350
1150275	n	99.5764,13.7021,99.9576,14.1261	[[[995764,137765,12,-21,136,-178,152,-165,168,-149,183,-132,169,-99,215,28,508,328,2269,2942,-88,115,-152,165,-168,149,-183,132,-194,114,-206,95,-213,75,-221,54,-224,32,-227,11,-227,-11,-32,-4,-1677,-3481]]]
1117652	p	1151254
7503760	p	1609350
1608900	r	103.0226,15.9118,103.5116,16.4404	[[[1030226,161800,6,-175,18,-175,29,-173,42,-171,52,-168,64,-164,75,-160,86,-155,96,-149,105,-143,115,-135,125,-129,132,-120,140,-111,148,-102,154,-93,160,-83,165,-72,170,-62,174,-51,177,-40,179,-28,181,-17,181,-6,181,6,181,17,179,28,177,40,174,51,170,62,6,3,1048,2881,-2775,2198,-59,-13,-174,-51,-170,-62,-165,-72,-160,-83,-154,-93,-148,-102,-140,-111,-132,-120,-125,-129,-33,-39,-471,-774,-37,-93,-52,-168,-42,-171,-29,-173,-18,-175,-6,-175]]]
10128831	p	1609350
1607327	p	1609350
1607532	r	100.3176,14.1843,100.8394,14.5944	[[[1003176,142928,25,-107,51,-165,62,-160,73,-157,83,-151,70,-109,1700,-236,3063,697,45,116,46,151,-1438,2563,-657,358,-1474,216,-55,-20,-160,-70,-155,-81,-150,-91,-143,-100,-136,-109,-128,-117,-71,-74,-651,-2354]]]
1607737	n	100.9259,16.1939,101.3941,16.6461	[[[1009259,164200,11,-222,34,-219,56,-215,77,-209,98,-201,118,-190,137,-178,154,-165,171,-149,184,-132,197,-114,208,-95,216,-75,223,-54,228,-32,229,-11,229,11,228,32,223,54,216,75,208,95,197,114,184,132,171,149,154,165,137,178,118,190,98,201,77,209,56,215,34,219,11,222,-11,222,-34,219,-56,215,-77,209,-98,201,-118,190,-137,178,-154,165,-171,149,-184,132,-197,114,-208,95,-216,75,-223,54,-228,32,-229,11,-229,-11,-228,-32,-223,-54,-216,-75,-208,-95,-197,-114,-184,-132,-171,-149,-154,-165,-137,-178,-118,-190,-98,-201,-77,-209,-56,-215,-34,-219,-11,-222]]]
1154689	r	99.6591,9.0359,100.0907,9.8018	[[[996591,95449,18,4,44,-13,-3,29,17,35,-6,14,-1,54,-5,6,-4,-16,-25,-10,-2,-12,8,-17,-11,-9,-5,-21,-19,-14,3,-11,-9,-19]],[[996619,95144,7,-3,26,10,18,-5,64,-54,73,-21,51,11,8,-3,19,11,22,-1,66,47,32,-9,0,29,-20,23,1,15,49,19,-3,13,6,-5,10,5,-6,33,-14,3,-3,-5,-7,28,-4,0,17,1,10,13,28,3,5,6,-12,20,-9,-7,-23,12,-1,11,24,10,-23,17,19,17,-17,7,2,10,16,4,-10,9,2,11,21,29,15,6,-13,10,-1,17,-38,-15,-20,10,-15,-2,-4,22,-11,-16,-34,6,-15,-5,-5,15,-14,2,-13,26,-13,-1,-22,-19,-28,-7,1,-14,32,-20,-6,-12,-14,-8,-20,21,-11,-7,-1,-10,17,-26,-10,-12,-38,-18,-39,4,-4,-18,-17,-16,-16,-2,-12,3,-6,9,-7,-3,-13,-23,25,-2,20,-25,-14,-30,-15,-3,-21,-19,-28,24,-10,-1,-1,-11,8,-3,3,-12,-2,-52,-8,-16,13,-26,-4,-17,-15,-18]],[[996629,92999,1771,-2548,8,-1,328,-54,332,-33,132,-4,-6,25,0,481,-31,155,-76,121,-91,112,-82,130,-49,196,-5,754,-82,-68,-182,313,-66,162,15,111,-10,96,-381,165,-120,115,-57,-44,-108,-55,-53,-44,-98,39,-190,75,-133,7,-58,-83,-64,15,-378,22,-4,-20,-167,-117,-95,-23]],[[996753,96245,15,-99,13,-42,23,18,39,78,-25,8,-16,17,-20,16,-29,4]],[[999122,95705,3,-11,15,-2,18,8,18,-14,37,-44,12,0,21,-21,31,-43,18,-41,20,-91,20,-45,-1,-22,8,-4,7,-28,-7,-42,5,-20,-6,-46,8,-2,-24,-71,21,-59,5,-33,-3,-32,-85,-102,12,-23,-1,0,-35,-7,-25,7,-2,21,17,2,-2,4,-24,-4,-14,-26,5,-24,14,10,9,-1,40,-44,14,-61,-6,-23,12,-5,11,6,11,-17,-14,-15,14,11,5,-6,-13,-8,13,6,8,-11,18,-60,1,-64,9,-25,-4,-5,11,-22,-3,-32,11,-57,-13,-41,-2,-50,10,-58,20,-14,3,-12,-24,-37,-20,11,-4,12,-2,-5,-20,10,-13,-5,-8,-46,6,-49,14,-15,50,8,20,9,33,31,13,3,36,-3,0,-27,8,-1,-1,11,5,-17,72,25,4,-1,23,-3,21,-13,16,-19,-1,-15,21,-18,2,-26,19,-11,11,-14,11,3,4,13,13,2,86,67,66,38,36,11,107,13,25,8,11,-11,15,-3,6,-12,31,0,27,-20,12,9,25,2,18,25,13,7,9,-5,7,7,-10,4,1,11,26,1,66,34,29,66,8,78,24,67,9,4,5,-2,27,17,14,7,14,-11,10,0,1,15,6,10,203,96,22,76,14,-1,15,-18,23,-7,6,-21,11,-1,10,8,2,15,18,5,11,12,-9,19,-31,9,-2,5,12,16,-3,20,-28,-4,-18,13,6,8,0,32,5,12,-2,12,15,50,32,319,54,186,7,-1,-5,8,27,90,106,109,-16,45,4,30,12,15,-22,3,-2,11,-13,2,-11,30,-51,53,10,13,-4,14,-15,8,11,43,-6,7,-10,4,-13,-14,-34,-5,-13,11,-10,22,-9,1,-10,-7,-9,4,-7,12,8,23,-14,1,-13,-9,-19,-31,30,-16,8,-44,-30,-82,28,75,-31,-74,-45,9,42,-17,-1,-2,-5,-3,-36,18,37,-25,-33,-49,-7,15,8,7,-22,8,-2,-9,12,-4,10,-21,2,-9,-179,-30,-20,5,-5,4,-1,-3,-222,56,8,6,-28,40,-25,-30,-8,-3,-239,61,-31,29,-37,54,1,13,-64,-14,-38,-16,-50,-8,-52,-27,-15,-3,-16,2,-221,-29,-17,-2,-15,6,-15,-5,2,-12,-8,-4,-88,-18,-26,13,-7,10,-15,2,-25,-34,-6,-27,-12,-3,-5,8,-15,-8]],[[999293,93590,44,-3,71,-27,22,1,127,44,16,11,2,22,19,25,-10,25,3,16,-7,-4,5,-1,-4,-16,-13,0,-33,31,-15,4,-33,64,-3,41,10,40,25,13,8,17,-7,49,-6,8,-8,-1,-62,-46,-15,-23,-50,-45,-18,-27,0,-35,-12,-26,0,-20,12,-14,2,9,4,-5,18,14,14,-16,-2,-16,-15,-32,-17,-9,-10,-1,-15,20,-6,-3,-41,-84]],[[999706,97646,193,-217,34,-112,-57,-118,116,-95,548,-227,246,-139,115,-85,-108,771,-121,332,-318,200,-93,22,-183,-14,-99,9,-103,45,-40,-99,-129,-207,-1,-66]],[[999717,93685,5,-10,38,-8,13,7,8,9,1,25,14,9,1,18,12,14,13,36,-9,5,-10,-18,-22,2,0,-31,-16,-28,-12,-13,-36,-17]]]
1611439	n	100.8458,13.4873,101.3011,13.9154	[[[1008458,136361,30,-117,77,-209,96,-201,117,-190,15,-19,2925,-752,72,33,194,114,182,132,168,149,153,165,135,178,117,190,96,201,77,209,55,215,33,219,11,222,-11,222,-33,219,-55,215,-77,209,-96,201,-117,190,-135,178,-153,165,-168,149,-182,132,-194,114,-205,95,-214,75,-220,54,-224,32,-72,4,-2397,-2793]]]
1608409	n	101.5939,6.2039,102.009,6.6182	[[[1015940,64300,11,-222,32,-219,54,-215,75,-209,95,-201,114,-190,132,-178,149,-165,164,-149,178,-132,191,-114,200,-95,209,-75,215,-54,219,-32,222,-11,222,11,219,32,215,54,209,75,200,95,191,114,178,132,164,149,149,165,132,178,11,18,-1003,957,-1003,626,-367,362,-482,737,-287,438,-4,-2,-178,-132,-164,-149,-149,-165,-132,-178,-114,-190,-95,-201,-75,-209,-54,-215,-32,-219,-11,-222]]]
1606030	r	103.2462,14.6191,103.7582,15.1409	[[[1032462,147718,33,-72,83,-151,92,-145,103,-138,111,-132,120,-125,128,-117,136,-108,142,-99,149,-91,155,-80,160,-71,164,-60,168,-49,171,-39,173,-28,175,-17,175,-5,175,5,175,17,173,28,171,39,168,49,164,60,160,71,155,80,149,91,142,99,136,108,128,117,120,125,111,132,103,138,92,145,83,151,72,156,62,159,51,164,40,166,29,168,17,170,6,171,-6,171,-17,170,-29,168,-40,166,-51,164,-62,159,-72,156,-83,151,-92,145,-103,138,-111,132,-120,125,-128,117,-136,108,-142,99,-149,91,-155,80,-160,71,-164,60,-168,49,-171,39,-173,28,-175,17,-175,5,-175,-5,-175,-17,-173,-28,-171,-39,-168,-49,-164,-60,-160,-71,-155,-80,-119,-73,-978,-3269]]]
1149698	n	99.7094,12.8839,100.1043,13.2915	[[[997094,131100,11,-222,33,-219,55,-215,77,-209,96,-201,117,-190,135,-178,151,-165,168,-149,182,-132,194,-114,205,-95,213,-75,219,-54,224,-32,226,-11,226,11,224,32,219,54,213,75,94,43,54,284,100,323,71,142,329,437,89,159,24,174,-166,389,-99,376,-8,89,-30,101,-73,73,-69,56,-33,46,-580,478,-314,409,-3,16,-1630,307,-8,2,-93,-67,-168,-149,-151,-165,-135,-178,-117,-190,-96,-201,-77,-209,-55,-215,-33,-219,-11,-222]]]
1606239	r	104.0395,14.8377,104.6163,15.4023	[[[1040395,151200,6,-185,19,-184,31,-182,43,-180,55,-177,67,-172,79,-169,89,-163,101,-157,110,-150,121,-143,130,-134,139,-127,147,-117,154,-107,162,-98,167,-87,173,-76,178,-65,182,-54,185,-42,188,-30,189,-18,190,-6,190,6,189,18,188,30,185,42,182,54,178,65,173,76,167,87,162,98,154,107,147,117,139,127,130,134,121,143,110,150,101,157,89,163,79,169,67,172,55,177,43,180,13,79,-101,414,-322,1316,-102,417,-32,44,-121,143,-130,134,-139,127,-147,117,-154,107,-162,98,-167,87,-173,76,-178,65,-182,54,-185,42,-188,30,-189,18,-190,6,-190,-6,-189,-18,-188,-30,-185,-42,-182,-54,-178,-65,-173,-76,-167,-87,-162,-98,-154,-107,-147,-117,-139,-127,-130,-134,-121,-143,-110,-150,-101,-157,-89,-163,-79,-169,-67,-172,-55,-177,-43,-180,-31,-182,-19,-184,-6,-185]]]
1607978	n	101.0245,6.6918,101.4762,6.9546	[[[1010245,68564,4,-86,32,-219,54,-215,75,-209,95,-201,114,-190,132,-178,150,-165,164,-149,46,-34,2230,191,830,72,78,85,132,178,114,190,95,201,75,209,54,215,32,219,11,222,-6,125,-44,15,-193,44,-150,18,-175,43,-342,107,-385,234,-259,207,-291,53,-292,-98,658,-269,153,-218,77,-202,-321,21,-21,-21,-70,45,-185,44,-139,115,-334,57,-128,-217,-401,-184,-1234,-42,-413,-13,-22,0]]]
1607779	n	99.8533,7.3939,100.3051,7.8461	[[[998534,76200,11,-222,33,-219,54,-215,75,-209,95,-201,114,-190,133,-178,149,-165,165,-149,178,-132,191,-114,201,-95,209,-75,216,-54,220,-32,222,-11,222,11,220,32,216,54,209,75,201,95,191,114,178,132,117,106,-76,188,-27,49,-46,65,-213,178,-27,33,-111,71,-62,170,-66,368,-180,478,-117,842,19,194,116,140,445,389,97,86,204,39,27,10,-100,90,-178,132,-191,114,-201,95,-209,75,-216,54,-220,32,-222,11,-222,-11,-220,-32,-216,-54,-209,-75,-201,-95,-191,-114,-178,-132,-165,-149,-149,-165,-133,-178,-114,-190,-95,-201,-75,-209,-54,-215,-33,-219,-11,-222]],[[1002688,75455,9,-80,29,-64,62,-72,48,-25,57,121,75,209,54,215,29,191,-295,-180,-68,-196,0,-119]]]
1152468	n	98.7731,18.3539,99.2469,18.7128	[[[987731,185800,11,-222,34,-219,57,-215,78,-209,99,-201,120,-190,139,-178,156,-165,172,-149,187,-132,199,-114,210,-95,219,-75,226,-54,230,-32,232,-11,232,11,230,32,226,54,219,75,210,95,199,114,187,132,172,149,156,165,139,178,120,190,99,201,78,209,57,215,34,219,11,222,-11,222,-34,219,-57,215,-78,209,-99,201,-120,190,-56,72,-3028,-408,-1110,-150,-43,-114,-57,-215,-34,-219,-11,-222]]]
1608597	r	104.4307,16.2708,104.9078,16.8292	[[[1044307,165500,7,-183,18,-181,31,-181,43,-178,55,-174,67,-171,78,-167,89,-161,100,-155,110,-148,120,-142,130,-133,138,-125,146,-116,154,-106,161,-97,167,-86,172,-75,177,-64,181,-53,185,-42,186,-30,189,-18,189,-6,189,6,189,18,186,30,185,42,181,53,177,64,172,75,167,86,161,97,154,106,117,93,-16,-3,-27,8,-84,47,-49,52,-48,75,8,96,-21,54,-56,74,-67,65,-33,72,-60,75,-8,39,13,92,0,44,-10,58,-12,44,-33,72,-55,94,-124,131,-94,80,-58,20,-231,103,-224,139,-110,90,-239,286,-89,170,-17,161,5,104,59,221,27,329,105,375,31,59,63,191,16,105,-5,33,-29,62,-17,72,-5,92,7,130,-31,93,-52,76,-21,50,-27,45,-80,286,-11,129,9,58,34,88,47,65,-70,7,-189,6,-189,-6,-189,-18,-186,-30,-185,-42,-181,-53,-177,-64,-172,-75,-167,-86,-161,-97,-154,-106,-146,-116,-138,-125,-130,-133,-120,-142,-110,-148,-100,-155,-89,-161,-78,-167,-67,-171,-55,-174,-43,-178,-31,-181,-18,-181,-7,-183]]]
1607001	r	103.3983,15.7733,103.9464,16.3169	[[[1033983,159090,53,-83,113,-152,123,-145,132,-137,142,-129,150,-119,158,-109,164,-99,171,-88,177,-78,181,-66,186,-54,189,-43,191,-31,193,-18,194,-6,194,6,193,18,191,31,189,43,186,54,181,66,177,78,171,88,164,99,158,109,150,119,54,49,895,1532,4,16,31,185,19,186,7,188,-7,188,-19,186,-31,185,-44,183,-57,180,-68,175,-80,171,-92,166,-102,159,-113,152,-123,145,-132,137,-142,129,-150,119,-158,109,-164,99,-167,86,-170,-61,-2529,-902,-1048,-2881,-85,-235]]]
1607552	n	99.9037,17.9239,100.3763,18.3761	[[[999037,181500,11,-222,34,-219,56,-215,79,-209,99,-201,119,-190,138,-178,156,-165,172,-149,186,-132,199,-114,210,-95,218,-75,225,-54,229,-32,232,-11,232,11,229,32,225,54,218,75,210,95,199,114,186,132,172,149,156,165,138,178,119,190,99,201,79,209,56,215,34,219,11,222,-11,222,-34,219,-56,215,-79,209,-99,201,-119,190,-138,178,-156,165,-172,149,-186,132,-199,114,-210,95,-218,75,-225,54,-229,32,-232,11,-232,-11,-229,-32,-225,-54,-218,-75,-210,-95,-199,-114,-186,-132,-172,-149,-156,-165,-138,-178,-119,-190,-99,-201,-79,-209,-56,-215,-34,-219,-11,-222]]]
1150533	n	99.5851,16.7839,100.0549,17.2361	[[[995851,170100,12,-222,34,-219,56,-215,77,-209,99,-201,118,-190,138,-178,154,-165,171,-149,185,-132,198,-114,208,-95,217,-75,224,-54,228,-32,230,-11,230,11,228,32,224,54,217,75,208,95,198,114,185,132,171,149,154,165,138,178,118,190,99,201,77,209,56,215,34,219,12,222,-12,222,-34,219,-56,215,-77,209,-99,201,-118,190,-138,178,-154,165,-171,149,-185,132,-198,114,-208,95,-217,75,-224,54,-228,32,-230,11,-230,-11,-228,-32,-224,-54,-217,-75,-208,-95,-198,-114,-185,-132,-171,-149,-154,-165,-138,-178,-118,-190,-99,-201,-77,-209,-56,-215,-34,-219,-12,-222]]]
1607725	n	100.1157,16.2139,100.5842,16.6557	[[[1001158,164400,12,-222,33,-219,56,-215,78,-209,98,-201,118,-190,137,-178,154,-165,171,-149,184,-132,197,-114,208,-95,216,-75,223,-54,227,-32,230,-11,230,11,227,32,223,54,216,75,208,95,197,114,184,132,171,149,154,165,137,178,118,190,98,201,78,209,56,215,33,219,12,222,-12,222,-33,219,-56,215,-78,209,-98,201,-118,190,-137,178,-154,165,-171,149,-184,132,-197,114,-208,95,-195,68,-2309,-516,-48,-42,-154,-165,-137,-178,-118,-190,-98,-201,-78,-209,-56,-215,-33,-219,-12,-222]]]
1609071	n	101.4945,17.2639,101.9655,17.7161	[[[1014945,174900,12,-222,34,-219,56,-215,78,-209,98,-201,119,-190,138,-178,155,-165,171,-149,186,-132,198,-114,209,-95,217,-75,225,-54,228,-32,231,-11,231,11,228,32,225,54,217,75,209,95,198,114,186,132,171,149,155,165,138,178,119,190,98,201,78,209,56,215,34,219,12,222,-12,222,-34,219,-56,215,-78,209,-98,201,-119,190,-138,178,-155,165,-171,149,-186,132,-198,114,-209,95,-217,75,-225,54,-228,32,-231,11,-231,-11,-228,-32,-225,-54,-217,-75,-209,-95,-198,-114,-186,-132,-171,-149,-155,-165,-138,-178,-119,-190,-98,-201,-78,-209,-56,-215,-34,-219,-12,-222]]]
1606586	n	99.7895,13.2606,100.154,13.5962	[[[997895,133177,69,-143,74,-121,1630,-307,-59,310,-2,8,20,175,147,75,163,43,125,111,77,156,17,175,-143,61,204,-54,96,154,75,207,143,103,162,44,197,86,240,106,374,74,36,14,-753,1370,-135,138,-821,-258,-1936,-2527]]]
1621060	r	104.3673,15.5926,104.9061,16.1275	[[[1043673,159419,354,-2334,83,-113,114,-135,124,-128,132,-119,139,-111,147,-102,154,-93,159,-82,164,-72,170,-62,172,-51,176,-39,179,-29,179,-17,181,-6,181,6,179,17,179,29,176,39,172,51,170,62,164,72,159,82,154,93,147,102,139,111,132,119,124,128,114,135,106,143,95,148,85,154,75,160,63,164,53,167,41,170,29,173,18,174,6,175,-6,175,-18,174,-29,173,-41,170,-53,167,-63,164,-75,160,-85,154,-95,148,-106,143,-114,135,-124,128,-132,119,-139,111,-147,102,-154,93,-159,82,-164,72,-170,62,-172,51,-176,39,-179,29,-179,17,-181,6,-181,-6,-179,-17,-179,-29,-176,-39,-172,-51,-170,-62,-164,-72,-159,-82,-154,-93,-147,-102,-139,-111,-132,-119,-124,-128,-114,-135,-106,-143,-95,-148,-85,-154,-75,-160,-63,-164,-13,-40]]]
1608531	n	104.5446,17.1839,104.8066,17.5724	[[[1045446,174100,12,-222,34,-219,56,-215,78,-209,98,-201,119,-190,138,-178,155,-165,171,-149,185,-132,199,-114,208,-95,218,-75,224,-54,228,-32,231,-11,224,11,14,227,25,192,3,133,-38,327,7,88,17,102,4,81,-5,271,-10,141,-2,303,-22,168,-19,62,-38,73,-200,251,-62,65,-120,101,-113,133,-157,262,-17,85,-29,69,-85,123,-99,101,-101,73,-247,131,-198,130,16,20,-184,62,-199,100,-29,-25,-155,-165,-138,-178,-119,-190,-98,-201,-78,-209,-56,-215,-34,-219,-12,-222]]]
1606376	n	99.8802,6.4423,100.294,6.8461	[[[998802,67426,112,-176,261,-197,110,-127,46,-184,42,-95,97,-13,96,6,43,-35,20,-109,86,-168,25,-101,-18,-48,-91,-122,-22,-72,32,-48,73,19,127,66,71,-44,39,-101,28,-116,34,-86,287,-328,333,-281,96,219,77,83,129,33,100,-69,-12,-161,-122,-323,181,-52,118,-165,73,-208,83,154,88,219,41,249,-4,87,-33,174,9,89,67,105,88,75,60,86,-20,142,-80,232,-11,171,67,405,0,17,1,1,11,208,28,114,65,83,143,46,91,-55,25,-31,46,-55,86,-47,151,-3,0,19,151,95,91,8,116,-11,107,-37,68,-74,132,-399,-23,151,-53,215,-75,209,-95,201,-114,190,-132,178,-149,165,-165,149,-178,132,-190,114,-201,95,-209,75,-215,54,-219,32,-222,11,-222,-11,-219,-32,-215,-54,-209,-75,-201,-95,-190,-114,-178,-132,-165,-149,-149,-165,-132,-178,-18,-30]]]
1608269	n	102.2049,16.9739,102.6751,17.4262	[[[1022049,172000,11,-222,34,-219,56,-215,78,-209,99,-201,118,-190,138,-178,155,-165,171,-149,185,-132,198,-114,208,-95,218,-75,223,-54,229,-32,230,-11,230,11,229,32,223,54,218,75,208,95,198,114,185,132,171,149,155,165,138,178,118,190,99,201,78,209,56,215,34,219,11,222,-11,215,-1157,1736,-75,43,-208,95,-218,75,-223,54,-229,32,-230,11,-230,-11,-229,-32,-223,-54,-218,-75,-208,-95,-198,-114,-185,-132,-171,-149,-155,-165,-138,-178,-118,-190,-99,-201,-78,-209,-56,-215,-34,-219,-11,-222]]]
1151074	r	99.5528,11.5654,99.9361,12.0987	[[[995529,116541,27,-38,117,-141,127,-133,135,-125,143,-115,151,-107,157,-96,163,-86,103,-46,3,14,51,111,812,1320,286,274,367,41,-61,117,8,92,32,74,21,59,-75,379,2,111,27,75,71,43,142,13,31,58,-136,351,79,461,241,437,808,840,-147,90,-163,86,-169,75,-173,64,-177,53,-180,42,-183,30,-184,17,-185,6,-185,-6,-184,-17,-183,-30,-180,-42,-177,-53,-173,-64,-169,-75,-163,-86,-157,-96,-151,-107,-143,-115,-135,-125,-127,-133,-51,-62,48,-43,70,-170,-11,-204,-155,-403,-33,-206,73,-221,124,-152,180,-154,192,-121,170,-48,20,-96,-147,-664,-84,-237,-540,-716]]]
1607280	p	1606291
1152633	r	98.7055,7.8266,99.1818,8.341	[[[987055,82485,11,-226,61,0,144,280,171,-390,32,-157,0,-172,-35,-321,35,-134,-23,-489,23,-193,51,-82,129,-130,27,-89,22,-145,53,-3,130,113,34,55,27,83,56,39,125,-74,49,-84,69,-222,48,-76,142,-39,143,56,149,83,154,43,34,38,73,178,64,57,127,29,41,-28,16,-71,58,-104,78,-67,162,-89,70,-86,34,-85,-5,-57,-18,-61,-11,-101,73,-202,163,-89,162,-47,73,-75,154,-255,51,-58,126,-20,96,37,193,194,7,-170,-62,-298,-18,-187,-63,-120,-267,-208,9,4,157,83,151,94,145,103,137,113,130,121,122,129,112,138,104,144,94,150,84,157,73,161,63,166,52,170,40,172,29,175,17,177,6,177,-6,177,-17,177,-29,175,-40,172,-52,170,-63,166,-73,161,-84,157,-94,150,-104,144,-112,138,-122,129,-130,121,-137,113,-145,103,-151,94,-157,83,-162,73,-166,63,-170,51,-174,40,-175,29,-177,18,-178,6,-178,-6,-177,-18,-175,-29,-174,-40,-170,-51,-166,-63,-162,-73,-157,-83,-151,-94,-145,-103,-137,-113,-130,-121,-122,-129,-1,-2]]]
1606807	n	101.8445,13.5839,102.3013,14.0361	[[[1018445,137609,42,-165,76,-209,97,-201,117,-190,135,-178,153,-165,168,-149,182,-132,195,-114,205,-95,214,-75,220,-54,224,-32,227,-11,227,11,224,32,220,54,214,75,205,95,195,114,182,132,168,149,153,165,135,178,117,190,97,201,76,209,55,215,33,219,12,222,-12,222,-33,219,-55,215,-76,209,-97,201,-117,190,-135,178,-153,165,-168,149,-182,132,-195,114,-205,95,-214,75,-220,54,-224,32,-227,11,-227,-11,-224,-32,-220,-54,-138,-48,-544,-481,-902,-2126]]]
1611453	r	102.7787,14.6775,103.3646,15.3025	[[[1027787,149900,7,-204,20,-204,35,-202,47,-199,61,-195,75,-192,86,-186,99,-180,111,-174,123,-166,133,-158,144,-150,154,-139,162,-130,171,-119,178,-108,186,-96,191,-85,197,-72,201,-59,205,-47,208,-33,209,-20,210,-7,210,7,209,20,208,33,205,47,201,59,197,72,24,11,208,694,978,3269,205,685,-96,130,-133,158,-144,150,-154,139,-162,130,-171,119,-178,108,-186,96,-191,85,-197,72,-201,59,-205,47,-208,33,-209,20,-210,7,-210,-7,-209,-20,-208,-33,-205,-47,-201,-59,-197,-72,-191,-85,-186,-96,-178,-108,-171,-119,-162,-130,-154,-139,-144,-150,-133,-158,-123,-166,-111,-174,-99,-180,-86,-186,-75,-192,-61,-195,-47,-199,-35,-202,-20,-204,-7,-204]]]
1608452	n	100.5428,18.5539,101.0172,19.0061	[[[1005428,187800,11,-222,35,-219,56,-215,78,-209,100,-201,120,-190,138,-178,157,-165,172,-149,187,-132,200,-114,210,-95,219,-75,226,-54,230,-32,233,-11,233,11,230,32,226,54,219,75,210,95,200,114,187,132,172,149,157,165,138,178,120,190,100,201,78,209,56,215,35,219,11,222,-11,222,-35,219,-56,215,-78,209,-100,201,-120,190,-138,178,-157,165,-172,149,-187,132,-200,114,-210,95,-219,75,-226,54,-230,32,-233,11,-233,-11,-230,-32,-226,-54,-219,-75,-210,-95,-200,-114,-187,-132,-172,-149,-157,-165,-138,-178,-120,-190,-100,-201,-78,-209,-56,-215,-35,-219,-11,-222]]]
1150965	n	98.5127,9.7439,98.868,10.1871	[[[985127,98369,176,-113,44,-76,53,-70,90,-17,94,57,166,206,80,72,-80,-181,-88,-147,-108,-120,-139,-98,-93,-29,-80,-3,-78,-21,-18,-17,179,-106,202,-95,211,-75,217,-54,222,-32,223,-11,223,11,222,32,217,54,211,75,202,95,192,114,180,132,165,149,151,165,133,178,115,190,96,201,75,209,54,215,33,219,11,222,-11,222,-33,219,-54,215,-75,209,-96,201,-115,190,-133,178,-151,165,-165,149,-180,132,-192,114,-202,95,-211,75,-31,7,-135,-250,-273,-768,-143,-160,-445,-757,-37,-131,-2,-66,108,-138,22,59,109,12,96,-42,-22,-103,-88,-49,-222,3,-79,-54,-82,-124,-102,-94,-20,-54,73,-42,75,-20,35,-38,-44,-105,-150,-108,57,-66,-88,-44,-75,-2,-63,37,-46,70,-121,-107,-161,-186,-81,-175]]]
1607983	p	1609350
1150490	n	98.8953,16.6439,99.3647,17.0961	[[[988953,168700,12,-222,33,-219,56,-215,78,-209,98,-201,119,-190,137,-178,155,-165,170,-149,185,-132,198,-114,208,-95,217,-75,223,-54,228,-32,230,-11,230,11,228,32,223,54,217,75,208,95,198,114,185,132,170,149,155,165,137,178,119,190,98,201,78,209,56,215,33,219,12,222,-12,222,-33,219,-56,215,-78,209,-98,201,-119,190,-137,178,-155,165,-170,149,-185,132,-198,114,-208,95,-217,75,-223,54,-228,32,-230,11,-230,-11,-228,-32,-223,-54,-217,-75,-208,-95,-198,-114,-185,-132,-170,-149,-155,-165,-137,-178,-119,-190,-98,-201,-78,-209,-56,-215,-33,-219,-12,-222]]]
1605221	r	99.7653,15.1869,100.2946,15.6034	[[[997653,153800,5,-168,17,-167,29,-166,39,-164,50,-161,61,-157,72,-154,81,-148,92,-143,101,-136,110,-130,118,-123,125,-114,4393,1962,-4,137,-17,167,-29,166,-39,164,-50,161,-61,157,-39,83,-3715,1168,-16,-8,-147,-89,-141,-98,-133,-107,-127,-115,-118,-123,-110,-130,-101,-136,-92,-143,-81,-148,-72,-154,-61,-157,-50,-161,-39,-164,-29,-166,-17,-167,-5,-168]]]
1604769	n	103.9066,15.5639,104.3734,16.0162	[[[1039066,157900,11,-222,34,-219,56,-215,77,-209,98,-201,117,-190,137,-178,154,-165,169,-149,184,-132,197,-114,207,-95,216,-75,222,-54,226,-32,229,-11,229,11,226,32,222,54,216,75,207,95,197,114,184,132,169,149,154,165,137,178,117,190,98,201,77,209,56,215,34,219,11,222,-11,222,-34,219,-56,215,-77,209,-98,201,-117,190,-137,178,-154,165,-169,149,-184,132,-197,114,-207,95,-216,75,-222,54,-226,32,-229,11,-229,-11,-226,-32,-222,-54,-216,-75,-207,-95,-197,-114,-184,-132,-169,-149,-154,-165,-137,-178,-117,-190,-98,-201,-77,-209,-56,-215,-34,-219,-11,-222]]]
1605279	n	102.2902,12.0477,102.7182,12.4662	[[[1022902,122400,11,-222,33,-219,15,-60,223,-96,61,0,117,173,142,-19,158,-97,1074,-370,306,-156,280,-198,183,-226,5,-82,-9,-216,38,-44,96,-29,105,-46,84,0,35,109,-19,71,-124,237,-143,927,46,184,120,66,155,35,163,91,0,-69,-12,-105,369,-284,122,-163,-235,22,17,-94,624,-591,34,37,135,178,23,39,-134,204,-78,398,39,281,190,1356,31,118,-71,116,-135,178,-151,165,-167,149,-181,132,-194,114,-204,95,-212,75,-219,54,-223,32,-225,11,-225,-11,-223,-32,-219,-54,-212,-75,-204,-95,-194,-114,-181,-132,-167,-149,-151,-165,-63,-82,12,9,148,-88,78,-202,-80,-234,-156,-163,-211,-162,-205,-68,-1,-3,-33,-219,-11,-222]],[[1023042,123168,60,-6,205,116,144,170,-26,65,-41,59,-59,47,-46,20,-106,-173,-96,-201,-35,-97]],[[1023114,121459,59,-125,116,-190,135,-178,151,-165,167,-149,181,-132,74,-43,0,16,-131,90,-85,135,-119,260,-110,135,-124,123,-314,223]]]
1608539	n	100.9783,13.9931,101.4335,14.4361	[[[1009783,142100,11,-222,34,-219,55,-215,77,-209,97,-201,117,-190,135,-178,153,-165,168,-149,183,-132,195,-114,205,-95,215,-75,20,-5,2855,2692,32,63,-18,70,-77,209,-97,201,-117,190,-135,178,-153,165,-168,149,-183,132,-195,114,-205,95,-215,75,-220,54,-225,32,-227,11,-227,-11,-225,-32,-220,-54,-200,-70,-1136,-971,-35,-57,-97,-201,-77,-209,-55,-215,-34,-219,-11,-222]]]
1151426	n	99.6422,18.9639,100.1178,19.4161	[[[996422,191900,12,-222,34,-219,56,-215,79,-209,100,-201,120,-190,139,-178,157,-165,172,-149,188,-132,200,-114,211,-95,220,-75,226,-54,231,-32,233,-11,233,11,231,32,226,54,220,75,211,95,200,114,188,132,172,149,157,165,139,178,120,190,100,201,79,209,56,215,34,219,12,222,-12,222,-34,219,-56,215,-79,209,-100,201,-120,190,-139,178,-157,165,-172,149,-188,132,-200,114,-211,95,-220,75,-226,54,-231,32,-233,11,-233,-11,-231,-32,-226,-54,-220,-75,-211,-95,-200,-114,-188,-132,-172,-149,-157,-165,-139,-178,-120,-190,-100,-201,-79,-209,-56,-215,-34,-219,-12,-222]]]
1606270	r	100.1444,14.6316,100.6137,15.1484	[[[1001445,148900,5,-169,17,-168,29,-167,39,-165,50,-161,62,-159,71,-154,82,-149,92,-143,101,-138,111,-131,104,-108,892,-581,146,-54,167,-49,169,-38,171,-28,173,-16,174,-6,174,6,173,16,14,3,1676,4214,-41,49,-118,123,-127,116,-134,107,-142,98,-147,90,-154,79,-158,70,-162,60,-167,49,-169,38,-171,28,-173,16,-174,6,-174,-6,-104,-10,-2338,-2131,-17,-100,-17,-168,-5,-169]]]
1611416	r	99.8646,14.9418,100.3754,15.379	[[[998646,151900,5,-162,17,-162,27,-160,38,-158,48,-156,59,-152,69,-148,79,-143,88,-138,98,-132,106,-125,114,-119,122,-111,129,-103,136,-94,142,-86,147,-77,153,-67,156,-57,160,-47,163,-37,165,-26,166,-16,167,-6,167,6,166,16,77,12,2078,1894,17,70,27,160,17,162,5,162,-5,162,-17,162,-27,160,-38,158,-48,156,-59,152,-69,148,-79,143,-88,138,-98,132,-106,125,-114,119,-122,111,-29,24,-600,-268,-3609,-1612,0,-10]]]
