1668341	r	121.4571,24.9605,121.6659,25.2103	[[[1214571,251080,7,-14,35,-27,49,-22,152,-8,76,-39,108,-98,27,-40,35,-83,10,-51,-1,-33,-1,-18,-14,-53,7,-46,-12,-51,-46,-46,-46,-23,-78,-10,-42,-49,-4,-15,11,-34,44,-82,-1,-62,2,-9,1,-10,3,-10,5,-26,8,-10,2,-3,3,-3,3,-2,20,-11,12,0,3,1,7,1,45,25,83,92,38,5,16,-2,53,-16,20,-15,47,-66,56,-24,10,-15,1,-15,17,-32,-28,-21,-8,-31,11,-32,0,-42,24,24,11,22,17,-23,1,-43,28,-9,43,5,6,-39,7,-6,36,1,18,16,1,17,14,-1,16,-24,-8,-44,8,-28,13,-8,9,-31,15,-14,9,-36,28,-37,39,-7,51,5,24,-5,15,12,4,17,41,-3,35,-19,20,0,15,-15,22,5,6,-4,27,12,7,-6,15,3,14,-26,24,-11,12,8,29,-4,40,21,30,1,21,19,32,14,14,-2,19,13,13,-7,14,4,4,23,-4,5,0,3,-3,1,-2,3,-29,10,-18,18,-1,0,-2,1,-9,-2,-20,12,-60,-2,-47,23,-10,15,11,21,-8,62,20,13,2,26,-29,13,3,13,-13,15,25,39,-2,28,-27,31,-18,2,0,47,8,31,9,11,-2,13,53,5,15,39,40,3,11,16,9,-11,32,-8,27,6,14,-13,30,0,28,-11,36,22,20,4,19,46,16,11,32,-16,1,-8,19,9,32,-6,22,11,19,-10,13,-19,2,1,0,-1,35,23,39,4,38,-12,31,2,21,-7,13,5,8,14,-1,2,6,10,-6,20,11,21,-11,-4,-40,9,-57,-30,-33,7,-16,-5,-22,10,-12,-6,-10,14,-59,26,-20,17,-38,11,-6,9,-33,-6,-7,16,-31,12,-15,-2,-33,27,-50,74,-1,2,-1,27,1,1,38,24,6,3,0,1,1,1,-2,9,-3,19,7,1,4,-1,18,-15,9,6,-1,1,1,0,-35,57,-18,14,-29,11,7,18,11,-6,0,1,-3,24,39,20,-9,36,10,16,11,-2,0,1,1,0,2,11,3,13,3,2,12,5,1,1,0,1,2,8,-10,-3,4,6,-2,12,2,2,21,17,11,4,-1,4,4,3,-4,11,0,3,10,18,-4,16,-1,0,0,3,-21,21,3,10,-12,22,12,22,-1,1,0,1,-4,6,-3,3,-34,4,-47,37,-19,27,-1,1,-50,13,-27,16,-13,4,-1,1,-3,0,-36,11,-28,0,-21,11,0,1,-19,45,19,21,14,39,9,2,10,15,9,42,10,2,8,-7,9,4,34,43,-32,6,0,38,11,21,-7,3,-9,-8,-36,32,-21,9,-27,32,3,14,-20,30,-2,22,-39,20,-4,4,23,34,-19,78,-18,-7,-37,20,-45,6,-29,16,5,31,52,50,6,19,-24,48,11,14,9,2,-10,28,14,15,-5,5,12,4,-5,36,-8,6,11,16,-26,8,-21,-10,-32,12,-28,-6,-14,4,-17,28,-39,15,-32,77,-2,21,-35,8,-21,-16,-22,-2,-16,-41,-17,-7,-1,-16,13,-14,-7,-28,-13,-8,-26,10,-7,-11,-7,2,-19,-15,-16,-19,-4,-45,-22,-21,-48,-5,-26,-30,-71,-6,-44,-39,8,-45,-27,-54,-63,17,-23,-16,-9,0,-33,18,-13,-1,-9,21,-23,1,-9,-20,1,-20,-17,-10,-15,-35,-62,-44,-48,-74,-2,-16,-45,-12,-20,-31,-42,-32,-3,-12,-37,-33,-9,-19,-28,-19,-34,-41,-13,-39,5,-33,-31,-7,-4,-6,-25,-1,21,-67,-32,-59,-6,-23]]]
12908892	r	121.1406,24.6732,122.0851,25.6335	[[[1211406,248961,56,-142,1063,177,0,1,5,91,1,2,0,-1,9,19,29,29,-1,22,56,13,18,19,16,7,0,7,22,12,4,23,15,5,3,15,33,35,0,-20,26,5,-8,-18,23,-43,-11,-14,1,0,-1,-1,15,-4,33,11,23,-8,103,44,1,0,22,-14,10,17,11,-8,1,0,1,1,31,19,142,123,23,-37,26,-11,5,-16,7,2,13,-10,-11,-32,111,17,66,-13,-49,-36,-49,1,-29,-4,-24,-11,-72,-71,21,-14,6,-14,23,-11,12,-27,25,-6,0,-21,-26,-27,-18,-9,0,-15,-15,-18,52,-29,11,-13,12,-1,13,15,13,4,15,21,14,-5,1,-32,-14,-27,12,-3,5,-17,46,18,22,-10,17,3,-11,-45,35,-21,10,-60,15,-13,35,-1,14,-18,13,-2,1,-16,10,-15,0,-2,-14,-23,-24,-9,-13,-14,-34,-5,-8,-13,13,-14,19,-46,3,-4,4,-4,45,-14,18,-31,6,-6,20,-6,2,-10,-1,0,0,-2,-34,0,-15,-29,-12,4,7,-16,0,-1,-28,6,6,-8,0,-1,-18,-4,-8,26,-2,-10,-15,2,-36,-14,-49,-3,-3,0,-11,-14,-1,-32,39,-4,68,25,80,-19,29,-45,24,-13,40,-1,58,-18,7,-8,22,-5,0,-12,8,-5,46,13,25,18,25,5,14,11,4,28,30,16,12,-2,45,18,36,-2,-3,-8,8,-11,20,-4,11,3,18,17,61,-29,39,-37,29,-13,-17,-38,22,-31,9,-33,67,0,13,-26,2,-25,18,-13,7,-18,20,-21,24,-15,44,-16,8,-44,-4,-19,11,-28,-10,-47,6,-19,78,-60,20,-2,30,8,0,-10,-16,-15,8,-23,-38,-45,-16,-9,-19,-2,-21,-17,-29,-47,-19,-13,-42,-10,-47,-37,-14,-16,-18,-46,25,-13,-2,-22,28,-50,8,-34,-6,-17,15,-27,2,-21,24,-26,1,-2,1,-37,24,-37,-11,-32,40,-35,28,-6,5,-28,34,-82,39,-29,5,-43,9,-21,120,-39,72,-56,14,6,34,-7,5,-28,-17,-35,9,-46,15,-16,5,-43,40,-55,16,5,31,-5,29,14,56,-20,35,21,24,27,35,13,25,2,22,27,46,21,19,0,11,-10,90,0,13,12,19,7,2,33,7,4,14,-13,75,8,8,18,0,38,13,7,-10,52,30,24,24,34,38,5,36,-5,36,26,22,30,17,-4,45,20,29,-12,21,-1,27,24,18,-35,25,-4,25,47,4,60,6,15,12,1,51,-21,25,-2,37,36,67,38,5,17,-36,0,-6,6,14,29,-9,23,11,50,-33,33,-3,14,9,12,21,6,15,18,-16,19,-21,1,-20,8,-15,41,4,19,15,17,-2,24,28,36,28,21,-6,24,19,29,-32,68,0,21,-12,13,2,28,-13,25,14,-4,54,4,40,17,28,-3,39,47,37,-6,35,7,41,-14,47,26,4,16,-12,49,12,13,3,18,-5,41,29,-8,16,10,69,4,16,13,32,-3,30,-11,12,11,11,35,14,-12,18,3,26,-17,76,-5,4,11,19,7,57,43,3,11,52,-39,10,6,20,-6,34,34,21,-6,34,7,13,-14,10,0,9,11,-4,20,12,22,-25,34,12,12,35,12,39,26,2,47,18,-4,10,14,26,-12,66,47,6,15,53,12,14,26,40,12,-2,10,11,22,13,11,33,9,20,24,32,21,27,6,36,-2,17,-5,36,-27,37,3,16,8,7,14,27,-5,28,5,8,14,67,3,1,11,10,10,-5,14,12,10,5,-12,11,-1,17,26,17,12,-4,13,13,9,25,-10,43,2,-3,16,20,29,1,12,30,12,29,22,11,-6,9,6,-9,34,-21,16,1,77,-6,26,13,9,26,2,2,19,42,10,6,11,23,16,2,8,-11,8,0,21,32,-1,20,18,17,-7,33,1,13,8,11,-6,16,14,43,10,0,17,11,12,68,-38,72,26,14,-8,11,9,37,-5,15,18,27,13,37,48,43,32,16,34,53,40,12,3,18,19,-1,23,-46,24,1,10,-27,66,-42,15,-8,15,-15,8,-10,29,2,18,7,7,644,15,14,15,210,165,387,174,10,-13,7,3,6,20,15,7,15,-10,18,10,11,19,17,1,-3,6,71,32,15,0,28,46,-22,-37,211,95,-7,8,1,0,4,70,13,4,6,12,-6,-2,-16,23,6,8,-5,15,-30,-18,-5,12,6,4,-14,5,-4,-5,0,8,-7,-4,5,19,-10,18,-12,-3,-1,14,-2,-13,-13,-8,-20,-35,-25,-15,-12,-15,-12,24,3,62,-62,23,2,9,-15,6,-4,-5,-32,6,-3,10,-7,-6,-12,10,-19,-6,-33,1,-66,-33,-7,4,-32,-9,-68,7,-31,-5,-8,4,-3,-20,2,15,-44,-6,18,-13,-76,54,-67,74,-39,77,1,13,-9,7,3,13,35,14,-4,23,19,2,-19,15,-34,-4,12,37,14,-2,-7,11,4,17,7,0,-6,8,6,0,-11,6,-5,19,14,9,3,9,-10,10,6,-4,9,4,-8,7,7,4,-6,6,7,3,-67,35,-13,25,10,2,-9,0,-5,12,5,2,-7,1,12,3,-5,7,-20,-4,-4,16,-15,-1,-4,15,-12,1,1,11,-14,-5,-13,4,-5,35,11,6,-3,27,-15,2,-11,26,3,45,16,16,2,18,11,14,13,6,-4,9,8,0,2,16,7,2,-14,17,12,28,19,15,31,1,-14,20,4,14,7,-2,-12,18,4,26,-12,23,-4,3,-40,-22,-38,7,-10,14,35,32,18,8,53,60,-3,15,18,29,-9,11,-32,-17,-51,-11,-6,-22,-13,-2,-3,7,-34,-25,-25,-8,-6,4,-11,-3,-11,8,1,9,-5,-1,-32,-26,-15,-2,-3,-9,-11,-2,-21,7,-3,9,-9,-8,-24,0,-7,-6,-5,5,-15,-3,-8,7,8,12,-17,18,-19,-9,-19,8,3,5,-10,-6,-7,7,-7,-8,-56,-2,-21,24,-13,-9,-7,9,1,-8,-11,-11,-9,4,-3,14,-8,-2,-2,-12,-27,-2,2,-13,-10,-3,-30,13,-4,22,-9,-6,-4,4,-12,-13,-27,3,-81,27,-59,5,-10,17,-11,0,0,-8,-15,2,1,-7,-6,7,-48,-3,-7,-15,-48,8,7,-1,-89,20,35,24,-8,16,32,19,-2,6,0,-4,-4,4,-46,-10,17,12,-18,-8,-1,-5,-7,-2,-34,-16,-18,3,0,11,-5,-9,-9,-1,5,8,-10,-12,-10,4,-16,-8,-26,2,-24,20,8,6,-17,-6,-17,6,-3,9,16,15,-18,10,-7,23,4,9,12,4,9,21,15,3,4,17,22,0,-16,7,-3,12,-6,1,-63,-15,-35,9,-27,-2,4,-5,-10,-4,-19,14,-23,-2,-51,16,-7,14,-28,9,-14,-9,-11,3,-32,46,21,-40,-8,5,-1,-6,-5,2,-13,32,-11,1,-19,-5,-18,-14,10,-14,-23,8,-15,-14,-18,-5,-2,-10,-18,-6,3,-5,-9,2,-7,-22,-40,-10,28,4,3,-10,-21,-5,1,-6,22,5,4,-11,-12,-7,-15,3,-1,1,-1,0,-53,11,11,6,-5,31,-29,-13,-12,19,35,17,-10,19,-46,-22,-25,7,53,37,22,-3,1,9,8,2,-8,0,-14,21,-28,-11,-12,3,0,5,-27,0,-10,-8,0,6,-39,25,-7,13,-13,-7,-24,2,-20,18,-6,-6,-15,21,-16,-6,-27,8,-13,11,-14,3,-20,-10,-44,7,-7,16,-9,-11,-33,0,-2,-9,-9,-3,-39,5,-1,13,7,-2,6,9,-15,-4,5,8,22,0,-17,5,-4,7,21,20,-11,21,5,13,8,2,-5,12,-5,-3,4,11,-27,-19,-43,-5,42,5,5,3,12,9,-21,0,-5,3,6,10,-11,-7,-9,13,-8,-5,2,16,-9,1,4,8,-27,9,2,6,-11,-3,-28,25,5,-14,-25,0,-11,-10,-11,0,-40,39,-27,57,7,5,4,39,19,10,6,-8,4,14,8,5,-6,-1,3,11,18,20,15,4,-6,6,20,24,-14,2,4,14,-21,-1,10,17,-4,6,15,11,-13,-4,86,68,-6,14,12,14,-11,-7,5,11,-48,-33,-5,-20,-17,-10,10,4,-26,-27,4,-9,-9,-2,-4,6,-21,-8,-10,9,-24,-5,14,16,-6,1,-77,-71,-12,5,-6,13,4,8,-11,-8,11,15,-12,-4,-12,-18,4,13,-10,-10,-11,1,10,-5,-6,-8,-9,-1,-2,10,0,-10,-15,-3,-23,13,2,5,-7,-4,-39,28,13,15,-16,-14,-4,3,-2,23,-13,-19,-8,6,17,18,-23,-12,-54,47,-26,31,-35,63,2,24,13,-1,2,6,7,-3,-7,19,21,21,-13,2,-14,17,7,21,-28,-17,-20,16,-10,-25,-19,0,-17,12,8,7,-13,4,3,6,-9,-8,-9,4,-61,61,-6,13,10,17,3,79,-12,63,3,23,-37,68,-27,32,-108,96,-99,30,-6,10,12,1,-8,2,-30,35,-29,18,-71,34,-63,7,-93,65,-92,-14,-7,4,4,-6,-10,-13,-24,4,11,-13,-4,-27,-76,-3,-41,7,-37,-15,-48,11,-55,26,-7,10,9,10,-3,11,-31,20,-34,-37,-2,-32,-12,-4,25,-17,-16,-21,-16,-3,-17,-18,-28,-11,-44,8,-14,-4,-1,-12,-19,-5,-15,0,-46,16,-12,25,6,4,-5,3,4,9,-8,-6,-3,16,-7,2,-6,-4,6,-8,-18,-6,9,-34,-3,-22,9,-2,-7,-11,-27,-17,-91,-18,-365,-169,-250,-205,-121,-201,-79,-177,-30,-32,-73,-31,-69,-52,-33,-93,116,-66,61,-56,-1,-1,-9,-21,-35,-34,-35,30,34,-31,-34,-45,-29,-16,-110,92,-20,-86,-22,-1,-86,-13,-70,-32,-95,-72,-14,24,13,-24,-139,-105,-180,-64,-54,-9,-233,-38,-1,83,-147,18,135,-21,-48,2,48,-8,-1,-76,-33,-6,0,5,9,0,-8,6,-6,-8,-50,0,0,-12,-39,-6,-765,-126,-82,-26,717,-1193,-4,-10,-10,22,-19,3,-28,-17,-3,9,-35,-2,-48,-26,0,-13,19,-37,8,-48,12,-18,-1,-22,15,4,-15,-5,10,-28,-13,-4,19,-17,4,-47,-13,-32,26,-74,-3,-44,-1260,-525],[1212810,249753,8,17,-6,-19,30,-50,-32,52],[1212815,249796,8,-13,0,-1,-8,14],[1212820,249839,12,20,1,1,-13,-21],[1213269,249666,20,30,-3,-5,-17,-25],[1213282,249729,7,-33,-4,16,-2,12,-1,5],[1214571,251080,6,23,32,59,-21,67,25,1,4,6,31,7,-5,33,13,39,34,41,28,19,9,19,37,33,3,12,42,32,20,31,45,12,2,16,48,74,62,44,15,35,17,10,-1,20,9,20,23,-1,9,-21,13,1,33,-18,9,0,23,16,63,-17,27,54,-8,45,44,39,71,6,26,30,48,5,22,21,4,45,16,19,19,15,7,-2,7,11,26,-10,13,8,7,28,-13,14,1,16,17,7,16,41,22,2,21,16,35,-8,2,-21,32,-77,39,-15,17,-28,14,-4,28,6,32,-12,21,10,26,-8,-11,-16,8,-6,5,-36,-12,-4,5,-5,-14,-15,10,-28,-9,-2,-11,-14,24,-48,-6,-19,-52,-50,-5,-31,29,-16,45,-6,37,-20,18,7,20,-78,-24,-34,5,-4,38,-20,2,-22,20,-30,-3,-14,27,-32,21,-9,36,-32,9,8,7,-2,0,-1,-11,-21,0,-38,32,-6,-34,-43,-9,-4,-8,7,-10,-2,-9,-42,-10,-15,-9,-2,-14,-39,-19,-21,19,-45,0,-1,21,-11,28,0,36,-11,3,0,1,-1,13,-4,27,-16,50,-13,1,-1,19,-27,47,-37,34,-4,3,-3,4,-6,0,-1,1,-1,-12,-22,12,-22,-3,-10,21,-21,0,-2,1,-1,4,-16,-10,-18,0,-3,4,-11,-3,-3,0,-4,-11,-4,-21,-17,-2,-2,2,-12,-4,-6,10,3,-2,-8,0,-1,-1,-1,-12,-5,-3,-2,-3,-13,-2,-11,-1,0,0,-1,-11,2,-10,-16,9,-36,-39,-20,3,-24,0,-1,-11,6,-7,-18,29,-11,18,-14,35,-57,-1,0,1,-1,-9,-6,-18,15,-4,1,-6,-1,2,-18,2,-10,-1,-1,0,-1,-5,-3,-38,-24,-2,-1,1,-26,2,-3,49,-74,33,-27,15,2,31,-12,7,-16,33,6,6,-9,38,-11,20,-17,60,-26,9,-14,12,6,22,-10,16,6,33,-8,57,30,40,-8,11,3,-11,-21,6,-20,-6,-10,1,-1,0,-1,-8,-14,-13,-5,-21,7,-31,-2,-38,12,-39,-4,-35,-23,0,1,-1,-1,-1,0,-13,19,-19,10,-22,-11,-32,6,-19,-9,-1,8,-32,16,-16,-11,-19,-46,-20,-4,-36,-22,-28,11,-30,0,-14,13,-27,-6,-32,8,-9,11,-11,-16,-40,-3,-15,-39,-53,-5,2,-13,-9,-11,-8,-31,0,-47,18,-2,27,-31,2,-28,-25,-39,13,-15,-3,-13,29,-13,-2,-26,-20,-13,9,-62,-12,-21,10,-15,47,-23,60,2,20,-12,9,2,1,0,1,-1,1,0,18,-18,29,-10,2,-3,3,-1,0,-3,4,-5,-3,-23,-15,-4,-13,7,-19,-13,-14,2,-32,-14,-21,-19,-30,-1,-40,-21,-29,4,-12,-8,-24,11,-14,26,-15,-3,-7,6,-27,-12,-6,4,-21,-5,-1,0,-15,15,-20,0,-35,19,-41,3,-4,-17,-15,-12,-24,5,-51,-5,-39,7,-28,37,-9,36,-15,14,-9,31,-13,8,-8,28,8,44,-16,24,-14,1,-1,-17,-18,-16,-36,-1,-7,6,-6,39,-43,-5,-28,9,-1,43,-17,23,-11,-22,-24,-24,0,42,-11,32,8,31,28,21,-17,32,-1,15,-10,15,-56,24,-47,66,-20,15,-53,16,-16,2,-38,-5,-83,-92,-44,-25,-8,-1,-3,-1,-12,0,-20,11,-3,2,-3,3,-2,3,-8,10,-5,26,-3,10,-1,9,0,1,-2,9,1,62,-44,82,-11,34,2,9,2,7,42,48,78,10,46,23,46,46,12,51,-7,46,14,53,1,18,1,33,-10,51,-35,83,-27,40,-108,98,-76,39,-152,8,-49,22,-35,27,-7,14],[1218040,251335,2,-3,12,-21,-14,24]],[[1217563,251596,21,-21,24,19,-16,-49,17,-9,2,-11,15,-12,3,31,30,1,12,-8,0,5,15,0,15,14,96,33,-74,13,-19,-3,-11,19,-19,1,-8,11,-31,8,-11,-4,-1,-32,-19,2,-7,9,-23,-3,-2,-11,-9,-3]],[[1217821,251897,24,4,8,8,17,-1,15,7,-10,2,14,8,-9,8,7,16,-12,2,-8,-6,-6,5,-3,-12,-17,-4,-20,-37]],[[1220720,256285,8,-18,13,-5,2,-7,10,1,0,-6,4,5,2,-8,2,6,9,-1,3,-16,10,-5,34,6,2,10,-9,7,34,21,-2,11,9,7,-2,16,-12,-2,8,10,-5,15,-15,-4,-19,5,-5,-5,-19,6,-23,-9,-17,-5,-6,4,3,-6,-19,-33]]]
1668399	r	120.3994,23.8871,121.451,24.4415	[[[1203994,240880,1306,-791,934,142,124,-568,92,-38,18,9,13,-22,269,-112,53,23,6,33,27,6,0,17,17,1,-3,6,10,27,10,-1,1,-7,13,-7,19,5,2,-6,18,14,10,-6,19,16,19,4,10,20,21,9,14,-25,2,-21,28,-19,15,5,29,-9,14,-16,2,-20,12,-7,11,7,25,-4,78,-29,9,5,4,16,23,19,31,-25,2,-10,25,-8,19,-20,-10,-21,2,-18,-19,-25,10,-15,2,-16,-6,-11,6,-24,12,-7,1,-29,3,-32,-51,-12,-8,12,-28,12,-11,-14,1014,-422,80,1852,327,438,5,2,15,13,35,-8,16,-18,1,-15,34,-36,16,-6,2,-34,16,-20,-5,-7,11,-27,-24,-22,-9,-48,-13,-23,11,-62,11,6,12,30,17,-3,39,71,42,12,12,11,-2,43,31,49,-5,18,5,20,-28,13,-11,16,3,16,9,7,47,6,87,-20,18,-18,5,-21,24,-14,40,-3,10,-13,53,-2,22,20,50,23,54,9,25,27,46,30,44,41,44,25,17,30,62,-32,49,-45,100,1,28,-9,12,-24,7,-1,34,14,44,9,17,10,37,-14,29,23,0,42,44,14,19,0,13,11,6,43,31,14,14,43,21,32,8,28,-5,10,11,23,15,12,25,50,12,2,21,25,40,27,54,-7,25,7,4,9,20,-22,3,-23,11,-16,-2,-42,24,-7,24,26,0,19,23,51,48,4,12,11,35,3,30,-16,11,-29,10,-7,52,44,15,36,52,2,17,25,34,19,6,12,21,13,29,3,55,44,2,9,39,4,65,68,-3,21,29,31,4,23,19,19,50,26,4,9,25,4,13,12,29,8,47,-11,57,3,41,-12,40,8,24,-7,24,8,47,-6,50,33,13,24,5,39,30,30,17,40,35,0,51,18,45,5,31,47,3,19,24,20,8,16,59,-51,54,-67,26,-16,37,25,33,4,28,15,3,8,7,18,40,40,21,-1,32,-13,31,6,37,-6,74,38,36,38,89,-45,0,12,25,2,-4,-26,55,-22,21,-16,27,20,35,8,70,155,34,48,42,23,58,8,8,-2,10,-33,-5,-13,25,-10,5,-22,18,-13,29,-2,5,-8,27,-1,7,-34,25,-23,9,9,21,3,12,-14,16,-5,50,11,23,-10,10,5,15,29,32,6,-8,9,8,16,24,10,13,-4,14,-26,20,0,26,12,56,1,23,-6,32,-25,48,11,21,-5,92,-39,41,-23,30,-26,61,88,31,27,9,47,-9,45,36,8,26,-11,21,4,35,30,27,51,40,8,18,12,57,-12,67,22,7,31,-7,38,5,23,-25,40,-10,78,-17,36,15,17,52,33,25,27,10,24,29,-15,29,5,8,21,60,60,17,114,65,-9,52,19,26,-13,27,-3,11,8,48,86,34,35,23,6,9,9,-2,35,-12,15,-9,29,19,87,34,37,-23,53,23,47,21,24,16,40,57,10,10,29,36,23,-31,64,-9,36,-36,-7,-17,-11,-44,96,-46,6,-40,-2,-39,-16,-27,-1,-39,-23,-23,7,-21,-5,-17,5,-51,-23,-34,1,-24,18,-14,1,-25,-19,-28,1,-24,-27,-31,0,-21,-54,-57,-27,-12,-1,-36,15,-33,-4,-45,42,-1,23,-21,43,9,22,18,14,-15,30,-11,5,-25,31,-57,14,-47,27,-22,-11,-20,7,-69,0,-32,-17,-10,-16,-22,28,-35,28,-13,28,-44,3,-12,15,-16,73,16,25,9,35,-1,81,13,58,-10,32,7,22,-5,16,-69,68,-24,4,-40,-42,-37,-11,-23,-24,-22,-12,-88,4,-25,-7,-14,-14,-85,-3,-58,-13,-69,5,-5,-18,-12,-6,-48,13,-37,-1,-14,6,-8,17,7,57,-10,14,0,-103,-11,-25,-78,-3,-8,-11,-33,-12,-25,-35,2,-25,-16,-25,14,-32,-5,-18,7,-34,-7,-9,-28,-13,-20,-20,-1,-12,-33,-30,3,-55,-34,-41,3,-38,-134,-26,-26,-18,-24,24,-2,25,-21,40,-9,77,-31,18,-65,-3,-35,-10,-5,-51,-58,-79,-7,-20,-69,-6,-16,-21,-32,-10,-38,-40,-13,-6,-4,-26,12,-18,-11,-5,-7,-16,-34,-25,-6,-34,-90,-1,-39,-17,-46,-4,-25,-8,-35,2,-40,15,-29,-33,-2,-16,-14,-16,-28,-14,-24,-23,-10,-47,-18,-25,-15,-6,-16,4,-12,-14,-26,-63,1,-36,-31,-3,-36,-18,-64,24,-47,-42,-15,-22,-66,-20,-13,-28,-25,-12,-28,0,-25,-10,-51,65,-30,-13,-54,0,7,-36,-36,-34,-54,-4,-39,-23,-25,-4,-10,-14,-20,-9,-5,-27,-23,-34,-5,-53,-28,-29,-22,0,-19,-8,-82,13,-29,12,-47,69,-32,21,-62,25,-20,20,-35,88,-29,39,-33,27,-36,53,-11,5,-31,2,-31,-26,-53,-5,-63,19,-20,29,-18,15,-24,-15,-24,3,-48,-12,-59,0,-63,16,-34,42,-27,-7,-76,5,-13,7,-27,-7,-25,9,-44,29,-93,-43,-66,-15,-31,-20,1,-24,38,-126,-3,-95,15,-44,-2309,656,-9,25,-14,7,-26,38,-86,52,14,30,-28,13,-28,27,-21,1,-10,10,-9,23,-15,17,-2,18,-37,43,-54,43,-95,30,-8,19,-20,8,-7,24,-19,7,-6,25,4,39,-29,24,-6,37,-76,46,-35,56,-62,21,-19,-18,2,-15,-21,-44,-26,-18,-9,4,-70,-93,-120,-111,-17,-35,-16,-9,12,-2,-14,-4,-11,-14,2,-9,-19,-18,0,-10,-182,52,-8,-8,-127,-190,-107,-344,-215,-339,-21,-18,-21,-37,-21,8,21,-10,-25,-48,-72,-115,-1,-4,-32,-19,-34,11,-69,5,-120,50,119,-52,2,-29,19,-16,21,-40,42,-18,-10,-19,15,-12,-70,-138,-55,23,-56,-135,-42,16,40,-20,3,-38,-65,-150,-105,37,-104,-241,-5,0,-5,-11,41,-13,-46,-27,-37,-44,144,-49,-387,-412,-103,-89,-34,-97,-22,-350,-45,-106,-125,-89],[1206287,240296,2,1,51,14,-53,-15]]]
1673820	r	120.1754,22.4776,121.0488,23.4717	[[[1201754,229119,2,-30,10,-14,25,-80,-8,-3,3,-7,7,2,-2,-11,6,2,15,-48,9,-5,-3,-9,14,-28,8,-3,39,-91,54,-168,2,-23,-21,-3,0,-13,-17,-4,12,-43,9,-23,30,-27,21,11,16,-40,28,-20,22,-44,-8,-48,38,-99,1,-41,8,2,9,-11,12,-30,-19,-31,-51,-9,12,-68,78,13,30,-29,-1,-7,-9,-1,6,-15,39,-68,-176,-39,171,-349,187,-268,101,-200,58,-203,-43,-144,-82,-161,62,-166,132,-149,35,-30,308,-263,202,-212,64,-113,81,-141,51,-231,6,-27,-17,19,-34,38,-7,8,-144,161,-43,48,-25,28,-215,240,258,-339,138,-181,10,-13,15,-20,39,-51,497,-358,72,2,13,34,15,-14,-1,-6,-5,3,9,-7,5,4,4,-3,39,13,61,3,112,-45,80,-47,27,3,17,204,-20,82,-8,122,23,100,57,152,20,19,37,18,18,59,37,67,23,97,26,161,-2,74,-10,55,-31,45,-52,40,-24,51,799,2188,5,2,46,-1,1,10,28,5,18,-10,58,11,-8,-13,13,-9,29,-2,25,-13,76,5,38,-14,53,0,50,41,52,26,33,32,15,25,15,24,37,37,218,167,34,37,68,57,100,38,58,-11,64,33,68,18,27,15,34,8,45,20,16,-14,19,-66,26,1,20,31,21,13,12,-2,16,-16,4,-54,13,-42,-10,-41,9,-44,10,-17,38,-12,41,-1,12,-17,25,-6,46,8,23,57,49,6,22,11,44,3,14,35,55,42,40,39,14,30,14,10,41,11,15,-5,70,-2,36,11,45,-12,63,-47,63,-18,49,-6,38,-44,3,-15,25,-20,29,-11,16,5,15,-6,12,-20,23,-15,36,-45,19,-76,19,-3,22,-32,17,-10,16,-27,15,-10,13,-31,45,-25,32,12,1,0,38,35,44,2,25,11,-11,72,17,36,76,-10,64,40,61,24,7,30,14,16,37,4,32,29,28,11,36,-7,40,6,23,-16,22,-6,38,-42,0,-30,19,-29,43,-21,10,1,48,56,30,-25,11,-24,26,-12,-4,-24,29,-20,6,-21,17,-19,9,39,28,37,-18,30,26,28,3,13,-76,35,-27,21,49,32,14,30,-6,29,-52,59,-43,3,-36,-5,-114,38,-16,27,-7,54,-33,33,-16,48,2,18,-30,19,-17,22,13,54,30,20,3,8,-19,75,-23,10,-22,73,-36,50,-15,21,0,102,29,72,-17,23,-21,73,14,15,1,11,78,52,-12,42,4,10,13,6,17,45,24,5,64,32,8,36,-7,22,7,12,47,17,23,19,31,53,1,26,-11,26,71,-1,24,30,14,139,-13,58,12,34,21,14,28,-1,52,21,59,-2,19,9,16,73,-17,54,-10,11,-42,20,0,14,-32,26,-21,47,62,89,26,95,45,51,9,29,22,28,-1,36,37,80,-11,37,13,59,-25,33,-19,59,31,32,-21,51,2,44,17,47,-22,77,-44,18,-49,51,71,22,28,19,10,28,39,5,38,20,9,109,26,19,0,30,71,40,36,-7,19,25,3,27,11,17,-10,34,-8,24,-41,40,-7,29,15,18,-6,43,16,21,25,7,7,9,6,157,-6,30,26,45,16,56,12,2,22,27,49,11,21,25,12,0,25,-19,14,-1,64,23,8,31,28,41,53,11,46,65,25,13,38,33,21,65,38,15,24,40,30,18,17,28,16,11,69,4,76,-20,40,38,31,2,74,29,49,36,25,5,15,12,73,3,16,6,10,11,40,-8,16,22,44,25,20,34,2,19,22,5,21,-5,54,35,31,5,15,14,3,24,13,23,-9,61,16,29,1,25,-38,25,-35,3,-19,9,-29,43,-42,7,-15,30,-42,7,-26,32,-19,54,1,16,-24,26,-18,-3,-4,-19,-23,-18,-52,-7,-25,27,-2,36,-48,32,-41,17,-41,-6,-76,25,-2,69,12,48,35,11,26,45,58,60,55,13,23,12,-3,23,-33,16,-30,31,21,31,24,16,21,2,14,-12,17,-3,49,22,34,41,19,-6,7,-9,40,28,27,12,-17,19,7,38,-3,31,-22,19,28,16,16,38,1,23,-34,17,-34,8,-2,22,-17,25,-41,13,-25,0,-12,22,22,22,-10,23,-36,36,1,53,51,46,-8,33,-33,30,-39,54,-38,2,-48,-7,-152,46,-30,22,-102,0,-15,17,-20,10,-22,-11,-38,2,-36,-13,-18,-23,-75,-31,-71,-11,-22,9,-24,-2,-20,-22,5,-24,-5,-8,-33,-13,-30,-1,2,-14,-16,4,-7,16,-24,9,-13,-3,-13,10,-113,-13,-43,-46,-11,-2,-21,12,-17,0,-2,-20,-42,-17,-11,-45,-22,-8,-12,14,-11,-41,-39,-77,-13,1,-17,13,-24,-34,-25,-7,-35,7,-1,-16,-18,-16,-17,0,-22,-33,-15,4,-18,-6,-18,-22,-22,7,-23,-8,-12,12,-16,-30,-33,12,-8,-13,-36,-18,-1,-80,-14,-9,-4,-12,-28,-18,-9,-43,-55,-59,4,-16,23,-3,-1,-12,-43,-16,-11,-34,-15,-2,8,-23,-3,-7,-18,5,-21,-9,-13,-29,4,-16,-7,-60,-36,-26,-1,-16,-24,3,-19,-14,-50,9,-27,-20,-35,1,-15,-11,-26,25,-19,-5,-6,-11,15,-20,-39,-40,-2,-26,-12,5,-13,-6,-21,-38,-30,8,-11,-3,-1,-37,-35,-8,2,-41,-6,-17,-8,-13,-20,-4,-19,-31,-43,3,-19,10,-27,-6,-11,-11,-48,20,-40,-21,-40,22,-26,3,-4,-11,10,-21,-14,-24,10,-10,-1,-28,-26,-28,-29,-9,-2,-11,10,-18,-4,-12,-19,-10,-28,-39,-73,-11,-14,-41,-47,-16,-26,-16,-20,-30,4,-51,-98,27,-45,-7,-40,11,-15,-17,-41,-24,-23,-27,-15,-42,-5,-38,11,-48,-20,-21,-1,-13,-18,-12,-61,0,-146,43,-16,-10,-11,7,-1,16,-11,6,-14,4,-22,-12,-17,23,-15,-1,-11,20,-13,0,-5,-10,-15,7,-11,-3,-8,15,-24,-2,-9,11,-12,-7,-22,-35,-32,-6,-28,21,-21,42,-34,-14,-17,-33,17,-33,-18,-18,13,-14,9,-42,-22,-35,13,-25,-26,-19,6,-30,-20,-5,-9,-13,24,-29,14,-55,1,-39,0,-3,63,-76,-4,-7,11,-16,-13,-23,7,-1,6,-40,17,-24,-2,-21,6,-1,-10,-13,-7,-62,45,-40,3,0,10,-13,9,-52,-24,-24,-8,-37,-13,-14,-3,-19,-30,2,-12,-13,-11,-2,-27,-35,-4,-26,-21,-22,-20,-61,-21,-14,-3,-11,18,-45,17,-23,10,-5,-38,-25,2,-15,-13,-38,-1,-1,-68,-7,14,-24,0,-6,4,-9,-4,-3,-36,-21,-18,-3,-20,-36,-19,-11,-48,1,-14,-35,-18,-4,-22,-33,12,-24,-6,-19,-41,-33,-21,2,0,-21,-18,-15,-27,-8,-20,-31,-6,-25,-22,-16,-15,-52,-43,-45,-20,-36,4,-37,-7,-57,-110,-148,-15,-38,-15,-7,6,-32,0,-3,-1,-2,-2,-4,-14,-16,-29,-37,-7,-7,-25,-29,-16,-12,-16,-3,-10,-19,-39,-29,3,-21,-46,-46,-80,-33,-13,-17,-29,-5,-10,-12,-19,-5,-15,-10,-6,-21,-74,-29,-70,-61,7,-21,-14,-18,-24,-6,-86,-90,-31,-17,-45,-58,-34,-27,-17,-5,-10,-13,-27,-9,-108,-62,-14,-14,-17,-41,1,-25,-17,-40,6,-23,-15,8,-80,-11,-24,2,-9,9,-45,-3,-14,9,-9,-7,-9,-24,11,-7,9,-22,-24,-25,13,-18,-1,-11,8,-5,0,-14,-15,-9,-41,12,-8,-5,-15,-59,16,-20,-1,-19,-17,-31,-14,9,-20,-14,-47,23,-22,-21,-5,-36,-38,-78,-11,-37,-43,-62,-5,-41,-40,-95,0,-19,-26,-16,-2,-30,-12,-23,4,-5,-21,-22,-9,-18,1,-18,-21,-33,1,-11,-19,-23,-8,-32,-8,-10,-1,-2,-1,-1,-1,-1,-31,-10,-26,-9,-18,-19,-24,24,-9,34,-43,4,-12,30,-13,9,-64,-1,-30,-20,-6,3,-18,-23,-51,29,1,-13,-12,3,-4,-17,-29,-5,-9,-20,1,-16,-25,-1,-8,-19,-15,4,-5,-5,19,-30,-6,-27,-18,5,-17,-14,-9,-18,-8,13,-10,-1,-8,-12,5,-17,-18,-4,-8,5,-15,-14,-4,12,-20,-7,2,-16,19,7,-5,-27,-31,-19,-11,-30,-7,-1,-8,11,-9,-12,9,-7,-21,4,0,-12,19,-8,-35,-13,3,-16,-15,22,-14,9,-40,-12,-128,-1,-18,19,-35,73,-21,20,-8,-2,-32,-47,-12,-6,-34,36,-21,12,-51,8,-74,0,-171,41,-66,-3,-2,-25,2,-5,16,-50,-1,0,0,-1,-31,-2,-2,-7,-32,0,-2,1,-1,0,-122,63,-19,-1,-7,-3,-10,-20,14,-19,5,-6,0,-1,1,-2,-1,-4,1,-7,-2,-1,0,-2,-8,-4,-5,-5,-3,0,-4,-2,-14,0,-5,1,-6,1,-5,2,-11,4,-34,21,-7,6,-9,6,-47,53,-100,21,-13,31,1,67,-20,15,-30,-6,-57,-63,-29,-4,-49,15,-51,41,-34,-5,-24,7,-64,42,-39,16,-10,-7,-18,2,-26,-10,-90,-66,-22,-12]]]
1668355	r	120.0167,22.7916,120.6563,23.5586	[[[1200167,234370,28,14,171,124,113,73,144,132,112,125,168,156,345,511,-95,-26,-404,-471,-470,-436,-85,-147,-27,-55]],[[1200348,230936,9,-22,3,-35,5,-231,48,-111,27,-19,-14,39,17,11,69,-13,11,-21,7,-2,22,-95,111,-88,104,25,5,8,295,-177,-3,-6,29,-18,-2,-27,50,-78,106,-4,69,-52,28,-29,7,6,6,-4,-16,-11,17,8,19,-13,9,7,31,-29,-5,-13,7,1,56,-53,-29,-27,0,-11,2,11,19,19,27,-31,-26,-18,-25,3,22,-4,-44,-29,136,-126,-3,-2,0,-28,29,-8,55,-101,37,-219,80,-478,30,-68,107,-171,5,-19,17,4,0,13,21,3,-2,23,-54,168,-39,91,-8,3,-14,28,3,9,-9,5,-15,48,-6,-2,2,11,-7,-2,-3,7,8,3,-25,80,-10,14,-2,30,22,12,90,66,26,10,18,-2,10,7,39,-16,64,-42,24,-7,34,5,51,-41,49,-15,29,4,57,63,30,6,20,-15,-1,-67,13,-31,100,-21,47,-53,9,-6,7,-6,34,-21,11,-4,5,-2,6,-1,5,-1,6,0,8,0,4,2,3,0,5,5,8,4,0,2,2,1,-1,7,1,4,-1,2,0,1,-5,6,-14,19,10,20,7,3,19,1,122,-63,1,0,2,-1,32,0,2,7,31,2,0,1,1,0,-16,50,-2,5,2,25,66,3,171,-41,74,0,51,-8,21,-12,34,-36,12,6,32,47,8,2,21,-20,35,-73,18,-19,128,1,40,12,14,-9,15,-22,-3,16,35,13,-19,8,0,12,21,-4,-9,7,9,12,8,-11,7,1,11,30,31,19,5,27,-19,-7,-2,16,20,7,4,-12,15,14,8,-5,18,4,-5,17,8,12,10,1,8,-13,9,18,17,14,18,-5,6,27,-19,30,5,5,15,-4,8,19,25,1,-1,16,9,20,29,5,4,17,12,-3,-1,13,51,-29,18,23,6,-3,30,20,64,1,13,-9,12,-30,43,-4,9,-34,24,-24,18,19,26,9,31,10,1,1,1,1,1,2,8,10,8,32,19,23,-1,11,21,33,-1,18,9,18,21,22,-4,5,12,23,2,30,26,16,0,19,40,95,5,41,43,62,11,37,38,78,5,36,22,21,47,-23,20,14,14,-9,17,31,1,19,-16,20,15,59,8,5,41,-12,15,9,0,14,-8,5,1,11,-13,18,24,25,-9,22,-11,7,9,24,9,7,14,-9,45,3,9,-9,24,-2,80,11,15,-8,-6,23,17,40,-1,25,17,41,14,14,108,62,27,9,10,13,17,5,34,27,45,58,31,17,86,90,24,6,14,18,-7,21,70,61,74,29,6,21,15,10,19,5,10,12,29,5,13,17,80,33,46,46,-3,21,39,29,10,19,16,3,16,12,12,20,20,16,46,59,-6,35,15,7,15,38,110,148,7,57,-4,37,20,36,43,45,15,52,22,16,6,25,20,31,27,8,18,15,0,21,21,-2,41,33,6,19,-12,24,22,33,18,4,14,35,48,-1,19,11,20,36,18,3,40,24,-18,39,69,8,13,38,-2,15,38,25,-10,5,-17,23,-18,45,3,11,21,14,20,61,21,22,4,26,27,35,11,2,12,13,30,-2,3,19,13,14,8,37,24,24,-9,52,-10,13,-30,-2,-32,15,-2,11,-11,4,-25,-17,-13,1,-41,24,-31,4,-19,10,-7,-7,-21,9,-14,-4,-15,3,-36,-23,-38,-9,10,30,-111,76,-846,580,1,6,-24,69,-14,95,14,15,34,13,27,26,9,-1,12,42,30,19,19,33,30,14,-32,54,-31,32,-21,3,-11,11,-29,7,-5,7,-11,-1,-12,-10,-17,25,-18,-2,-5,14,-23,1,-29,17,-8,-5,-5,7,-36,2,-28,-11,-28,18,6,7,-12,10,1,28,-9,1,-1,8,12,46,13,6,20,-26,28,13,16,20,-1,38,-4,8,-8,0,0,16,-10,10,4,10,-6,6,-12,-3,-21,24,-17,4,-2,15,-14,0,-8,6,-8,-17,-24,2,-34,19,-16,-5,-29,31,-15,-14,-5,17,-10,3,-23,-28,-22,-7,-10,36,16,65,45,20,11,14,13,-4,30,16,22,-1,23,30,2,8,-21,13,4,20,-27,20,1,10,-48,12,-15,-19,6,-12,-13,6,-10,-7,-14,7,2,-16,-17,1,-10,-19,-20,-3,-16,-17,-19,30,-21,3,7,31,-28,41,-11,0,-27,13,-18,17,-10,-6,-17,3,-31,16,-11,14,1,9,-18,0,-51,25,4,-9,-11,2,-15,18,-73,27,-15,14,-27,7,-4,6,-5,-8,-13,5,-11,-11,-7,5,-19,-7,-3,-11,-9,3,-11,-6,-5,-29,-16,-14,-13,9,-11,-9,-14,5,-29,-5,-13,7,-20,-37,-21,52,-15,17,-20,9,-41,-10,-8,20,-14,12,-15,-20,-33,-17,-87,-29,-52,-7,-8,-8,-75,-19,-127,-4,-2171,1488,-99,68,3,-207,-174,-179,7,-304,325,19,-154,-184,-34,-88,-66,-73,-16,-60,116,-52,0,-68,-73,-127,158,-282,140,-364,-204,2,-141,-9,-93,-197,0,-31,-27,20,-8,-3,-9,-17,0,-30,-12,-36,11,-27,-6,-13,9,-44,-7,-31,-20,-58,-82,-138,11,-12,25,-6,-2,-10,-18,-15,-45,-19,-36,3,-15,-17,-6,-24,-8,-45,2,-138,-12,-141,-94,-189,16,-9,10,2,27,61,8,35,34,47,4,13,-16,-66,19,-80,-87,-92,-20,-51,55,-18,-56,18,1,11,-5,1,12,50,15,30,-15,-4,-20,12,-15,-23,-4,-40,13,-27,0,-42,-8,-26,-33,-46,-33,-1,-19,-17,-4,-15,19,-25,33,-11,-4,-9,11,-23,-2,-21,-90,-167,-14,-13,-36,-1,-6,-19,28,-20,3,-25,-10,-36,19,-11,3,-18,-3,-30,-69,-36,-26,-140,39,-41,-47,-80,-15,-11,-14,-43,-85,-105,-16,-37,-39,-36,-7,-27,-41,-56,-19,-61,-2,-77],[1200962,232558,8,29,-1,102,14,23,33,-24,0,1,-54,-131],[1201370,233280,3,-3,85,56,31,-110,-53,16,-4,-2,-62,43]],[[1201961,228083,39,-158,4,-9,176,39,-39,68,-6,15,9,1,1,7,-30,29,-78,-13,-12,68,51,9,19,31,-12,30,-9,11,-8,-2,-1,41,-38,99,-5,-37,-57,-126,-4,-103]]]
1670029	p	12908892
6696918	p	12908892
1675151	r	120.8794,24.7127,121.0335,24.8756	[[[1208794,247346,16,-13,26,13,11,-18,28,10,36,-21,12,15,13,-9,17,4,62,36,44,44,19,4,8,-7,-1,-40,33,-36,24,-57,-5,-27,25,-28,-25,-43,41,-11,15,8,16,-3,2,-8,9,2,-1,-8,15,-7,17,9,18,-4,12,7,7,-5,15,13,12,-23,27,-12,1,1,11,-4,0,-1,6,20,26,19,-4,18,6,19,-5,15,8,11,-5,20,6,5,-14,19,11,5,-9,17,11,3,24,-14,9,20,-26,23,19,23,0,22,15,18,6,43,538,-245,271,386,27,7,7,2,25,29,20,7,9,18,-5,12,-28,13,-1,2,-3,7,-6,16,1,18,0,4,0,2,10,10,-22,11,16,38,-21,0,2,19,-16,0,-1,0,-6,6,-6,6,-1,1,1,0,5,2,14,6,6,17,1,1,-42,23,-3,2,20,11,1,1,-7,19,-3,12,-2,5,-7,6,-14,-2,-10,35,-1,3,2,1,1,4,21,14,-25,26,51,3,-44,25,-31,57,-31,13,-68,76,-43,32,-17,7,-19,20,-47,13,-33,1,-45,19,-27,42,-19,12,-19,4,-27,-14,-6,0,-35,2,-61,24,-66,3,-69,18,-75,54,-27,12,-16,54,-31,37,-54,24,-51,6,55,68,33,30,-152,126,-3,-9,-23,-133,-57,-77,-3,-3,-65,-63,-57,-103,41,-77,24,-62,-18,-32,-4,-61,5,-7,-8,-14,-83,-103,-161,-299,205,-92,-6,-22,19,-5,7,13,16,-5,-5,-55,-30,-72,-26,-15,-12,4,-75,-47,-28,1,-91,-72]]]
1678228	p	12908892
1673816	p	1673820
1671467	p	1668341
1678836	r	120.1513,23.2368,120.7588,23.681	[[[1201513,235518,2171,-1488,127,4,75,19,8,8,52,7,87,29,33,17,15,20,14,-12,8,-20,41,10,20,-9,15,-17,21,-52,20,37,13,-7,29,5,14,-5,11,9,13,-9,16,14,5,29,11,6,9,-3,3,11,19,7,7,-5,11,11,13,-5,5,8,4,-6,27,-7,15,-14,73,-27,15,-18,11,-2,-4,9,51,-25,18,0,-1,-9,11,-14,31,-16,17,-3,10,6,18,-17,27,-13,11,0,28,-41,-7,-31,21,-3,19,-30,16,17,20,3,10,19,17,-1,-2,16,14,-7,10,7,13,-6,-6,12,15,19,48,-12,-1,-10,27,-20,-4,-20,21,-13,-2,-8,-23,-30,-22,1,-30,-16,-13,4,-11,-14,-45,-20,-16,-65,10,-36,22,7,23,28,10,-3,5,-17,15,14,29,-31,16,5,34,-19,24,-2,8,17,8,-6,14,0,2,-15,17,-4,21,-24,12,3,6,-6,-4,-10,10,-10,0,-16,8,0,4,-8,1,-38,-16,-20,-28,-13,-20,26,-13,-6,-12,-46,1,-8,9,-1,-1,-28,12,-10,-6,-7,28,-18,28,11,36,-2,5,-7,8,5,29,-17,23,-1,5,-14,18,2,17,-25,12,10,11,1,5,-7,29,-7,11,-11,21,-3,31,-32,32,-54,-30,-14,-19,-33,-30,-19,-12,-42,-9,1,-27,-26,-34,-13,-14,-15,14,-95,24,-69,-1,-6,846,-580,107,61,165,109,42,32,-1,39,-14,55,-24,29,9,13,20,5,-6,30,26,19,-13,25,22,35,-9,42,-13,14,18,18,-17,33,17,33,34,14,21,-42,28,-21,32,6,22,35,12,7,9,-11,24,2,8,-15,11,3,15,-7,5,10,13,0,11,-20,15,1,17,-23,22,12,14,-4,11,-6,1,-16,11,-7,16,10,32,32,129,144,117,152,107,158,95,165,84,170,71,175,58,178,46,182,33,184,20,186,7,186,-7,186,-12,111,-5259,1713,-131,-130,-129,-144,-117,-152,-107,-158,-95,-165,-84,-170,-71,-175,-58,-178,-5,-20]]]
1665221	p	1668355
1679136	p	1668399
1993459	p	1668399
1677112	r	120.9232,24.7839,121.1522,25.0424	[[[1209232,248756,152,-126,-33,-30,-55,-68,51,-6,54,-24,31,-37,16,-54,27,-12,75,-54,69,-18,66,-3,61,-24,41,-2,27,14,19,-4,19,-12,27,-42,45,-19,33,-1,47,-13,19,-20,17,-7,43,-32,68,-76,31,-13,31,-57,44,-25,-45,30,136,-23,36,-14,28,-20,68,-22,49,-35,52,-14,73,-54,11,7,-5,24,-25,26,-28,13,-11,-2,1,2,925,560,-60,350,-57,142,-913,1463,-172,-132,-265,-285,-338,-489,-78,-114,-86,-210,-25,-102,8,-42,-96,-30,-101,-74,-79,-99,-28,-91]]]
1670909	p	12908892
1675393	p	12908892
1667982	p	12908892
1668875	p	12908892
1665443	r	120.53,23.8354,120.6377,24.0231	[[[1205300,238390,272,-36,589,981,5,-5,75,-21,38,7,18,-4,7,14,6,-4,11,7,7,27,27,18,22,-20,-13,23,-62,53,5,8,-5,5,6,5,26,-19,12,8,-70,81,4,9,14,-6,22,14,25,-12,-3,11,-15,12,-29,0,4,6,-28,5,0,2,1,6,2,0,24,-4,-1,3,2,0,60,99,-124,568,-934,-142,0,-1699]]]
1670106	p	12908892
1671444	n	121.0492,24.8961,121.2745,25.1085	[[[1210492,250424,913,-1463,1261,525,3,44,-26,74,13,32,-4,47,-19,17,13,4,-10,28,15,5,-15,-4,1,22,-12,18,-8,48,-19,37,0,13,48,26,35,2,3,-9,28,17,19,-3,10,-22,4,10,-717,1193,-259,-85,-171,-84,-140,-112,-164,-93,-701,-209,-101,-78]]]
1665196	r	120.1805,23.4921,120.8934,23.839	[[[1201805,237100,4,-127,501,-163,5259,-1713,540,-176,143,161,137,177,125,184,111,191,97,198,83,203,68,207,53,211,8,42,-288,396,-3074,1463,-272,36,-3428,-685,-9,-21,-28,-151,-23,-216,-7,-217]]]
1667027	r	120.7896,24.5176,121.0514,24.7713	[[[1207896,246685,2618,-1509,-538,2012,-538,245,-6,-43,-15,-18,0,-22,-19,-23,26,-23,-9,-20,-24,14,-11,-3,9,-17,-11,-5,14,-19,-6,-5,5,-20,-8,-11,5,-15,-6,-19,4,-18,-26,-19,-6,-20,0,1,-11,4,-1,-1,-27,12,-12,23,-15,-13,-7,5,-12,-7,-18,4,-17,-9,-15,7,1,8,-9,-2,-2,8,-16,3,-15,-8,-41,11,25,43,-25,28,5,27,-24,57,-33,36,1,40,-8,7,-19,-4,-44,-44,-62,-36,-17,-4,-13,9,-12,-15,-36,21,-28,-10,-11,18,-26,-13,-16,13,91,72,28,-1,75,47,12,-4,26,15,30,72,5,55,-16,5,-7,-13,-19,5,6,22,-205,92,-50,-94,-57,-187,-136,-62,-32,-63,-70,-199,-142,-130,-103,-128,37,-189,-274,47,-97,-23]]]
1671566	r	120.5572,23.6891,120.8646,23.9663	[[[1205572,238354,3074,-1463,-384,1980,-1014,422,11,14,28,-12,8,-12,51,12,-3,32,-1,29,-12,7,-6,24,6,11,-2,16,-10,15,19,25,-2,18,10,21,-19,20,-25,8,-2,10,-31,25,-23,-19,-4,-16,-9,-5,-78,29,-25,4,-11,-7,-12,7,-2,20,-14,16,-29,9,-15,-5,-28,19,-2,21,-14,25,-21,-9,-10,-20,-19,-4,-19,-16,-10,6,-18,-14,-2,6,-19,-5,-13,7,-1,7,-10,1,-10,-27,3,-6,-17,-1,0,-17,-27,-6,-6,-33,-53,-23,-269,112,-13,22,-18,-9,-92,38,-60,-99,-2,0,1,-3,-24,4,-2,0,-1,-6,0,-2,28,-5,-4,-6,29,0,15,-12,3,-11,-25,12,-22,-14,-14,6,-4,-9,70,-81,-12,-8,-26,19,-6,-5,5,-5,-5,-8,62,-53,13,-23,-22,20,-27,-18,-7,-27,-11,-7,-6,4,-7,-14,-18,4,-38,-7,-75,21,-5,5,-589,-981]]]
1668295	r	120.776,22.4747,121.4966,23.1012	[[[1207760,228071,1306,-3105,96,-73,196,-130,26,-15,27,88,72,432,123,210,306,353,100,177,198,471,81,96,100,49,238,241,9,-15,13,-11,83,93,78,55,116,53,89,14,137,81,51,19,46,26,70,62,28,36,114,97,85,84,34,26,134,71,58,60,11,142,14,57,13,28,15,23,9,11,-1,1,4,7,48,35,14,-2,-5,-10,5,-16,42,13,14,9,-1,9,23,16,2,9,11,1,10,10,3,19,-14,43,-2,28,-30,75,1,28,-11,14,-8,0,-5,17,-18,13,-17,-6,-16,149,18,93,125,133,528,413,49,95,391,519,80,206,113,457,149,242,-100,58,-212,105,-219,93,-226,78,-230,65,-234,51,-237,36,-240,22,-240,7,-240,-7,-240,-22,-237,-36,-234,-51,-230,-65,-226,-78,-219,-93,-212,-105,-204,-118,-196,-130,-185,-141,-176,-153,-164,-163,-153,-173,-140,-181,-111,-165,36,-50,22,-73,23,-10,19,-75,-3,-8,-30,-20,-13,-54,17,-22,30,-19,-2,-18,16,-48,33,-33,7,-54,16,-27,114,-38,36,5,43,-3,52,-59,6,-29,-14,-30,-49,-32,27,-21,76,-35,-3,-13,-26,-28,18,-30,-28,-37,-9,-39,-17,19,-6,21,-29,20,4,24,-26,12,-11,24,-30,25,-48,-56,-10,-1,-43,21,-19,29,0,30,-38,42,-22,6,-23,16,-40,-6,-36,7,-28,-11,-32,-29,-37,-4,-14,-16,-7,-30,-61,-24,-64,-40,-76,10,-17,-36,11,-72,-25,-11,-44,-2,-38,-35,-1,0,-25,-98,-35,-195]],[[1214554,226738,53,-148,107,-172,101,-37,11,-13,55,135,69,214,16,64,-8,4,-383,-26,-21,-21]]]
1674504	r	121.2982,23.7075,121.7058,24.2576	[[[1212982,239800,7,-182,19,-180,32,-180,45,-176,58,-174,69,-170,82,-166,93,-160,104,-154,115,-148,125,-140,135,-133,144,-124,153,-115,161,-106,167,-96,174,-86,180,-75,185,-64,189,-52,192,-42,19,-2,273,1246,242,594,122,566,10,151,5,72,29,121,139,199,42,126,-2,88,-1,24,-32,48,-49,36,-58,77,-68,182,-8,164,56,152,283,378,109,423,107,209,95,84,254,175,31,52,-26,73,56,68,19,15,-88,31,-189,52,-192,42,-195,29,-197,18,-197,6,-197,-6,-197,-18,-195,-29,-192,-42,-189,-52,-185,-64,-180,-75,-174,-86,-167,-96,-161,-106,-153,-115,-144,-124,-135,-133,-125,-140,-115,-148,-104,-154,-93,-160,-82,-166,-69,-170,-58,-174,-45,-176,-32,-180,-19,-180,-7,-182]]]
1666855	p	1668399
1677053	r	120.9976,24.4104,121.398,24.847	[[[1209976,247188,538,-2012,810,-1072,36,3,227,35,224,48,221,61,216,74,209,87,204,99,195,112,188,122,178,134,168,144,158,154,146,163,134,171,122,179,30,51,-2458,2728,-925,-560,-1,-2,11,2,28,-13,25,-26,5,-24,-11,-7,-56,41,-17,13,-52,14,-49,35,-68,22,-28,20,-36,14,-136,23,45,-30,-51,-3,25,-26,-22,-18,-2,-1,1,-3,10,-35,14,2,7,-6,2,-5,1,-4,9,-27,-1,-1,-20,-11,45,-25,-7,-18,-14,-6,-5,-2,-1,0,1,-1,12,-12,17,0,-2,-19,21,0,-16,-38,22,-11,-10,-10,0,-6,-1,-18,10,-25,28,-13,5,-12,-9,-18,-20,-7,-25,-29,-7,-2,-27,-7,-271,-386]]]
1668467	r	121.1462,24.5841,121.4759,24.9385	[[[1211462,248819,60,-350,2368,-2628,100,27,207,72,202,83,140,69,220,701,-5,43,-15,16,-9,46,17,35,-5,28,-34,7,-14,-6,-72,56,-120,39,-9,21,-5,43,-39,29,-34,82,-5,28,-28,6,-40,35,11,32,-25,37,-1,39,-24,26,-2,21,-15,27,6,17,-8,34,-28,50,2,22,-25,13,18,46,14,16,47,37,42,10,18,13,30,47,21,17,19,2,16,9,38,45,-8,23,16,15,0,10,-30,-8,-20,2,-78,60,-6,19,10,47,-11,28,3,19,-7,44,-44,15,-24,16,-20,21,-7,18,-19,12,-1,26,-14,26,-66,0,-9,33,-22,31,17,38,-29,13,-39,37,-61,29,-18,-17,-11,-3,-20,4,-8,11,2,8,-35,2,-45,-18,-12,2,-30,-16,-4,-28,-14,-11,-25,-5,-25,-18,-46,-13,-8,5,0,12,-22,5,-7,8,-58,18,-40,1,-24,13,-29,45,-80,19,-68,-25,-39,4,1,32,11,14,3,0,49,3,36,14,15,-2,2,10,8,-26,18,4,-6,9,28,-5,-7,16,12,-4,15,29,34,0,0,2,1,0,-2,10,-20,6,-6,6,-18,30,-45,15,-4,4,-3,4,-19,46,-13,14,8,13,34,5,13,14,24,9,14,23,0,1,0,1,-10,15,-1,16,-13,2,-15,18,-34,1,-15,13,-10,60,-35,21,11,45,-17,-3,-22,10,-46,-18,-5,16,-12,4,14,27,-1,32,-14,5,-15,-21,-13,-4,-13,-15,-12,1,-11,13,-52,29,15,18,0,15,18,9,26,27,0,21,-25,6,-12,27,-24,11,-5,14,-21,14,72,71,24,11,29,4,49,-1,49,36,-66,13,-112,-18,12,33,-13,10,-7,-2,-5,16,-26,11,-23,37,-142,-123,-31,-19,-1,-1,-1,0,-11,8,-10,-17,-22,14,-1,-1,-103,-43,-23,8,-33,-11,-15,4,1,1,-1,0,11,14,-23,43,8,18,-26,-5,0,20,-33,-35,-3,-15,-15,-5,-4,-23,-22,-12,0,-7,-16,-7,-18,-19,-56,-13,1,-22,-29,-29,-9,-19,0,1,-1,-2,-5,-91,0,-1,-1063,-177]]]
1674199	r	121.4686,24.4825,121.9044,24.9486	[[[1214686,246560,10,-22,82,-165,93,-161,105,-154,116,-147,126,-141,136,-132,145,-124,153,-116,162,-105,168,-96,175,-86,181,-75,186,-64,190,-53,194,-41,196,-29,198,-18,198,-6,199,6,197,18,196,29,194,41,72,20,-45,65,-29,103,17,85,227,118,32,195,-52,225,-100,173,71,46,99,30,117,10,124,-11,0,62,-292,49,-247,139,-130,216,-8,279,54,137,7,136,-125,535,-10,257,21,264,57,265,89,232,112,166,697,771,-644,-15,-7,-7,-2,-18,10,-29,15,-8,8,-15,42,-15,27,-66,-1,-10,46,-24,1,-23,-18,-19,-12,-3,-53,-40,-16,-34,-43,-32,-37,-48,-27,-13,-15,-18,-37,5,-11,-9,-14,8,-72,-26,-68,38,-11,-12,0,-17,-43,-10,-16,-14,-11,6,-13,-8,-33,-1,-17,7,-20,-18,-32,1,0,-21,11,-8,-2,-8,-23,-16,-6,-11,-42,-10,-2,-19,-26,-2,-13,-9,6,-26,-1,-77,21,-16,9,-34,-9,-6,-11,6,-29,-22,-30,-12,-1,-12,-20,-29,3,-16,-43,-2,-25,10,-13,-9,4,-13,-17,-12,-17,-26,-11,1,-5,12,-12,-10,5,-14,-10,-10,-1,-11,-67,-3,-8,-14,-28,-5,-27,5,-7,-14,-16,-8,-37,-3,-36,27,-17,5,-36,2,-27,-6,-32,-21,-20,-24,-33,-9,-13,-11,-11,-22,2,-10,-40,-12,-14,-26,-53,-12,-6,-15,-66,-47,-26,12,-10,-14,-18,4,-2,-47,-39,-26,-35,-12,-12,-12,25,-34,-12,-22,4,-20,-9,-11,-10,0,-13,14,-34,-7,-21,6,-34,-34,-20,6,-10,-6,-52,39,-3,-11,-57,-43,-19,-7,-4,-11,-76,5,-26,17,-18,-3,-14,12,-11,-35,-12,-11,-30,11,-32,3,-16,-13,-69,-4,-16,-10,-29,8,5,-41,-3,-18,-12,-13,12,-49,-4,-16,-47,-26,-41,14,-35,-7,-37,6,-39,-47,-28,3,-40,-17,-54,-4,-14,4,13,-25,-2,-28,12,-13,0,-21,32,-68,-19,-29,6,-24,-28,-21,-28,-36,2,-24,-15,-17,-4,-19,15,-41,20,-8,21,-1,16,-19,-15,-18,-21,-6,-9,-12,3,-14,33,-33,-11,-50,9,-23,-14,-29,6,-6,36,0,-5,-17,-67,-38,-37,-36,-25,2,-51,21,-12,-1,-6,-15,-4,-60,-25,-47,-25,4,-18,35,-27,-24,-21,1,-29,12,-45,-20,-17,4,-22,-30,-36,-26,-36,5,-38,-5,-24,-34,-30,-24,10,-52,-13,-7,0,-38,-8,-18,-75,-8,-14,13,-7,-4,-2,-33,-19,-7,-13,-12,-90,0,-11,10,-19,0,-46,-21,-22,-27,-25,-2,-35,-13,-24,-27,-35,-21,-56,20,-29,-14,-31,5,-16,-5,-40,55,-73,-233],[1217271,247551,24,-21,0,-1,-24,22],[1217362,247383,7,-4,-1,0,-6,4],[1217679,247710,3,10,-2,-10,-1,0],[1217704,247718,0,1,3,-1,-3,0],[1217733,247192,8,31,-7,-31,6,-33,-7,33],[1217767,247686,1,0,1,-4,-2,4],[1217856,247640,36,-57,-1,0,-35,57]]]
1665491	p	12908892
1670310	r	120.8262,23.6494,121.2876,24.2254	[[[1208262,238871,384,-1980,220,-302,154,-33,225,-35,227,-20,228,-7,228,7,227,20,225,35,222,47,218,61,214,74,207,87,201,99,194,110,185,123,177,133,166,143,156,153,145,162,133,171,120,178,107,185,51,103,-52,2736,-106,182,-120,178,-133,171,-145,162,-156,153,-166,143,-82,62,-3,-8,-28,-15,-33,-4,-37,-25,-26,16,-54,67,-59,51,-8,-16,-24,-20,-3,-19,-31,-47,-45,-5,-51,-18,-35,0,-17,-40,-30,-30,-5,-39,-13,-24,-50,-33,-47,6,-24,-8,-24,7,-40,-8,-41,12,-57,-3,-47,11,-29,-8,-13,-12,-25,-4,-4,-9,-50,-26,-19,-19,-4,-23,-29,-31,3,-21,-65,-68,-39,-4,-2,-9,-55,-44,-29,-3,-21,-13,-6,-12,-34,-19,-17,-25,-52,-2,-15,-36,-52,-44,-10,7,-11,29,-30,16,-35,-3,-12,-11,-48,-4,-23,-51,0,-19,-24,-26,-24,7,2,42,-11,16,-3,23,-20,22,-4,-9,-25,-7,-54,7,-40,-27,-21,-25,-12,-2,-25,-50,-15,-12,-11,-23,5,-10,-8,-28,-21,-32,-14,-43,-31,-14,-6,-43,-13,-11,-19,0,-44,-14,0,-42,-29,-23,-37,14,-17,-10,-44,-9,-34,-14,-7,1,-12,24,-28,9,-100,-1,-49,45,-62,32,-17,-30,-44,-25,-44,-41,-46,-30,-25,-27,-54,-9,-50,-23,-22,-20,-53,2,-10,13,-40,3,-24,14,-5,21,-18,18,-87,20,-47,-6,-9,-7,-3,-16,11,-16,28,-13,-5,-20,5,-18,-31,-49,2,-43,-12,-11,-42,-12,-39,-71,-17,3,-12,-30,-11,-6,-11,62,13,23,9,48,24,22,-11,27,5,7,-16,20,-2,34,-16,6,-34,36,-1,15,-16,18,-35,8,-15,-13,-5,-2,-327,-438,-80,-1852]]]
1671971	r	120.5716,24.3062,121.0992,24.6686	[[[1205716,244057,182,-52,0,10,19,18,-2,9,11,14,14,4,-12,2,16,9,17,35,120,111,70,93,9,-4,26,18,21,44,-2,15,19,18,62,-21,35,-56,76,-46,6,-37,29,-24,-4,-39,6,-25,19,-7,7,-24,20,-8,8,-19,95,-30,54,-43,37,-43,2,-18,15,-17,9,-23,10,-10,21,-1,28,-27,28,-13,-14,-30,86,-52,26,-38,14,-7,9,-25,2309,-656,-15,44,3,95,-38,126,-1,24,31,20,66,15,93,43,44,-29,25,-9,27,7,13,-7,76,-5,27,7,34,-42,63,-16,59,0,48,12,24,-3,24,15,18,-15,20,-29,31,-9,151,99,152,115,145,123,135,133,125,140,116,147,104,153,93,160,82,165,0,2,-478,633,-2618,1509,-115,-28,-175,-117,-160,-152,-52,-84,-43,-92,-72,-73,-257,-69,-59,-93,-61,-216,-225,-361,-83,-193,-34,-228,-71,-140,-276,-279,-497,-503]]]
1668353	p	1668355
1665892	p	1668399
1672228	r	119.4424,23.5166,119.6707,23.6793	[[[1194424,235625,142,0,46,35,49,21,58,9,83,3,115,17,11,48,-26,67,5,79,105,294,66,126,95,52,-160,128,-119,-108,-123,-361,-3,-167,-23,-71,-83,-29,-96,-6,-71,-21,-47,-43,-24,-73]],[[1195271,235400,185,-169,184,-65,99,13,85,10,177,95,26,42,41,142,29,51,53,27,72,8,35,4,149,77,108,-19,97,-59,74,-69,22,104,-49,141,-178,302,-61,-94,-86,-6,-117,12,-153,-43,21,45,47,154,-176,-56,-283,-162,-79,19,-69,0,-9,-139,9,-140,40,19,7,6,0,11,22,32,9,-13,37,-52,7,-11,60,-56,30,-18,43,-23,70,-24,23,-8,-135,-100,-163,-42,-6,1,-70,14,-59,11,-3,1,-14,3,-102,112,-49,-88]],[[1195453,236649,165,-151,75,-101,33,-120,42,-52,83,22,56,81,-38,122,93,83,-51,102,-122,96,-125,61,-211,-143]]]
1675281	n	120.2542,23.7954,120.53,24.088	[[[1202542,238710,91,-176,124,-190,143,-178,162,-165,56,-47,2182,436,0,1699,-1306,791,-71,-51,-44,-96,-24,-102,-59,-51,-83,-37,-95,-58,-114,-104,-103,-163,-220,-560,-156,-269,-103,-270,-78,-99,-269,-236,-33,-74]]]
1679047	r	120.4213,22.2707,120.8542,22.8409	[[[1204213,224776,4,-2,183,-148,172,-110,381,-168,167,-100,24,-47,37,-131,41,-27,42,-13,123,-66,310,-226,76,-100,166,-346,211,-242,63,-99,101,-244,96,27,192,67,188,79,181,90,175,101,167,111,159,122,150,130,140,140,131,148,119,155,109,162,97,169,85,174,72,179,60,183,46,186,34,189,20,190,7,191,-7,191,-20,190,-34,189,-46,186,-60,183,-72,179,-85,174,-97,169,-109,162,-119,155,-131,148,-140,140,-150,130,-159,122,-167,111,-175,101,-181,90,-188,79,-192,67,-197,56,-200,43,-203,31,-128,12,-15,-25,-33,-32,-52,-26,-50,-41,-53,0,-38,14,-76,-5,-25,13,-29,2,-13,9,8,13,-58,-11,-18,10,-28,-5,-1,-10,-46,1,-5,-2,-799,-2188,24,-51,52,-40,31,-45,10,-55,2,-74,-26,-161,-23,-97,-37,-67,-18,-59,-37,-18,-20,-19,-57,-152,-23,-100,8,-122,20,-82,-17,-204,-27,-3]]]
1678008	r	118.2782,24.3858,118.4674,24.528	[[[1182782,244145,5,-3,-4,-10,26,-10,-2,-13,2,-2,-13,-23,43,-71,91,-36,34,-3,-5,-15,11,-3,51,9,28,-5,6,-4,-3,-7,11,-3,1,-12,24,-14,0,-9,6,2,-2,-9,18,-4,17,7,19,-10,5,5,14,-19,17,3,10,-8,7,-18,23,-2,6,8,4,-8,19,23,23,-10,13,14,5,-6,13,5,12,18,-2,12,31,37,13,73,13,5,26,57,24,19,7,20,-83,66,79,-62,33,47,271,156,307,28,193,-57,259,-148,146,160,40,303,-178,437,-270,225,-284,-53,-88,-189,-40,-303,-266,-29,-381,227,-288,-128,-58,-31,9,-74,66,-144,27,-150,4,-85,-7,-71,-2,-4,-52,0,125,-4,-74,3,-23,-39,-1,-1,-1,7,0,-9,-43,-48,-59,-2,-8,-8]]]
7601921	p	1671566
