160263	r	38.4552,-7.2361,39.5552,-6.5487	[[[384552,-67700,10,-304,30,-303,49,-300,69,-296,89,-291,107,-284,125,-277,144,-269,160,-258,177,-247,193,-235,208,-222,222,-208,235,-193,248,-177,258,-160,268,-144,277,-125,285,-107,291,-89,296,-69,300,-49,303,-30,10,0,1318,2065,0,-1,28,-26,-11,-66,61,-100,49,2,40,-36,146,114,44,5,23,55,80,11,6,-84,-35,-83,42,-92,81,-32,32,-54,25,-97,75,-209,94,-201,115,-190,132,-178,149,-165,165,-149,178,-132,190,-114,201,-95,209,-75,216,-54,219,-32,222,-11,222,11,219,32,216,54,209,75,201,95,181,109,20,62,79,106,12,14,115,80,-49,-41,17,-47,55,-18,181,137,202,36,62,-138,62,-71,87,21,22,87,56,4,40,53,-8,95,-35,-10,-18,24,30,101,71,84,-21,52,31,58,71,55,98,11,82,-113,41,31,-3,137,-67,90,-13,158,-61,145,6,42,39,14,20,42,-23,357,67,142,-56,133,2,170,-118,10,-37,84,-80,76,-8,53,-36,145,-155,204,-73,359,-78,93,-44,20,-72,182,-34,-11,-10,33,-72,57,-366,-4,-148,53,-125,69,-303,27,-153,41,-42,25,-44,77,-98,9,-88,53,-85,63,-52,12,-24,-11,-109,7,-20,43,-103,94,-15,48,-54,9,-9,56,59,47,7,43,-44,88,-1,30,9,73,62,111,-40,106,-47,60,-12,77,-161,-173,-180,133,-132,243,-5,23,-20,38,-54,219,-14,127,-40,130,-67,113,-84,74,-108,65,-1,1,0,-1,-61,37,-89,92,-151,257,-78,86,-111,79,-18,-17,98,-51,-104,54,-48,-18,-79,68,-78,30,-5,-44,-43,-16,13,-57,-36,-27,-55,8,-35,-110,-58,-30,-28,10,-33,-68,-26,51,-49,-11,29,-70,-51,21,-31,-24,-27,-79,8,-48,-37,-26,38,-18,-11,-54,-33,-24,-18,-63,-24,-2,-10,21,-40,32,-55,59,-32,10,-50,-2,-194,19,-52,52,-22,12,-218,-101,30,74,14,20,4,24,13,32,12,16,1,15,29,72,-1,0,2,3,-7,26,4,17,-27,59,-15,34,1,14,4,33,-6,22,-20,22,-8,9,0,21,-15,48,-9,7,-86,20,-153,28,-58,69,-27,17,-157,25,-104,27,-13,-2,-14,-52,-48,-20,-15,-12,-16,-84,-24,-51,-467,-222,-19,-13,-27,-41,-21,-16,-27,3,-23,-14,-25,-37,-15,-51,-45,-98,-151,9,-29,-12,-9,-15,42,-110,31,-47,1,-2,28,-40,-34,-127,-3,-82,-76,-11,-53,35,-43,15,-165,34,-88,64,-20,122,-19,47,-19,81,89,123,1,5,19,157,27,131,1,16,0,5,3,42,-11,53,-39,54,-34,13,-30,-1,-23,17,-7,-7,0,-1,-6,-5,0,-12,33,-36,0,-23,-25,-18,-10,9,-6,18,-18,3,10,-56,-2,-10,-7,2,-13,6,-1,-15,15,-27,-17,-11,-9,14,-3,5,-14,-3,0,-9,-22,-18,4,-13,8,-2,8,-13,-31,-5,-10,-9,14,-8,1,-16,-16,-2,-11,8,-18,-11,-3,-7,-2,-4,-8,-3,-2,3,-2,3,1,-6,-3,2,-6,5,-13,-9,-9,0,-16,17,-14,-2,4,-9,12,-30,-4,-14,-30,-26,34,-9,-35,-17,-3,-13,5,-8,34,-14,1,-7,-13,-8,-22,0,19,-39,-5,-20,4,-15,-28,-3,2,-9,-3026,-182,-57,-187,-69,-296,-49,-300,-30,-303,-10,-304],[390251,-70231,478,750,80,12,-19,-16,-28,-113,-95,-29,-71,-104,67,-56,52,16,30,-25,-153,-202,60,-142,-143,-143,-36,33,-112,29,-110,-10],[392868,-68225,36,38,58,-11,20,-36,3,-17,-40,1,56,-133,4,-111,-32,30,11,29,-54,118,-56,44,-6,48]],[[392439,-66570,105,-53,-12,53,-28,57,-65,-57]],[[392568,-66930,192,-177,-48,83,-93,111,-51,-17]],[[393525,-68232,38,-1,9,23,-47,41,0,-63]]]
152224	r	31.9337,-3.437,33.7906,-1.5257	[[[319337,-22937,103,9,15,-16,133,41,117,1,179,-124,-104,-90,5,-60,76,26,109,-63,-8,-32,-82,31,-66,-5,-41,-76,-74,-62,-71,73,-92,-75,32,-78,-68,33,-22,-44,23,-46,45,15,-19,-100,-1,-5,64,34,4,7,58,100,79,15,19,-46,50,-7,55,-55,-32,-106,-51,-55,31,6,9,-40,71,62,47,-14,89,60,260,85,59,50,91,13,52,117,57,25,9,145,92,49,6,16,19,53,-83,23,-9,69,209,199,-2,113,21,24,-150,-22,-223,-102,-46,9,-13,65,84,70,-28,12,7,45,208,190,-97,-18,-67,-60,-41,11,-10,43,67,127,-8,32,-76,13,-7,33,-35,-6,-23,32,-61,-22,-52,-38,-22,-87,-60,-29,-7,-75,-65,-100,-129,-90,-70,21,-25,57,-101,16,4,-38,86,-39,-25,-93,-121,-56,-111,12,-38,26,-98,-44,-26,-45,70,3,19,-24,-173,-124]],[[320548,-23989,49,-60,-43,-95,108,-83,36,-90,83,-39,121,14,23,-38,92,-39,47,-111,-46,-96,-1,-64,134,-47,62,-82,50,119,84,32,104,2,7,-35,-53,-63,-8,-50,157,0,42,-61,36,5,36,-41,46,-10,-30,-69,15,-27,78,13,40,46,24,-12,-36,-105,30,-12,-32,-9,17,-93,65,8,-12,50,26,58,130,56,85,-4,143,-424,143,-44,36,-105,211,-170,10,-212,37,-101,838,27,84,-20,87,-22,147,-3,88,-40,226,-7,206,-54,104,10,437,-118,229,13,-16,14,85,26,277,173,76,100,-212,186,-26,102,-77,96,-5,0,-73,40,-6,92,-77,87,88,138,-19,49,8,191,61,16,147,-56,24,80,53,63,6,60,-33,78,22,80,55,40,4,70,-65,118,-39,-17,3,-59,-57,-70,-1,0,-147,40,-81,-25,-43,-81,-6,-114,-52,-67,8,26,-46,-13,-104,62,-45,126,42,125,-91,-44,20,-81,-36,-52,-74,-26,-30,15,-44,103,-251,-156,-67,18,-10,-21,-40,64,8,46,174,186,-17,44,-171,-39,-57,89,-53,20,-21,-36,-101,-28,-340,-12,-68,106,20,68,136,53,39,-23,-7,72,-57,28,-74,189,-9,-42,-73,-69,-105,6,-50,25,-79,125,13,39,59,34,4,64,-49,91,7,80,-99,65,-80,159,38,58,151,0,128,-25,178,-126,-83,128,11,71,-86,37,4,-33,-99,-43,-69,31,-6,33,-41,8,-56,61,-20,71,71,41,11,50,-67,115,-88,77,-64,121,-10,89,-69,-8,-3,-125,-53,-47,-111,-23,-156,19,-85,-28,-24,-37,-84,1,-102,64,-24,160,-18,13,-33,-25,-36,23,21,109,-33,35,-37,-15,-6,-55,-61,-5,-5,-34,16,-33,87,-39,12,-20,29,-49,-2,-47,-38,-47,-9,-156,67,-221,-41,-41,-77,-21,-86,98,-99,-44,-55,11,-31,-82,31,-70,-84,-73,-41,-8,-9,18,-57,-211,-36,-43,17,-59,-64,-43,-20,-101,-62,-19,-9,-35,-60,-30,-242,4,-167,82,-21,64,-69,8,-23,68,-10,-79,-47,-22,-90,7,-2,-27,-40,-26,-75,20,-80,65,-26,-61,-66,-47,-17,-72,-36,-39]],[[320640,-22345,19,2,63,87,-26,72,-51,-56,-5,-105]],[[320739,-22135,76,-12,17,37,-71,2,-22,-27]],[[321208,-21625,84,-23,40,0,-70,32,7,46,-47,5,22,-33,-36,-27]],[[321350,-21694,33,-15,122,-12,69,107,-54,0,-18,-38,-51,9,-59,-65,-42,14]],[[321468,-24936,3,-37,25,-10,66,19,27,40,-24,22,-97,-34]],[[321941,-22495,58,-83,47,32,-31,51,-74,0]],[[323206,-22347,23,-71,74,21,-2,17,-56,0,-39,33]],[[323639,-19169,2891,-4769,42,176,35,-2,34,93,39,37,2,1,22,-80,-17,-145,34,-104,-61,31,-43,-13,-19,-50,9,-70,59,-98,6,-6,50,45,43,-16,-44,-114,8,-12,14,-25,32,-46,129,-42,81,10,-2,-238,18,-44,73,-41,-12,-22,-55,-12,153,-251,53,-40,71,4,38,8,39,74,81,-3,11,-34,-35,-62,100,-92,-72,-53,-10,-49,30,-28,3,-66,68,-25,118,127,6,81,70,16,-5,103,80,4,-5,114,74,-25,111,-139,41,36,-4,56,-54,84,68,8,-1,-21,35,-4,110,89,1,0,22,-30,-19,-19,13,-34,63,14,64,-45,0,-1,15,14,-11,-11,-3,-3,-103,-99,-4,-47,59,-30,44,27,18,-25,30,16,-25,-64,32,-65,-30,-28,64,-119,-9,-58,-18,-5,-19,44,-56,-14,-1,0,-61,43,-83,-47,17,-55,-30,-24,65,-70,24,-122,48,35,20,92,67,-48,67,-15,0,-25,-90,-48,-4,-31,43,-47,34,2,-1,-50,40,-66,-45,3,-52,86,-25,-10,-15,-47,14,-56,60,-76,3,-106,-65,-19,-1,0,-34,67,-58,12,-90,-46,-3,-28,62,-21,26,-49,25,25,32,-25,6,-119,-29,-58,-42,-23,-1,0,-144,58,-15,-21,56,-138,-12,-92,61,-103,22,30,101,42,63,-114,88,-71,-17,-41,-99,16,-11,-51,-44,20,23,-37,180,-297,0,-1,253,-116,-17,-59,37,-92,14,-138,-28,-22,300,-493,0,-1,5,-60,-65,-107,-125,-75,-174,-12,-39,-115,-85,2,-71,-28,-74,-80,-138,-274,30,-123,-61,-129,-23,-117,-124,-222,33,-96,-42,-50,11,-51,-36,-3,-42,-139,-109,-132,-136,-82,-132,-120,35,-133,-23,-107,115,-86,50,-71,23,-150,-134,-354,-3,-282,123,-267,102,-144,3,-57,-119,-235,-13,-68,47,-94,13,-97,-55,-87,-20,-75,-33,-119,291,11,192,98,150,10,38,79,62,-42,10,-184,61,-100,56,-36,235,-24,123,-137,79,-175,62,-38,48,24,17,-312,422,-64,153,-105,64,-151,112,0,235,-251,124,30,108,-47,130,26,44,-43,49,6,23,-57,138,-96,-2,-34,47,-66,150,-77,24,-75,46,-19,319,7,169,129,34,173,393,26,211,108,347,-3,233,-35,1,-26,23,-6,106,0,118,131,233,523,74,105,127,95,154,50,192,-1,356,-47,104,98,43,94,153,180,-45,171,3,178,-33,252,48,117,69,76,78,34,82,-4,141,130,51,178,-20,40,41,161,-24,150,80,331,-89,190,42,207,-9,99,102,-25,-2,241,136,150,127,58,27,96,-1,192,-94,483,-118,13,-18,23,6,305,1,1,148,144,52,-1,62,39,107,123,80,18,9,204,24,30,102,-46,162,-20,4,165,380,97,23,93,-10,55,83,-82,132,-29,-12,-23,34,-15,39,-80,134,-5,36,-134,230,29,177,105,259,106,68,-30,37,-78,81,-82,160,10,112,60,162,122,-11,86,23,36,-30,57,-41,15,-16,59,24,95,-20,190,49,75,-42,67,7,111,-66,92,-26,95,-46,39,-109,11,-90,50,-119,99,-16,75,-90,28,-69,-34,-160,36,-92,100,-62,-4,-28,35,-71,2,-105,68,-214,215,-166,23,-54,94,-18,195,72,301,12,265,-167,-37,-12,-50,-62,50,-27,-64,-73,12,-37,-31,-22,15,-64,-24,-52,30,-25,-26,42,-8,1,-68,26,-10,-72,-16,-4,-25,-9,25,-11,-17,-21,22,15,12,-21,21,-4,-36,-34,6,-16,30,-9,-22,-96,-1,-17,-20,10,35,-35,2,-6,26,-23,-22,-2,41,0,2,-75,-20,21,38,-36,20,-47,-39,-118,5,-59,-53,-8,37,-29,4,-53,-37,-12,25,-29,-19,-24,33,-38,-9,-2,37,-52,33,-119,-41,-27,11,-54,69,-36,80,14,20,-61,64,39,-40,208,793,-2778,5333,-53,51,56,-53,59,15,-75,52,-21,17,-5,-7,-421,809,-3704,3234,-4315,-3912],[326454,-23636,30,45,79,-34,-35,-73,-1,0,-73,62],[326821,-23166,4,21,33,-25,-37,4],[326967,-23387,1,52,34,-37,13,20,70,-90,15,-28,-29,-11,-70,40,-34,54],[326968,-24208,108,-122,42,20,55,-32,36,-56,-11,-43,-24,-5,-59,56,-143,83,-4,99],[326997,-23664,30,-1,0,-1,-16,-41,-14,43],[327280,-24455,16,19,20,-17,7,-43,-27,-26,-16,67],[327381,-24398,28,41,-10,42,37,13,29,62,91,-17,23,-54,66,9,40,-55,40,-7,-25,-26,-69,0,-16,-95,-30,-13,-66,62,-138,38],[327973,-17983,15,-6,7,-2,-8,2,-14,6],[328122,-18319,1,0,0,-4,-1,4],[328221,-19576,1,0,8,-38,17,-33,-18,33,-8,38],[328330,-24923,9,10,-1,-2,-8,-8],[328383,-19545,55,59,18,62,-17,-62,-56,-59],[328613,-19438,0,1,72,-55,-72,54],[328711,-26047,7,7,31,3,-31,-4,-7,-6],[328756,-20022,77,2,48,45,-48,-46,-77,-1],[328819,-26079,29,6,1,-1,-30,-5],[328826,-25556,0,1,30,-9,-30,8],[328829,-26039,20,-34,-1,0,-19,34],[328918,-18403,3,15,0,-1,-3,-14],[328932,-26928,139,48,58,-8,-58,7,-139,-47],[328983,-25647,82,-3,31,58,-31,-59,-82,4],[329015,-20820,25,12,0,-1,-25,-11],[329102,-28323,50,61,128,-212,-38,3,-31,50,-104,45,-5,53],[329116,-27953,1,0,33,-35,-34,35],[329430,-19567,101,-48,14,-91,-15,91,-100,48],[329662,-23931,129,130,1,0,-130,-130],[330069,-19866,128,40,99,64,-99,-65,-128,-39],[330070,-21243,12,24,1,0,-13,-24],[330089,-23758,26,9,-25,-9,0,-13,-1,13],[330107,-28701,68,-34,-1,0,-67,34],[330296,-19762,15,134,0,-1,-15,-133],[330984,-18166,18,-9,0,-1,-18,10],[330996,-18132,7,-44,-1,1,-6,43],[331037,-20217,3,68,114,137,-113,-137,-4,-68],[331220,-20689,25,43,93,58,-93,-59,-25,-42],[331317,-20838,51,-40,35,-56,-35,55,-51,41],[331341,-24160,7,100,-6,-100,-1,0],[331440,-19218,88,28,208,-39,-208,38,-88,-27],[331661,-24805,10,-32,214,-283,-214,282,-10,33],[332258,-25148,69,-4,137,69,-137,-70,-69,5],[332928,-25508,0,1,93,8,-93,-9],[333379,-24921,1,0,32,-16,-33,16]],[[324057,-23396,62,-96,6,-53,140,-36,67,47,50,-80,98,-5,-28,-149,-142,-62,-27,-81,-40,-22,38,-99,91,-7,8,-35,-43,-44,1,-46,51,-122,69,1,183,85,37,102,119,115,39,-23,14,-98,60,-42,54,58,-44,36,-4,80,43,33,137,-21,5,118,68,-38,37,-55,32,-1,24,56,-27,57,43,54,-3,57,-123,-24,-44,74,3,37,41,31,-22,70,18,41,81,32,35,-23,28,15,-32,75,25,44,-21,54,18,55,34,28,92,-15,43,70,0,7,7,158,-70,120,48,130,-149,-47,-31,30,-110,19,-1,-45,26,-29,-9,-129,-46,-12,-80,102,-30,-42,60,-143,-9,-26,101,-137,-5,-39,-202,3,-23,-59,-44,10,-67,-52,-36,12,-18,61,-24,-83,-44,-37,-46,30,2,174,-99,-18,-62,93,29,105,173,21,29,82,-21,57,-78,70,-47,-12,-31,-77,-40,-23,-3,-47,-86,-40,-50,44,47,99,-44,5,-28,41,68,102,-21,22,-17,-37,-74,-8,9,-18,-36,-34,75,-185,-69,-69,-96,-24,-44,-58,-29,-86,22,-74,-58,-69,-13,-86]],[[324719,-22717,10,-83,43,29,-27,28,5,51,-31,-25]],[[328756,-28087,69,-26,37,27,-40,105,-56,-14,-10,-92]],[[333313,-16999,29,-65,-18,-37,11,-115,33,-37,120,-23,58,-65,59,-3,105,-108,10,217,-85,122,-105,16,-23,54,23,28,-36,11,-181,5]],[[333936,-16745,80,-17,40,3,2,49,-29,13,-72,-17,-21,-31]],[[334061,-17335,1,-37,19,-27,14,12,39,56,-73,-4]],[[334179,-16851,50,-23,-1,-57,61,6,31,29,-24,-1,-34,54,15,54,-80,-12,-18,-50]]]
160196	r	35.0515,-6.8591,36.2461,-5.5267	[[[350515,-61700,15,-451,44,-449,73,-444,103,-440,131,-431,158,-422,186,-411,213,-398,237,-383,263,-366,286,-349,308,-329,329,-308,348,-286,366,-263,383,-238,397,-213,410,-186,422,-159,431,-131,439,-102,444,-73,449,-45,450,-14,450,14,449,45,444,73,439,102,431,131,422,159,410,186,397,213,383,238,366,263,348,286,329,308,193,206,-1023,10245,-213,152,-383,238,-397,213,-191,86,-5313,166,-176,-66,-410,-186,-397,-213,-383,-238,-366,-263,-348,-286,-329,-308,-308,-329,-286,-349,-263,-366,-237,-383,-213,-398,-186,-411,-158,-422,-131,-431,-103,-440,-73,-444,-44,-449,-15,-451]]]
148730	r	39.177,-6.4574,39.5639,-5.7552	[[[391770,-61579,88,-180,128,-449,94,-157,59,-68,-3,-31,-11,-7,4,-21,34,-37,56,-1,6,-1,332,-383,1,0,39,-62,3,-18,58,-64,1,-27,39,-23,4,-12,26,-22,-6,-16,5,-5,95,-42,82,24,44,-15,2,-12,11,-1,5,-7,11,10,14,-1,8,20,-4,35,-13,16,-5,20,5,11,-14,22,2,12,17,22,-3,8,-8,0,-5,21,-18,17,11,42,-8,10,-16,3,-13,36,-24,19,-58,112,-10,49,2,9,-14,46,-4,45,-17,43,1,4,134,-93,-10,55,8,44,-8,29,-58,9,0,16,6,3,3,18,15,3,23,-17,8,-14,21,-3,47,-72,24,-18,22,-43,15,-55,0,30,-9,23,3,18,-10,38,-15,34,1,11,-60,87,-16,57,56,30,-16,-2,18,3,76,-63,88,-73,314,-484,261,-274,57,-154,-44,-192,279,-103,49,54,12,225,-61,136,-94,132,-1,108,224,68,-23,-149,197,-852,98,-201,135,-175,145,-130,182,-53,37,35,186,198,173,211,158,221,143,231,43,80,-168,295,-36,91,-186,1461,-89,284,-175,229,-21,-219,48,-297,-2,-208,-161,41,-12,-39,0,-17,-13,-6,-45,-6,-50,122,-80,-7,-66,-98,-8,-148,-100,87,-75,112,-90,61,-145,-61,34,113,52,82,119,147,-71,123,-41,111,-20,122,-4,159,21,135,44,124,25,122,-22,134,-213,34,-61,35,-110,458,-192,314,-46,155,-18,148,-88,285,-31,153,4,157,71,420,-61,352,-204,367,-18,7,-260,79,-140,33,-52,-553,-83,-315,-165,-191,-357,-296,-167,-270,-29,55,-78,102,-30,53,-42,-74,-28,-101,-9,-118,11,-122,-44,-561,166,-556,-1,-52,25,-47,2,-14,-4,-1,7,-17,70,-499,-9,-26,-348,-424]],[[392124,-58437,21,-144,110,-7,124,28,-1,198,-62,130,69,102,-82,124,-49,177,7,137,-117,-82,28,-205,-28,-281,-20,-177]]]
161325	r	36.2667,-3.782,37,-2.9546	[[[362667,-33700,8,-272,27,-270,44,-268,61,-265,79,-260,95,-255,112,-247,127,-240,143,-231,158,-221,171,-210,185,-199,198,-185,209,-173,220,-158,229,-144,239,-128,246,-112,253,-96,259,-79,264,-61,266,-45,11,-1,3729,5826,-30,956,-62,77,-185,199,-198,185,-209,173,-220,158,-229,144,-239,128,-246,112,-253,96,-259,79,-264,61,-266,45,-270,26,-270,9,-270,-9,-270,-26,-266,-45,-264,-61,-259,-79,-253,-96,-246,-112,-239,-128,-229,-144,-220,-158,-209,-173,-198,-185,-185,-199,-171,-210,-158,-221,-143,-231,-127,-240,-112,-247,-95,-255,-79,-260,-61,-265,-44,-268,-27,-270,-8,-272]]]
154380	r	33.1027,-9.1389,33.8326,-8.5195	[[[331027,-89000,11,-222,33,-219,44,-177,468,-861,110,-120,165,-149,179,-132,191,-114,202,-95,210,-75,217,-54,220,-32,223,-11,223,11,220,32,157,39,0,-210,4421,2254,4,135,-8,249,-24,248,-41,245,-57,243,-73,238,-88,233,-103,227,-118,220,-132,211,-146,202,-159,193,-171,182,-183,170,-193,158,-204,145,-212,131,-221,118,-228,102,-234,88,-240,72,-244,57,-247,40,-249,25,-250,8,-250,-8,-249,-25,-101,-16,0,-1577,-157,39,-220,32,-223,11,-223,-11,-220,-32,-217,-54,-210,-75,-202,-95,-191,-114,-179,-132,-165,-149,-150,-165,-133,-178,-115,-190,-95,-201,-75,-209,-54,-215,-33,-219,-11,-222]]]
153220	r	37.3198,-7.2124,38.0525,-6.4276	[[[373198,-68133,31,-2075,107,-172,150,-209,163,-198,175,-188,188,-175,198,-163,209,-150,218,-135,227,-121,234,-106,240,-91,246,-74,250,-59,254,-42,255,-25,257,-8,257,8,255,25,254,42,250,59,246,74,240,91,234,106,227,121,218,135,209,150,198,163,188,175,175,188,163,198,150,209,136,218,121,226,106,234,90,241,75,245,58,250,42,254,25,255,8,257,-8,257,-25,255,-42,254,-58,250,-75,245,-90,241,-106,234,-121,226,-136,218,-150,209,-163,198,-175,188,-188,175,-198,163,-209,150,-218,135,-227,121,-234,106,-240,91,-246,74,-250,59,-254,42,-255,25,-257,8,-257,-8,-255,-25,-254,-42,-250,-59,-246,-74,-240,-91,-234,-106,-11,-5,133,-156,-31,-43,-59,-18,10,-19,-76,-5,-23,-67,-34,18,-34,-47,-52,-16,0,-36,-53,-19,9,-36,-19,22,-3,-33,-42,10,-2,-37,-43,11,-2,-40,-35,-4,13,-49,-49,-13,5,-48,-36,-71,30,-10,-26,-46,31,-51,-16,-71,19,-52,55,-30,35,-72,-8,-28,55,5,27,-83,-35,-36,-31,-99,-14,9,5,-95,-39,-59,-45,-12,-55,-84,-8,18,-32,-23,-20,-102,-52,-52,8,-99,39,-48,-19,-77,-20,-4,8,-70,-80,-61,-3,-58,-33,-24,10,-27,-43,-25,-3,-59,-46,-12,-31,-51,35,-84,-43,-29,-34,-125,-107,-61,-30,-66,-49,-10,13,-12,-29,-4,-14,-35,-86,-63,-43,-135,-35,-26,-42,-107,-42,-13,-3,-88,-42,-36,-36,-119,-71,-26,-6,-42,-29,8,-76,-60,-126,-30]]]
158597	r	32.2029,-4.2883,33.0266,-3.3373	[[[322029,-41187,80,-112,204,-249,219,-236,234,-220,248,-205,261,-187,273,-171,283,-152,292,-133,58,-22,20,114,3,225,-94,240,-33,160,156,10,68,-35,23,22,80,-18,62,18,181,-98,229,-60,101,53,52,71,1,228,49,65,294,119,11,-55,101,-139,160,-74,163,-9,86,-419,35,-82,-14,-235,-26,-69,19,-41,119,45,37,-7,62,42,61,-1,131,49,122,5,208,65,71,62,255,65,83,42,153,19,173,94,63,13,21,31,-104,258,-55,213,-328,-37,-220,213,-144,21,-224,370,314,73,28,39,51,214,135,106,16,152,-50,297,130,412,-8,326,34,228,388,-10,155,-57,220,11,123,-21,204,25,112,100,112,47,84,100,1,49,60,47,409,-40,164,-49,149,-9,23,64,95,51,330,50,595,876,-694,3313,-104,111,-234,220,-248,205,-261,187,-273,171,-283,152,-292,133,-301,113,-307,94,-312,73,-317,52,-319,32,-321,11,-214,-7,-1832,-3807,-254,-29,9,-480,-1680,-3491]]]
149606	r	38.7387,-5.5565,39.2215,-4.5674	[[[387387,-47162,1028,-7888,59,-37,292,-157,301,-136,309,-117,224,-68,254,515,134,397,-14,159,-69,61,-79,38,-43,84,30,137,91,78,116,56,105,69,139,186,109,220,329,952,15,4,104,185,56,78,11,28,9,58,-12,23,-35,-17,-65,20,-23,12,-16,34,-19,-24,-16,0,-1,6,20,20,12,29,-3,9,-30,-43,-12,-1,-18,16,-1,-11,-10,-10,-22,-1,-9,30,16,39,36,42,30,11,37,-1,30,42,5,24,25,43,24,2,13,13,17,6,9,67,24,46,42,11,36,0,114,77,2,19,-6,17,-51,12,-29,40,16,39,39,63,-7,21,-39,24,-15,60,19,69,48,75,98,86,45,-3,30,-13,85,3,63,14,10,25,-22,97,-23,6,-21,17,50,43,41,73,-19,93,-110,240,-7,151,-320,-131,-105,-6,4,10,-1,17,45,66,35,13,14,60,14,15,19,1,23,29,1,18,10,17,-8,21,13,15,-9,33,1,30,-26,10,4,13,59,36,26,4,4,-1,5,-4,-1,-12,25,-6,28,-2,10,3,58,-18,10,-13,17,0,27,-17,15,0,26,27,12,28,56,60,42,89,36,13,52,1,17,13,7,15,-3,11,-19,12,-16,-7,-40,2,-48,31,-45,-10,-18,18,-3,33,6,15,-40,-3,-3,46,4,20,-1,9,-5,2,-19,315,-27,99,-173,269,217,-15,153,183,176,515,63,-176,-32,-190,-65,-193,-34,-198,58,-147,128,123,319,541,66,159,37,174,12,212,-25,221,-87,56,-151,13,-220,88,272,137,187,172,54,324,-64,280,-177,49,-68,63,-848,612,-681,489,-36,-3,-327,-54,-321,-76,-317,-96,-309,-117,-301,-136,-292,-157,-281,-175,-268,-193,-256,-210,-241,-227,-41,-44]]]
159908	r	31.8563,-3.2763,32.6706,-2.2873	[[[318563,-24241,1802,-4116,-50,13,-124,-217,54,-39,27,-113,234,-208,123,-38,1458,-3331,581,-250,3415,-223,585,224,38,46,-1442,2998,119,92,95,42,151,4,100,41,72,-8,2,163,37,110,-60,370,-93,67,-89,105,-85,110,-89,176,17,101,118,106,-19,27,-358,107,-83,46,-401,54,-185,-11,-84,61,-137,28,-20,77,-105,172,-115,86,36,72,-9,127,33,68,-496,1032,-84,20,-838,-27,-37,101,-10,212,-211,170,-36,105,-143,44,-143,424,-85,4,-130,-56,-26,-58,12,-50,-65,-8,-18,94,33,8,-30,12,36,105,-24,12,-40,-46,-78,-13,-15,27,30,69,-46,10,-36,41,-36,-5,-42,61,-157,0,8,50,53,63,-7,35,-104,-2,-84,-32,-50,-119,-62,82,-134,47,1,64,46,96,-47,111,-92,39,-23,38,-121,-14,-83,39,-36,90,-108,83,43,95,-49,60,36,39,17,72,66,47,26,61,80,-65,75,-20,40,26,1,28,91,-8,46,22,11,79,23,-68,69,-8,21,-64,167,-82,242,-4,60,30,9,35,62,19,20,101,64,43,-17,59,36,43,57,211,9,-18,41,8,84,73,-31,70,31,82,55,-11,99,44,86,-98,28,8,-175,362,-156,-5,-378,-38,-375,-62,-370,-86,-148,-46,-11,-29,-92,-49,-9,-145,-57,-25,-52,-117,-91,-13,-59,-50,-260,-85,-89,-60,-47,14,-71,-62,-9,40,-32,-7,52,56,32,106,-55,55,-50,7,-5,12,-11,-5,-140,-76,-4,-7,-64,-34,1,5,-128,-68,-323,-202,-308,-222,-205,-170],[321468,-24936,97,34,24,-22,-27,-40,-66,-19,-25,10,-3,37],[321712,-27925,50,-4,68,-40,-68,39,-50,5],[322625,-29388,0,1,59,-90,-59,89],[322824,-28140,11,83,29,60,-29,-61,-11,-82],[322917,-27737,0,1,77,118,-77,-119],[324052,-29277,20,116,67,98,-66,-98,-21,-116]]]
149658	r	31.0387,-6.9775,34.2425,-3.8791	[[[310387,-55554,62,-118,17,-95,96,-111,219,-163,286,-143,39,-45,48,-133,56,-55,185,-53,36,-55,-44,-201,57,-45,131,-34,8,-49,-148,-88,-26,-69,16,-47,125,-87,34,-127,3,-183,-138,-165,15,-67,121,51,22,-26,89,19,103,101,78,41,6,41,111,58,40,-3,126,-156,139,-8,103,108,52,-42,83,-356,68,-61,98,-37,76,-105,51,-11,141,33,129,192,100,-13,95,-56,176,-56,129,-19,139,55,69,-13,55,-66,176,-111,57,-85,90,-74,271,-1,189,29,90,-32,57,24,53,-59,74,-29,23,21,-68,48,61,81,87,-5,44,-29,18,-64,37,0,6,48,73,-11,40,105,26,-10,69,50,89,-14,21,40,82,21,24,-3,0,-45,29,-21,29,32,42,2,31,-76,68,-22,42,-118,53,-37,47,-6,37,26,-10,48,58,74,47,-35,118,26,-23,-52,52,-111,79,-3,29,74,79,92,87,-1,60,-42,114,-24,86,42,11,45,71,60,82,-63,16,63,71,47,71,119,-29,16,-10,63,63,66,50,8,-5,-24,58,-3,-8,-53,42,6,13,89,140,92,0,103,50,26,29,-47,53,2,208,110,79,119,16,121,63,0,77,79,-8,-37,36,-27,74,8,26,19,-49,39,276,60,-37,-76,87,18,8,-63,36,-40,234,-8,132,-40,18,42,56,-26,50,15,52,-42,-26,-50,68,-37,55,5,114,55,107,-137,32,29,37,-24,29,48,34,10,84,-53,166,-18,84,84,47,-23,51,-90,173,-37,75,18,51,-70,58,3,173,-227,-34,-66,52,-30,32,-98,50,-54,27,-119,93,-82,43,-4,52,30,10,-7,226,-298,25,-96,-38,-60,20,-65,-36,-78,4,-166,69,-61,-5,-23,-74,3,1,-35,26,-55,55,-19,21,-39,24,-104,-41,-105,16,-29,70,26,50,-51,82,-13,-29,-103,32,-104,77,-48,-44,-104,-54,-26,22,-25,126,-29,8,-43,52,-25,24,-119,-35,-28,26,-47,116,-5,36,-31,-99,-88,91,-26,4,-61,42,-23,20,-94,44,15,19,-47,81,-47,-27,-91,-39,-48,81,-32,-44,-199,132,-46,-41,-36,71,-56,52,-101,-36,-14,-46,-153,38,-53,30,38,33,-9,6,-103,35,-41,70,-6,-17,-80,70,-58,-29,-45,22,-42,51,-20,-9,-21,122,-76,124,11,60,-21,65,-92,-13,-43,18,-29,23,-14,25,16,63,-77,31,33,75,3,19,-53,80,-23,14,-51,114,-101,103,20,15,89,124,2,-5,-60,128,23,68,66,40,-42,90,1,88,-35,43,-36,19,-86,92,-6,128,-63,3344,-4412,374,-152,2,-40,-18,-237,-48,1,7,-99,-42,-119,1,-2170,344,0,48,53,18,66,14,190,156,39,46,66,39,14,117,-48,94,27,64,52,48,-2,99,-41,50,-88,77,-34,59,45,123,27,40,53,9,60,41,19,34,69,31,134,41,22,95,0,24,81,139,-40,107,19,84,78,228,121,81,105,117,16,51,-43,117,-40,84,24,75,59,206,-51,64,35,128,9,99,-30,58,-106,145,-62,130,-120,16,-53,60,-14,27,-70,340,-57,126,-120,113,-37,69,-153,198,-48,149,15,127,-44,148,62,244,27,103,40,75,10,110,-65,36,41,48,-17,67,38,90,-75,89,-26,29,31,165,-72,157,-24,72,86,41,-7,94,41,162,-24,89,12,36,-58,59,-27,139,68,44,57,54,22,67,2,91,-37,128,46,112,-26,139,135,158,257,22,61,2612,413,1658,4153,-234,2212,27,80,40,235,-6,119,148,290,140,213,122,255,69,212,-257,8,277,258,162,276,116,382,62,119,38,445,72,152,78,76,401,138,252,131,106,175,17,85,13,379,-138,190,-328,352,-106,334,-135,125,-332,107,120,262,529,319,505,709,109,322,226,477,58,264,65,65,45,149,210,217,120,20,90,59,42,60,194,48,43,61,2,78,-32,59,-166,152,-116,145,-17,176,-120,49,-48,65,-57,29,-36,210,-110,87,-4,32,76,81,34,96,-24,122,59,314,-41,114,-136,147,-516,162,-410,-38,-130,13,-57,-37,-123,-21,-58,-49,-101,-20,-153,37,-114,-6,-107,57,-191,161,-185,102,-173,0,-116,280,24,107,-13,186,27,275,-34,336,15,342,-26,129,31,256,-111,404,-22,267,61,352,-5,178,-32,146,125,310,28,190,-11,334,49,49,28,84,-84,256,7,57,-75,74,8,345,-39,222,12,172,-62,167,9,216,164,219,-9,96,50,99,-8,78,39,149,13,221,251,463,126,168,243,175,141,24,252,199,132,171,92,302,120,194,22,81,34,397,88,233,51,284,65,642,-5,164,31,152,141,279,186,239,99,80,255,59,10,41,-77,23,-336,225,-87,-11,-35,21,-72,106,-52,12,-166,150,-65,5,-122,-73,-99,-1,-197,-75,-177,63,-103,71,-100,1,-30,24,-156,22,-359,241,-53,183,16,16,-37,2,5,19,-24,-21,-5,28,-24,-24,-41,63,23,15,-29,5,24,19,-42,9,-20,47,-36,-6,3,28,-30,-44,-41,39,-27,-36,-17,31,-57,-27,9,29,-41,-10,-12,31,-17,-48,-62,1,-8,30,-32,-13,-1,41,-72,0,-22,41,-33,-5,-29,-47,-109,41,-7,25,-49,-3,-3,19,-92,-10,-51,-35,-18,15,8,-32,-42,-40,-30,11,7,21,-92,19,12,27,-18,27,-23,-39,-46,-6,-45,13,0,43,-78,-40,11,34,-89,1,-31,-55,-73,85,-73,22,19,45,-39,23,-38,-42,-16,35,-22,-14,-29,17,-1,26,-74,-15,-1,38,-90,39,-192,-127,-117,-32,-89,34,-362,25,-43,39,-55,-3,-87,65,-49,1,-85,78,64,54,13,55,33,11,3,47,35,24,-8,33,-44,-8,-32,55,-40,-1,-33,47,-76,4,-19,36,-44,16,-145,26,0,-52,-28,34,-66,-7,-21,46,-36,-27,-26,35,-35,-24,-121,6,-69,-68,-43,-7,-131,31,5,-22,-47,-24,1,-24,-76,-27,18,-32,-82,-3,-35,38,-21,-35,-12,30,-93,-39,-79,-90,-147,8,-87,-32,-333,73,-101,-103,-57,21,-29,-29,-71,45,8,31,-77,19,-31,47,-74,12,-54,95,-73,-27,-34,48,-61,-27,-27,-47,-33,23,-33,-36,-52,33,-66,-23,-43,21,-17,-34,-25,7,-68,-40,-56,41,-108,-78,5,23,-140,-11,-128,-87,-87,33,-36,-35,-93,-18,-21,-33,-44,12,-78,-26,-46,33,-22,-38,-64,-5,5,-37,-52,-25,-97,-46,-89,-72,-100,28,-46,-1,-10,-31,-47,10,-5,-67,-42,-41,-13,-37,17,-20,-32,-68,-133,7,-23,55,-61,19,-100,-92,-40,4,-110,-52,-136,4,-39,31,-104,-24,-105,42,-301,-79,-121,13,-38,-20,-154,25,-166,133,-126,50,6,28,-138,52,-54,210,-98,100,-327,-9,-136,-21,-330,-50,-95,-51,-23,-64,-149,9,-164,49,-409,40,-60,-47,-1,-49,-84,-100,-112,-47,-112,-100,-204,-25,-123,21,-220,-11,-155,57,-388,10,-34,-228,8,-326,-130,-412,50,-297,-16,-152,-135,-106,-51,-214,-28,-39,-314,-73,224,-370,144,-21,220,-213,328,37,55,-213,104,-258,9,-24,-30,-7,-63,-13,-173,-94,-153,-19,-83,-42,-255,-65,-71,-62,-208,-65,-122,-5,-131,-49,-61,1,-62,-42,-37,7,-119,-45,-19,41,26,69,14,235,-35,82,-86,419,-163,9,-160,74,-101,139,-11,55,-294,-119,-49,-65,-1,-228,-52,-71,-101,-53,-229,60,-181,98,-62,-18,-80,18,-23,-22,-68,35,-156,-10,33,-160,94,-240,-3,-225,-38,-222,-156,-284,-164,151,-15,-16,-108,64,-55,-8,-94,111,2,69,-83,73,-228,108,-174,12,-62,-41,-161,-31,-159,46,-181,4,-95,46,-56,-24,-89,15,-11,24,-23,-13,-16,49,-156,-18,-220,24,-4,33,-67,36,-94,-7,-18,32,-74,21,-51,-12,-86,53,-280,-5,-69,-20,-32,0,-17,27,-40,-11,-60,53,-149,38,-77,58,-6,34,-87,38,-82,96,-156,22,-97,108,-63,18,-141,122,-101,0,-160,203,-164,126,-157,196,-128,95,-405,143,-163,103,-546,107,-433,11,-630,207,-115,72,-271,69,-24,-70,-66,-73,-137,-54,-16,-118,-99,-156,6,-70,48,-48,-3,-26,-61,-9,-92,-83,-38,-108,85,-112,251,-77,-16,-118,25,-105,76,-103,57,-265,-25,-47,28,-55,-124,-149,-10,-45,105,-102,-99,-227,-89,-38,-35,45,-19,-32,22,-226,89,-109,54,-112,-74,-290,-61,-86,-57,-207,-83,-70,-217,-335,-92,-31,-108,0,-111,-54,-426,55,-432,132,-67,-3,-38,-90,0,-89,-115,-92,-146,-204,-70,-19,-48,35,-3,-3,-35,-38,16,-42,104,-70,10,-64,-42,-127,26,-87,-64,-38,19,-38,-24,-73,74,-79,4,-38,64,-36,-10,-22,31,-44,-17,-73,68,-20,-43,-129,60,-235,93,-36,-9,-68,-39,-30,-23,-94,89,-170,-83,-200,-1,-67,-47,-39,-33,-87,-83,-82,-16,-116,-87,-24,-7,-68,-255,-146,-77,70,-154,-4,-64,-142,-143,-107,-14,-55,69,-49,-21,-67,50,-74,-25,-25,-4,-155,82,0,-67,-148,-5,-112,25,-31,9,-108,-108,-43,-36,28,-74,-7,19,-76,-139,-108,-53,-172,-150,-119,-62,-131,-156,-141,-93,-136,-34,-98,12,-93,-88,-48,-253,-23,-201,-57,-117,-64,-96,-136,-9,-84,51,-369,103,-35,96,-89,21,-68,-119,-182,-20,-243,-105,-102,-119,-195,-30,-90,-110,-148,-1,-192,-63,-182,6,-39,136,-87,26,-97,-7,-69,-173,-149,25,-175,65,-58,212,-61,104,17,96,-86,-27,-43,29,-121,173,-110,94,-13,43,33,72,9,-16,-152,-99,-33,-3,-35,96,-150,120,101,-31,109,34,100,57,64,190,66,158,86,93,-7,27,-28,33,-141,192,10,75,-22,210,-381,206,-167,13,-64,-82,-30,-190,138,-175,-88,-13,91,-29,22,-72,-36,-5,-37,42,-73,-42,-148,-147,108,-164,-40,-114,27,-273,179,-176,26,-153,67,-34,111,30,129,-106,172,-123,89,-157,38,-28,-4,-25,-3,-30,-20,-64,-73,-12,-31,-34,-21,-98,39,-128,17,-66,-35,17,-245,-4,0,54,-990,-45,-177,39,-219,-22,-150,-166,-144,-76,-24,-127,-86,-165,-50,-277,-28,-213,-136,-37,-66,-119,-108,39,-118,5,-103,-42,-63,-149,-92,-134,-188],[330832,-43632,7,14,-7,64,16,63,12,94,-19,305,48,99,24,29,50,140,38,61,75,69,81,45,58,55,124,67,56,44,-56,79,-76,72,-34,14,-74,-5,-2,75,-51,94,-56,168,-37,151,7,59,-3,30,-30,136,-1,28,-21,66,-19,14,11,52,-16,34,-54,31,-24,21,0,26,14,46,35,60,8,41,27,41,9,50,30,56,16,44,57,16,38,53,10,-7,29,-1,50,10,157,69,58,43,37,42,25,41,50,212,60,-34,127,-8,15,-14,7,-38,60,18,-29,-91,-59,-126,43,-21,74,-12,11,-14,11,-37,160,-3,156,16,83,27,50,-7,50,10,149,-9,32,12,105,-3,195,28,225,-19,56,-26,20,0,-56,-176,-37,-64,-18,-75,-21,-37,-183,13,-36,10,-71,-9,-17,-13,-40,-90,8,-30,40,-73,17,-52,19,-30,70,-25,34,-37,64,-108,55,-20,32,-28,63,-79,20,-8,45,5,28,-17,92,-5,19,5,7,10,241,24,93,-13,-5,-132,12,-40,1,-141,-15,-95,0,-158,8,-58,-14,-62,1,-70,30,-131,49,-167,24,-62,-6,-7,10,-24,3,-37,-10,-51,-17,-44,3,-136,14,-28,-7,-37,48,-99,22,-63,6,0,12,-63,0,-32,-13,-37,13,-90,-23,-75,-24,0,-37,14,-97,8,-38,-4,-78,22,-36,-1,-95,39,-101,18,17,26,66,66,11,19,33,183,-149,97,-34,60,-39,24,-285,241,-16,36,-30,32,-27,-1,-58,-68,-176,-147,-25,-10,-59,28,-122,34,-45,2,-46,-10,-95,11,-25,-5,-85,-67,-24,-8,-107,-1,-127,28,-159,-51,-18,1,-32,18,-18,-8,-16,-25,-8,-34,1,-43,-30,-96,-37,-40,-79,-65,-109,-127,-28,-21,-51,-60,-20,-85,-2,-37,8,-122,-83,33,-61,69,-65,41,-19,24,-30,24,-51,20,-32,20]]]
149703	r	31.1408,-8.4477,32.0993,-7.4923	[[[311408,-79700,11,-312,30,-312,52,-308,71,-305,91,-299,110,-292,130,-285,147,-276,166,-265,183,-254,199,-242,214,-228,229,-214,242,-198,255,-182,266,-165,277,-148,285,-129,294,-110,300,-91,305,-71,310,-51,312,-30,313,-10,313,10,312,30,310,51,305,71,300,91,294,110,285,129,277,148,266,165,255,182,242,198,229,214,214,228,199,242,183,254,166,265,147,276,130,285,110,292,91,299,71,305,52,308,30,312,11,312,-11,312,-30,312,-52,308,-71,305,-91,299,-110,292,-130,285,-147,276,-166,265,-183,254,-199,242,-214,228,-229,214,-242,198,-255,182,-266,165,-277,148,-285,129,-294,110,-300,91,-305,71,-310,51,-312,30,-313,10,-313,-10,-312,-30,-310,-51,-305,-71,-300,-91,-294,-110,-285,-129,-277,-148,-266,-165,-255,-182,-242,-198,-229,-214,-214,-228,-199,-242,-183,-254,-166,-265,-147,-276,-130,-285,-110,-292,-91,-299,-71,-305,-52,-308,-30,-312,-11,-312]]]
877401	r	35.2043,-11.1648,36.14,-10.1952	[[[352043,-104791,2605,-6497,277,-103,307,-92,312,-72,316,-52,320,-31,320,-10,320,10,320,31,316,52,312,72,307,92,300,112,292,131,283,149,272,168,261,185,248,201,234,217,219,231,204,246,186,258,170,269,151,280,132,289,113,297,93,303,73,309,52,313,32,316,10,317,-10,317,-32,316,-52,313,-73,309,-93,303,-113,297,-132,289,-151,280,-170,269,-186,258,-204,246,-219,231,-234,217,-248,201,-261,185,-272,168,-283,149,-292,131,-300,112,-307,92,-312,72,-316,52,-320,31,-320,10,-320,-10,-320,-31,-316,-52,-312,-72,-307,-92,-300,-112,-292,-131,-283,-149,-272,-168,-261,-185,-248,-201,-234,-217,-219,-231,-204,-246,-186,-258,-170,-269,-151,-280,-62,-135]]]
158027	p	160263
161218	r	33.5019,-3.2897,34.4669,-2.3699	[[[335019,-28922,5,-33,70,-303,54,-6,81,-416,72,-194,132,-292,150,-282,168,-272,186,-261,202,-248,218,-233,232,-219,247,-204,259,-186,270,-170,281,-151,291,-132,298,-113,305,-93,310,-73,314,-52,318,-31,318,-11,318,11,318,31,314,52,310,73,305,93,298,113,291,132,281,151,270,170,259,186,247,204,232,219,218,233,202,248,186,261,168,272,150,282,132,292,112,300,93,307,72,312,52,316,31,319,10,320,-10,320,-31,319,-52,316,-72,312,-93,307,-112,300,-132,292,-150,282,-168,272,-186,261,-202,248,-218,233,-232,219,-247,204,-259,186,-270,170,-112,60,-5724,-800,-42,-39,-218,-233,-202,-248,-186,-261,-168,-272,-90,-169,2,-41,23,22,6,-26,35,-2,-10,-35,17,20,96,1,9,22,16,-30,34,-6,4,36,21,-21,-15,-12,21,-22,11,17,9,-25,4,25,72,16,-26,10,-1,68,-42,8,25,26,52,-30,64,24,22,-15,37,31,73,-12,27,64,62,-50,12,50,167,37,-12,-265,-72,-301,18,-195,54,-94,166,-23,214,-215,105,-68,71,-2,28,-35,62,4,92,-100,160,-36,69,34,90,-28,16,-75,119,-99,90,-50,109,-11,46,-39,26,-95,66,-92,-7,-111,42,-67,-49,-75,20,-190,-24,-95,16,-59,41,-15,30,-57,-23,-36,11,-86,-162,-122,-112,-60,-160,-10,-81,82,-37,78,-68,30,-259,-106,-177,-105,-230,-29,-36,134,-134,5,-39,80,-34,15,12,23,-132,29,-83,82,10,-55,-23,-93,-380,-97,-4,-165,-162,20,-102,46,-24,-30,-9,-204,-80,-18,-107,-123,-62,-39,-52,1,-148,-144]]]
158214	r	29.7412,-4.7629,30.2599,-4.1161	[[[297412,-44569,22,-18,7,-73,66,-31,68,10,119,127,-15,44,-40,27,17,69,-20,47,10,87,94,104,15,59,77,-21,73,99,49,22,14,72,31,17,22,57,-11,22,118,187,-18,9,-107,14,-162,-99,-18,-36,-21,-163,-52,-86,-170,-79,-63,-59,-38,-142,-5,-129,-30,-113,-32,-24]],[[298446,-43715,46,-50,-20,-10,35,-1,11,-40,143,11,18,-28,40,20,-9,24,31,-20,13,26,-23,-2,-19,32,21,66,10,-16,73,41,24,-36,1,102,33,15,-1,25,49,-3,4,38,48,-6,30,-37,6,35,76,16,9,31,20,-42,29,36,134,24,1,37,71,0,37,43,39,-3,50,41,37,57,69,2,31,31,44,67,-13,24,36,51,12,86,141,30,36,35,46,-57,-1,53,29,41,27,-69,47,35,-6,29,43,-11,19,46,-52,29,14,64,101,-40,25,25,-9,44,49,27,49,-19,1,-39,20,38,34,-2,9,47,63,-46,47,7,5,116,27,8,12,40,-38,34,41,15,40,-43,25,22,-14,66,-29,25,21,39,-52,1,13,29,45,-14,28,24,-16,19,32,73,-39,80,43,15,52,205,81,43,-17,17,25,10,5,112,44,34,-10,65,26,0,5,45,85,93,18,-16,38,25,28,-8,-14,24,45,4,45,55,2,-16,54,8,-3,-16,45,22,39,118,29,7,-5,-30,53,7,-26,29,16,24,25,12,10,-19,21,38,51,-19,7,35,24,1,-4,32,31,-7,-9,15,33,5,14,27,52,13,-11,18,20,-9,10,27,-199,20,-46,1,-61,-74,-681,-567,-104,-148,-255,-610,-126,-159,-7,-4,-215,-121,-101,-82,-344,-194,-358,-336,-531,-249,-28,-10]],[[299207,-46964,1,-19,43,-45,10,-46,-2,-98,19,-97,14,-31,3,-39,-8,-57,24,-77,11,2,43,-13,34,1,-3,11,32,-1,8,9,28,-6,10,8,41,6,10,-12,19,-9,40,-10,20,3,80,3,39,-15,61,-39,5,-17,68,-49,44,-16,52,-10,52,-1,32,6,47,29,30,147,-5,100,-11,66,24,95,58,72,7,33,35,61,4,65,-16,68,-18,37,1,54,51,88,-4,12,15,35,60,22,11,21,2,22,-15,48,2,22,-13,49,5,50,14,45,23,47,47,34,29,0,30,-13,107,-122,49,-21,29,5,46,-12,65,13,69,4,105,43,17,12,100,-280,23,-359,-17,-74,-37,-18,-3,-15,17,-37,33,-155,16,-4,62,-4,22,-10,35,2,125,16,169,33,56,1,188,22,67,-1,202,53,70,28,115,57,-23,27,-101,46,-54,42,-63,38,-32,74,-1,35,-12,42,25,-1,8,10,19,3,29,-12,58,-5,51,9,28,-15,29,-5,100,27,44,21,84,10,17,6,10,16,28,90,21,23,34,61,11,28,3,30,-25,140,-13,32,-13,24,-69,55,-8,29,10,14,10,2,10,38,31,13,10,-11,37,9,27,-7,20,14,56,119,2,51,11,24,10,7,-11,23,-2,104,-11,65,5,57,-24,70,-96,202,-20,121,33,72,-6,83,-34,42,-29,20,-7,18,6,38,-17,25,-23,5,-32,-15,29,35,-7,56,-30,116,-138,42,-51,28,-18,2,-144,95,-68,57,-89,51,-28,41,-68,58,-50,73,-107,104,-52,118,-19,91,-11,22,-35,-13,-6,-12,-35,-13,-45,-10,-28,-14,-59,-9,-73,-1,-27,15,-14,21,-23,-10,-17,-18,-38,-2,-46,-14,-56,-3,-63,15,-37,32,-19,-48,-37,-51,-4,-69,-13,-29,-70,-84,-61,-93,-45,-40,-30,-59,17,-63,-8,-60,-12,-25,-55,-12,-73,27,-71,10,-32,20,-4,24,-50,-9,-35,-24,-68,-33,-80,-91,-59,-116,-44,-55,-7,-57,10,-5,-25,-85,5,-78,-8,-23,-17,-16,-65,-36,3,-44,-19,-28,-2,-128,-15,-30,0,-18,-37,-39,1,-18,-19,-18,-17,8,-25,28,-3,21,7,69,-6,23,-56,69,-44,10,-59,-12,10,-38,-19,-135,1,-32,6,-23,20,-35,-19,-22,9,-11,-3,-6,-80,-2,3,-28,-69,-70,-19,-8,-73,27,-13,-2,-9,-14,-15,5,-26,-6,-34,9,-11,-8,1,-31,-12,-4,-19,5,-7,-19,1,-42,11,-33,38,-38,17,-27,8,-28,-3,-31,-16,-30,-58,-53,12,-215,-3,-14,-34,-43,11,-27,-12,-56,13,-21,1,-21,-14,-60,18,-72,-13,-57,5,-39,-8,-42,-12,-28,6,-9,7,-56,-5,-29,6,-33,-18,-25]]]
149879	r	34.3056,-5.2558,35.1744,-4.3842	[[[343056,-48200,9,-285,28,-284,46,-281,65,-278,82,-273,100,-267,118,-260,134,-251,150,-242,165,-232,181,-221,194,-208,208,-195,219,-181,231,-166,242,-150,251,-135,259,-117,266,-101,272,-83,276,-65,281,-46,283,-28,284,-9,284,9,283,28,281,46,276,65,272,83,266,101,259,117,251,135,242,150,231,166,219,181,208,195,194,208,181,221,165,232,150,242,134,251,118,260,100,267,82,273,65,278,46,281,28,284,9,285,-9,285,-28,284,-46,281,-65,278,-82,273,-100,267,-118,260,-134,251,-150,242,-165,232,-181,221,-194,208,-208,195,-219,181,-231,166,-242,150,-251,135,-259,117,-266,101,-272,83,-276,65,-281,46,-283,28,-284,9,-284,-9,-283,-28,-281,-46,-276,-65,-272,-83,-266,-101,-259,-117,-251,-135,-242,-150,-231,-166,-219,-181,-208,-195,-194,-208,-181,-221,-165,-232,-150,-242,-134,-251,-118,-260,-100,-267,-82,-273,-65,-278,-46,-281,-28,-284,-9,-285]]]
157738	r	29.321,-6.5727,31.4933,-2.8306	[[[293210,-48363,28,-839,190,-798,14,-60,336,-815,778,-1425,408,-1617,971,-2286,189,-841,-94,-773,-321,-563,-300,-403,-448,-604,-200,-634,26,-397,225,-836,76,-283,167,-1194,122,-393,283,-471,70,-89,1567,1529,-4,-40,-44,-61,-20,-122,58,-104,68,43,-34,-107,40,-15,104,-170,46,5,10,-36,66,-47,217,-314,117,-120,120,-205,38,-10,84,-165,124,-91,60,-129,136,-156,64,-31,1,-34,90,-120,40,-36,14,19,107,-115,23,31,28,-30,31,2,-5,-31,56,-70,36,-11,49,20,38,-78,54,14,7,-39,30,0,32,-76,53,-53,70,-12,20,18,44,-38,57,12,33,-37,-9,-46,36,-22,30,26,39,-18,12,-98,-60,-214,582,281,426,154,558,127,356,5,71,-70,117,-221,49,-36,118,-168,180,-172,39,-75,360,-353,62,-128,91,-5,24,1,60,77,-28,104,16,46,98,30,34,53,-37,37,23,30,-24,14,99,87,-15,49,44,20,-19,50,75,130,-35,50,-2,62,-98,25,-57,195,7,165,-84,371,-10,151,39,454,-62,437,27,244,3,521,-50,251,34,338,-6,441,-46,249,-79,155,-150,421,-110,373,-28,30,-6,101,-278,351,-23,103,57,197,8,214,-82,377,-19,280,55,82,3,88,-84,100,10,108,-28,45,-60,22,-59,91,2358,2302,-2095,3248,325,89,26,26,169,488,88,-50,564,154,443,11,926,166,187,3,84,-61,52,1,92,43,132,17,352,-36,193,73,55,-36,22,-71,-77,-166,-5,-63,29,-63,394,-150,142,-19,29,22,19,105,51,102,132,100,195,-25,37,25,21,141,67,45,55,86,75,44,173,-6,73,-33,38,-61,69,-239,4,-97,88,-39,12,-74,58,-89,133,-46,12,-52,-20,-72,60,-38,65,2,56,-104,20,10,12,-20,-18,-43,55,-74,106,-26,146,-106,110,-8,35,-60,19,3,1,28,43,3,14,-39,98,-5,7,-38,83,-46,-72,-155,2,-72,52,-245,26,-48,95,-29,82,17,69,52,50,-27,29,24,0,36,82,50,344,-27,12,134,23,29,623,78,39,79,119,67,98,142,136,6,109,47,114,-12,0,37,-78,-6,-106,51,73,37,187,15,29,-21,-27,-35,9,-47,219,1,294,-108,331,-56,63,-41,263,-19,199,-41,-17,245,66,35,128,-17,98,-39,126,144,105,13,-33,75,-126,100,-80,21,-66,136,9,170,173,149,7,69,-26,97,-136,87,-6,39,63,182,1,192,110,148,30,90,119,195,105,102,20,243,119,182,-21,68,-96,89,-103,35,-51,369,9,84,96,136,117,64,201,57,253,23,88,48,-12,93,34,98,93,136,156,141,62,131,150,119,53,172,139,108,-19,76,74,7,36,-28,108,43,-9,108,-25,31,5,112,67,148,-82,0,4,155,25,25,-50,74,21,67,-69,49,14,55,143,107,64,142,154,4,77,-70,255,146,7,68,87,24,16,116,83,82,33,87,47,39,1,67,83,200,-89,170,23,94,39,30,9,68,-93,36,-60,235,43,129,-68,20,17,73,-31,44,10,22,-64,36,-4,38,-74,79,24,73,-19,38,64,38,-26,87,42,127,-10,64,-104,70,-16,42,35,38,-117,1,-89,-110,-78,3,-44,38,27,101,-55,81,21,3,-2,29,-56,76,36,137,-64,173,42,33,20,87,-87,108,51,142,-29,72,-162,190,-35,237,-70,59,-190,90,-53,105,33,257,-17,152,31,45,-49,-4,-12,23,60,83,-63,71,-70,-46,-49,30,-31,67,15,79,-49,7,56,117,-66,150,22,24,-11,84,34,39,-84,64,16,125,-93,47,-30,83,42,49,-37,39,62,76,10,48,-22,27,47,44,56,117,-12,37,28,49,-24,90,49,110,-25,31,25,46,-16,45,54,35,88,-27,-30,41,-3,165,91,-13,-6,35,67,37,77,143,-20,39,13,18,-54,23,9,127,34,80,-37,96,20,30,-12,20,33,21,-5,94,-41,28,2,77,-88,78,18,99,-56,154,6,72,-93,173,15,69,-34,120,20,158,-57,36,-17,45,-17,49,17,60,-37,122,-65,105,-91,61,1,65,-97,100,-14,270,-153,185,-11,111,-52,101,-179,71,-118,88,-44,-10,-80,81,-34,-3,-167,217,-36,14,-45,108,20,22,-27,50,24,71,-24,24,5,116,-119,208,39,196,-36,141,22,70,-27,31,65,16,2,18,-65,90,-21,101,43,213,-21,67,17,26,-69,72,-46,-5,-54,147,25,97,132,77,1,166,-36,97,-152,133,27,111,-47,170,-70,48,-125,20,-57,70,-15,58,49,23,-97,69,12,24,-104,131,13,40,-25,18,28,123,-166,205,-48,129,1,78,-114,274,-45,407,21,20,17,161,19,2,-101,185,-59,69,-43,14,-146,191,-59,38,-139,16,-194,-21,-29,-35,-88,11,-60,-109,14,-80,-21,-39,-121,-57,-87,52,-4,27,59,81,-95,3,-33,53,-49,-23,-64,40,-10,110,71,40,29,98,58,21,52,71,50,254,120,146,48,147,42,5,12,117,17,-8,34,50,-15,45,102,75,14,33,-20,54,105,122,20,54,-14,49,36,58,83,38,-20,151,-40,100,40,66,41,21,64,305,-3,40,-76,99,-41,109,18,28,-49,77,-2,91,-79,-32,-88,57,9,57,-34,61,24,165,-52,33,-61,117,-87,76,-28,198,-63,40,-117,185,-181,-29,-195,-196,-107,-29,-183,-216,-25,7,-51,-56,-157,-86,-249,-317,-156,-81,-35,-90,-225,-277,-11,-111,-113,-103,-59,-145,-77,-72,-45,-127,-52,-44,13,-39,-33,-107,-171,-101,22,-100,97,-104,41,-86,164,-26,64,-103,-49,-92,4,-91,19,-17,-40,-150,-46,-94,-74,-78,39,-32,124,70,121,-208,-84,-293,97,-141,-64,0,-137,-69,-64,7,-78,-112,8,-52,108,-169,116,-74,62,2,-147,-98,-109,-20,-67,-51,-67,-15,-60,-67,-180,-30,-209,-103,-103,58,-28,56,-7,112,-52,22,-90,-60,-16,-149,-101,-148,-123,-65,-404,-108,-53,-113,-94,-85,-37,-73,-81,-41,-52,-95,20,-52,80,-53,28,-80,-6,-60,87,18,127,-55,94,-89,-51,-101,14,-47,-16,-61,-82,-75,-17,-61,-132,-95,-51,-12,-48,-39,-21,-62,-190,-129,-122,-12,-221,-169,-156,-55,-46,-47,-284,-88,-105,-92,-100,-164,-38,-8,-3,78,-87,46,-99,-28,-28,-71,-104,-93,-82,-29,-52,-94,-47,-35,9,-37,-109,-46,17,-13,-69,-57,39,-94,30,-6,-2,29,43,-19,-18,-124,-24,4,-22,-33,71,-12,-24,-37,19,-90,-53,-20,16,-23,-33,-34,-33,22,8,-39,-34,-15,0,-26,-32,-15,-51,27,-21,-45,-51,-14,17,-40,33,6,-3,-46,-45,-15,21,-31,-42,-11,14,-34,-63,2,-12,-88,-21,-3,12,-31,-33,5,-19,-59,21,-12,-18,-59,-26,9,-38,-50,33,-77,-62,-25,38,-76,-46,21,-30,-53,19,-30,-41,-28,-11,-26,23,-6,-32,-13,14,-19,-51,-11,-42,-86,-30,-17,54,-27,-31,-35,22,-80,76,-28,10,-52,-23,-23,70,-137,-16,-63,25,-42,45,-19,-16,-82,16,-109,-57,-38,1,-50,-67,-41,-23,25,29,3,-10,44,-46,-20,1,33,-56,6,-23,55,24,28,-31,22,-28,-10,-6,26,-142,6,-64,-56,-30,20,16,30,-109,23,-26,-29,-1,0,-1,-1,-48,-1,-3,-26,-25,8,13,-19,-31,4,0,-41,-62,-6,16,-32,-45,-28,13,-17,-45,-42,19,-12,-34,-13,34,0,-15,-33,24,-5,-53,-66,37,-10,-41,-9,30,-3,-20,-16,17,-22,-72,-27,13,-58,-29,3,18,-13,-32,-14,20,-28,-14,11,-51,-39,31,-65,-13,-35,-25,2,7,-36,-42,-37,-25,22,7,-29,-50,-17,12,-58,-65,-49,-28,18,3,-21,-56,-37,8,-24,-46,-10,-8,-43,-63,0,-17,-35,-26,23,-34,-48,-52,2,10,-45,-46,4,32,-83,-32,-27,8,-19,-27,7,5,-70,-25,-17,7,-28,-22,2,-15,-114,-103,-43,14,-53,-94,-128,31,-20,-21,-25,6,-70,-43,-24,22,-50,-51,-106,13,-34,-131,-165,51,-101,0,-54,40,-38,69,-14,-21,-19,-17,-187,-45,-97,-63,-53,-193,9,-54,-94,-33,-11,8,-65,-45,-66,28,-91,-20,-53,-95,-73,8,-22,-60,-29,15,-18,-63,-42,14,-7,-51,-48,10,-23,-36,-49,-44,-2,-16,-33,-15,20,-17,-45,-20,9,11,-18,-52,-13,-14,-27,-33,-5,9,-15,-31,7,4,-32,-24,-1,-7,-35,-51,19,-21,-38,-10,19,-25,-12,-16,-24,26,-29,-53,-7,5,30,-29,-7,-39,-118,-45,-22,3,16,-54,-8,-2,16,-45,-55,-45,-4,14,-24,-28,8,-38,-25,-18,16,-85,-93,-5,-45,-26,0,10,-65,-44,-34,-5,-112,-25,-10,17,-17,-81,-43,-52,-205,-43,-15,39,-80,-32,-73,16,-19,-28,-24,-45,14,-13,-29,52,-1,-21,-39,29,-25,14,-66,-25,-22,-40,43,-41,-15,38,-34,-12,-40,-27,-8,-5,-116,-47,-7,-63,46,-9,-47,-34,2,-20,-38,-1,39,-49,19,-49,-27,9,-44,-25,-25,-101,40,-14,-64,52,-29,-19,-46,-43,11,6,-29,-47,-35,-27,69,-29,-41,1,-53,-46,57,-36,-35,-141,-30,-12,-86,-36,-51,13,-24,-44,-67,-31,-31,-69,-2,-37,-57,-50,-41,-39,3,-37,-43,-71,0,-1,-37,-134,-24,-29,-36,-20,42,-9,-31,-76,-16,-6,-35,-30,37,-48,6,-4,-38,-49,3,1,-25,-33,-15,-1,-102,-24,36,-73,-41,-10,16,-21,-66,19,-32,23,2,-13,-26,-31,20,9,-24,-40,-20,-18,28,-143,-11,-11,40,-35,1,20,10,-46,50,-6,8,12,23,-55,-9,-85,25,6,20,-29,-1,6,28,-29,15,-46,-10,-32,-48,-45,26,-15,-24,-118,-187,11,-22,-22,-57,-31,-17,-14,-72,-49,-22,-73,-99,-77,21,-15,-59,-94,-104,-10,-87,20,-47,-17,-69,40,-27,15,-44,-119,-127,-68,-10,-66,31,-7,73,-22,18,-1,2,-66,11,-37,-50,-52,-15,-47,21,-25,44,-108,-66,-75,20,-89,91,-101,3,-75,39,-55,-28,-71,7,-7,-30,-220,52,-2341,-30,31,-128,36,-397,-96,-846,-605,-1648,-198,-846],[297311,-62141,67,66,-24,-45,-43,-21],[299207,-46964,18,25,-6,33,5,29,-7,56,-6,9,12,28,8,42,-5,39,13,57,-18,72,14,60,-1,21,-13,21,12,56,-11,27,34,43,3,14,-12,215,58,53,16,30,3,31,-8,28,-17,27,-38,38,-11,33,-1,42,7,19,19,-5,12,4,-1,31,11,8,34,-9,26,6,15,-5,9,14,13,2,73,-27,19,8,69,70,-3,28,80,2,3,6,-9,11,19,22,-20,35,-6,23,-1,32,19,135,-10,38,59,12,44,-10,56,-69,6,-23,-7,-69,3,-21,25,-28,17,-8,19,18,-1,18,37,39,0,18,15,30,2,128,19,28,-3,44,65,36,17,16,8,23,-5,78,25,85,-10,5,7,57,44,55,59,116,80,91,68,33,35,24,50,9,4,-24,32,-20,71,-10,73,-27,55,12,12,25,8,60,-17,63,30,59,45,40,61,93,70,84,13,29,4,69,37,51,19,48,37,-32,63,-15,56,3,46,14,38,2,17,18,23,10,14,-21,27,-15,73,1,59,9,28,14,45,10,35,13,6,12,35,13,11,-22,19,-91,52,-118,107,-104,50,-73,68,-58,28,-41,89,-51,68,-57,144,-95,18,-2,51,-28,138,-42,30,-116,7,-56,-29,-35,32,15,23,-5,17,-25,-6,-38,7,-18,29,-20,34,-42,6,-83,-33,-72,20,-121,96,-202,24,-70,-5,-57,11,-65,2,-104,11,-23,-10,-7,-11,-24,-2,-51,-56,-119,-20,-14,-27,7,-37,-9,-10,11,-31,-13,-10,-38,-10,-2,-10,-14,8,-29,69,-55,13,-24,13,-32,25,-140,-3,-30,-11,-28,-34,-61,-21,-23,-28,-90,-10,-16,-17,-6,-84,-10,-44,-21,-100,-27,-29,5,-28,15,-51,-9,-58,5,-29,12,-19,-3,-8,-10,-25,1,12,-42,1,-35,32,-74,63,-38,54,-42,101,-46,23,-27,-115,-57,-70,-28,-202,-53,-67,1,-188,-22,-56,-1,-169,-33,-125,-16,-35,-2,-22,10,-62,4,-16,4,-33,155,-17,37,3,15,37,18,17,74,-23,359,-100,280,-17,-12,-105,-43,-69,-4,-65,-13,-46,12,-29,-5,-49,21,-107,122,-30,13,-29,0,-47,-34,-23,-47,-14,-45,-5,-50,13,-49,-2,-22,15,-48,-2,-22,-11,-21,-60,-22,-15,-35,4,-12,-51,-88,-1,-54,18,-37,16,-68,-4,-65,-35,-61,-7,-33,-58,-72,-24,-95,11,-66,5,-100,-30,-147,-47,-29,-32,-6,-52,1,-52,10,-44,16,-68,49,-5,17,-61,39,-39,15,-80,-3,-20,-3,-40,10,-19,9,-10,12,-41,-6,-10,-8,-28,6,-8,-9,-32,1,3,-11,-34,-1,-43,13,-11,-2,-24,77,8,57,-3,39,-14,31,-19,97,2,98,-10,46,-43,45,-1,19],[301484,-51935,172,54,37,-18,12,-138,-92,142,-129,-40]]]
153209	r	37.0445,-3.6471,37.6256,-3.0529	[[[370445,-32728,2228,-3674,50,-12,191,-32,193,-19,193,-6,193,6,193,19,191,32,188,44,185,56,181,69,177,80,170,92,164,102,158,114,149,123,141,133,133,142,122,150,113,158,102,165,91,172,80,177,19,50,-19,29,-164,21,-4,4,-69,69,-15,106,26,117,45,106,2,5,51,89,146,161,198,158,3,28,6,194,-6,194,-19,194,-32,192,-43,189,-57,186,-68,182,-80,177,-91,172,-102,165,-113,158,-122,150,-133,142,-141,133,-149,123,-158,114,-164,102,-170,92,-177,80,-181,69,-185,56,-188,44,-191,32,-193,19,-193,6,-193,-6,-193,-19,-191,-32,-188,-44,-185,-56,-181,-69,-177,-80,-170,-92,-164,-102,-158,-114,-149,-123,-141,-133,-133,-142,-122,-150,-113,-158,-102,-165,-91,-172,-80,-177,-68,-182,-56,-183]]]
149402	r	32.4433,-9.4715,33.104,-8.9848	[[[324433,-91571,164,-109,110,-139,194,-454,144,-220,135,-89,376,-30,860,-186,716,-60,126,-68,139,-147,37,-77,31,-150,58,-74,73,-26,174,18,73,-15,464,-305,748,-280,154,-97,154,162,190,96,194,9,176,-102,500,-493,402,-308,78,146,97,211,39,104,-4976,4406,-149,-79,-198,-123,-190,-135,-181,-147,-170,-159,-160,-169,-148,-180,-137,-189,-123,-197,-110,-205,-64,-140]]]
159492	r	36.2296,-8.579,37.1304,-7.6811	[[[362296,-81300,10,-294,29,-292,48,-290,66,-286,86,-281,104,-275,121,-267,139,-260,156,-249,172,-239,187,-227,201,-214,215,-201,228,-186,240,-171,250,-156,260,-138,268,-121,276,-104,282,-85,287,-67,291,-48,293,-28,295,-10,295,10,293,28,291,48,287,67,282,85,276,104,268,121,260,138,250,156,240,171,228,186,215,201,201,214,187,227,172,239,156,249,139,260,121,267,104,275,86,281,66,286,48,290,29,292,10,294,-10,294,-29,292,-48,290,-66,286,-86,281,-104,275,-121,267,-139,260,-156,249,-172,239,-187,227,-201,214,-215,201,-228,186,-240,171,-250,156,-260,138,-268,121,-276,104,-282,85,-287,67,-291,48,-293,28,-295,10,-295,-10,-293,-28,-291,-48,-287,-67,-282,-85,-276,-104,-268,-121,-260,-138,-250,-156,-240,-171,-228,-186,-215,-201,-201,-214,-187,-227,-172,-239,-156,-249,-139,-260,-121,-267,-104,-275,-86,-281,-66,-286,-48,-290,-29,-292,-10,-294]]]
153176	r	30.5709,-6.8394,31.5691,-5.8406	[[[305709,-63400,10,-327,32,-325,54,-322,74,-319,95,-312,115,-306,135,-298,153,-288,173,-278,190,-265,207,-253,224,-239,238,-223,253,-207,265,-191,277,-172,288,-154,298,-135,306,-115,312,-95,318,-74,323,-54,325,-32,326,-10,326,10,325,32,323,54,318,74,312,95,306,115,298,135,288,154,277,172,265,191,253,207,238,223,224,239,207,253,190,265,173,278,153,288,135,298,115,306,95,312,74,319,54,322,32,325,10,327,-10,327,-32,325,-54,322,-74,319,-95,312,-115,306,-135,298,-153,288,-173,278,-190,265,-207,253,-224,239,-238,223,-253,207,-265,191,-277,172,-288,154,-298,135,-306,115,-312,95,-318,74,-323,54,-325,32,-326,10,-326,-10,-325,-32,-323,-54,-318,-74,-312,-95,-306,-115,-298,-135,-288,-154,-277,-172,-265,-191,-253,-207,-238,-223,-224,-239,-207,-253,-190,-265,-173,-278,-153,-288,-135,-298,-115,-306,-95,-312,-74,-319,-54,-322,-32,-325,-10,-327]]]
159071	r	35.3078,-8.1611,36.0921,-7.3789	[[[353079,-77700,8,-256,25,-255,42,-252,58,-249,75,-245,63,-168,3214,-2460,180,-18,256,-8,256,8,256,25,253,42,250,58,245,74,241,90,233,106,227,121,217,135,209,149,198,162,188,175,175,187,163,198,149,208,136,217,121,226,106,233,90,240,75,245,58,249,42,252,25,255,8,256,-8,256,-25,255,-42,252,-58,249,-75,245,-90,240,-106,233,-121,226,-136,217,-149,208,-163,198,-175,187,-188,175,-198,162,-209,149,-217,135,-227,121,-233,106,-241,90,-245,74,-250,58,-253,42,-256,25,-256,8,-256,-8,-256,-25,-253,-42,-250,-58,-245,-74,-241,-90,-233,-106,-227,-121,-217,-135,-209,-149,-198,-162,-188,-175,-175,-187,-163,-198,-149,-208,-136,-217,-121,-226,-106,-233,-90,-240,-75,-245,-58,-249,-42,-252,-25,-255,-8,-256]]]
160892	r	33.3792,-2.4511,34.3608,-1.7164	[[[333792,-20200,10,-323,32,-322,52,-318,73,-315,93,-309,113,-303,133,-294,151,-285,170,-275,187,-262,204,-250,219,-236,235,-221,248,-205,261,-188,273,-171,62,-34,5815,812,47,7,1,0,219,236,204,250,187,262,170,275,151,285,133,294,113,303,93,309,73,315,52,318,32,322,10,323,-10,323,-32,322,-52,318,-73,315,-93,309,-91,244,-1632,1205,-7387,-984,-73,-162,-113,-303,-93,-309,-73,-315,-52,-318,-32,-322,-10,-323]]]
152451	r	33.5007,-1.7795,34.0993,-1.1988	[[[335007,-15000,6,-197,19,-196,32,-195,45,-192,57,-188,69,-185,80,-179,93,-174,103,-168,114,-160,125,-152,133,-144,143,-135,152,-125,159,-115,166,-104,173,-93,179,-81,31,-12,2912,388,24,17,152,125,143,135,133,144,125,152,114,160,103,168,93,174,80,179,69,185,57,188,45,192,32,195,19,196,6,197,-6,197,-6,61,-271,1017,-25,57,-93,174,-103,168,-114,160,-125,152,-133,144,-143,135,-152,125,-159,115,-166,104,-173,93,-179,81,-183,70,-187,57,-191,45,-193,32,-195,19,-196,6,-196,-6,-195,-19,-193,-32,-191,-45,-187,-57,-183,-70,-179,-81,-173,-93,-166,-104,-159,-115,-152,-125,-143,-135,-133,-144,-125,-152,-114,-160,-103,-168,-93,-174,-80,-179,-69,-185,-57,-188,-45,-192,-32,-195,-19,-196,-6,-197]]]
160961	r	31.5096,-1.6324,32.1104,-1.0276	[[[315096,-13300,6,-198,19,-197,32,-195,45,-193,57,-189,69,-185,81,-180,93,-175,104,-168,114,-161,125,-153,135,-144,143,-136,152,-125,160,-115,167,-105,173,-93,179,-82,184,-70,188,-57,192,-45,194,-32,196,-20,196,-6,196,6,196,20,194,32,192,45,188,57,184,70,179,82,173,93,167,105,160,115,152,125,143,136,135,144,125,153,114,161,104,168,93,175,81,180,69,185,57,189,45,193,32,195,19,197,6,198,-6,198,-19,197,-32,195,-45,193,-57,189,-69,185,-81,180,-93,175,-104,168,-114,161,-125,153,-135,144,-143,136,-152,125,-160,115,-167,105,-173,93,-179,82,-184,70,-188,57,-192,45,-194,32,-196,20,-196,6,-196,-6,-196,-20,-194,-32,-192,-45,-188,-57,-184,-70,-179,-82,-173,-93,-167,-105,-160,-115,-152,-125,-143,-136,-135,-144,-125,-153,-114,-161,-104,-168,-93,-175,-81,-180,-69,-185,-57,-189,-45,-193,-32,-195,-19,-197,-6,-198]]]
877747	r	39.8244,-10.6307,40.4494,-10.1134	[[[398244,-103468,39,-166,69,-225,84,-221,98,-216,113,-208,125,-200,139,-192,151,-182,163,-173,174,-161,184,-150,194,-137,202,-125,210,-111,218,-98,223,-83,228,-68,232,-54,235,-38,237,-24,238,-7,238,7,237,24,73,12,159,155,378,279,648,223,359,254,318,316,159,289,6,132,-46,93,-56,75,-27,76,14,110,109,339,-64,-4,-132,10,-64,-6,128,157,165,152,92,160,-87,181,-59,89,-34,101,-44,82,-93,35,-126,-18,-91,-51,-34,-86,46,-118,176,35,120,-155,-47,-197,-323,-93,-48,19,-337,66,-25,-17,-101,93,-322,712,-55,89,-103,88,-225,107,-87,71,-53,122,-30,139,-58,113,-133,43,-341,-417,519,-217,170,-49,-81,-50,-60,-19,-60,15,-79,54,-26,-71,-26,-54,-18,-63,2,-91,-124,84,-48,43,4,-1,3,6,-12,25,-13,-8,-14,6,-15,13,9,5,17,-2,0,8,6,-3,3,7,19,-9,-2,16,-54,22,-4,11,-20,13,-21,26,-44,-4,-9,20,-30,15,-20,-10,13,6,-97,66,-6,15,6,22,34,26,-11,9,-60,4,-34,-5,-29,-21,-4,-1,-26,11,-61,-12,-15,-28,-42,-12,-21,-1,-38,-19,-5,-36,7,-5,-6,-9,-24,-7,-6,-19,4,-7,-15,-13,-12,-29,23,10,9,27,21,20,-32,-69,-1,-25,6,0,3,17,7,-3,21,10,4,10,9,-10,15,-2,5,-21,8,-6,1,-14,-77,15,-100,61,-2,4,5,5,-24,28,-43,24,-37,56,-28,-6,-8,-21,-9,-4,40,-22,15,-51,-7,23,-17,-3,-53,-22,-52,5,-52,81,30,62,97,42,74,51,-30,92,-82,168,32,146,65,135,19,129,-32,109,-30,15,-49,-12,-400,144,-195,45,-309,134,-146,42,-191,28,-119,-12,-22,-84,90,-201,51,-154,-2,-174,-51,-165,-103,-119,-83,300,-18,576,-122,200,-1384,-2334]]]
150006	r	33.0094,-3.9432,33.8306,-3.2481	[[[330094,-36600,8,-270,27,-269,44,-266,61,-263,78,-258,94,-253,68,-150,2165,-918,52,25,-5,37,64,5,22,38,46,-33,78,26,44,-12,21,33,93,18,36,35,87,-33,128,87,140,11,-5,-23,108,78,56,-41,68,40,25,-7,17,34,43,-21,66,23,52,-33,33,36,33,-23,27,47,61,27,34,-48,73,27,54,-95,74,-12,31,-47,77,-19,-8,-31,71,-45,29,29,57,-21,101,103,333,-73,87,32,147,-8,79,90,93,39,12,-30,21,35,35,-38,82,3,-18,32,76,27,-1,24,47,24,-5,22,131,-31,43,7,69,68,121,-6,35,24,26,-35,36,27,21,-46,66,7,28,-34,0,52,145,-26,44,-16,19,-36,76,-4,33,-47,40,1,32,-55,44,8,8,-33,-35,-24,-3,-47,-33,-11,-13,-55,-64,-54,85,-78,49,-1,87,-65,55,3,43,-39,362,-25,23,-8,104,112,171,208,156,220,142,229,127,238,111,246,94,253,78,258,61,263,44,266,27,269,8,270,-8,270,-27,269,-44,266,-61,263,-78,258,-94,253,-111,246,-127,238,-142,229,-156,220,-171,208,-183,197,-197,185,-207,171,-219,157,-228,143,-237,127,-245,112,-251,95,-257,78,-262,61,-265,44,-267,27,-74,2,-2,-117,45,-171,-153,-180,-43,-94,-104,-98,-356,47,-192,1,-154,-50,-127,-95,-74,-105,-233,-523,-118,-131,-106,0,-23,6,-1,26,-233,35,-347,3,-211,-108,-393,-26,-34,-173,-169,-129,-319,-7,-46,19,-24,75,-124,63,-68,-95,-142,-229,-127,-238,-111,-246,-94,-253,-78,-258,-61,-263,-44,-266,-27,-269,-8,-270]]]
149581	r	34.0542,-1.6705,34.6854,-1.1039	[[[340542,-13091,168,-634,271,-1017,186,-700,7,-9,132,-162,142,-153,152,-144,161,-133,170,-122,177,-111,184,-99,189,-86,195,-74,200,-61,203,-48,205,-34,208,-20,208,-7,208,7,208,20,205,34,203,48,200,61,195,74,189,86,184,99,177,111,170,122,161,133,152,144,142,153,132,162,122,170,110,178,98,185,86,191,73,197,61,200,47,205,31,188,-1285,718,-2148,1198,-1759,982,-62,-51,-152,-144,-142,-153,-132,-162,-122,-170,-110,-178,-98,-185,-86,-191,-73,-197,-61,-200,-47,-205,-34,-207,-1,-9]]]
150930	r	32.9671,-4.3863,33.3747,-3.824	[[[329671,-39116,136,21,327,9,98,-100,54,-210,138,-52,-6,-28,126,-50,166,-133,154,-25,38,20,121,-13,301,79,105,-42,104,24,39,-31,136,-4,110,52,40,-4,100,92,61,-19,23,-55,133,-7,32,68,-17,20,13,37,42,41,5,67,47,-10,10,31,46,1,100,-28,89,72,97,46,-2165,918,-208,89,-595,-876]],[[330832,-43554,7,-64,-7,-14,32,-20,51,-20,30,-24,19,-24,65,-41,61,-69,83,-33,-8,122,2,37,20,85,51,60,28,21,109,127,79,65,37,40,30,96,-1,43,8,34,16,25,18,8,32,-18,18,-1,159,51,127,-28,107,1,24,8,85,67,25,5,95,-11,46,10,45,-2,122,-34,59,-28,25,10,176,147,58,68,27,1,30,-32,16,-36,285,-241,39,-24,34,-60,149,-97,-33,-183,-11,-19,-66,-66,-17,-26,101,-18,95,-39,36,1,78,-22,38,4,97,-8,37,-14,24,0,23,75,-13,90,13,37,0,32,-12,63,-6,0,-22,63,-48,99,7,37,-14,28,-3,136,17,44,10,51,-3,37,-10,24,6,7,-24,62,-49,167,-30,131,-1,70,14,62,-8,58,0,158,15,95,-1,141,-12,40,5,132,-93,13,-241,-24,-7,-10,-19,-5,-92,5,-28,17,-45,-5,-20,8,-63,79,-32,28,-55,20,-64,108,-34,37,-70,25,-19,30,-17,52,-40,73,-8,30,40,90,17,13,71,9,36,-10,183,-13,21,37,18,75,37,64,56,176,-20,0,-56,26,-225,19,-195,-28,-105,3,-32,-12,-149,9,-50,-10,-50,7,-83,-27,-156,-16,-160,3,-11,37,-11,14,-74,12,-43,21,59,126,29,91,-60,-18,-7,38,-15,14,-127,8,-60,34,-50,-212,-25,-41,-37,-42,-58,-43,-157,-69,-50,-10,-29,1,-10,7,-38,-53,-57,-16,-16,-44,-30,-56,-9,-50,-27,-41,-8,-41,-35,-60,-14,-46,0,-26,24,-21,54,-31,16,-34,-11,-52,19,-14,21,-66,1,-28,30,-136,3,-30,-7,-59,37,-151,56,-168,51,-94,2,-75,74,5,34,-14,76,-72,56,-79,-56,-44,-124,-67,-58,-55,-81,-45,-75,-69,-38,-61,-50,-140,-24,-29,-48,-99,19,-305,-12,-94,-16,-63]]]
155101	n	34.6027,-9.0761,35.0573,-8.6239	[[[346027,-88500,11,-222,33,-219,54,-215,75,-209,96,-201,114,-190,133,-178,150,-165,165,-149,179,-132,192,-114,201,-95,210,-75,217,-54,220,-32,223,-11,223,11,220,32,217,54,210,75,201,95,192,114,179,132,165,149,150,165,133,178,114,190,96,201,75,209,54,215,33,219,11,222,-11,222,-33,219,-54,215,-75,209,-96,201,-114,190,-133,178,-150,165,-165,149,-179,132,-192,114,-201,95,-210,75,-217,54,-220,32,-223,11,-223,-11,-220,-32,-217,-54,-210,-75,-201,-95,-192,-114,-179,-132,-165,-149,-150,-165,-133,-178,-114,-190,-96,-201,-75,-209,-54,-215,-33,-219,-11,-222]]]
150103	r	32.2085,-3.253,32.928,-2.1104	[[[322086,-22891,166,-344,49,13,41,41,-67,221,9,156,38,47,2,47,-29,49,-169,-181,-40,-49]],[[322331,-22623,6,-4,33,25,18,-13,24,-160,102,-64,84,0,24,36,85,28,156,-18,111,22,53,47,3,125,69,8,10,-89,64,-121,88,-77,67,-115,-11,-50,-71,-41,20,-71,56,-61,41,-8,6,-33,69,-31,99,43,-4,33,87,-37,-12,-71,83,-128,-178,126,-128,25,-151,0,-38,-58,80,-159,99,-65,-7,-80,49,-91,-4,-64,-59,-34,-13,-39,79,-125,50,-25,105,-6,73,69,9,42,74,-189,57,-28,7,-72,-39,23,-136,-53,-20,-68,68,-106,340,12,101,28,21,36,53,-20,57,-89,171,39,17,-44,-174,-186,-8,-46,40,-64,10,21,67,-18,251,156,44,-103,30,-15,74,26,36,52,-20,81,91,44,-42,-125,46,-126,103,-62,46,13,-8,-26,52,67,6,114,43,81,81,25,148,-40,57,70,-3,59,39,17,65,-118,-4,-70,-55,-40,-21,-80,32,-78,-6,-60,-53,-63,-24,-80,-147,56,-61,-16,-8,-191,19,-49,-88,-138,77,-87,6,-92,73,-40,5,0,-4,5,81,-101,26,-102,212,-186,-76,-100,-277,-173,-85,-26,16,-14,-229,-13,-437,118,-104,-10,-206,54,-226,7,-88,40,-147,3,-87,22,387,-805,109,-227,-33,-68,9,-127,-36,-72,115,-86,105,-172,20,-77,137,-28,84,-61,185,11,401,-54,83,-46,358,-107,19,-27,-118,-106,-17,-101,89,-176,85,-110,89,-105,93,-67,60,-370,-37,-110,-2,-163,-72,8,-100,-41,-151,-4,-95,-42,-119,-92,1455,-3025,240,-10,300,30,376,62,155,36,20,75,55,87,-13,97,-47,94,13,68,119,235,-3,57,-102,144,-123,267,3,282,134,354,-23,150,-50,71,-115,86,23,107,-35,133,132,120,136,82,109,132,42,139,36,3,-11,51,42,50,-33,96,124,222,23,117,61,129,-30,123,138,274,74,80,71,28,85,-2,39,115,174,12,125,75,65,107,-5,60,-300,494,28,22,-14,138,-37,92,17,59,-262,120,9,-4,0,1,-180,297,-23,37,-2,1,46,-20,11,50,99,-16,17,41,-89,71,-62,114,-101,-42,-22,-30,-62,103,-3,-29,20,-133,-21,133,17,121,-56,138,15,21,144,-58,43,23,29,58,-7,119,-31,25,-25,-25,-27,49,-61,21,3,28,90,46,58,-12,34,-67,66,19,-3,106,-60,76,-14,56,15,47,25,10,52,-86,45,-3,-40,66,1,50,-34,-2,-43,47,4,31,90,48,0,25,-67,15,-67,48,-20,-92,-48,-35,-24,122,-65,70,30,24,-17,55,83,47,61,-43,57,14,19,-44,18,5,9,58,-64,119,30,28,-32,65,25,64,-30,-16,-18,25,-44,-27,-59,30,4,47,102,99,-64,46,-63,-14,-13,34,19,19,-23,30,-110,-89,-35,4,1,21,-68,-8,54,-84,4,-56,-41,-36,-111,139,-74,25,5,-114,-80,-4,5,-103,-70,-16,-6,-81,-118,-127,-68,25,-3,66,-30,28,10,49,72,53,-100,92,35,62,-11,34,-81,3,-39,-74,-38,-8,-71,-4,-62,46,9,-6,-153,251,55,12,12,22,-73,41,-18,44,2,238,-81,-10,-130,42,-31,46,-14,25,-8,12,44,114,-43,16,-50,-45,-6,6,-17,28,-42,70,4,-37,-13,107,19,50,43,13,61,-31,-35,104,18,145,-22,80,-41,-38,-34,-93,-35,2,-42,-176,-1718,2834,-182,-56,-356,-135,-347,-158,-336,-180,-323,-202,-309,-223,-295,-243,-277,-262,-56,-60],[323206,-22347,39,-33,57,0,1,-17,-74,-21,-23,71],[324057,-23396,13,86,58,69,-22,74,29,86,44,58,96,24,69,69,-75,185,36,34,-9,18,74,8,17,37,21,-22,-68,-102,28,-41,44,-5,-47,-99,50,-44,86,40,3,47,40,23,31,77,47,12,79,-70,20,-57,-29,-82,-173,-21,-29,-105,62,-93,99,18,-2,-174,46,-30,44,37,24,83,18,-61,36,-12,67,52,44,-10,23,59,202,-3,5,39,-101,137,9,26,-60,143,30,42,80,-102,46,12,9,129,-26,29,1,45,110,-19,31,-30,150,48,-49,-131,71,-120,-8,-165,-43,-70,-92,15,-34,-28,-18,-55,21,-54,-25,-44,32,-75,-28,-15,-35,23,-81,-32,-18,-41,22,-70,-41,-31,-3,-37,44,-74,123,24,3,-57,-43,-54,27,-57,-24,-56,-32,1,-37,55,-68,38,-5,-118,-137,21,-43,-33,4,-80,44,-36,-54,-58,-60,42,-14,98,-39,23,-119,-115,-37,-102,-183,-85,-69,-1,-51,122,-1,46,43,44,-8,35,-91,7,-38,99,40,22,27,81,142,62,28,149,-98,5,-50,80,-67,-47,-140,36,-6,53,-62,96],[324202,-26868,2,28,15,6,7,14,66,18,57,25,122,23,-245,-66,-38,-77,14,29],[324719,-22717,31,25,-5,-51,27,-28,-43,-29,-10,83],[325145,-26296,11,-9,55,-142,-66,151],[326596,-29719,23,-32,-21,15,-2,17],[326911,-29906,108,-89,72,-60,-43,18,-137,131],[327145,-30078,111,-32,-28,-4,-83,36],[327312,-30103,26,14,147,81,-136,-91,-37,-4],[328079,-29122,-3,-13,1,-3,-1,-1,-1,-1,4,18],[327703,-29413,94,-244,-3,-3,-91,247],[327758,-28619,1,0,1,0,183,-63,-185,63],[327780,-28548,136,17,-135,-17,-1,0],[328007,-28728,28,-74,-2,-2,1,-3,-27,79],[328014,-29064,29,-12,33,-28,0,-6,-62,46],[328538,-28288,6,1,15,18,-14,-18,-7,-1],[328550,-27968,6,49,49,11,95,104,67,38,-66,-38,-96,-104,-48,-11,-7,-49],[328756,-28087,10,92,56,14,40,-105,-37,-27,-69,26]],[[326454,-23636,73,-62,36,73,-79,34,-30,-45]],[[326967,-23387,34,-54,70,-40,29,11,-15,28,-70,90,-13,-20,-34,37,-1,-52]],[[326968,-24208,4,-99,143,-83,59,-56,24,5,11,43,-36,56,-55,32,-42,-20,-108,122]],[[327280,-24455,16,-67,27,26,-7,43,-20,17,-16,-19]],[[327381,-24398,138,-38,66,-62,30,13,16,95,68,0,26,26,-40,7,-40,55,-66,-9,-23,54,-91,17,-29,-63,-37,-12,10,-42,-28,-41]],[[329102,-28323,5,-53,104,-45,31,-50,38,-3,-103,170,-25,42,-50,-61]]]
159675	r	37.4233,-6.028,38.5283,-4.8343	[[[374233,-54300,13,-391,38,-390,64,-386,89,-381,113,-374,137,-367,162,-356,184,-345,206,-332,227,-319,248,-302,267,-286,285,-267,302,-249,317,-227,332,-207,344,-185,356,-161,365,-138,374,-114,380,-88,385,-64,389,-39,390,-12,390,12,389,39,385,64,380,88,374,114,365,138,356,161,344,185,332,207,317,227,302,249,285,267,267,286,248,302,227,319,122,197,-1591,2586,-1147,1865,-2848,4630,-276,-27,-385,-64,-380,-88,-374,-114,-365,-138,-356,-161,-344,-185,-332,-207,-317,-227,-302,-249,-285,-267,-267,-286,-248,-302,-227,-319,-206,-332,-184,-345,-162,-356,-137,-367,-113,-374,-89,-381,-64,-386,-38,-390,-13,-391]]]
158151	n	33.3925,-9.4761,33.8775,-9.0062	[[[333925,-92300,11,-222,32,-219,55,-215,75,-209,95,-201,115,-190,133,-178,150,-165,166,-149,179,-132,153,-91,0,-1,147,-108,191,-114,202,-95,210,-75,217,-54,221,-32,223,-11,223,11,221,32,217,54,210,75,202,95,191,114,179,132,166,149,150,165,133,178,115,190,95,201,75,209,55,215,32,219,11,222,-11,222,-32,219,-55,215,-75,209,-95,201,-115,190,-133,178,-150,165,-166,149,-179,132,-153,91,0,1,-147,108,-191,114,-202,95,-211,75,-216,54,-140,20,-1872,-954,-442,-226,-92,-193,-75,-209,-55,-215,-32,-219,-11,-222]]]
13132458	r	34.762,-8.8216,35.818,-7.7876	[[[347620,-83000,9,-291,5951,-4925,9,1,341,56,337,78,330,100,324,121,314,142,305,162,294,182,280,201,268,218,252,235,236,252,219,266,201,279,183,293,163,303,142,314,122,322,100,329,79,336,56,339,34,343,11,344,-6,182,-1610,1233,-3214,2460,-1632,1249,-185,-43,-330,-100,-324,-121,-314,-142,-305,-162,-294,-182,-280,-201,-268,-218,-252,-235,-236,-252,-219,-266,-201,-279,-183,-293,-163,-303,-142,-314,-122,-322,-100,-329,-79,-336,-56,-339,-34,-343,-11,-344]]]
878281	r	39.1498,-10.5645,39.9628,-9.4404	[[[391498,-100000,13,-370,36,-368,61,-365,85,-360,108,-354,131,-346,154,-337,176,-327,197,-314,218,-300,236,-286,255,-270,273,-253,288,-235,303,-215,317,-196,329,-174,340,-153,349,-130,357,-107,364,-84,368,-61,371,-36,126,-4,1291,2177,913,1540,471,794,-485,795,-249,190,-134,24,-147,-6,-131,17,-213,211,-202,-15,9,91,-104,21,-102,-21,-38,27,-67,-17,-121,70,-76,-12,-30,-29,-122,-6,-136,-171,-25,1,8,75,-126,253,4,98,1,2,80,18,13,20,215,52,345,145,69,45,4,2,0,1,34,23,-10,88,-34,25,0,7,-103,89,-36,63,-116,40,-11,17,4,1,112,-25,130,59,58,41,23,56,82,42,72,205,-67,284,-66,114,-79,75,-164,118,-63,103,-79,270,-32,72,-75,9,-397,-9,-81,37,44,85,169,158,202,76,81,65,-91,194,34,203,-57,109,-133,131,-48,69,-50,108,23,83,79,63,26,64,-135,94,-105,152,-118,545,-84,197,-240,218,-68,92,3,77,22,114,-17,104,-104,44,-315,-52,-364,-84,-357,-107,-349,-130,-340,-153,-329,-174,-317,-196,-303,-215,-288,-235,-273,-253,-255,-270,-236,-286,-218,-300,-197,-314,-176,-327,-154,-337,-131,-346,-108,-354,-85,-360,-61,-365,-36,-368,-13,-370]]]
149129	n	31.735,-3.7161,32.1689,-3.2639	[[[317350,-34900,11,-222,32,-219,54,-215,74,-209,95,-201,113,-190,132,-178,148,-165,164,-149,177,-132,189,-114,200,-95,208,-75,214,-54,218,-32,221,-11,99,5,1308,2033,682,1061,-10,27,-95,201,-113,190,-132,178,-148,165,-164,149,-177,132,-189,114,-200,95,-208,75,-214,54,-218,32,-192,10,-738,-117,-152,-54,-200,-95,-189,-114,-177,-132,-164,-149,-148,-165,-132,-178,-113,-190,-95,-201,-74,-209,-54,-215,-32,-219,-11,-222]]]
151479	r	34.1826,-10.179,35.6141,-9.0328	[[[341827,-96031,81,-37,973,-1016,298,-108,63,-132,25,-179,50,-189,58,-80,222,-227,45,-25,181,-173,12,-41,998,-1224,114,-205,300,-421,117,-342,14,-109,-21,-114,-89,-196,-21,-99,77,-341,132,-292,59,-18,538,-125,404,-66,4124,645,3741,2450,75,90,321,446,292,466,260,484,228,500,195,514,160,525,126,534,90,542,54,546,18,548,-18,548,-54,546,-76,457,-13652,1621,-514,-5703]]]
157403	r	36.1021,-7.8747,37.4987,-6.0444	[[[361021,-69795,2987,-4025,787,-180,-10,-26,11,-95,83,-1,150,-213,52,-139,21,-231,86,-95,49,-399,50,-38,537,85,158,-172,188,-37,272,62,99,-41,182,-204,105,-182,106,-67,614,-90,110,-66,142,-20,63,29,50,-24,1,-134,-96,-342,59,-7,15,-38,527,-17,53,21,49,101,44,15,302,-56,135,60,60,-45,26,-52,137,42,153,8,68,-16,24,-62,34,-3,58,-66,96,-41,192,-31,94,-87,243,-76,65,-116,61,14,52,-32,18,-29,-26,-49,113,-71,-8,-43,106,-9,12,-47,-88,-57,30,-45,101,31,125,-65,25,14,281,-235,-55,-180,61,-66,55,-31,119,40,-4,-103,-44,-101,23,-83,-32,-42,-23,-123,28,-116,-46,-119,79,-249,86,-45,156,109,-76,40,129,138,54,139,700,1215,115,274,287,433,47,140,75,99,159,299,367,-84,-11,751,30,56,-31,21,-73,4909,-31,2075,126,30,76,60,29,-8,6,42,71,26,36,119,42,36,3,88,42,13,42,107,35,26,43,135,86,63,14,35,29,4,-13,12,49,10,30,66,107,61,34,125,43,29,-35,84,31,51,46,12,3,59,43,25,-10,27,33,24,3,58,80,61,-8,70,20,4,19,77,-39,48,-8,99,52,52,20,102,32,23,8,-18,55,84,45,12,39,59,-5,95,14,-9,31,99,35,36,-27,83,-55,-5,8,28,-35,72,-55,30,-19,52,16,71,-31,51,26,46,-30,10,36,71,-5,48,49,13,-13,49,35,4,2,40,43,-11,2,37,42,-10,3,33,19,-22,-9,36,53,19,0,36,52,16,34,47,34,-18,23,67,76,5,-10,19,59,18,31,43,-311,364,95,77,-577,577,36,42,-66,63,-173,301,-121,105,-120,-27,-83,24,-131,55,-67,70,-180,376,-56,66,-58,213,-60,40,-1,107,-60,-26,-22,39,10,108,56,72,-11,44,22,25,-74,65,-63,135,-73,24,-8,58,-141,57,-95,229,15,68,-242,33,-612,236,-89,124,-261,264,-248,102,-42,140,-174,148,-118,-65,-29,-279,-40,-32,-440,-50,-91,43,-80,-19,-121,13,-87,-19,-16,-50,-166,-74,-51,-280,-117,-128,-123,-85,20,-178,37,-90,-34,-28,11,-41,-127,-34,-62,36,-41,-30,-107,0,-62,-144,-76,-85,129,-213,-10,-234,9,-35,76,-3,-15,-23,-52,-2,97,-212,38,-153,265,38,16,-68,30,-1,3,41,193,22,237,76,21,-89,-14,-67,-63,-101,-38,-28,-95,3,10,-668,-7393,-3220,-1504,-2795]]]
878058	r	38.2665,-11.2472,39.3334,-10.1923	[[[382666,-107200,11,-345,34,-344,57,-340,80,-337,101,-330,123,-323,144,-315,164,-304,185,-294,203,-280,222,-267,238,-252,255,-236,270,-219,283,-201,297,-183,308,-162,318,-143,326,-122,334,-100,340,-78,345,-57,347,-33,198,-7,329,309,132,83,209,52,176,121,268,230,338,77,1307,-1,346,67,228,101,65,47,270,219,255,236,238,252,222,267,203,280,185,294,164,304,144,315,123,323,101,330,80,337,57,340,34,344,11,345,-11,345,-34,344,-57,340,-80,337,-101,330,-123,323,-144,315,-164,304,-185,294,-203,280,-222,267,-238,252,-255,236,-270,219,-283,201,-297,183,-308,162,-318,143,-326,122,-334,100,-340,78,-345,57,-347,33,-349,12,-349,-12,-347,-33,-345,-57,-340,-78,-334,-100,-326,-122,-318,-143,-308,-162,-297,-183,-283,-201,-270,-219,-255,-236,-238,-252,-222,-267,-203,-280,-185,-294,-164,-304,-144,-315,-123,-323,-101,-330,-80,-337,-57,-340,-34,-344,-11,-345]]]
148942	n	32.7147,-9.3291,33.1674,-8.8839	[[[327147,-90807,2805,-2484,108,27,210,75,202,95,192,114,179,132,165,149,150,165,133,178,115,190,95,201,76,209,54,215,33,219,10,222,-10,222,-33,219,-44,173,-4,6,0,1,-121,222,-347,638,-107,118,-165,149,-179,132,-192,114,-202,95,-210,75,-216,54,-221,32,-223,11,-223,-11,-221,-32,-216,-54,-210,-75,-202,-95,-192,-114,-179,-132,-165,-149,-150,-165,-133,-178,-115,-190,-95,-201,-76,-209,-54,-215,-22,-148]]]
161290	r	38.2772,-6.6634,39.1444,-5.8716	[[[382773,-64400,14,-407,40,-406,66,-402,93,-397,118,-390,3,-7,1660,99,3026,182,-2,9,28,3,-4,15,5,20,-19,39,22,0,13,8,-1,7,-34,14,-5,8,3,13,35,17,-34,9,30,26,4,14,-12,30,-4,9,14,2,15,-15,1,-2,9,0,13,9,6,-5,3,-2,-1,3,0,3,2,-3,2,-3,8,3,2,4,3,7,18,11,11,-8,16,2,-1,16,-14,8,10,9,31,5,-8,13,-2,0,-6,2,-4,13,22,18,0,9,14,3,3,-5,9,-14,17,11,-15,27,1,15,13,-6,7,-2,2,10,-10,56,18,-3,6,-18,10,-9,25,18,0,8,0,10,0,5,-5,5,-28,31,0,12,6,5,0,1,7,7,14,-10,9,-7,26,1,4,0,4,-1,20,-8,10,-4,39,-54,11,-53,-1,-17,-2,-30,-1,-16,-6,-31,-21,-100,-19,-157,-1,-5,-89,-123,19,-81,19,-47,20,-122,88,-64,165,-34,43,-15,53,-35,76,11,3,82,34,127,-28,40,-1,2,-31,47,-42,110,9,15,29,12,151,-9,45,98,15,51,25,37,23,14,27,-3,21,16,11,17,16,24,19,13,467,222,24,51,16,84,15,12,48,20,14,52,13,2,56,-14,48,-13,157,-25,27,-17,58,-69,153,-28,86,-20,9,-7,15,-48,0,-1,0,-20,8,-9,20,-22,6,-22,-4,-33,-1,-14,15,-34,27,-59,-4,-17,7,-26,-2,-3,1,0,-29,-72,-1,-15,-12,-16,-13,-32,-4,-24,-14,-20,-30,-74,218,101,22,-12,52,-52,194,-19,50,2,32,-10,55,-59,40,-32,10,-21,24,2,18,63,33,24,11,54,-38,18,37,26,-8,48,27,79,31,24,51,-21,-29,70,49,11,26,-51,33,68,28,-10,58,30,35,110,55,-8,36,27,-13,57,43,16,5,44,78,-30,79,-68,48,18,6,-3,18,17,-152,109,-330,395,-154,146,-1,2,-5,3,-393,372,-209,92,-286,88,106,-70,-257,47,203,-48,36,-31,42,6,19,-28,30,5,18,-11,11,-5,5,-17,18,9,127,-50,87,-38,7,-57,-8,2,-4,-30,-93,-33,-102,38,-108,62,-278,15,-18,3,-60,29,-75,90,4,47,-38,40,-14,-27,-22,2,-11,21,-69,29,-131,7,-50,20,-58,42,-80,85,-66,103,-44,113,-15,107,-43,97,-104,68,-122,64,-109,79,-126,249,-34,560,-24,78,101,396,-8,4,43,133,25,240,-39,377,-18,62,-156,132,-221,141,-59,58,-41,99,-95,385,-44,66,-125,143,-36,64,-11,242,48,140,-1368,1451,-214,-97,-359,-192,-346,-216,-331,-237,-315,-259,-298,-278,-278,-298,-259,-315,-237,-331,-215,-346,-192,-360,-169,-371,-143,-382,-118,-390,-93,-397,-66,-402,-40,-406,-14,-407]]]
156510	r	35.2376,-5.4975,36.3756,-4.5386	[[[352377,-51464,81,-179,184,-344,206,-332,227,-318,247,-302,266,-286,285,-267,301,-248,317,-228,331,-206,344,-185,355,-161,364,-138,373,-113,380,-89,385,-64,387,-38,390,-13,390,13,387,38,385,64,380,89,373,113,364,138,355,161,344,185,331,206,317,228,301,248,285,267,266,286,247,302,227,318,206,332,184,344,161,357,137,365,113,375,89,380,63,386,39,389,12,391,-12,391,-39,389,-63,386,-89,380,-113,375,-137,365,-161,357,-184,344,-206,332,-210,295,-3199,-140,-3390,-148,-3136,-137,-440,-5653]]]
158160	n	31.6651,-3.276,32.1416,-2.7738	[[[316651,-30500,11,-222,32,-219,33,-131,771,-1194,153,-114,189,-114,199,-95,208,-75,214,-54,219,-32,191,-10,738,117,152,54,199,95,189,114,178,132,163,149,148,165,132,178,74,125,6,-4,40,36,148,165,132,178,113,190,95,201,38,107,-787,1799,-123,38,-234,208,-27,113,-54,39,124,217,50,-13,-193,440,-11,6,-208,75,-214,54,-219,32,-220,11,-220,-11,-219,-32,-214,-54,-208,-75,-199,-95,-189,-114,-178,-132,-163,-149,-148,-165,-132,-178,-74,-125,-6,4,-40,-36,-148,-165,-132,-178,-113,-190,-95,-201,-74,-209,-54,-215,-32,-219,-11,-222]]]
148987	p	160263
161312	r	35.3708,-4.5674,36.1292,-3.8392	[[[353708,-42200,8,-249,24,-248,41,-246,56,-242,72,-239,87,-233,103,-227,117,-220,131,-211,144,-203,158,-193,169,-181,182,-171,191,-158,202,-145,211,-132,219,-117,130,-59,3390,148,53,28,211,132,202,145,191,158,182,171,169,181,158,193,144,203,131,211,117,220,103,227,87,233,72,239,56,242,41,246,24,248,8,249,-8,249,-24,248,-41,246,-56,242,-72,239,-87,233,-103,227,-117,220,-131,211,-144,203,-158,193,-169,181,-182,171,-191,158,-202,145,-211,132,-219,117,-226,103,-232,88,-237,72,-242,56,-245,41,-247,24,-248,9,-248,-9,-247,-24,-245,-41,-242,-56,-237,-72,-232,-88,-226,-103,-219,-117,-211,-132,-202,-145,-191,-158,-182,-171,-169,-181,-158,-193,-144,-203,-131,-211,-117,-220,-103,-227,-87,-233,-72,-239,-56,-242,-41,-246,-24,-248,-8,-249]]]
156479	r	38.1328,-5.5019,38.8106,-4.7981	[[[381328,-50995,2364,-3844,200,-60,223,-52,227,-38,228,-23,230,-7,230,7,228,23,227,38,223,52,220,67,215,81,209,95,203,108,195,122,186,134,178,146,168,158,157,168,145,178,134,187,121,195,109,204,94,209,64,168,-414,3170,-108,151,-145,178,-157,168,-168,158,-178,146,-186,134,-195,122,-203,108,-209,95,-215,81,-220,67,-223,52,-227,38,-228,23,-230,7,-230,-7,-228,-23,-227,-38,-223,-52,-220,-67,-215,-81,-209,-95,-203,-108,-195,-122,-186,-134,-178,-146,-168,-158,-157,-168,-145,-178,-134,-187,-121,-195,-109,-204,-94,-209,-81,-216,-67,-220,-52,-224,-30,-182]]]
877998	r	34.5749,-11.5754,35.5468,-10.2714	[[[345749,-104403,138,-228,43,-186,-22,-95,-93,-225,-21,-128,7,-53,10,-79,46,-139,66,-131,81,-114,7,-3,78,-36,87,5,33,-9,35,-10,28,-117,-9,-192,27,-59,215,-251,95,-202,9,-218,-133,-211,63,-92,18,-44,42,-57,65,-47,60,-71,26,-129,-122,-90,-61,-85,39,-261,-130,-626,0,-443,-21,-103,-184,-409,-93,-116,-199,-253,-49,-252,43,-204,133,-411,29,-245,76,-175,476,-404,53,-99,31,-87,47,-64,181,-44,80,-55,62,-77,25,-90,32,-229,89,-194,130,-147,158,-89,0,-62,-59,-33,-86,-66,-60,-31,221,-407,65,-76,66,7,127,109,74,26,82,-10,432,-144,242,-125,187,-166,75,-206,43,-75,187,-153,86,-271,94,-106,94,-79,42,-74,23,-59,47,-90,50,-118,23,-146,0,-518,16,-87,1877,-18,401,92,418,125,408,152,397,178,384,203,371,228,354,251,337,273,318,295,298,315,259,311,-819,2042,-1,1,-2305,5748,-1099,2741,-174,29,-434,42,-436,14,-436,-14,-434,-42,-430,-70,-424,-98,-418,-125,-408,-152,-397,-178,-384,-203,-371,-228,-354,-251,-337,-273,-58,-55]]]
149027	n	31.3051,-3.5061,31.7549,-3.0539	[[[313051,-32800,10,-222,33,-219,53,-215,75,-209,94,-201,114,-190,131,-178,148,-165,164,-149,177,-132,190,-114,199,-95,208,-75,214,-54,219,-32,220,-11,220,11,219,32,214,54,208,75,199,95,190,114,177,132,164,149,148,165,131,178,114,190,94,201,75,209,53,215,33,219,10,222,-10,222,-33,219,-32,130,-772,1195,-152,114,-190,114,-199,95,-208,75,-214,54,-219,32,-220,11,-220,-11,-219,-32,-214,-54,-208,-75,-199,-95,-190,-114,-177,-132,-164,-149,-148,-165,-131,-178,-114,-190,-94,-201,-75,-209,-53,-215,-33,-219,-10,-222]]]
160833	p	158160
160677	n	39.643,-5.4542,39.8628,-5.1315	[[[396431,-54140,58,-135,145,-47,349,11,71,-119,82,17,108,66,142,36,0,-75,-89,-55,-34,-64,27,-37,96,26,142,90,112,103,53,111,-33,106,47,52,35,59,67,163,55,0,-49,-179,58,-80,88,23,45,132,4,169,15,63,42,43,76,107,297,884,120,140,-75,75,71,161,4,589,68,384,-1,6,-204,-43,-37,-17,-1,9,-1035,-215,75,-37,38,-165,-77,-194,75,-75,-185,-5,-341,51,-96,29,-94,-46,-68,19,-70,52,-108,43,75,-129,113,-102,122,-37,99,63,455,-286,245,-68,201,74,-68,-201,-99,-29,-181,94,-158,-8,-239,-62,-156,1,62,-86,81,-56,98,-37,114,-26,-97,-92,-177,-31,-197,15,-156,40,57,-155,209,-255,81,-142,-352,60,-125,-21,61,-107,-92,-139,-39,-159,-5,-350]],[[397183,-51705,107,111,-83,-17,-24,-94]]]
13132456	n	36.4242,-6.3061,36.8758,-5.8539	[[[364242,-60800,10,-222,33,-219,54,-215,74,-209,95,-201,114,-190,132,-178,149,-165,164,-149,178,-132,190,-114,201,-95,208,-75,215,-54,220,-32,221,-11,221,11,220,32,215,54,208,75,201,95,190,114,178,132,164,149,149,165,132,178,114,190,95,201,74,209,54,215,33,219,10,222,-10,222,-33,219,-54,215,-74,209,-95,201,-114,190,-132,178,-149,165,-164,149,-178,132,-190,114,-201,95,-208,75,-215,54,-220,32,-221,11,-221,-11,-220,-32,-215,-54,-208,-75,-201,-95,-190,-114,-178,-132,-164,-149,-149,-165,-132,-178,-114,-190,-95,-201,-74,-209,-54,-215,-33,-219,-10,-222]]]
149072	p	154380
149437	p	158151
154654	n	31.9711,-3.8561,32.405,-3.4039	[[[319711,-37138,10,-27,94,-201,114,-190,132,-178,148,-165,163,-149,178,-132,189,-114,200,-95,208,-75,214,-54,218,-32,221,-11,221,11,218,32,214,54,208,75,200,95,189,114,178,132,163,149,148,165,132,178,34,57,-5,283,164,19,15,32,74,209,54,215,32,219,11,222,-11,222,-32,219,-54,215,-74,209,-94,201,-114,190,-132,178,-148,165,-163,149,-178,132,-189,114,-200,95,-208,75,-214,54,-218,32,-221,11,-99,-5,-1990,-3094]]]
6640202	n	36.756,-3.7861,37.205,-3.3339	[[[367560,-35807,1,-15,32,-219,54,-215,74,-209,95,-201,113,-190,132,-178,148,-165,164,-149,177,-132,189,-114,200,-95,208,-75,214,-54,218,-32,221,-11,221,11,218,32,214,54,208,75,200,95,189,114,177,132,164,149,148,165,132,178,113,190,95,201,74,209,54,215,32,219,11,222,-11,222,-4,28,-145,239,-846,1394,-183,111,-200,95,-208,75,-214,54,-218,32,-221,11,-221,-11,-218,-32,-214,-54,-91,-33,-776,-1213,-720,-1125]]]
148842	n	39.6758,-5.1611,39.8782,-4.8903	[[[396758,-50017,81,-185,144,68,-43,-103,-138,-111,-29,-96,323,-123,87,-51,63,-101,8,-86,-53,-34,-118,56,-76,-9,-52,-106,-13,-141,41,-119,-37,-60,-16,-46,-22,-111,118,65,101,-4,78,-49,58,-74,-28,-65,-28,-109,83,17,28,29,32,-16,1035,215,-8,45,-96,300,32,189,61,196,32,194,-50,177,135,67,179,140,112,181,-113,374,26,239,0,204,-135,88,19,-131,-22,-188,-58,-201,-83,-164,-14,57,-35,75,-11,73,-119,-121,-1,-112,38,-96,7,-80,-66,-78,-41,36,-24,100,-7,115,-84,78,-461,264,-34,46,-162,161,-50,35,-62,-39,-21,-83,-37,-74,-111,-15,-10,44,-33,96,-55,95,-77,44,-30,10,-29,29,-23,42,-23,51,-12,-152,-61,-280,5,-116,112,-137,163,-87,112,-93,-39,-161,-174,104,-135,-47,-54,-145]],[[398423,-51358,204,43,-15,170,-127,55,-16,-49,17,-98,-8,-95,-55,-26]]]
