703448	r	29.8112,50.0617,31.2057,50.7945	[[[298112,505200,9,-180,28,-178,45,-178,64,-174,82,-172,98,-168,116,-164,132,-158,149,-153,163,-146,178,-139,192,-131,205,-123,217,-114,228,-104,238,-95,247,-85,256,-74,263,-63,268,-52,273,-41,277,-29,280,-18,280,-6,31,1,-494,-866,3614,-973,527,992,346,649,12,3,-6,8,252,474,2,1,34,20,6,20,-12,16,380,716,22,7,6,20,11,3,4,35,-4,6,18,35,241,105,32,-7,104,36,95,-5,21,55,132,20,32,28,-41,37,166,73,41,-23,51,-11,108,-11,56,25,28,36,8,26,-10,4,49,29,-2,9,-45,35,-9,1,3851,1684,-15,43,-82,171,-99,169,-116,163,-132,159,-148,152,-163,146,-178,139,-192,131,-205,123,-217,114,-228,105,-238,94,-248,85,-255,74,-263,64,-268,52,-274,40,-276,30,-280,17,-280,6,-280,-6,-280,-17,-276,-30,-274,-40,-268,-52,-263,-64,-255,-74,-248,-85,-238,-94,-227,-105,-49,95,-51,-90,-181,95,-228,104,-238,95,-247,85,-256,74,-263,63,-268,52,-273,41,-277,29,-280,18,-280,6,-280,-6,-280,-18,-277,-29,-273,-41,-268,-52,-263,-63,-256,-74,-247,-85,-238,-95,-228,-104,-217,-114,-205,-123,-192,-131,-178,-139,-163,-146,-149,-153,-132,-158,-116,-164,-98,-168,-82,-172,-64,-174,-45,-178,-28,-178,-9,-180]]]
706483	r	35.6858,49.6083,36.8342,50.3497	[[[356858,499800,12,-243,37,-242,61,-240,86,-237,109,-233,132,-228,155,-221,177,-215,199,-206,219,-198,238,-188,257,-178,274,-166,291,-154,305,-142,319,-128,331,-115,343,-100,351,-86,360,-71,366,-55,371,-40,373,-23,376,-8,376,8,373,23,371,40,366,55,360,71,351,86,343,100,331,115,319,128,305,142,291,154,274,166,257,178,238,188,219,198,199,206,177,215,155,221,132,228,109,233,86,237,61,240,37,242,12,243,-12,243,-37,242,-61,240,-86,237,-109,233,-132,228,-155,221,-177,215,-199,206,-219,198,-238,188,-257,178,-41,24,-15,-14,-160,-216,-86,-83,-189,-76,-225,-20,-234,25,-215,53,-149,77,-29,89,22,99,22,222,28,41,-25,25,-31,13,-122,53,-90,23,-319,45,-275,127,-221,33,-206,77,-98,20,-122,-2,-70,-23,-124,-79,-72,-45,-219,-102,-236,-66,-239,-9,-230,74,-665,683,-174,-11,-371,-40,-366,-55,-360,-71,-351,-86,-343,-100,-331,-115,-319,-128,-305,-142,-291,-154,-274,-166,-257,-178,-238,-188,-219,-198,-199,-206,-177,-215,-155,-221,-132,-228,-109,-233,-86,-237,-61,-240,-37,-242,-12,-243]]]
698740	r	30.195,46.3427,31.253,46.8678	[[[301950,464900,1,-20,5030,-926,-101,-16,16,-97,68,4,-1,7,84,7,5,25,93,14,-6,-34,16,-32,-21,-11,48,3,5,-49,32,-23,-80,-28,1,-61,21,3,-1,-16,-92,-70,-1,66,-48,-5,2,-46,-11,-2,0,-9,-26,-3,-1,-16,-25,-9,-4,10,-56,-7,12,-64,9,0,-5,-66,63,5,25,-7,13,9,8,-3,7,10,-17,12,4,10,136,124,126,76,9,-2,19,18,88,50,67,23,28,-5,14,-3,18,6,-25,47,13,33,-4,19,5,5,80,-15,134,123,23,42,87,303,33,56,36,50,26,20,52,29,-47,59,-76,50,-38,-1,-69,205,-169,249,-34,133,60,85,298,285,119,73,99,-2,420,-66,125,24,590,285,131,34,114,-36,87,-7,232,140,90,39,216,20,415,94,537,50,513,113,274,1,661,-120,-95,175,-147,225,-168,218,-188,210,-208,201,-226,191,-244,180,-260,169,-276,157,-290,144,-303,131,-314,116,-325,102,-334,87,-341,72,-348,56,-352,40,-355,25,-356,8,-356,-8,-355,-25,-352,-40,-348,-56,-341,-72,-334,-87,-325,-102,-314,-116,-303,-131,-290,-144,-276,-157,-260,-169,-244,-180,-226,-191,-208,-201,-188,-210,-168,-218,-147,-225,-126,-232,-103,-236,-81,-241,-58,-244,-35,-246,-12,-247]]]
709930	r	34.7307,48.1403,35.5066,48.7109	[[[347307,481403,7706,435,53,38,-271,1643,-260,156,-5711,3434,-586,-2204,-59,-8,-121,-46,-106,-8,-289,81,-24,-77,-150,-7,62,-54,41,-23,124,-30,-102,-162,-31,-64,19,-102,190,0,65,-61,-76,-28,31,-16,22,-27,71,43,15,19,61,-61,-41,11,-12,-9,58,-22,20,-1,14,17,27,4,-5,27,36,4,-771,-2902]]]
709717	r	37.4958,47.7311,38.0102,48.2637	[[[374958,481561,1754,-1449,72,-60,14,-11,1403,-1160,1901,-1570,-52,385,-809,1534,14,9,54,-9,14,-8,13,-17,-6,-10,52,-7,11,-11,-36,-22,64,-59,-11,-6,-2,-16,57,-10,49,-24,81,-20,20,38,33,-3,2,159,-71,-4,-35,4,3,10,35,2,1,20,64,4,1,-20,100,-19,10,4,39,-21,85,35,21,15,-35,31,69,58,1,43,-34,15,-32,-11,1,27,47,16,-87,40,-33,61,83,28,-15,21,-83,-26,-7,17,-18,-2,-12,36,133,38,6,28,18,16,-22,32,50,18,40,-4,15,25,-23,16,-33,0,-95,-19,-45,-62,-53,-24,-62,5,-101,61,-196,-59,-18,45,10,4,16,32,-58,13,11,23,-72,21,-43,41,-4,6,12,10,-38,91,-16,10,-91,-17,-5,9,-23,5,-34,37,46,25,-2,24,-43,2,-6,18,-44,7,-35,38,23,7,-46,11,10,30,-26,43,-49,-18,17,77,-11,1,-4,-12,-46,4,1,30,-31,0,-1,-13,-257,-2,-26,1,-11,17,-17,-2,-79,-41,-33,-10,-33,-2,-28,-10,-22,8,-46,-2,-3,50,-12,6,-11,27,-6,59,11,37,-32,33,-12,-1,-16,15,4,11,-11,21,36,75,-1,50,26,21,-3,71,8,3,9,-10,35,-5,0,-13,52,-6,2,-14,13,-2,4,-15,32,0,7,-12,54,-3,81,16,-750,1422,-1662,571,-100,-8,-1025,-1068]]]
702550	r	23.5376,49.5302,24.5025,50.1486	[[[235376,498400,10,-205,31,-204,51,-202,72,-200,92,-196,111,-192,130,-186,149,-181,167,-174,98,-90,2073,-943,2538,-325,243,26,308,46,302,60,295,72,288,85,278,96,268,108,257,120,244,130,230,140,216,150,200,158,184,167,167,174,149,181,130,186,111,192,92,196,72,200,51,202,31,204,10,205,-10,205,-31,204,-51,202,-72,200,-92,196,-111,192,-130,186,-149,181,-167,174,-184,167,-200,158,-216,150,-230,140,-86,46,-3913,685,-123,-14,-308,-46,-302,-60,-295,-72,-288,-85,-278,-96,-268,-108,-257,-120,-244,-130,-230,-140,-216,-150,-200,-158,-184,-167,-167,-174,-149,-181,-130,-186,-111,-192,-92,-196,-72,-200,-51,-202,-31,-204,-10,-205]]]
687700	r	34.5528,47.4667,35.7032,48.1802	[[[345528,479406,1195,-1363,1,-1,216,-247,1849,-1033,1770,-989,1979,-1106,171,27,366,75,357,91,347,106,337,122,324,136,310,150,295,164,279,176,261,188,242,199,222,210,202,219,179,227,158,235,134,241,111,247,87,251,62,255,37,256,13,258,-13,258,-37,256,-62,255,-87,251,-111,247,-134,241,-158,235,-179,227,-202,219,-222,210,-242,199,-261,188,-279,176,-295,164,-310,150,-61,26,-7072,-399,-98,-33,-133,-84,-261,-188,-242,-199,-222,-210,-202,-219,-179,-227,-158,-235,-134,-241,-111,-247,-39,-114]]]
703845	r	32.6369,47.5039,34.14,48.3707	[[[326369,480524,4144,-1410,-131,-66,-243,-149,-220,-165,-195,-178,-169,-190,-140,-201,-110,-209,-80,-215,-48,-219,-16,-222,16,-222,48,-219,80,-215,110,-209,140,-201,169,-190,195,-178,220,-165,243,-149,263,-132,281,-114,296,-95,309,-75,318,-54,324,-32,327,-11,327,11,324,32,318,54,309,75,296,95,281,114,263,132,243,149,220,165,195,178,169,190,140,201,110,209,80,215,48,219,16,222,0,2,2361,-803,3200,4117,-83,183,-180,324,-53,79,-2350,2055,-66,37,-416,201,-435,183,-79,28,-9227,-1434,-2142,-1748]]]
694423	r	33.378,44.5123,33.6106,44.7014	[[[335613,445597,-4,-11,48,-22,36,5,-19,-18,-25,-50,-20,-13,-17,2,-24,12,-9,-7,-39,20,-53,-18,-9,19,23,10,-16,18,-95,-41,-18,-18,57,-90,-33,-2,-131,66,-98,-89,-88,-59,-58,-25,-132,-36,41,-76,-2,-49,-30,-2,-47,25,-36,9,-26,17,-1,19,-93,32,-29,-2,-6,9,-18,1,-12,18,-56,39,-51,16,-95,63,-36,14,-10,13,-33,14,3,12,-68,11,-10,25,-184,92,-18,16,-67,27,12,18,-20,32,-67,39,-43,59,-52,40,-15,24,-38,25,-2,8,8,7,32,2,17,16,113,13,35,38,46,-3,-7,-77,20,-9,-20,-117,42,59,12,13,16,0,13,-20,-9,-47,13,-63,11,-6,15,56,-18,22,14,8,11,36,-16,17,12,20,-4,55,25,22,-5,34,12,14,3,-49,21,-7,4,-33,52,-42,33,-41,-14,-22,25,9,64,-4,10,-8,-22,-11,10,-9,23,12,3,6,-21,17,-45,4,-10,14,1,32,-25,17,-29,0,22,16,-11,71,7,2,0,34,-32,13,-35,-24,43,55,18,10,19,-2,24,-20,8,1,20,38,5,32,51,17,11,-5,8,-7,5,-29,-10,-21,38,-6,35,-40,7,3,-3,23,-10,-2,-3,7,14,8,16,29,-23,25,-3,28,10,9,34,12,31,3,24,12,32,-12,33,25,20,-7,26,9,-4,-32,10,-10,-25,-12,7,-33,-8,-24,15,-1,3,-7,5,-55,30,-20,-14,41,7,39,5,7,33,5,-4,11,-17,-1,-18,22,23,8,12,32,-2,30,16,2,18,-13,31,1,7,-25,31,8,-2,9,24,27,27,-2,61,22,28,-27,-23,-13,20,-34,15,0,14,-39,-6,46,-15,-1,-13,18,29,4,18,16,2,19,-9,14,35,14,28,44,29,99,64,57,36,11,54,0,55,23,40,47,33,61,0,22,38,47,17,46,17,135,16,139,0,115,25,2,33,-9,22,-25,45,-18,172,10,26,-5,44,5,25,-7,121,32,14,-30,31,7,8,-11,-17,-43,-173,-60,-28,-26,-54,-18,-64,-64,4,-7,100,9,64,15,4,-10,-20,-10,-5,-14,-16,-4,12,-22,16,-6,5,-11,208,46,11,-1,18,-23,-64,-89,28,-171,-24,-46,-42,-51,-31,11,-63,-83,-9,1,-33,-37,10,-36,-50,-81,-121,18,-35,-61,2,-15,16,-3,17,6,32,-11,30,-29,-5,-4,49,-28,30,-8,70,-72,10,0,3,-48,-31,-72,-42,-48,-29,-5,-35,-21,-87,-6,91,-104,-45,-28,-20,17,-41,4,-25,-7,-27,11,-22,-21]]]
700569	r	31.4214,46.6193,32.5563,47.3707	[[[314214,469800,12,-255,36,-255,61,-252,84,-249,108,-244,132,-240,153,-232,176,-226,196,-217,81,-77,182,195,58,52,81,36,193,58,73,42,73,124,65,145,83,59,121,-129,-461,-472,-123,-74,4,-98,-104,-160,127,-106,254,-187,272,-175,287,-162,303,-149,124,-52,850,-225,432,-45,437,61,117,40,220,105,73,60,91,131,-10,65,-51,78,-30,170,73,442,-39,70,-376,348,-4,266,127,217,211,146,246,54,219,112,183,262,94,297,-14,68,20,7,43,-16,-11,-43,42,4,2,-11,19,17,41,-2,1,15,62,-2,139,16,3,-55,-50,-197,-81,-136,-128,-106,-641,-472,71,-14,231,-30,-115,-193,41,-415,99,-171,112,-142,93,-147,38,-189,53,-169,131,-197,161,-176,138,-107,168,-56,301,-42,986,799,2958,2397,922,747,-25,174,-61,252,-84,249,-108,244,-132,240,-153,232,-176,226,-196,217,-217,208,-236,197,-254,187,-272,175,-287,162,-303,149,-316,135,-328,120,-339,105,-348,91,-356,74,-363,58,-367,41,-370,25,-372,9,-372,-9,-370,-25,-367,-41,-363,-58,-356,-74,-348,-91,-339,-105,-328,-120,-316,-135,-303,-149,-287,-162,-272,-175,-254,-187,-236,-197,-217,-208,-196,-217,-176,-226,-153,-232,-132,-240,-108,-244,-84,-249,-61,-252,-36,-255,-12,-255],[317206,472319,32,56,140,179,39,37,104,-33,12,-73,-48,-200,92,-123,590,-191,139,-103,39,-79,2,-107,32,-190,77,-152,101,-44,125,-23,141,-87,145,-259,-36,-243,-280,-420,159,-114,137,-10,-2,-9,16,-11,-6,-9,-15,6,-8,-14,-64,-12,-24,-88,-155,-15,-316,97,73,452,76,68,142,166,78,167,-125,77,-52,22,-50,46,-69,47,-247,41,-44,55,7,583,-101,118,-445,78,-193,87,-156,113,-62,114],[319035,469578,8,27,134,158,83,64,0,-12,7,-3,-34,-52,-101,-76,-66,-94,-31,-12],[319120,469251,48,8,86,-29,-120,23,-14,-2]]]
689558	r	28.0027,48.9228,28.9373,49.5372	[[[280027,492300,10,-201,30,-200,50,-198,69,-196,89,-193,107,-188,127,-183,144,-177,161,-171,178,-163,194,-156,210,-147,223,-137,236,-128,249,-117,259,-106,270,-95,279,-83,286,-70,292,-59,298,-45,302,-33,304,-20,306,-6,306,6,304,20,302,33,298,45,292,59,286,70,279,83,270,95,259,106,249,117,236,128,223,137,210,147,194,156,178,163,161,171,144,177,127,183,107,188,89,193,69,196,50,198,30,200,10,201,-10,201,-30,200,-50,198,-69,196,-89,193,-107,188,-127,183,-144,177,-161,171,-178,163,-194,156,-210,147,-223,137,-236,128,-249,117,-259,106,-270,95,-279,83,-286,70,-292,59,-298,45,-302,33,-304,20,-306,6,-306,-6,-304,-20,-302,-33,-298,-45,-292,-59,-286,-70,-279,-83,-270,-95,-259,-106,-249,-117,-236,-128,-223,-137,-210,-147,-194,-156,-178,-163,-161,-171,-144,-177,-127,-183,-107,-188,-89,-193,-69,-196,-50,-198,-30,-200,-10,-201]]]
6722148	p	706483
702658	r	38.975,48.3016,39.854,48.9328	[[[389750,486984,1514,-3377,2669,-570,1,0,95,-21,2549,774,1509,458,44,64,125,222,104,227,67,193,-6,37,20,4,58,231,35,237,5,108,-186,164,-261,103,-1191,99,-198,-53,-386,-15,18,45,83,203,611,1349,85,82,249,67,82,90,67,114,2,2,-94,87,-226,184,-244,173,-260,162,-275,151,-290,138,-302,126,-315,112,-324,98,-334,83,-341,69,-347,54,-351,39,-355,23,-356,8,-356,-8,-355,-23,-351,-39,-347,-54,-341,-69,-334,-83,-324,-98,-315,-112,-78,-33,-549,-532,0,-1293]]]
13546519	p	703448
13546518	p	703448
13580034	n	37.4981,47.0799,37.7555,47.2295	[[[374981,471538,878,-641,328,-41,15,4,34,24,35,47,21,8,45,-13,80,-7,101,-19,171,-44,97,-37,50,-11,279,-9,260,28,180,32,-3,23,-18,1,-4,10,-19,2,-1,12,-32,7,-21,-16,-23,3,-4,30,-16,-1,-15,-27,-46,5,-4,42,-16,-7,-66,10,-2,-9,-17,-3,-5,-7,-12,1,-9,11,-16,-4,-20,6,-22,-12,-36,-6,-87,16,-58,0,-16,8,-21,-6,-95,12,-145,-13,-5,39,22,-1,24,30,-23,28,62,48,8,-3,21,37,19,7,12,-11,56,36,46,18,-39,92,-41,45,-118,-15,-7,5,24,7,-10,15,-9,-3,-21,26,-47,-15,-77,31,-66,-39,-30,37,-24,-29,-15,8,9,7,-19,3,-21,-20,-21,-8,-16,22,-79,36,81,10,-39,48,66,29,-6,5,20,16,-4,6,49,23,40,-41,16,37,-7,28,-18,-7,-17,10,4,8,-37,11,-44,-67,-12,10,-6,20,-57,-8,-6,9,-18,-1,-2,7,-17,-1,33,67,-105,26,7,14,-77,18,-104,-28,-19,-16,-134,71,-77,14,15,27,40,25,17,47,-202,43,-2,5,49,88,74,85,4,38,-41,115,8,29,-20,2,-4,-42,-47,6,-6,3,25,31,-92,11,-36,-25,-34,21,-10,16,-476,67,-1,5,-72,-43,15,-15,-34,-74,24,-25,10,-27,-6,-27,-43,-72,1,-57,71,-74,32,-62,13,-48,-12,-12,-72,-7,-9,-29,6,-29,-31,-20,22,-23,3,-16,10,0,-2,-10,8,-1,-11,-25,19,-24,-29,-6,-12,-29,-12,-2]]]
13580095	p	703448
702320	r	37.7745,47.7695,38.1089,48.2066	[[[377745,482066,750,-1422,-81,-16,-54,3,-7,12,-32,0,-4,15,-13,2,-2,14,-52,6,0,13,-35,5,-9,10,-8,-3,3,-71,-26,-21,1,-50,-36,-75,11,-21,-4,-11,16,-15,12,1,32,-33,-11,-37,6,-59,11,-27,12,-6,3,-50,46,2,22,-8,28,10,33,2,33,10,79,41,17,2,11,-17,26,-1,257,2,1,13,31,0,-1,-30,46,-4,4,12,11,-1,-17,-77,49,18,26,-43,-10,-30,46,-11,-23,-7,35,-38,44,-7,6,-18,43,-2,2,-24,-46,-25,34,-37,23,-5,5,-9,91,17,16,-10,38,-91,-12,-10,4,-6,43,-41,72,-21,-11,-23,58,-13,-16,-32,-10,-4,18,-45,196,59,101,-61,62,-5,53,24,45,62,95,19,33,0,23,-16,-15,-25,-40,4,-50,-18,22,-32,-18,-16,-6,-28,-133,-38,12,-36,18,2,7,-17,83,26,15,-21,-83,-28,33,-61,87,-40,-47,-16,-1,-27,32,11,34,-15,-1,-43,-69,-58,35,-31,-21,-15,-85,-35,-39,21,-10,-4,-100,19,-1,20,-64,-4,-1,-20,-35,-2,-3,-10,35,-4,71,4,-2,-159,-33,3,-20,-38,-81,20,-49,24,-57,10,2,16,11,6,-64,59,36,22,-11,11,-52,7,6,10,-13,17,-14,8,-54,9,-14,-9,809,-1534,230,2107,29,-40,28,-15,138,-40,19,18,-69,37,7,23,19,14,15,5,43,-2,0,17,-47,14,4,12,-32,6,-4,9,64,-5,-40,31,-5,38,-20,24,9,15,-10,15,57,16,59,-19,12,17,-11,23,4,15,-14,12,-41,-4,-18,12,-37,-4,-127,-41,-7,32,25,225,14,-2,23,5,19,21,12,41,-39,86,-11,7,8,20,120,-14,53,13,120,88,-78,44,106,30,-6,36,162,19,124,-50,91,-2,11,6,16,-13,14,8,-109,92,79,23,-21,32,-70,59,18,18,-23,6,15,22,-28,29,-18,-5,-66,113,-37,21,-7,15,17,4,-9,17,-21,-5,-4,38,-13,23,40,-1,93,30,37,30,76,20,-32,68,22,9,50,-6,10,12,-37,19,-30,2,-33,11,9,35,-52,54,-114,36,-69,-22,-60,-5,1,-15,64,-2,37,-90,12,7,-2,-20,-85,-58,50,-38,-21,-13,-5,4,-33,-24,5,-15,-10,-10,-110,-25,-87,-46,-29,23,-33,-10,-22,25,-5,-18,-13,-6,1,1,54,491,-162,101,-2564,404]]]
693805	r	34.0289,44.8909,34.1989,45.0043	[[[340742,448969,-79,45,-8,-7,-73,42,31,28,-7,2,17,33,15,7,11,19,56,114,-81,26,25,36,-4,5,-91,-2,1,-21,-85,-6,-29,6,-93,-4,-10,3,-49,64,44,9,6,43,28,31,68,22,88,10,34,15,63,121,-27,5,4,11,-12,3,2,4,17,-3,4,7,23,-6,13,50,40,49,40,-23,56,14,-53,125,70,20,4,9,-14,16,6,3,48,-12,35,8,0,47,26,1,0,7,105,8,-18,50,49,6,-11,26,48,8,13,-32,48,5,3,-46,134,17,12,-116,8,-2,77,11,47,27,67,23,45,-10,16,33,49,-6,36,31,2,37,18,-4,9,-24,35,-22,120,69,68,-103,-61,-24,15,-13,-5,-26,17,-3,-20,-15,1,-7,63,-29,0,-19,48,-7,49,-86,-109,-49,-134,-8,0,7,-43,7,1,-7,-22,-16,-22,0,1,-49,51,7,-1,-22,-107,2,-7,-11,-51,0,-19,-36,35,-22,64,-25,-14,-21,6,-4,-9,-28,-9,20,-29,2,-76,22,-51,-47,-21,-10,7,-9,-22,-7,16,-19,24,-3,28,6,8,-20,13,1,5,-17,24,-5,-16,-17,13,4,20,-11,32,8,8,-15,-13,-22,12,-20,9,1,21,-15,-6,-15,48,11,2,-13,-26,-20,9,-28,11,-2,-4,-51,18,2,15,-18,43,36,52,18,32,1,4,-9,-59,-47,11,-27,-5,-7,-27,-3,-9,-17,20,-8,25,-26,8,-9,-4,-13,-12,-4,-21,8,-6,20,-34,32,-34,1,-21,9,-36,46,-24,-8,-29,-39,-18,22,3,13,-17,-6,-22,11,-50,-78,-27,-21,-59,21,-19,-58,-66,33,15,19,-11,9,19,34,19,-2,19,42,24,8,4,15,-15,3,-34,-2,-24,-36,-22,-11,-11,-23,-38,-28,15,-17,-58,-40,-33,-7,-48,8,-29,50,-20,-2,-12,41,-33,1,-78,-23,25,-43,52,14,-13,-61,-27,-31,-78,-19,-27,-1,-52,24,-12,21,9,16,-48,16,-14,-17]]]
13680598	p	706483
710735	r	30.8097,51.209,31.7703,51.811	[[[308097,515100,10,-197,31,-196,51,-194,72,-192,91,-188,111,-185,129,-179,149,-174,166,-167,183,-160,199,-152,215,-144,229,-135,243,-125,256,-114,267,-104,277,-93,286,-81,294,-70,301,-57,306,-45,310,-32,313,-19,314,-7,314,7,313,19,310,32,306,45,301,57,294,70,286,81,277,93,195,75,1185,677,29,22,183,160,166,167,149,174,129,179,111,185,91,188,72,192,51,194,31,196,10,197,-10,197,-31,196,-51,194,-72,192,-91,188,-111,185,-129,179,-149,174,-166,167,-183,160,-199,152,-215,144,-229,135,-243,125,-256,114,-267,104,-277,93,-286,81,-294,70,-301,57,-306,45,-310,32,-313,19,-314,7,-314,-7,-313,-19,-310,-32,-306,-45,-301,-57,-294,-70,-286,-81,-277,-93,-267,-104,-256,-114,-243,-125,-229,-135,-215,-144,-199,-152,-183,-160,-166,-167,-149,-174,-129,-179,-111,-185,-91,-188,-72,-192,-51,-194,-31,-196,-10,-197]]]
696643	r	34.082,49.2846,35.0179,49.8954	[[[340821,495900,10,-200,30,-199,50,-197,69,-194,89,-192,108,-187,126,-182,145,-176,161,-170,179,-162,194,-155,209,-145,224,-137,236,-127,249,-116,260,-106,270,-94,279,-82,287,-71,293,-58,298,-45,302,-33,305,-19,306,-7,306,7,305,19,302,33,298,45,293,58,287,71,279,82,270,94,260,106,249,116,236,127,224,137,209,145,194,155,179,162,161,170,145,176,126,182,108,187,89,192,69,194,50,197,30,199,10,200,-10,200,-30,199,-50,197,-69,194,-89,192,-108,187,-126,182,-145,176,-161,170,-179,162,-194,155,-209,145,-224,137,-236,127,-249,116,-260,106,-270,94,-279,82,-287,71,-293,58,-298,45,-302,33,-305,19,-306,7,-306,-7,-305,-19,-302,-33,-298,-45,-293,-58,-287,-71,-279,-82,-270,-94,-260,-106,-249,-116,-236,-127,-224,-137,-209,-145,-194,-155,-179,-162,-161,-170,-145,-176,-126,-182,-108,-187,-89,-192,-69,-194,-50,-197,-30,-199,-10,-200]]]
706369	r	26.5128,49.114,27.4472,49.726	[[[265128,494200,10,-200,30,-199,50,-198,69,-195,89,-192,108,-187,126,-182,144,-177,161,-170,178,-163,194,-154,209,-147,224,-136,236,-128,248,-116,260,-106,270,-94,278,-83,286,-70,293,-59,298,-45,301,-33,304,-19,306,-7,306,7,304,19,301,33,298,45,293,59,286,70,278,83,270,94,260,106,248,116,236,128,224,136,209,147,194,154,178,163,161,170,144,177,126,182,108,187,89,192,69,195,50,198,30,199,10,200,-10,200,-30,199,-50,198,-69,195,-89,192,-108,187,-126,182,-144,177,-161,170,-178,163,-194,154,-209,147,-224,136,-236,128,-248,116,-260,106,-270,94,-278,83,-286,70,-293,59,-298,45,-301,33,-304,19,-306,7,-306,-7,-304,-19,-301,-33,-298,-45,-293,-59,-286,-70,-278,-83,-270,-94,-260,-106,-248,-116,-236,-128,-224,-136,-209,-147,-194,-154,-178,-163,-161,-170,-144,-177,-126,-182,-108,-187,-89,-192,-69,-195,-50,-198,-30,-199,-10,-200]]]
710791	r	31.5859,49.2035,32.5362,49.7617	[[[315859,494774,354,-126,1,0,6990,-2502,310,-111,226,122,227,139,213,149,198,158,181,165,165,174,147,180,128,185,110,191,90,195,71,199,51,201,30,203,11,204,-11,204,-30,203,-51,201,-71,199,-90,195,-110,191,-128,185,-147,180,-165,174,-181,165,-198,158,-213,149,-227,139,-241,130,-254,118,-264,108,-275,96,-284,84,-291,72,-299,59,-303,47,-307,33,-311,20,-311,7,-311,-7,-311,-20,-307,-33,-303,-47,-299,-59,-291,-72,-284,-84,-275,-96,-264,-108,-254,-118,-241,-130,-227,-139,-213,-149,-198,-158,-181,-165,-165,-174,-147,-180,-128,-185,-110,-191,-90,-195,-71,-199,-51,-201,-20,-133]]]
710719	r	25.4165,47.9532,26.4435,48.634	[[[254165,482891,11,-216,32,-224,55,-222,77,-219,97,-216,118,-210,139,-206,159,-198,177,-191,196,-183,213,-174,230,-165,245,-153,260,-143,273,-131,285,-119,297,-106,306,-93,314,-80,322,-65,288,-45,451,38,302,90,169,22,476,-33,636,129,732,5,232,1,474,147,96,102,221,341,123,106,261,149,121,94,154,213,163,311,105,316,-13,227,73,330,83,-23,185,-12,170,36,332,111,169,30,374,12,44,177,32,224,11,225,-11,225,-32,224,-53,214,-3550,2627,-160,33,-327,51,-332,37,-334,22,-336,7,-336,-7,-334,-22,-332,-37,-327,-51,-322,-65,-314,-80,-306,-93,-297,-106,-285,-119,-273,-131,-260,-143,-245,-153,-106,-76,-1398,-2366]]]
686967	r	28.2197,50.034,29.1403,50.5563	[[[282197,502600,10,-194,29,-193,49,-191,69,-189,87,-185,106,-182,125,-176,101,-123,398,-47,249,-29,6353,-751,62,32,220,133,206,142,191,149,175,158,159,165,142,171,125,176,106,182,87,185,69,189,49,191,29,193,10,194,-10,194,-29,193,-49,191,-69,189,-87,185,-106,182,-125,176,-142,171,-159,165,-175,158,-191,149,-206,142,-220,133,-233,123,-245,112,-255,103,-266,91,-274,80,-282,69,-289,56,-293,44,-297,31,-300,19,-301,7,-301,-7,-300,-19,-297,-31,-293,-44,-289,-56,-282,-69,-274,-80,-266,-91,-255,-103,-245,-112,-233,-123,-220,-133,-206,-142,-191,-149,-175,-158,-159,-165,-142,-171,-125,-176,-106,-182,-87,-185,-69,-189,-49,-191,-29,-193,-10,-194]]]
692194	r	34.2898,50.5962,35.3102,51.2235	[[[342898,509200,11,-212,33,-211,54,-209,76,-206,97,-203,117,-198,138,-193,158,-187,176,-180,194,-172,212,-164,228,-155,244,-145,258,-134,271,-123,284,-112,294,-100,305,-88,312,-74,320,-62,325,-48,329,-34,332,-21,334,-7,334,7,332,21,329,34,325,48,320,62,312,74,305,88,294,100,284,112,271,123,258,134,244,145,228,155,212,164,194,172,176,180,158,187,138,193,117,198,97,203,76,206,54,209,33,211,11,212,-8,153,-158,23,-88,67,-26,100,0,272,-41,112,179,24,-32,87,-97,203,-117,198,-29,41,-620,-91,-339,17,-290,179,-198,328,-243,906,-160,73,-284,112,-231,79,-132,-37,-194,-25,-191,74,-185,58,-157,-10,-465,-178,-821,-218,-694,-100,-732,30,-174,40,-147,89,-96,150,-47,155,-55,124,-182,-43,-305,-88,-294,-100,-284,-112,-271,-123,-258,-134,-244,-145,-228,-155,-212,-164,-194,-172,-176,-180,-158,-187,-138,-193,-117,-198,-97,-203,-76,-206,-54,-209,-33,-211,-11,-212]]]
695594	r	25.7844,50.329,26.6956,50.911	[[[257844,506200,10,-190,29,-190,49,-188,68,-185,86,-182,105,-179,123,-173,141,-168,157,-162,174,-154,189,-148,204,-139,217,-130,231,-121,242,-110,253,-101,263,-90,272,-78,279,-67,285,-56,290,-43,294,-31,297,-19,298,-6,298,6,297,19,294,31,290,43,285,56,279,67,272,78,263,90,253,101,242,110,231,121,217,130,204,139,189,148,174,154,157,162,141,168,123,173,105,179,86,182,68,185,49,188,29,190,10,190,-10,190,-29,190,-49,188,-68,185,-86,182,-105,179,-123,173,-141,168,-157,162,-174,154,-189,148,-204,139,-217,130,-231,121,-242,110,-253,101,-263,90,-272,78,-279,67,-285,56,-290,43,-294,31,-297,19,-298,6,-298,-6,-297,-19,-294,-31,-290,-43,-285,-56,-279,-67,-272,-78,-263,-90,-253,-101,-242,-110,-231,-121,-217,-130,-204,-139,-189,-148,-174,-154,-157,-162,-141,-168,-123,-173,-105,-179,-86,-182,-68,-185,-49,-188,-29,-190,-10,-190]]]
688758	p	703448
707753	r	37.6083,48.1662,38.2539,48.4522	[[[376083,482637,1662,-571,2564,-404,846,1111,70,-22,96,58,19,2,-32,32,-4,38,348,33,-10,39,-24,7,1,57,-109,4,67,50,-53,18,-48,2,-31,29,15,4,40,-17,80,0,6,-13,48,-23,82,-14,9,39,73,-8,9,-8,-7,-24,35,-9,11,12,37,-6,12,24,5,-38,-11,-24,7,-26,-56,20,-33,-32,79,-30,75,-11,-2,40,15,38,16,-3,7,13,6,-34,45,-10,15,25,22,-7,19,7,5,9,-30,9,26,65,-17,38,25,-9,8,-12,18,2,-2,22,23,18,62,6,-22,70,158,10,-97,40,-39,-12,-62,27,8,-65,-55,-20,24,1,-2,-17,-121,-3,-61,168,-48,-1,27,-143,-167,-12,-41,81,-82,12,-25,90,112,146,15,-4,16,-43,17,3,-17,-68,15,6,23,-3,29,17,41,6,-2,10,-47,42,15,10,-8,43,45,3,-17,36,-12,78,-10,-1,657,862,-3381,-102,-3025,-1783]],[[382420,483454,30,-11,89,89,-8,54,-35,8,10,-34,-15,-2,-13,-12,-34,2,12,-48,-36,-46]]]
8519916	p	703448
707471	r	24.3816,48.6375,25.142,49.2059	[[[243816,487345,36,-29,193,-137,207,-128,218,-118,230,-109,240,-99,249,-88,258,-77,264,-66,271,-54,275,-43,206,-22,4572,1649,56,82,100,175,82,179,64,182,46,185,28,186,9,187,-9,187,-28,186,-46,185,-64,182,-82,179,-100,175,-117,170,-133,165,-149,159,-165,152,-179,144,-193,137,-207,128,-218,118,-230,109,-240,99,-249,88,-258,77,-264,66,-271,54,-275,43,-279,30,-281,19,-283,6,-116,-3,-3168,-4710]]]
701822	r	37.0971,46.8756,37.6187,47.326	[[[370971,470900,10,-199,28,-197,47,-196,66,-194,84,-190,102,-186,120,-181,136,-175,154,-169,48,-46,316,169,189,34,337,-43,346,-125,220,-194,-44,-252,222,69,165,162,262,352,965,937,140,111,128,16,61,27,112,36,65,35,14,20,-4,27,-32,85,-1,13,204,146,33,10,171,25,100,-4,158,-59,51,10,72,49,33,11,43,-3,95,25,-328,41,-878,641,-2363,1722,-138,-78,-212,-135,-198,-145,-184,-154,-168,-161,-154,-169,-136,-175,-120,-181,-102,-186,-84,-190,-66,-194,-47,-196,-28,-197,-10,-199]]]
709932	r	34.0953,48.1768,34.8824,48.8632	[[[340953,485200,11,-224,33,-224,55,-222,77,-218,97,-215,119,-210,139,-205,159,-198,178,-191,196,-182,213,-174,231,-164,245,-153,261,-143,274,-131,286,-118,297,-106,306,-93,316,-79,322,-65,328,-51,332,-37,335,-22,337,-7,337,7,335,22,332,37,328,51,3,0,643,2420,-36,-4,5,-27,-27,-4,-14,-17,-20,1,-58,22,12,9,41,-11,-61,61,-15,-19,-71,-43,-22,27,-31,16,76,28,-65,61,-190,0,-19,102,31,64,102,162,-124,30,-41,23,-62,54,150,7,24,77,289,-81,106,8,121,46,59,8,586,2204,-180,464,-273,707,-301,91,-316,79,-322,65,-328,51,-332,37,-335,22,-337,7,-337,-7,-335,-22,-332,-37,-328,-51,-322,-65,-316,-79,-306,-93,-297,-106,-286,-118,-274,-131,-261,-143,-245,-153,-231,-164,-213,-174,-196,-182,-178,-191,-159,-198,-139,-205,-119,-210,-97,-215,-77,-218,-55,-222,-33,-224,-11,-224]]]
691650	r	25.0989,49.2292,26.0811,49.8708	[[[250989,495500,11,-210,31,-209,52,-207,73,-204,94,-201,113,-197,132,-191,152,-185,170,-178,187,-171,204,-162,219,-153,235,-144,248,-133,262,-122,273,-111,283,-99,293,-87,300,-74,308,-60,313,-48,317,-34,320,-21,321,-7,321,7,320,21,317,34,313,48,308,60,300,74,293,87,283,99,273,111,262,122,248,133,235,144,219,153,204,162,187,171,170,178,152,185,132,191,113,197,94,201,73,204,52,207,31,209,11,210,-11,210,-31,209,-52,207,-73,204,-94,201,-113,197,-132,191,-152,185,-170,178,-187,171,-204,162,-219,153,-235,144,-248,133,-262,122,-273,111,-283,99,-293,87,-300,74,-308,60,-313,48,-317,34,-320,21,-321,7,-321,-7,-320,-21,-317,-34,-313,-48,-308,-60,-300,-74,-293,-87,-283,-99,-273,-111,-262,-122,-248,-133,-235,-144,-219,-153,-204,-162,-187,-171,-170,-178,-152,-185,-132,-191,-113,-197,-94,-201,-73,-204,-52,-207,-31,-209,-11,-210]]]
704147	r	32.8596,48.7366,33.9604,49.4231	[[[328596,490600,12,-237,35,-237,47,-188,3666,-1192,3226,-1049,1,-1,1015,-330,254,89,306,126,293,138,278,151,263,163,246,173,229,184,209,193,190,202,170,209,149,216,127,223,104,227,82,232,59,234,35,237,12,237,-12,237,-35,237,-59,234,-82,232,-104,227,-127,223,-149,216,-170,209,-190,202,-209,193,-229,184,-246,173,-263,163,-278,151,-293,138,-306,126,-318,112,-328,98,-337,83,-344,69,-351,54,-356,39,-358,23,-360,8,-360,-8,-358,-23,-356,-39,-351,-54,-344,-69,-337,-83,-328,-98,-318,-112,-306,-126,-293,-138,-278,-151,-263,-163,-246,-173,-229,-184,-209,-193,-190,-202,-170,-209,-149,-216,-127,-223,-104,-227,-82,-232,-59,-234,-35,-237,-12,-237]]]
13680601	p	706483
13546521	p	703448
705812	r	31.765,48.1732,32.7619,48.8468	[[[317650,485100,11,-220,32,-220,54,-217,75,-215,96,-211,116,-206,137,-201,155,-194,175,-187,192,-180,210,-170,226,-161,241,-151,256,-139,268,-129,281,-116,291,-104,301,-91,310,-78,316,-64,322,-50,326,-36,329,-21,330,-7,330,7,329,21,326,36,322,50,316,64,310,78,301,91,291,104,281,116,268,129,256,139,241,151,226,161,210,170,192,180,175,187,155,194,137,201,116,206,96,211,41,117,-1350,3138,-239,150,-256,139,-268,129,-281,116,-291,104,-301,91,-310,78,-316,64,-322,50,-326,36,-329,21,-330,7,-330,-7,-329,-21,-326,-36,-322,-50,-316,-64,-310,-78,-301,-91,-291,-104,-281,-116,-268,-129,-256,-139,-241,-151,-226,-161,-210,-170,-192,-180,-175,-187,-155,-194,-137,-201,-116,-206,-96,-211,-75,-215,-54,-217,-32,-220,-11,-220]]]
702569	r	24.8761,50.4582,25.8235,51.0618	[[[248761,507600,10,-197,30,-197,51,-195,70,-192,90,-189,109,-185,128,-180,147,-174,163,-168,181,-160,197,-153,212,-144,226,-135,240,-126,252,-115,263,-104,274,-93,282,-82,291,-69,296,-57,302,-45,306,-32,309,-20,310,-6,310,6,309,20,306,32,302,45,296,57,291,69,282,82,274,93,263,104,252,115,240,126,226,135,212,144,197,153,181,160,163,168,96,114,535,1486,-6,106,-30,197,-51,195,-70,192,-90,189,-109,185,-128,180,-147,174,-163,168,-181,160,-197,153,-212,144,-226,135,-240,126,-252,115,-263,104,-274,93,-282,82,-291,69,-296,57,-302,45,-306,32,-309,20,-310,6,-310,-6,-309,-20,-306,-32,-302,-45,-296,-57,-291,-69,-282,-82,-274,-93,-263,-104,-252,-115,-240,-126,-226,-135,-212,-144,-197,-153,-181,-160,-163,-168,-147,-174,-128,-180,-109,-185,-90,-189,-70,-192,-51,-195,-30,-197,-10,-197]]]
712165	r	29.6672,49.5058,30.5728,50.0942	[[[296672,498000,10,-192,29,-192,48,-190,68,-188,86,-184,104,-180,122,-175,140,-170,156,-164,173,-156,188,-149,202,-141,217,-131,229,-122,241,-112,251,-102,261,-91,270,-79,278,-68,283,-56,289,-44,292,-31,295,-19,296,-6,296,6,295,19,292,31,289,44,283,56,278,68,270,79,261,91,251,102,241,112,229,122,217,131,202,141,188,149,173,156,156,164,140,170,122,175,104,180,86,184,68,188,48,190,29,192,10,192,-10,192,-29,192,-48,190,-68,188,-86,184,-104,180,-122,175,-140,170,-156,164,-173,156,-188,149,-202,141,-217,131,-229,122,-241,112,-251,102,-261,91,-270,79,-278,68,-283,56,-289,44,-292,31,-295,19,-296,6,-296,-6,-295,-19,-292,-31,-289,-44,-283,-56,-278,-68,-270,-79,-261,-91,-251,-102,-241,-112,-229,-122,-217,-131,-202,-141,-188,-149,-173,-156,-156,-164,-140,-170,-122,-175,-104,-180,-86,-184,-68,-188,-48,-190,-29,-192,-10,-192]]]
13607660	p	702658
13680589	p	706483
11778464	p	703448
13608465	p	710735
13608468	p	710735
13607722	p	701822
13561146	p	709717
13546531	p	705812
700022	p	709930
13680588	p	706483
12167218	p	704147
693821	p	702550
13607718	p	692194
706524	r	36.3496,45.213,36.6379,45.3951	[[[364840,453091,2,-10,-20,-3,-9,8,-5,17,11,15,64,20,19,20,42,15,0,10,-35,11,-18,30,-2,-28,-88,16,-24,11,-38,45,131,-34,7,9,-77,21,-5,12,-68,14,-21,58,-1,45,-12,3,-16,-5,-5,-38,-20,2,-1,13,-9,-15,-37,5,8,49,75,0,25,15,26,61,21,22,25,7,38,0,4,11,-9,-6,-35,0,-6,24,-8,-1,6,31,9,1,4,12,12,-1,-13,11,13,1,19,-18,-17,19,12,-2,-6,6,6,4,21,-19,14,7,-20,19,47,15,30,-30,11,5,2,11,-17,16,13,2,9,-8,-6,15,19,2,2,-9,-8,-3,10,2,-2,8,48,-6,6,7,27,-2,24,-15,-1,-11,56,-6,78,-32,16,-31,-3,-18,116,0,65,-15,11,-12,-15,-35,14,13,30,3,40,-22,9,7,12,-1,-3,5,11,4,83,-1,96,19,162,-16,55,8,48,-2,50,-17,14,9,30,0,21,9,41,38,7,18,-5,20,22,18,88,24,50,26,58,-7,3,4,-12,-5,-40,14,14,24,9,1,11,13,24,-10,11,-17,-5,-8,5,3,-5,20,-23,13,9,20,-13,53,29,24,62,20,-29,14,-17,46,-35,-6,-10,30,40,12,-12,20,-42,-11,10,-8,-40,-26,3,-12,-39,-7,4,-34,15,-20,-15,-63,-25,-34,-100,-54,-163,28,-92,9,-169,-26,-21,33,-63,12,-28,140,-83,-6,-117,-20,37,116,-57,32,-68,-14,-125,-90,-10,-21,56,-42,-41,-29,-167,35,-51,61,-36,10,-78,-14,-103,-61,-32,-2,-24,39,-44,-9,-6,-21,-20,-21,-7,-30,-42,-8,-11,-24,-48,-9,-15,-10,-222,3,-62,126,-113,-12,-168,-63,-12,-94,-21,-14,-11,-20,4,-12,-7,-1,10,-9,-46,-11,-72,-6,4,-28,31,-4,43,5,45,-18,-6,-21,59,-5,11,-25,23,2,4,-16,17,-7,7,-27,-16,-55,7,-13,14,-9,48,-8,34,-24,16,3,36,-17,-39,-65,20,-20,64,-36,-43,-71,84,-20,-27,-44,-15,-45,-47,-45,-15,34,-36,-33,-221,-14,-38,-92,-84,-24,27,-46,-4,-35,-24,-17,-49,-13,-90,5,-40,-5,-43,-66,35,-35,68,4,49,-32,67,-2,60,-28,3,-11,56,-13,-16,-17,42,-21,15,-7,10,10,47,-16,1,-17,21,-39,-12,-15,18,-34,7,-8,26,4,9,-22,19,-11,-68,-154,-3,-25,9,-18,63,-21,27,64,39,50,123,128,-15,30,31,63,100,105,17,31,25,87,0,38,-10,14,-44,24,-26,8,-24,-1,18,-33,23,1,-9,-8,2,-19,15,-1,21,-17,6,-53,-18,-46,-33,-34,-10,-2,-15,-34,-65,-77,-14,-2,-4,-17,-21,-5,-26,6,24,2,12,14,13,1,43,64,20,0,1,35,17,0,-28,5,-65,30,-85,12,3,5,71,-10,37,-15,-36,15,-73,11,-1,7,78,-14,105,-39,19,25,-44,31,-2,8,-1,-7,-12,-1,7,4,-11,5,-1,18,-19,10,0,8,34,-1,2,7,21,2,1,-9,14,0,16,8,-87,50,-33,5,-22,31,32,7,-16,18,-2,13,10,-7,-13,50,50,55,80,57,45,22,351,75,99,15,55,26,-4,13]]]
701404	r	34.9525,46.5557,35.8074,47.1443	[[[349526,468500,9,-192,27,-192,46,-190,64,-188,81,-184,98,-180,116,-176,132,-169,147,-164,163,-157,178,-148,191,-141,204,-132,216,-122,227,-112,238,-102,247,-90,254,-80,262,-68,268,-56,272,-43,276,-32,278,-19,280,-6,280,6,278,19,276,32,272,43,268,56,262,68,254,80,247,90,238,102,227,112,216,122,204,132,191,141,178,148,163,157,147,164,132,169,116,176,98,180,81,184,64,188,46,190,27,192,9,192,-9,192,-27,192,-46,190,-64,188,-81,184,-98,180,-116,176,-132,169,-147,164,-163,157,-178,148,-191,141,-204,132,-216,122,-227,112,-238,102,-247,90,-254,80,-262,68,-268,56,-272,43,-276,32,-278,19,-280,6,-280,-6,-278,-19,-276,-32,-272,-43,-268,-56,-262,-68,-254,-80,-247,-90,-238,-102,-227,-112,-216,-122,-204,-132,-191,-141,-178,-148,-163,-157,-147,-164,-132,-169,-116,-176,-98,-180,-81,-184,-64,-188,-46,-190,-27,-192,-9,-192]]]
13561779	p	696643
711874	p	686967
704508	r	37.1077,48.6458,37.8594,48.8392	[[[371077,487619,5840,-1161,1072,328,605,814,-7241,792,-57,-99,-88,-194,-69,-197,-50,-199,-12,-84]]]
13680599	p	706483
13680590	p	706483
13607717	p	692194
13561145	p	709717
13561808	p	706483
13580316	p	703448
13607661	p	702658
13607724	p	701822
9983718	p	698740
13607719	p	707753
13607653	p	709717
690548	r	22.1328,48.3339,22.7002,48.8959	[[[221328,484048,237,-27,18,1,10,1,99,72,328,87,341,-29,357,-118,-148,-303,-2,-159,276,11,69,-8,74,-85,0,-98,-10,-54,23,0,182,4,3820,3898,-30,54,-116,170,-133,166,-148,159,-164,152,-179,144,-192,137,-205,128,-218,119,-229,109,-238,99,-249,88,-256,77,-263,66,-245,50,1,-20,-20,-61,-94,-90,-240,-134,-76,-72,-19,-17,-66,-122,-7,-78,19,-82,22,-339,-23,-68,-69,-115,-87,-82,-94,-49,-76,-66,-31,-134,12,-214,-64,-213,-122,-186,-160,-141,-121,-52,-267,-56,-123,-56,-75,-70,-105,-160,-60,-71,-35,2,-59,-32,6,-18,-567,-304,-150,-163,-20,-203,116,-405,-35,-157,-110,-163,-10,-720]]]
13609094	p	686967
13561778	p	696643
711390	p	703448
13680594	p	706483
13607657	p	702320
688105	r	33.3093,45.1514,33.4925,45.2502	[[[333094,451855,109,-86,-16,-23,51,0,88,-20,46,9,57,-3,38,11,18,-2,80,32,18,12,20,32,18,9,53,13,44,3,23,11,9,-14,-8,14,35,13,16,-8,-36,20,4,20,-14,14,34,38,31,17,93,11,93,-10,115,-28,207,-84,275,-149,84,-62,-6,-5,8,-3,10,6,197,-129,37,38,-189,90,-261,148,37,44,-80,29,-122,69,-35,-31,-99,78,-11,33,-15,3,-56,42,21,28,-4,19,-14,10,5,30,-49,13,-15,26,-14,4,-24,70,-29,8,1,48,-10,24,9,5,-10,-3,-12,18,-34,-4,-26,6,-10,34,-25,-2,-3,8,20,8,-62,-13,-10,15,88,26,-48,23,-4,14,-24,-9,-71,-2,-4,-11,-14,3,5,11,-36,10,-1,10,-18,-1,-54,19,1,-42,-50,-1,3,-28,-142,-1,1,-72,-76,-1,103,-89,-9,-19,-88,-1,-31,-33,-107,-2,-11,-270,-79,-82,-39,-6]]]
712451	r	36.2654,46.6274,37.1745,47.1218	[[[362654,467600,11,-237,34,-235,56,-234,78,-230,90,-205,112,133,676,492,291,155,323,109,502,69,414,172,659,0,78,33,82,72,110,73,170,33,276,-63,176,-7,169,70,140,-72,327,-81,153,-58,362,-297,82,-44,-2,-178,-69,-203,-275,-118,-49,-39,-46,-44,-29,-183,-43,13,-74,0,0,-74,80,-15,-63,-46,-25,-54,109,-33,138,29,154,89,295,273,124,129,92,124,138,318,247,447,27,90,52,103,-36,0,-90,28,-14,37,-56,5,-46,-13,-27,72,325,35,526,355,350,88,111,42,329,188,110,43,178,22,1157,313,122,65,-1780,1769,-58,18,-321,83,-328,69,-335,54,-338,38,-342,23,-343,8,-343,-8,-342,-23,-338,-38,-335,-54,-328,-69,-321,-83,-313,-98,-303,-112,-291,-125,-279,-138,-266,-150,-250,-162,-235,-172,-218,-183,-200,-193,-181,-201,-162,-209,-141,-215,-121,-222,-100,-227,-78,-230,-56,-234,-34,-235,-11,-237],[368195,467073,1,4,24,59,1,-2,57,-56,-83,-5]]]
713716	r	38.494,48.2688,39.1264,48.6984	[[[384940,483618,640,-730,273,-105,470,-95,4284,681,657,238,-1514,3377,-4810,-3366]]]
700051	r	33.9441,47.2686,34.694,47.8729	[[[339441,475700,10,-198,28,-197,48,-196,66,-193,85,-190,103,-185,120,-181,138,-174,154,-169,170,-161,185,-153,199,-145,213,-135,226,-126,237,-115,248,-105,257,-93,266,-82,273,-70,279,-58,284,-45,288,-32,161,-11,3461,5109,-216,247,-110,61,-237,115,-248,105,-257,93,-266,82,-273,70,-279,58,-284,45,-288,32,-290,19,-292,7,-292,-7,-290,-19,-288,-32,-284,-45,-279,-58,-273,-70,-266,-82,-257,-93,-248,-105,-237,-115,-226,-126,-213,-135,-199,-145,-185,-153,-170,-161,-154,-169,-138,-174,-120,-181,-103,-185,-85,-190,-66,-193,-48,-196,-28,-197,-10,-198]]]
693468	r	37.1392,48.76,38.0128,49.1553	[[[371392,488500,6,-112,7196,-788,1534,1032,-47,282,-405,863,-1,1,-410,876,-7,5,-220,136,-233,127,-245,116,-256,106,-266,94,-275,82,-282,71,-288,58,-294,45,-298,33,-300,19,-301,7,-301,-7,-300,-19,-298,-33,-294,-45,-288,-58,-282,-71,-275,-82,-266,-94,-256,-106,-245,-116,-233,-127,-220,-136,-207,-146,-191,-155,-175,-162,-160,-170,-142,-176,-124,-182,-107,-187,-87,-191,-69,-194,-49,-198,-29,-198,-10,-200]]]
13580094	p	703448
13561144	p	709717
13561150	p	709717
13645605	p	702658
13607720	p	707753
13607723	p	701822
697889	r	35.4842,48.2239,36.3289,48.8357	[[[354842,483645,42,-45,175,-163,191,-154,205,-147,219,-136,232,-127,244,-117,255,-106,265,-94,274,-83,281,-70,287,-59,293,-45,296,-33,299,-19,300,-7,300,7,299,19,296,33,293,45,287,59,281,70,274,83,265,94,255,106,244,117,232,127,219,136,205,147,191,154,175,163,158,170,142,177,124,182,106,187,87,192,68,195,49,198,29,199,10,200,-10,200,-29,199,-41,167,-840,448,-1,1,-2325,1243,-1494,799,-149,-4,-299,-19,-296,-33,-293,-45,-287,-59,-281,-70,-274,-83,-206,-73,-999,-2665,-560,-1494,-63,-167]]]
13535745	p	703448
12500938	p	706483
13561149	p	709717
691999	r	38.378,48.7635,38.9499,49.191	[[[383780,489644,39,-50,2,-39,54,-74,118,40,23,1,27,-16,97,-122,6,-4,11,-4,113,-75,7,-3,6,0,4,-3,3,-1,13,-13,18,-15,18,-9,36,-8,14,16,33,-17,14,5,-8,-9,144,-60,12,-16,-8,-10,-15,1,43,-41,66,-36,1,-1,2,-1,37,-32,29,-17,32,-38,28,-24,6,-15,10,-12,6,-27,27,-67,10,-12,8,-2,75,16,0,1,1191,-1216,2964,526,52,76,106,186,87,190,68,194,49,196,30,198,10,199,-10,199,-30,198,-49,196,-68,194,-87,190,-106,186,-125,182,-141,175,-159,169,-176,162,-190,154,-206,145,-220,136,-232,126,-206,98,-2900,-1993,-102,-12,-220,-32,-34,-33,-35,1,-9,-10,-25,9,-17,-20,-56,-1,-20,-52,1,-47,-31,-17,-141,2,-75,-25,-18,0,-31,-36]]]
706950	r	26.1675,48.3991,27.0125,48.9609	[[[261675,486800,9,-184,27,-183,45,-181,63,-179,80,-176,97,-172,115,-167,130,-162,146,-156,161,-150,175,-142,189,-134,202,-126,214,-116,225,-107,234,-97,244,-87,252,-76,259,-65,264,-53,270,-42,273,-30,275,-18,276,-6,276,6,275,18,273,30,270,42,264,53,259,65,252,76,244,87,234,97,225,107,214,116,202,126,189,134,175,142,161,150,146,156,130,162,115,167,97,172,80,176,63,179,45,181,27,183,9,184,-9,184,-27,183,-45,181,-63,179,-80,176,-97,172,-115,167,-130,162,-146,156,-161,150,-175,142,-189,134,-202,126,-214,116,-225,107,-234,97,-244,87,-252,76,-259,65,-264,53,-270,42,-273,30,-275,18,-276,6,-276,-6,-275,-18,-273,-30,-270,-42,-264,-53,-259,-65,-252,-76,-244,-87,-234,-97,-225,-107,-214,-116,-202,-126,-189,-134,-175,-142,-161,-150,-146,-156,-130,-162,-115,-167,-97,-172,-80,-176,-63,-179,-45,-181,-27,-183,-9,-184]]]
13607654	p	702320
13561143	p	709717
13580317	p	703448
702972	r	38.0081,48.6826,38.6132,48.9569	[[[380081,488914,47,-282,3145,-1806,2859,809,-1191,1216,0,-1,-75,-16,-8,2,-10,12,-27,67,-6,27,-10,12,-6,15,-28,24,-98,87,-2,1,-1,1,-66,36,-43,41,15,-1,8,10,-12,16,-144,60,8,9,-14,-5,-33,17,-14,-16,-36,8,-18,9,-18,15,-13,13,-3,1,-4,3,-6,0,-7,3,-113,75,-11,4,-6,4,-97,122,-27,16,-23,-1,-118,-40,-54,74,-1,14,-114,-20,-2,0,-18,-4,-3605,-631]]]
13680597	p	706483
13561142	p	709717
13680600	p	706483
13607659	p	702658
13580119	p	703448
13546532	p	705812
700646	r	22.3392,48.1719,23.1213,48.708	[[[223392,483557,9,-18,92,-164,109,-160,123,-155,139,-149,153,-142,167,-136,179,-128,181,-113,146,49,43,4,41,-6,40,-13,404,-355,207,-74,240,-73,245,-61,252,-51,255,-40,259,-29,262,-17,262,-6,262,6,262,17,259,29,255,40,252,51,245,61,240,73,231,82,223,93,213,102,203,111,192,120,179,128,167,136,153,142,139,149,123,155,109,160,92,164,76,167,60,171,43,173,26,175,8,175,-8,175,-26,175,-43,173,-60,171,-76,167,-92,164,-109,160,-123,155,-139,149,-153,142,-167,136,-179,128,-192,120,-203,111,-213,102,-223,93,-231,82,-240,73,-245,61,-252,51,-255,40,-259,29,-262,17,-262,6,-262,-6,-106,-7,-2170,-2214,-1270,-1296]]]
697302	n	37.5254,47.8813,37.8223,48.0073	[[[375254,479418,23,-11,-9,-11,-11,3,15,-18,31,-2,32,13,5,-8,-14,-6,97,-27,34,-3,17,-17,42,0,11,-17,31,-4,87,-30,25,9,-3,-13,33,-16,28,1,15,15,200,-36,5,-22,13,-5,148,-10,-13,35,193,-5,7,-38,16,-6,17,3,4,-8,100,0,115,18,4,6,25,-1,9,-5,-10,-12,22,-93,184,0,28,-47,88,-70,-9,-79,34,-11,67,52,96,25,105,49,10,-46,628,63,9,-29,78,7,42,-170,107,10,77,-38,49,11,32,24,-22,33,-1403,1160,-36,-20,-128,-21,5,-46,-12,-2,-67,25,-78,6,-1,5,-94,1,9,27,-136,15,-5,5,11,11,-18,10,-98,16,-122,-3,-8,-78,26,-4,-11,-44,91,-6,-15,-18,28,-199,-280,46,-202,5,-37,7,-158,-83,-77,-81,-67,-168,-37,7,-27,-36]]]
705135	r	32.7622,50.954,33.6378,51.506	[[[327622,512300,9,-181,28,-179,47,-178,65,-176,83,-173,101,-169,118,-165,135,-159,152,-153,167,-147,181,-140,196,-132,209,-123,222,-115,233,-105,243,-95,253,-86,261,-74,268,-64,274,-52,279,-41,283,-30,285,-17,286,-6,286,6,285,17,283,30,279,41,274,52,268,64,261,74,253,86,243,95,233,105,222,115,209,123,196,132,181,140,167,147,152,153,135,159,118,165,101,169,83,173,65,176,47,178,28,179,9,181,-9,181,-28,179,-47,178,-65,176,-83,173,-101,169,-118,165,-135,159,-152,153,-167,147,-181,140,-196,132,-209,123,-222,115,-233,105,-243,95,-253,86,-261,74,-268,64,-274,52,-279,41,-283,30,-285,17,-286,6,-286,-6,-285,-17,-283,-30,-279,-41,-274,-52,-268,-64,-261,-74,-253,-86,-243,-95,-233,-105,-222,-115,-209,-123,-196,-132,-181,-140,-167,-147,-152,-153,-135,-159,-118,-165,-101,-169,-83,-173,-65,-176,-47,-178,-28,-179,-9,-181]]]
13580098	p	703448
690688	r	29.7633,48.4468,30.6767,49.0532	[[[297633,487500,10,-198,29,-198,49,-195,68,-194,87,-189,105,-186,123,-181,141,-175,158,-168,174,-161,189,-154,205,-145,218,-135,231,-126,243,-116,254,-104,263,-94,272,-82,280,-70,286,-57,291,-45,295,-33,297,-19,299,-7,299,7,297,19,295,33,291,45,286,57,280,70,272,82,263,94,254,104,243,116,231,126,218,135,205,145,189,154,174,161,158,168,141,175,123,181,105,186,87,189,68,194,49,195,29,198,10,198,-10,198,-29,198,-49,195,-68,194,-87,189,-105,186,-123,181,-141,175,-158,168,-174,161,-189,154,-205,145,-218,135,-231,126,-243,116,-254,104,-263,94,-272,82,-280,70,-286,57,-291,45,-295,33,-297,19,-299,7,-299,-7,-297,-19,-295,-33,-291,-45,-286,-57,-280,-70,-272,-82,-263,-94,-254,-104,-243,-116,-231,-126,-218,-135,-205,-145,-189,-154,-174,-161,-158,-168,-141,-175,-123,-181,-105,-186,-87,-189,-68,-194,-49,-195,-29,-198,-10,-198]]]
13607658	p	702320
713174	r	37.7989,48.442,38.3273,48.8632	[[[377989,486786,1119,-2366,3381,102,631,158,153,2146,-3145,1806,-1534,-1032,-605,-814]]]
704202	r	38.6323,48.0036,39.0607,48.3369	[[[386323,482688,828,-1160,2559,-1492,897,3333,-4284,-681]]]
688533	r	34.1094,44.4769,34.1941,44.5271	[[[341923,444991,-120,-9,-48,-13,-63,-56,27,35,-14,10,-21,-3,-19,-12,-7,-7,12,-7,-11,5,-8,-5,-19,-38,-19,-20,-44,-101,-26,8,-11,15,-27,4,-3,15,11,20,-78,-43,-9,-16,4,15,-13,16,-47,8,-62,38,-16,25,-53,47,-5,19,-34,16,-106,25,15,16,46,-7,19,12,39,-6,7,3,-1,9,-11,3,19,7,5,-10,29,-1,17,6,5,-10,85,17,17,-2,2,-8,26,5,25,29,3,15,-25,20,-20,0,-12,24,15,21,31,23,34,-30,53,2,72,24,3,14,22,-3,21,29,-17,23,23,4,-6,20,26,1,19,27,26,12,48,0,65,-37,-6,-31,24,-1,-22,-8,-6,-17,-17,-12,25,-60,38,-11,-2,-7,-24,-3,-2,-14,-21,-2,-5,-5,18,-2,-4,-17,12,-12,25,30,-4,10,93,5,-22,-33,22,-12,-13,-8,6,-19,-12,1,1,-15]]]
688148	r	38.0309,48.1258,38.558,48.4681	[[[380309,481662,162,-101,2314,-303,2795,1630,-640,730,-1820,1062,-631,-158,-657,-862,10,1,12,-78,17,-36,-45,-3,8,-43,-15,-10,47,-42,2,-10,-41,-6,-29,-17,-23,3,-15,-6,17,68,-17,-3,-16,43,-15,4,-112,-146,25,-90,82,-12,41,-81,167,12,-27,143,48,1,61,-168,121,3,2,17,-24,-1,55,20,-8,65,62,-27,39,12,97,-40,-158,-10,22,-70,-62,-6,-23,-18,2,-22,-18,-2,-8,12,-25,9,17,-38,-26,-65,30,-9,-5,-9,-19,-7,-22,7,-15,-25,-45,10,-6,34,-7,-13,-16,3,-15,-38,2,-40,-75,11,-79,30,33,32,56,-20,-7,26,11,24,-5,38,-12,-24,-37,6,-11,-12,-35,9,7,24,-9,8,-73,8,-9,-39,-82,14,-48,23,-6,13,-80,0,-40,17,-15,-4,31,-29,48,-2,53,-18,-67,-50,109,-4,-1,-57,24,-7,10,-39,-348,-33,4,-38,32,-32,-19,-2,-96,-58,-70,22,-846,-1111],[382420,483454,36,46,-12,48,34,-2,13,12,15,2,-10,34,35,-8,8,-54,-89,-89,-30,11]]]
698625	r	32.6573,48.3621,33.5831,48.9611	[[[326573,486777,763,-1773,13,-15,177,-164,192,-155,207,-147,221,-138,235,-128,246,-117,257,-107,268,-95,276,-83,283,-71,290,-58,295,-46,299,-33,302,-20,303,-6,303,6,302,20,299,33,295,46,290,58,283,71,276,83,268,95,257,107,246,117,235,128,221,138,207,147,192,155,177,164,160,171,143,178,125,184,107,188,87,193,69,196,50,199,29,201,10,201,-10,201,-29,201,-50,199,-69,196,-87,193,-4,7,-5888,1914,-266,-66,-276,-83,-268,-95,-257,-107,-246,-117,-235,-128,-221,-138,-207,-147,-192,-155,-177,-164,-160,-171,-143,-178,-125,-184,-107,-188,-87,-193,-69,-196,-50,-199,-29,-201,-6,-124]]]
703853	p	704147
13561228	p	709717
709611	r	23.1051,49.0844,23.8136,49.6156	[[[231051,493500,9,-174,25,-173,44,-171,60,-169,77,-167,93,-162,109,-159,125,-153,140,-147,155,-142,168,-134,181,-127,193,-119,205,-110,215,-101,225,-92,234,-82,241,-72,248,-61,254,-50,258,-40,261,-28,264,-17,265,-6,265,6,108,7,22,37,2603,4301,38,62,-173,121,-193,119,-205,110,-215,101,-225,92,-234,82,-241,72,-248,61,-254,50,-258,40,-261,28,-264,17,-265,6,-265,-6,-264,-17,-261,-28,-258,-40,-254,-50,-248,-61,-241,-72,-234,-82,-225,-92,-215,-101,-205,-110,-193,-119,-181,-127,-168,-134,-155,-142,-140,-147,-125,-153,-109,-159,-93,-162,-77,-167,-60,-169,-44,-171,-25,-173,-9,-174]]]
13580115	p	703448
692975	r	38.312,48.3618,38.975,48.8112	[[[383120,484680,1820,-1062,4810,3366,0,564,-78,64,-195,138,-207,130,-221,120,-231,111,-2,0,-2684,-476,-2859,-809,-153,-2146]]]
693942	r	33.0075,51.5725,33.9324,52.1475	[[[330076,518600,10,-188,30,-187,49,-186,69,-183,88,-180,106,-176,125,-172,143,-165,159,-160,177,-153,192,-146,206,-137,221,-129,234,-119,246,-109,257,-100,267,-88,276,-78,283,-66,289,-55,295,-43,298,-30,302,-19,302,-6,302,6,302,19,298,30,295,43,289,55,283,66,276,78,267,88,257,100,246,109,234,119,221,129,206,137,192,146,177,153,159,160,143,165,125,172,106,176,88,180,69,183,49,186,30,187,10,188,-10,188,-30,187,-49,186,-69,183,-88,180,-106,176,-125,172,-143,165,-159,160,-177,153,-192,146,-206,137,-221,129,-234,119,-246,109,-257,100,-267,88,-276,78,-283,66,-289,55,-295,43,-298,30,-302,19,-302,6,-302,-6,-302,-19,-298,-30,-295,-43,-289,-55,-283,-66,-276,-78,-267,-88,-257,-100,-246,-109,-234,-119,-221,-129,-206,-137,-192,-146,-177,-153,-159,-160,-143,-165,-125,-172,-106,-176,-88,-180,-69,-183,-49,-186,-30,-187,-10,-188]]]
712441	r	28.1484,49.6101,29.0116,50.112	[[[281484,498900,10,-183,27,-182,46,-181,64,-178,82,-176,100,-171,116,-167,134,-162,149,-155,164,-149,179,-142,193,-133,207,-126,218,-116,229,-106,240,-97,249,-87,257,-75,265,-65,270,-53,275,-41,279,-30,281,-18,282,-6,282,6,281,18,279,30,275,41,270,53,265,65,257,75,249,87,240,97,229,106,218,116,207,126,193,133,179,142,164,149,149,155,134,162,116,167,100,171,82,176,64,178,46,181,27,182,10,183,-10,183,-27,182,-46,181,-64,178,-82,176,-100,171,-116,167,-134,162,-73,76,-6293,744,-216,-115,-207,-126,-193,-133,-179,-142,-164,-149,-149,-155,-134,-162,-116,-167,-100,-171,-82,-176,-64,-178,-46,-181,-27,-182,-10,-183]]]
11145146	p	709932
694382	r	38.2785,47.7592,38.5853,48.2888	[[[382785,481258,545,-3578,198,-31,288,-32,292,-19,261,-6,780,2728,18,-1,263,0,-5,6,-210,-1,5,17,-24,27,3,9,64,1,8,10,-27,8,14,20,-23,11,7,9,-18,8,-25,-13,-18,4,672,2348,-273,105,-2795,-1630]]]
13580041	p	703448
13607725	p	701822
699445	r	34.8644,48.3675,35.6391,48.9225	[[[348644,487573,180,-464,5711,-3434,9,2,254,90,107,45,1486,3966,-137,147,-167,155,-183,148,-196,140,-210,131,-222,121,-234,112,-244,101,-254,90,-262,79,-269,67,-275,56,-281,43,-283,32,-287,18,-287,7,-287,-7,-287,-18,-283,-32,-281,-43,-275,-56,-269,-67,-262,-79,-254,-90,-244,-101,-234,-112,-222,-121,-210,-131,-196,-140,-183,-148,-167,-155,-152,-163,-136,-169,-14,-20]]]
13607721	p	707753
707308	r	28.4317,45.2269,29.2347,45.6389	[[[284317,453500,9,-189,26,-188,44,-187,16,-51,530,-96,828,-308,1331,-211,373,35,313,6,127,39,113,92,-284,92,-70,44,-47,73,-29,91,18,76,287,103,-16,150,11,143,266,47,155,-38,263,-132,228,-29,127,-64,164,-124,199,-83,229,60,46,69,30,193,61,86,72,38,87,18,222,6,136,48,513,299,408,83,172,54,144,106,82,28,242,11,51,29,37,71,50,43,35,29,151,92,215,83,65,2,-3,9,-78,181,-94,176,-110,173,-126,166,-141,161,-156,154,-169,146,-183,138,-195,129,-206,120,-218,110,-227,100,-235,89,-244,78,-250,66,-255,55,-260,43,-264,31,-266,19,-267,6,-267,-6,-266,-19,-264,-31,-260,-43,-255,-55,-250,-66,-244,-78,-235,-89,-227,-100,-218,-110,-206,-120,-195,-129,-183,-138,-169,-146,-122,-120,-19,-52,-42,-13,-114,-130,-126,-166,-110,-173,-94,-176,-78,-181,-60,-184,-44,-187,-26,-188,-9,-189]]]
13580113	p	703448
13580117	p	703448
709161	r	35.3133,44.9985,35.4251,45.1016	[[[353450,450502,43,-5,3,-10,-31,-77,-12,-10,-12,5,-6,-4,-7,-32,-46,-12,-10,-27,-14,0,5,-6,-24,-14,-32,23,-41,-30,20,-16,51,21,20,-12,20,11,14,-13,-5,-11,53,-5,7,-14,-21,-67,29,-4,-7,-35,-80,-5,14,-21,-32,-3,-54,21,-71,-23,-90,-3,-1,-90,286,-49,93,146,81,-11,38,-14,5,5,-49,19,-22,18,3,4,15,-5,19,9,18,-12,2,5,46,-36,14,-14,-12,-18,14,-3,17,-17,78,11,55,-13,81,16,12,-8,47,-1,28,4,39,22,144,22,20,-7,44,16,2,17,-46,9,-23,14,-9,27,-44,37,-30,9,-72,-1,-46,16,-14,53,11,-49,-67,-8,-24,24,8,9,32,1,0,10,-57,3,-29,25,-9,22,-1,57,22,73,22,34,-18,17,18,-13,111,132,9,7,11,-4,3,6,3,-5,-3,7,46,50,91,72,-50,47,-12,76,-57,106,-36,13,-45,-11,-19,-16,-29,-9,-37,-3,-18,13,-25,-9,25,-51,1,-98,42,-4,19,-50,-4,-13,30,9,2,-56,39,-3,-87,0,-28,-10,-131,-9,3,-34,-27,-2,-10,36,-142,5,-17,-16,-33,19,-24,2,-53,-48,-54,-15,80,-84,1,-57]]]
704617	r	24.2505,50.9365,25.1495,51.5035	[[[242505,512200,9,-185,29,-185,48,-183,67,-181,85,-177,104,-174,121,-169,139,-163,155,-158,172,-151,186,-143,201,-135,215,-127,228,-118,239,-108,249,-98,260,-87,268,-77,275,-65,282,-54,286,-42,290,-30,293,-18,294,-7,294,7,293,18,290,30,286,42,282,54,275,65,268,77,260,87,249,98,239,108,228,118,215,127,201,135,186,143,172,151,155,158,139,163,121,169,104,174,85,177,67,181,48,183,29,185,9,185,-9,185,-29,185,-48,183,-67,181,-85,177,-104,174,-121,169,-139,163,-155,158,-172,151,-186,143,-201,135,-215,127,-228,118,-239,108,-249,98,-260,87,-268,77,-275,65,-282,54,-286,42,-290,30,-293,18,-294,7,-294,-7,-293,-18,-290,-30,-286,-42,-282,-54,-275,-65,-268,-77,-260,-87,-249,-98,-239,-108,-228,-118,-215,-127,-201,-135,-186,-143,-172,-151,-155,-158,-139,-163,-121,-169,-104,-174,-85,-177,-67,-181,-48,-183,-29,-185,-9,-185]]]
705104	r	37.438,48.2629,37.9108,48.6787	[[[374380,484115,1603,-1486,100,8,3025,1783,-1119,2366,-1072,-328,-2537,-2343]]]
699942	r	31.4322,50.7603,32.3478,51.3397	[[[314322,510500,10,-189,29,-189,49,-187,68,-185,87,-181,106,-178,123,-172,142,-168,158,-161,174,-154,190,-146,205,-139,219,-129,231,-121,244,-110,254,-100,264,-90,273,-78,281,-67,286,-55,292,-43,295,-31,299,-18,299,-6,299,6,299,18,295,31,292,43,286,55,55,13,105,49,94,44,1941,905,140,123,158,161,142,168,123,172,106,178,87,181,68,185,49,187,29,189,10,189,-10,189,-29,189,-49,187,-68,185,-87,181,-106,178,-123,172,-142,168,-158,161,-174,154,-190,146,-205,139,-219,129,-231,121,-244,110,-254,100,-264,90,-273,78,-281,67,-286,55,-292,43,-295,31,-299,18,-299,6,-299,-6,-299,-18,-295,-31,-292,-43,-286,-55,-281,-67,-273,-78,-264,-90,-254,-100,-244,-110,-231,-121,-219,-129,-205,-139,-190,-146,-174,-154,-158,-161,-142,-168,-123,-172,-106,-178,-87,-181,-68,-185,-49,-187,-29,-189,-10,-189]]]
705008	p	694423
693457	r	31.4389,48.94,32.3204,49.4648	[[[314389,492300,9,-190,29,-189,47,-187,65,-185,84,-181,102,-178,119,-173,136,-167,152,-161,168,-154,184,-147,197,-139,211,-129,223,-121,234,-110,245,-101,255,-89,263,-78,270,-67,276,-55,281,-43,285,-31,287,-19,289,-6,289,6,287,19,285,31,281,43,276,55,270,67,263,78,255,89,245,101,234,110,223,121,211,129,197,139,184,147,168,154,152,161,136,167,119,173,102,178,84,181,65,185,47,187,29,189,2,36,-6990,2502,-99,-47,-223,-121,-211,-129,-197,-139,-184,-147,-168,-154,-152,-161,-136,-167,-119,-173,-102,-178,-84,-181,-65,-185,-47,-187,-29,-189,-9,-190]]]
706448	r	32.1601,46.3221,33.0799,46.9579	[[[321601,466400,10,-208,29,-207,46,-189,13,12,103,10,195,47,112,11,92,31,167,137,114,30,56,-27,155,-171,665,-254,732,67,1347,528,84,-11,-2,-6,15,-31,-69,-158,-18,-5,22,-38,152,48,87,12,55,-12,35,7,29,-1,44,15,-161,-73,-462,-37,-191,-86,-700,-409,-273,-259,186,-185,-273,-205,-387,-114,-434,-26,-415,66,-546,245,-124,20,126,-164,159,-176,175,-169,191,-161,206,-152,220,-142,232,-132,245,-121,255,-110,266,-98,274,-86,282,-73,288,-61,293,-47,297,-34,299,-20,301,-7,301,7,299,20,297,34,293,47,288,61,282,73,274,86,266,98,255,110,245,121,232,132,220,142,206,152,191,161,175,169,159,176,142,184,124,189,106,195,87,199,69,203,49,205,29,207,10,208,-10,208,-29,207,-49,205,-69,203,-87,199,-106,195,-124,189,-142,184,-159,176,-175,169,-191,161,-206,152,-220,142,-232,132,-245,121,-255,110,-266,98,-274,86,-282,73,-288,61,-293,47,-297,34,-299,20,-301,7,-301,-7,-299,-20,-297,-34,-293,-47,-288,-61,-81,-21,-2958,-2397,-43,-177,-29,-207,-10,-208],[325939,466072,84,80,5,-2,-31,-23,-58,-55],[326095,466195,35,40,70,25,97,58,52,40,18,24,16,12,-45,-63,-144,-96,-97,-48,-2,8]]]
707565	p	703448
707099	r	23.9152,48.7129,24.713,49.3272	[[[239153,489555,53,-150,88,-192,108,-189,125,-183,144,-177,161,-171,177,-163,193,-155,208,-147,222,-137,236,-128,247,-117,259,-106,268,-95,278,-83,284,-71,292,-58,296,-46,301,-33,303,-19,275,-6,145,216,3314,4928,-140,99,-222,137,-236,128,-247,117,-259,106,-268,95,-278,83,-284,71,-292,58,-296,46,-301,33,-303,19,-304,7,-304,-7,-303,-19,-51,-6,-2308,-2187,-980,-929,-601,-569]]]
710554	r	23.8333,50.129,24.6467,50.6511	[[[238333,503900,9,-171,26,-170,44,-168,60,-167,77,-163,94,-160,110,-155,125,-151,141,-145,155,-139,169,-132,182,-125,194,-116,205,-109,217,-99,226,-91,234,-80,243,-71,249,-60,254,-49,260,-39,262,-28,265,-17,266,-5,266,5,265,17,262,28,260,39,254,49,249,60,243,71,234,80,226,91,217,99,205,109,194,116,182,125,169,132,155,139,141,145,125,151,110,155,94,160,77,163,60,167,44,168,26,170,9,171,-9,171,-26,170,-44,168,-60,167,-77,163,-94,160,-110,155,-125,151,-141,145,-155,139,-169,132,-182,125,-194,116,-205,109,-217,99,-226,91,-234,80,-243,71,-249,60,-254,49,-260,39,-262,28,-265,17,-266,5,-266,-5,-265,-17,-262,-28,-260,-39,-254,-49,-49,-12,38,-57,2,-4,-231,-255,101,-475,71,-133,52,-28,-12,-22,-125,-114,-190,-129,-643,-215,-28,-121,15,-192,-16,-130,-46,-108,-219,-329,-526,-140,-954,-7,0,-1]]]
711660	r	30.6078,50.0599,31.4015,50.5827	[[[306078,501609,27,-22,202,-138,216,-130,228,-120,240,-111,251,-100,261,-90,269,-78,277,-67,282,-55,288,-43,292,-31,294,-18,295,-7,295,7,294,18,292,31,288,43,282,55,277,67,269,78,261,90,251,100,240,111,228,120,216,130,202,138,187,147,172,154,156,162,140,167,121,173,105,178,85,181,67,185,49,187,29,189,9,190,-9,190,-29,189,-49,187,-67,185,-85,181,-105,178,-121,173,-140,167,-156,162,-172,154,-187,147,-202,138,-216,130,-228,120,-57,26,-135,-59,-3851,-1684,9,-1,45,-35,2,-9,-49,-29,10,-4,-8,-26,-28,-36,-56,-25,-108,11,-51,11,-41,23,-166,-73,41,-37,-32,-28,-132,-20,-21,-55,-95,5,-104,-36,-32,7,-241,-105,-18,-35,4,-6,-4,-35,-11,-3,-6,-20,-22,-7,-380,-716,12,-16,-6,-20,-34,-20,-2,-1,-252,-474,6,-8,-12,-3,-346,-649]]]
692105	r	39.3325,47.8115,39.9928,48.379	[[[393325,478706,30,-21,213,-134,225,-124,236,-114,168,-70,374,70,228,-52,295,-33,606,81,306,-14,1002,-180,330,45,253,169,165,251,73,286,-8,63,-40,121,-5,16,-6,71,28,88,107,152,35,80,22,157,-18,99,-142,218,-101,110,-82,57,-20,52,82,93,107,49,548,70,67,-12,27,14,13,93,-153,311,22,232,119,198,506,632,164,127,25,20,479,244,171,134,131,182,21,167,-84,68,-199,143,-17,10,-54,9,-209,-51,-10,-40,-11,-8,-22,3,-20,-8,11,-14,31,-10,4,-14,-19,1,-12,-13,-21,-2,-14,-10,-25,-30,-3,-21,-46,0,-23,-13,-35,-7,-7,2,6,20,-25,-9,-21,6,16,13,4,9,-11,17,28,23,14,45,-4,7,-98,-24,-204,-16,-689,292,259,144,-8,63,40,5,4,29,46,13,129,9,86,49,-248,89,-265,81,-273,69,-278,56,-283,45,-288,32,-289,19,-213,5,-2549,-774,-530,-3245,-123,-753,-51,-312]]]
697593	r	30.4038,47.7497,31.2962,48.3503	[[[304038,480500,10,-196,29,-196,47,-194,67,-191,84,-188,103,-184,121,-179,137,-173,154,-167,170,-160,186,-152,199,-143,213,-135,226,-124,237,-115,248,-103,258,-93,266,-81,273,-69,279,-57,285,-45,288,-32,290,-19,292,-7,292,7,290,19,288,32,285,45,279,57,273,69,266,81,258,93,248,103,237,115,226,124,213,135,199,143,186,152,170,160,154,167,137,173,121,179,103,184,84,188,67,191,47,194,29,196,10,196,-10,196,-29,196,-47,194,-67,191,-84,188,-103,184,-121,179,-137,173,-154,167,-170,160,-186,152,-199,143,-213,135,-226,124,-237,115,-248,103,-258,93,-266,81,-273,69,-279,57,-285,45,-288,32,-290,19,-292,7,-292,-7,-290,-19,-288,-32,-285,-45,-279,-57,-273,-69,-266,-81,-258,-93,-248,-103,-237,-115,-226,-124,-213,-135,-199,-143,-186,-152,-170,-160,-154,-167,-137,-173,-121,-179,-103,-184,-84,-188,-67,-191,-47,-194,-29,-196,-10,-196]]]
13535744	p	703448
13580130	p	703448
707601	p	703845
704901	r	28.1802,50.6582,29.0998,51.2417	[[[281802,509500,10,-191,29,-190,49,-188,68,-186,88,-182,106,-179,124,-174,142,-168,159,-162,175,-155,191,-148,206,-139,219,-131,233,-121,244,-111,256,-101,265,-90,274,-79,282,-67,288,-55,293,-44,297,-31,299,-18,301,-7,301,7,299,18,297,31,293,44,288,55,282,67,274,79,265,90,256,101,244,111,233,121,219,131,206,139,191,148,175,155,159,162,142,168,124,174,106,179,88,182,68,186,49,188,29,190,10,191,-10,191,-29,190,-49,188,-68,186,-88,182,-106,179,-124,174,-142,168,-159,162,-175,155,-191,148,-206,139,-219,131,-233,121,-244,111,-256,101,-265,90,-274,79,-282,67,-288,55,-293,44,-297,31,-299,18,-301,7,-301,-7,-299,-18,-297,-31,-293,-44,-288,-55,-282,-67,-274,-79,-265,-90,-256,-101,-244,-111,-233,-121,-219,-131,-206,-139,-191,-148,-175,-155,-159,-162,-142,-168,-124,-174,-106,-179,-88,-182,-68,-186,-49,-188,-29,-190,-10,-191]]]
692372	r	23.5494,48.999,24.2467,49.521	[[[235495,490894,19,-15,177,-124,190,-117,201,-108,211,-100,221,-90,229,-81,237,-70,243,-60,249,-50,253,-39,257,-27,258,-17,260,-6,260,6,258,17,257,27,253,39,226,45,2713,2572,-4,75,-25,170,-42,168,-59,166,-76,164,-91,160,-108,155,-122,151,-137,145,-152,139,-165,132,-177,124,-190,117,-201,108,-211,100,-221,90,-229,81,-237,70,-243,60,-249,50,-253,39,-257,27,-258,17,-260,6,-260,-6,-142,-9,-2603,-4301]]]
705392	r	24.5854,48.2168,25.4946,48.8157	[[[245854,485200,10,-198,29,-198,48,-195,68,-194,86,-189,105,-186,123,-181,140,-175,157,-168,173,-162,189,-153,203,-145,217,-135,230,-126,242,-116,253,-104,262,-94,271,-82,279,-70,284,-57,290,-45,294,-33,296,-19,297,-7,297,7,296,19,294,33,290,45,284,57,279,70,271,82,262,94,253,104,242,116,230,126,217,135,203,145,189,153,173,162,157,168,140,175,123,181,105,186,86,189,68,194,48,195,29,198,10,198,-10,198,-29,198,-48,195,-68,194,-86,189,-105,186,-123,181,-140,175,-157,168,-173,162,-189,153,-203,145,-217,135,-230,126,-242,116,-253,104,-262,94,-271,82,-279,70,-284,57,-178,28,-364,-132,-4572,-1649,-320,-116,-48,-85,-86,-189,-68,-194,-48,-195,-29,-198,-10,-198]]]
704422	r	36.7757,48.0092,37.5841,48.5483	[[[367758,482800,9,-177,26,-176,43,-175,60,-173,77,-169,93,-166,109,-162,125,-156,140,-150,154,-144,167,-137,181,-130,193,-121,205,-112,215,-104,224,-93,233,-84,241,-73,248,-62,253,-52,258,-40,260,-29,264,-17,264,-6,264,6,264,17,75,9,2555,1437,849,885,0,1,26,176,7,138,-1460,1354,-3127,1368,-241,-27,-258,-40,-253,-52,-248,-62,-241,-73,-233,-84,-224,-93,-215,-104,-205,-112,-193,-121,-181,-130,-167,-137,-154,-144,-140,-150,-125,-156,-109,-162,-93,-166,-77,-169,-60,-173,-43,-175,-26,-176,-9,-177]]]
707688	r	30.2995,46.0785,30.7591,46.4546	[[[302995,463000,8,-164,23,-163,38,-162,54,-160,68,-157,83,-154,98,-149,111,-145,124,-139,138,-134,150,-126,161,-120,172,-112,182,-104,192,-96,200,-87,116,-43,29,20,92,139,199,394,87,81,157,59,142,139,216,286,700,693,289,399,44,95,-3,110,-71,83,-229,107,-46,56,88,63,311,-17,1,3,-9,0,-12,64,56,7,4,-10,25,9,1,16,26,3,0,9,11,2,-2,46,48,5,1,-66,92,70,1,16,-21,-3,-1,61,80,28,-32,23,-5,49,-48,-3,21,11,-16,32,6,34,-93,-14,-5,-25,-84,-7,1,-7,-68,-4,-16,97,101,16,-3218,592,-23,-19,-138,-134,-124,-139,-111,-145,-98,-149,-83,-154,-68,-157,-54,-160,-38,-162,-23,-163,-8,-164]],[[307039,463485,106,-5,168,106,177,163,-28,5,-67,-23,-88,-50,-19,-18,-9,2,-126,-76,-114,-104]],[[307497,463799,16,-30,78,72,-80,15,-5,-5,4,-19,-13,-33]]]
13580103	p	703448
706466	r	38.0079,47.7795,38.3264,48.1561	[[[380079,477953,77,-20,242,-49,247,-39,250,-28,252,-16,253,-6,253,6,252,16,250,28,247,39,242,49,237,60,231,71,151,54,-478,3140,-2314,303,-54,-491,12,5,5,18,22,-25,33,10,29,-23,87,46,110,25,10,10,-5,15,33,24,5,-4,21,13,-50,38,85,58,2,20,-12,-7,-37,90,-64,2,-1,15,60,5,69,22,114,-36,52,-54,-9,-35,33,-11,30,-2,37,-19,-10,-12,-50,6,-22,-9,32,-68,-76,-20,-37,-30,-93,-30,-40,1,13,-23,4,-38,21,5,9,-17,-17,-4,7,-15,37,-21,66,-113,18,5,28,-29,-15,-22,23,-6,-18,-18,70,-59,21,-32,-79,-23,109,-92,-14,-8,-16,13,-11,-6,-91,2,-124,50,-162,-19,6,-36,-106,-30,78,-44,-120,-88,-53,-13,-120,14,-8,-20,11,-7,39,-86,-12,-41,-19,-21,-23,-5,-14,2,-25,-225,7,-32,127,41,37,4,18,-12,41,4,14,-12,-4,-15,11,-23,-12,-17,-59,19,-57,-16,10,-15,-9,-15,20,-24,5,-38,40,-31,-64,5,4,-9,32,-6,-4,-12,47,-14,0,-17,-43,2,-15,-5,-19,-14,-7,-23,69,-37,-19,-18,-138,40,-28,15,-29,40,-201,-1850]]]
699553	r	27.1634,50.3045,28.0566,50.8755	[[[271634,505900,9,-187,29,-186,47,-184,67,-182,85,-179,103,-174,120,-171,138,-164,154,-159,171,-152,185,-144,200,-137,213,-127,226,-119,238,-109,248,-98,258,-88,266,-77,273,-66,280,-55,285,-42,288,-30,291,-19,292,-6,292,6,291,19,288,30,285,42,280,55,273,66,266,77,258,88,248,98,238,109,226,119,213,127,200,137,185,144,171,152,154,159,138,164,120,171,103,174,85,179,67,182,47,184,29,186,9,187,-9,187,-29,186,-47,184,-67,182,-85,179,-103,174,-120,171,-138,164,-154,159,-171,152,-185,144,-200,137,-213,127,-226,119,-238,109,-248,98,-258,88,-266,77,-273,66,-280,55,-285,42,-288,30,-291,19,-292,6,-292,-6,-291,-19,-288,-30,-285,-42,-280,-55,-273,-66,-266,-77,-258,-88,-248,-98,-238,-109,-226,-119,-213,-127,-200,-137,-185,-144,-171,-152,-154,-159,-138,-164,-120,-171,-103,-174,-85,-179,-67,-182,-47,-184,-29,-186,-9,-187]]]
693381	r	38.5959,47.7152,39.0884,48.1528	[[[385959,477359,185,-47,284,-58,288,-45,293,-33,295,-19,191,-5,38,199,177,457,252,391,347,283,463,130,1590,-42,29,-1,493,-227,-1174,1694,-2559,1492,-339,-1188,33,-15,-10,-6,11,-15,-28,-17,12,-22,30,12,37,-2,25,-20,5,-17,-69,-59,42,-34,7,-19,-6,-12,25,-50,-22,-15,47,-21,14,-15,-6,-28,-37,-15,-47,16,-12,-13,-5,-27,26,-15,-28,-17,-83,23,-30,15,37,30,-35,20,-15,-8,-15,9,-752,-2631,-4,-13]]]
695274	r	37.9646,48.8914,38.7178,49.2843	[[[379646,490100,9,-179,21,-144,405,-863,3605,631,18,4,2,0,114,20,-1,25,-39,50,31,36,18,0,75,25,141,-2,31,17,-1,47,20,52,56,1,17,20,25,-9,9,10,35,-1,34,33,220,32,102,12,2585,1777,-82,76,-173,139,-186,131,-198,122,-210,114,-221,105,-231,95,-240,84,-247,74,-255,64,-260,52,-265,40,-268,30,-270,17,-272,6,-272,-6,-270,-17,-268,-30,-265,-40,-260,-52,-255,-64,-247,-74,-240,-84,-231,-95,-221,-105,-210,-114,-198,-122,-186,-131,-173,-139,-158,-146,-143,-152,-129,-159,-112,-163,-95,-168,-79,-172,-62,-175,-44,-177,-27,-179,-9,-179]]]
702760	r	35.9126,48.6269,36.7074,49.1531	[[[359126,488900,8,-172,26,-171,42,-170,59,-168,76,-165,91,-161,8,-10,2932,-1568,213,-23,259,-17,260,-6,260,6,259,17,256,28,254,39,248,50,244,61,237,71,229,81,221,91,211,100,201,109,190,118,178,125,165,134,151,139,138,147,122,151,108,157,91,161,76,165,59,168,42,170,26,171,8,172,-8,172,-26,171,-42,170,-59,168,-76,165,-91,161,-108,157,-122,151,-138,147,-151,139,-165,134,-178,125,-190,118,-201,109,-211,100,-221,91,-229,81,-237,71,-244,61,-248,50,-254,39,-256,28,-259,17,-260,6,-260,-6,-259,-17,-256,-28,-254,-39,-248,-50,-244,-61,-237,-71,-229,-81,-221,-91,-211,-100,-201,-109,-190,-118,-178,-125,-165,-134,-151,-139,-138,-147,-122,-151,-108,-157,-91,-161,-76,-165,-59,-168,-42,-170,-26,-171,-8,-172]]]
616743	r	37.0994,48.4114,37.6917,48.7534	[[[370994,486200,9,-183,27,-182,44,-181,39,-110,140,-61,3127,-1368,2537,2343,-5412,1075,-78,-95,-113,-167,-97,-171,-80,-175,-63,-179,-44,-181,-27,-182,-9,-183]]]
691374	r	38.4365,47.7372,38.7151,48.2783	[[[384365,477579,189,-47,281,-58,287,-45,291,-32,293,-20,257,-5,752,2631,15,-9,15,8,35,-20,-37,-30,30,-15,83,-23,28,17,-26,15,5,27,12,13,47,-16,37,15,6,28,-14,15,-47,21,22,15,-25,50,6,12,-7,19,-42,34,69,59,-5,17,-25,20,-37,2,-30,-12,-12,22,28,17,-11,15,10,6,-33,15,339,1188,-828,1160,-470,95,-672,-2348,18,-4,25,13,18,-8,-7,-9,23,-11,-14,-20,27,-8,-8,-10,-64,-1,-3,-9,24,-27,-5,-17,210,1,5,-6,-263,0,-18,1,-780,-2728,-4,-13]]]
693065	p	704508
13607655	p	702320
13535747	p	703448
709276	r	34.3634,47.2068,35.0764,47.7725	[[[343634,472914,22,-17,199,-126,211,-118,221,-108,232,-98,240,-87,248,-76,255,-66,261,-54,265,-42,269,-30,271,-18,272,-6,272,6,271,18,269,30,265,42,261,54,255,66,248,76,240,87,232,98,221,108,211,118,199,126,186,136,173,143,158,151,144,157,129,163,112,169,96,174,79,177,62,180,44,183,27,185,9,185,-9,185,-27,185,-44,183,-62,180,-62,140,-3469,1938,-197,14,-3259,-4811]]]
696108	r	31.936,50.3061,32.824,50.8738	[[[319360,505900,9,-186,29,-184,47,-184,66,-181,85,-177,102,-174,120,-169,137,-164,153,-158,169,-151,185,-143,198,-136,212,-127,225,-118,236,-108,247,-98,256,-87,265,-77,272,-65,278,-54,283,-42,286,-31,290,-18,290,-6,290,6,290,18,286,31,283,42,278,54,272,65,265,77,256,87,247,98,236,108,225,118,212,127,198,136,185,143,169,151,153,158,137,164,120,169,102,174,85,177,66,181,47,184,29,184,9,186,-9,186,-29,184,-47,184,-66,181,-85,177,-102,174,-120,169,-137,164,-153,158,-169,151,-185,143,-198,136,-212,127,-225,118,-236,108,-247,98,-256,87,-265,77,-272,65,-278,54,-283,42,-286,31,-290,18,-290,6,-290,-6,-290,-18,-286,-31,-283,-42,-278,-54,-272,-65,-158,-46,-1412,-658,-69,-47,-185,-143,-169,-151,-153,-158,-137,-164,-120,-169,-102,-174,-85,-177,-66,-181,-47,-184,-29,-184,-9,-186]]]
13607656	p	702320
713259	r	38.9709,47.8455,39.4021,48.3607	[[[389710,480036,1095,-1579,95,-2,267,6,266,18,264,29,260,41,256,52,250,63,243,74,236,85,227,95,207,100,645,3950,-51,42,-37,27,-2669,570,-657,-238,-897,-3333]]]
13645618	p	703448
13561148	p	709717
