232422	r	32.0967,-1,32.9829,0.8587	[[[320967,-1191,1636,-3144,140,-64,329,-125,337,-103,342,-80,347,-58,350,-35,352,-11,352,11,350,35,347,58,342,80,337,103,329,125,320,146,310,167,32,19,-16,-5933,1241,0,2,4910,5,2025,90,97,223,274,205,288,186,300,166,313,55,122,-707,1048,-231,2078,148,472,20,-1,7,6,28,112,2,176,6,18,43,54,-14,31,5,13,32,31,3,22,-25,27,-2,13,62,46,-32,84,34,50,20,73,-2,25,-68,53,-58,68,-64,54,-22,27,-27,87,-27,26,-59,85,-27,105,2,58,38,53,15,43,-36,42,-28,2,-37,48,-25,1,-9,107,-14,23,16,40,-5,56,10,22,-14,25,5,27,33,-8,66,-36,58,-22,11,15,30,21,75,2,-8,38,-25,28,7,11,47,2,57,15,93,38,0,57,7,22,-8,84,12,4,25,-5,77,26,30,-33,69,-7,21,4,73,52,59,17,18,0,23,-75,24,-1,19,6,42,-4,23,20,18,27,27,76,89,-13,-38,75,-18,77,-55,50,-93,176,-29,22,-7,15,2,29,15,23,0,18,-9,45,-11,19,7,19,21,13,17,28,-7,77,16,55,12,96,29,60,24,87,152,237,26,66,5,57,10,38,29,75,-28,30,-22,46,0,38,11,78,-17,94,-14,26,-34,32,-82,45,-27,23,-74,91,-94,134,-107,107,-45,79,-63,68,-45,63,-62,50,-54,32,-78,80,-50,32,-38,12,-145,8,-54,58,-16,44,-4,28,21,104,-5,88,-9,31,-16,60,-54,91,-18,59,-22,48,-15,43,-4,56,-9,33,-55,88,-70,88,-173,248,-24,84,-7,50,8,77,-10,37,-101,172,-131,192,-56,62,-33,1,-37,-18,-43,-46,-47,-38,-62,-78,-112,-196,-16,-148,-2,-78,-4,-143,26,-88,-14,-101,-2,-120,-13,-62,0,-47,33,-162,-78,-203,0,-113,17,-127,-40,-160,-7,-183,-166,-277,-12,-103,-15,-39,-84,-93,-55,-93,-37,-41,-127,-97,-125,-62,-29,-21,-44,-50,-97,31,-50,3,-18,7,-57,-38,-58,-3,-18,5,-22,-9,-23,4,-26,10,-52,6,-31,25,-31,11,-33,27,-37,0,-40,9,-40,22,-15,-5,-30,-26,-43,-14,-22,25,-33,21,-10,17,-65,39,-18,8,-50,-5,-26,7,-35,36,-2,12,-31,45,-103,-75,-8,-13,-10,-66,-98,-5,-47,-40,-8,-17,-40,-29,-26,-43,-28,-11,-66,-67,-42,29,-14,19,-13,47,-33,65,-22,64,-11,-4,-25,-30,-27,4,-21,-19,-47,2,-109,-40,-64,11,-44,-16,370,-1294,387,-340,-10,-127,-50,-23,-11,-30,-29,-17,5,-18,-54,-29,44,-76,22,-99,1,-15,-25,-45,-4,-41,-54,10,-70,-25,-39,-1,-18,-21,-30,-8,-4,-10,-19,-15,5,-17,-10,-17,-44,-26,-4,-19,-17,-23,-3,-23,7,-4,-7,-20,-8,-6,-10,3,-16,-29,-458,196,-571,-208,-5,-34,29,-98,20,-103,49,-84,2,-49,-13,-58,-46,-119,-9,-63,-42,-86,-24,-28,-17,-53,-35,-54,12,-91,14,-45,-2,-14,-8,-4,-14,4,-78,49,-5,-72,-36,-6,-63,-125,-52,-46,-20,-3,-11,7,-37,5,-14,-43,-11,-34,-18,-32,-29,-16,-28,-3,-62,38,-12,-8,-160,-261,-15,-41,-14,-89,-37,-45,-326,-300,-60,-24,-78,-9,-48,-14,-43,-24,-40,-32,-32,-45,-22,-45,-6,-75,-11,-55,-42,-82,19,-70,-19,-32,-23,-12,-17,-26,-45,-6,-11,-20,-19,5,-46,-42,-34,-19,-7,-6,-38,-33,-63,-1,-36,-35,-27,-8,-19,-25,-62,-9,-15,-28,6,-42,-42,-40,-26,-45,-13,-45,-8,-101,-2,-59,7,-29,11,-20,87,-78,28,-89,34,-76,164,-268,-1484,-742],[324364,2205,245,92,-15,-20,-35,-4,-27,-36,-23,-5,-10,-56,-129,25,-6,4],[324779,2361,393,147,1036,-776,-19,-58,2,-704,-2,682,-627,333,-16,15,-18,1,-34,17,-44,6,-15,40,-4,38,-13,16,-6,25,-27,24,-2,9,-6,-4,-13,25,-52,52,-83,54,-6,27,-10,9,-11,29,-10,4,-41,-1,-40,-26,-52,-1,1,58,-16,11,-53,7,-13,-10,-30,-1,-13,-9,-45,-67,-70,21,-41,7],[325736,2771,25,9,10,1,-35,-10],[325965,2621,47,-34,22,-24,-69,58],[325990,4058,1,0,39,-5,-40,5],[326030,4053,30,-48,1,-3,-31,51],[326039,2558,1,-2,31,-64,-32,66],[326380,3394,176,-110,-47,-1,-41,-21,-64,34,-16,21,50,30,-32,6,-9,27,-14,7,-3,7],[326616,3087,1,8,39,37,12,19,1,31,-9,37,69,-43,105,272,-1,-27,16,-196,3,-36,4,-122,6,-143,0,-2,-8,-5,-66,-45,-62,-42,-2,-2,-4,-4,-16,-19,-17,-58,-58,72,1,4,40,40,1,3,4,5,1,16,1,22,-10,22,-33,39,3,30,9,15,-2,15,-28,57]]]
10943053	n	32.1915,0.1652,32.6862,0.919	[[[321915,4828,4,-30,33,-52,16,-57,14,-10,20,-42,17,-23,12,-35,-1,-20,55,-55,15,-31,14,-10,-2,-16,24,-21,-3,-27,11,-16,16,2,8,-9,17,8,11,-8,-2,-27,12,-16,2,-24,31,-16,22,-30,28,-25,32,-11,27,-18,15,-17,9,-22,5,-13,1,0,4,-3,47,-29,37,-4,46,-24,17,-1,8,-11,17,-51,32,-59,9,-89,18,-83,-14,-212,-39,-141,0,-67,20,-55,87,-113,6,-17,-20,-25,-21,-3,-60,-30,-34,-24,-42,-11,-64,-41,-19,-25,-63,-42,-20,-445,1836,667,571,208,458,-196,16,29,10,-3,8,6,7,20,-7,4,3,23,17,23,4,19,44,26,10,17,-5,17,19,15,4,10,30,8,18,21,39,1,70,25,54,-10,4,41,25,45,-1,15,-22,99,-44,76,54,29,-5,18,29,17,11,30,50,23,10,127,-387,340,-370,1294,-1016,3554,-290,-48,-332,-78,-326,-100,-310,-117,-140,-3078,23,2,-75,-8,-18,4,-95,54,-83,-61,-42,-39,-87,-145,-40,-112,-24,-42,-6,-10,-52,-67,-9,-37,2,-12,5,-40,33,-78,-5,-55,9,-31,3,-24,-6,-18,6,-20,-40,-40,-19,-77,-30,-39,-11,-46]],[[324364,2205,6,-4,129,-25,10,56,23,5,27,36,35,4,15,20,-245,-92]],[[324779,2361,41,-7,70,-21,45,67,13,9,30,1,13,10,53,-7,16,-11,-1,-58,52,1,40,26,33,4,8,-3,10,-4,11,-29,10,-9,6,-27,83,-54,52,-52,13,-25,6,4,2,-9,27,-24,6,-25,13,-16,4,-38,15,-40,44,-6,34,-17,18,-1,16,-15,627,-333,0,22,19,58,-1036,776,-393,-147]],[[326380,3394,3,-7,14,-7,9,-27,32,-6,-50,-30,16,-21,64,-34,41,21,47,1,-176,110]],[[326616,3087,28,-57,2,-15,-9,-15,-3,-30,33,-39,10,-22,-1,-22,-1,-16,-4,-5,-1,-3,-40,-40,-1,-4,58,-72,17,58,16,19,4,4,2,2,62,42,66,45,8,5,-1,19,-5,126,-4,122,-3,36,-16,196,1,27,-105,-272,-69,43,9,-37,-1,-31,-12,-19,-39,-37,-1,-8]]]
231165	p	232422
234179	p	232422
10858926	p	232422
229268	r	30.4711,-1.0204,30.9639,-0.262	[[[304711,-9797,191,-87,256,-97,261,-79,266,-63,270,-45,272,-27,273,-9,273,9,82,8,2784,6959,-186,200,-200,189,-211,174,-63,45,-3598,-1148,-670,-6029]]]
232110	p	232422
228853	p	232422
227812	n	33.0075,0.0625,33.5162,0.7047	[[[330076,5847,1051,-3603,21,-8,214,-54,218,-32,220,-11,100,5,0,-1516,100,-3,245,8,244,24,243,40,239,56,234,72,230,87,224,102,216,117,208,130,200,144,190,157,179,168,167,181,156,191,143,201,44,70,-2944,4674,-7,-1,1,-87,11,-39,2,-54,-81,-25,-51,5,-33,22,-51,20,-9,43,-25,21,-46,8,-27,12,-2,2,0,-318,-100,5,-220,-11,-218,-32,-214,-54,-207,-75,-200,-95,-189,-114,-177,-132,-163,-149,-136,-152]]]
233346	r	31.938,2.4059,32.662,3.1341	[[[319380,27700,7,-238,24,-237,38,-235,54,-232,69,-228,83,-223,98,-217,112,-210,125,-203,138,-193,150,-184,162,-174,173,-163,183,-151,193,-139,201,-126,209,-112,216,-99,221,-84,227,-69,231,-54,233,-39,236,-23,237,-8,237,8,236,23,233,39,231,54,227,69,221,84,216,99,209,112,201,126,193,139,183,151,173,163,162,174,150,184,138,193,125,203,112,210,98,217,83,223,69,228,54,232,38,235,24,237,7,238,-7,238,-24,237,-38,235,-54,232,-69,228,-83,223,-98,217,-112,210,-125,203,-138,193,-150,184,-162,174,-173,163,-183,151,-193,139,-201,126,-209,112,-216,99,-221,84,-227,69,-231,54,-233,39,-236,23,-237,8,-237,-8,-236,-23,-233,-39,-231,-54,-227,-69,-221,-84,-216,-99,-209,-112,-201,-126,-193,-139,-183,-151,-173,-163,-162,-174,-150,-184,-138,-193,-125,-203,-112,-210,-98,-217,-83,-223,-69,-228,-54,-232,-38,-235,-24,-237,-7,-238]]]
231954	p	232422
232713	p	232422
229911	n	32.8626,0.1439,33.1124,0.5939	[[[328627,3589,14,-23,9,-107,25,-1,37,-48,28,-2,36,-42,-15,-43,-38,-53,-2,-58,27,-105,59,-85,27,-26,27,-87,22,-27,64,-54,58,-68,68,-53,2,-25,-20,-73,-34,-50,32,-84,-62,-46,2,-13,25,-27,-3,-22,-32,-31,-5,-13,14,-31,-43,-54,-6,-18,-2,-176,-28,-112,-7,-6,-20,1,-123,-394,199,-51,218,-32,220,-11,220,11,218,32,214,54,207,75,200,95,189,114,177,132,163,149,136,152,-1051,3603,-21,8,-214,54,-145,21,32,-18,34,-32,14,-26,17,-94,-11,-78,0,-38,22,-46,28,-30,-29,-75,-10,-38,-5,-57,-26,-66,-152,-237,-24,-87,-29,-60,-12,-96,-16,-55,7,-77,-17,-28,-21,-13,-7,-19,11,-19,9,-45,0,-18,-15,-23,-2,-29,7,-15,29,-22,93,-176,55,-50,18,-77,38,-75,-89,13,-27,-76,-18,-27,-23,-20,-42,4,-19,-6,-24,1,-23,75,-18,0,-59,-17,-73,-52,-21,-4,-69,7,-30,33,-77,-26,-25,5,-12,-4,8,-84,-7,-22,0,-57,-93,-38,-57,-15,-47,-2,-7,-11,25,-28,8,-38,-75,-2,-30,-21,-11,-15,-58,22,-66,36,-33,8,-5,-27,14,-25,-10,-22,5,-56,-16,-40]]]
233312	r	31.0298,1.1076,31.6594,1.7523	[[[310298,14300,7,-211,20,-210,34,-208,48,-205,61,-202,74,-197,86,-192,99,-186,111,-179,122,-172,133,-163,143,-154,153,-144,162,-134,170,-123,178,-111,185,-99,191,-87,196,-75,200,-61,204,-48,207,-34,209,-21,209,-7,209,7,209,21,207,34,204,48,200,61,196,75,191,87,185,99,178,111,170,123,162,134,153,144,143,154,133,163,122,172,111,179,99,186,86,192,74,197,61,202,1,5,-54,23,-28,-4,-5,9,-17,2,-38,-14,-21,4,-31,-13,-46,12,-21,-15,-56,-9,-10,-13,-26,-3,-12,-7,-13,12,-55,8,-30,-20,-34,1,-28,17,-14,25,-19,-1,-19,13,-15,0,-38,31,-46,15,-33,29,-62,25,0,24,-12,32,18,5,7,9,-15,50,-16,14,-2,10,8,29,-18,57,10,20,3,51,-11,18,6,52,-11,19,5,19,-9,11,-29,3,-11,11,-15,55,23,68,19,33,9,50,93,129,-3,53,-52,31,-33,-4,-18,29,-17,12,-36,10,-33,19,-33,1,-42,-14,-20,0,-61,16,-28,23,-70,125,-8,32,-96,83,-32,42,-4,68,-28,49,-7,24,-108,86,-79,44,-29,75,-12,15,-44,11,-22,22,-21,-17,-66,1,-54,25,12,16,19,71,-18,42,-3,45,-32,40,-11,6,-6,21,1,21,49,65,-13,64,77,-7,67,-29,41,11,14,16,45,9,41,25,97,-33,21,9,-1244,1866,-58,9,-209,21,-209,7,-209,-7,-209,-21,-207,-34,-204,-48,-200,-61,-196,-75,-191,-87,-185,-99,-178,-111,-170,-123,-162,-134,-153,-144,-143,-154,-133,-163,-122,-172,-111,-179,-99,-186,-86,-192,-74,-197,-61,-202,-48,-205,-34,-208,-20,-210,-7,-211]]]
228971	r	30.8102,-0.0434,31.8219,1.0158	[[[308102,3888,3352,-4322,4820,1841,1693,7621,1,1,251,1129,-9596,-441,-521,-5829]]]
230166	r	32.6421,1.9906,33.1579,2.5094	[[[326421,22500,6,-170,16,-169,1,-3,1527,-2035,42,-20,158,-59,162,-50,164,-38,166,-28,168,-17,169,-5,169,5,168,17,166,28,164,38,162,50,158,59,154,70,148,80,144,90,137,99,130,108,123,116,116,124,107,131,98,138,89,144,80,150,69,154,60,159,49,163,38,165,28,167,16,169,6,170,-6,170,-16,169,-28,167,-38,165,-49,163,-60,159,-69,154,-80,150,-89,144,-98,138,-107,131,-116,124,-123,116,-130,108,-137,99,-144,90,-148,80,-154,70,-158,59,-162,50,-164,38,-166,28,-168,17,-169,5,-169,-5,-168,-17,-166,-28,-164,-38,-162,-50,-158,-59,-154,-70,-148,-80,-144,-90,-137,-99,-130,-108,-123,-116,-116,-124,-107,-131,-98,-138,-89,-144,-80,-150,-69,-154,-60,-159,-49,-163,-38,-165,-28,-167,-16,-169,-6,-170]]]
233299	r	30.0847,-0.3769,31.0349,0.3617	[[[300847,-2531,4534,-1237,3598,1148,1036,331,279,229,9,57,35,351,11,352,-11,352,-35,351,-57,348,-79,343,-102,337,-123,330,-145,321,-165,311,-184,299,-204,286,-222,273,-240,257,-255,241,-271,223,-284,206,-298,186,-308,166,-192,87,-2277,-662,-2727,-3693,-1,-6,-6,-5,-1316,-1782]]]
229380	r	31.3388,-0.7238,32.1212,0.0638	[[[313388,-3300,9,-258,25,-256,41,-254,59,-251,74,-247,90,-241,106,-235,120,-227,135,-219,150,-209,162,-200,175,-188,187,-176,198,-163,208,-151,217,-136,226,-121,233,-106,240,-91,245,-75,249,-59,252,-42,255,-25,256,-8,256,8,255,25,252,42,249,59,245,75,240,91,233,106,226,121,217,136,208,151,198,163,187,176,175,188,162,200,150,209,135,219,120,227,106,235,90,241,74,247,59,251,41,254,25,256,9,258,-9,258,-25,256,-41,254,-59,251,-74,247,-90,241,-106,235,-120,227,-135,219,-150,209,-162,200,-175,188,-187,176,-198,163,-208,151,-217,136,-226,121,-233,106,-240,91,-245,75,-249,59,-252,42,-255,25,-256,8,-256,-8,-255,-25,-252,-42,-249,-59,-245,-75,-240,-91,-233,-106,-226,-121,-217,-136,-208,-151,-198,-163,-187,-176,-175,-188,-162,-200,-150,-209,-135,-219,-120,-227,-106,-235,-90,-241,-74,-247,-59,-251,-41,-254,-25,-256,-9,-258]]]
232066	r	29.7115,-0.265,30.4897,0.5132	[[[297115,-2201,384,129,11,-5,1374,19,88,55,69,28,33,25,-1,24,-38,94,27,33,21,9,115,-3,17,9,36,37,23,11,39,-10,96,-62,63,-25,76,-18,30,11,26,19,17,35,20,87,38,25,82,-4,79,-19,53,11,41,90,79,89,0,11,30,37,23,20,484,-1211,297,119,1316,1782,6,5,1,6,2727,3693,-3106,1229,-1,1,-3,0,-10,4,-15,21,-4,12,8,16,-3,13,-7,8,-11,-8,-9,1,-9,23,-17,15,-17,-4,-2,27,-21,3,-28,26,-10,-1,-11,32,-22,20,-8,18,9,14,-39,45,-12,35,-26,-3,-7,12,-35,7,-45,43,-42,14,-11,35,10,21,-6,13,-15,-1,6,24,-7,12,2,20,-28,34,2,14,-11,26,-33,36,-22,10,-27,-4,-3,-18,-33,-15,-32,8,-30,-18,-6,20,-27,-3,-7,11,-14,-2,-13,-16,-16,-3,-6,-14,-28,-4,-13,-25,-49,-3,-8,-9,-16,4,-17,-12,-8,9,0,14,-28,14,-13,-9,-9,12,-19,-6,-7,-10,-15,-1,-14,-20,1,-13,-11,-6,-15,14,-11,-7,-16,0,-29,14,-6,8,-29,-8,-4,10,-21,5,-18,-38,8,-11,-9,-5,-6,-15,-14,-4,-18,5,-3,10,-30,-18,-13,5,-1,-4,-1183,468,10,-149,-144,-312,-32,-69,-190,-220,-218,-251,-310,-359,-115,-187,-70,-215,-60,-310,173,-433,-56,-248,165,-99,43,-32,913,-2282,-1,-7,-54,-215,-74,-209,-94,-201,-114,-190,-131,-178,-148,-165,-163,-149,-177,-132,-189,-114,-200,-95,-207,-75,-214,-54,-218,-32,-220,-11,-133,7,-52,-347]],[[297757,1652,47,-40,68,-27,99,63,16,34,-2,3,-5,-14,-5,7,-11,-7,-25,-1,-25,19,-5,-4,-14,8,-15,-23,-13,3,-14,-20,-12,-4,-3,17,-20,14,-13,-1,-5,-11,-31,-1,-10,-16,-2,1]]]
229278	r	33.839,0.7584,34.4885,1.4088	[[[338390,10800,7,-218,21,-217,35,-215,49,-212,63,-209,77,-204,89,-199,102,-192,115,-185,126,-178,137,-168,148,-159,158,-149,168,-139,176,-127,183,-114,2522,-331,198,61,203,76,197,90,191,103,184,115,176,127,168,139,69,65,27,74,45,127,288,374,260,641,58,205,3,190,4,258,51,213,84,204,98,179,15,14,-3714,3249,-117,-20,-211,-49,-207,-64,-203,-76,-197,-90,-191,-103,-184,-115,-176,-127,-168,-139,-158,-149,-148,-159,-137,-168,-126,-178,-115,-185,-102,-192,-89,-199,-77,-204,-63,-209,-49,-212,-35,-215,-21,-217,-7,-218]]]
229362	r	31.2173,1.0699,32.2734,2.2868	[[[312173,20190,1803,-2704,1244,-1866,-21,-9,-97,33,-41,-25,-45,-9,-14,-16,-41,-11,-67,29,-77,7,13,-64,-49,-65,-1,-21,6,-21,11,-6,32,-40,3,-45,18,-42,-19,-71,-12,-16,54,-25,66,-1,21,17,22,-22,44,-11,12,-15,29,-75,79,-44,108,-86,7,-24,28,-49,4,-68,32,-42,96,-83,8,-32,70,-125,28,-23,61,-16,20,0,42,14,33,-1,33,-19,36,-10,17,-12,18,-29,33,4,52,-31,3,-53,-93,-129,-9,-50,-19,-33,-23,-68,15,-55,11,-11,29,-3,9,-11,-5,-19,11,-19,-6,-52,11,-18,-3,-51,-10,-20,18,-57,-8,-29,2,-10,16,-14,15,-50,-7,-9,-18,-5,12,-32,0,-24,62,-25,33,-29,46,-15,38,-31,15,0,19,-13,19,1,14,-25,28,-17,34,-1,30,20,55,-8,13,-12,12,7,26,3,10,13,56,9,21,15,46,-12,31,13,21,-4,38,14,17,-2,5,-9,28,4,54,-23,7,-3,13,1,24,-15,17,4,11,-7,1836,-2752,184,43,384,117,376,142,365,167,354,190,340,213,326,235,310,257,293,275,274,295,255,312,233,328,212,343,189,356,137,305,-930,2490,-241,-27,-139,-4,-32,-7,-132,-61,-157,-130,-57,-36,-56,-10,-42,17,-16,18,-10,22,-5,40,59,128,30,108,-5,43,-36,68,-11,41,-4,49,33,205,20,75,16,42,46,71,31,21,89,17,82,33,216,135,-1731,4634,-306,140,-376,142,-384,117,-390,92,-396,65,-399,40,-401,13,-401,-13,-399,-40,-396,-65,-390,-92,-384,-117,-376,-142,-365,-167,-354,-190,-340,-213,-326,-235,-310,-257,-293,-275,-84,-90,-254,-460,-255,-322]]]
229139	r	31.6274,-0.0193,32.2673,0.9528	[[[316274,1407,4141,-1600,1825,2416,90,329,20,445,63,42,19,25,64,41,42,11,34,24,60,30,21,3,20,25,-6,17,-87,113,-20,55,0,67,39,141,14,212,-18,83,-9,89,-32,59,-17,51,-8,11,-17,1,-46,24,-37,4,-46,28,-5,4,-1,0,-5,13,-9,22,-3,3,-8,9,-4,5,-27,18,-32,11,-28,25,-22,30,-31,16,-1,1,-1,23,-12,16,2,27,-11,8,-17,-8,-8,9,-16,-2,-11,16,3,27,-24,21,2,16,-14,10,-15,31,-55,55,1,20,-12,35,-17,23,-20,42,-14,10,-16,57,-33,52,-4,30,11,46,30,39,19,77,40,40,-6,20,6,18,-3,24,-9,31,4,47,1,8,-2,4,-31,74,-5,40,-2,12,9,37,52,67,6,10,24,42,40,112,87,145,42,39,83,61,95,-54,18,-4,52,6,144,3167,-79,43,-316,143,-324,123,-331,101,-338,80,-341,56,-345,35,-346,11,-346,-11,-345,-35,-341,-56,-338,-80,-331,-101,-324,-123,-208,-94,-1693,-7621]]]
233508	p	232422
233114	p	227812
225964	p	10943053
226554	n	30.1554,-0.7961,30.5347,-0.3439	[[[301554,-5700,11,-222,32,-219,54,-215,74,-209,94,-201,114,-190,131,-178,148,-165,163,-149,177,-132,189,-114,200,-95,207,-75,214,-54,218,-32,220,-11,220,11,218,32,214,54,207,75,200,95,91,56,397,3573,-122,113,-177,132,-189,114,-200,95,-207,75,-214,54,-218,32,-220,11,-220,-11,-218,-32,-214,-54,-207,-75,-200,-95,-189,-114,-177,-132,-163,-149,-148,-165,-131,-178,-114,-190,-94,-201,-74,-209,-54,-215,-32,-219,-11,-222]]]
233730	p	229268
230617	r	33.4229,2.1856,34.8854,3.8641	[[[334229,27701,1853,-3121,6602,-2724,3726,755,243,175,445,367,420,395,393,423,365,447,335,470,243,392,-41,134,-57,498,-100,137,-91,-14,-66,-84,-81,-73,-137,10,-94,92,-422,876,-152,869,-203,630,-41,89,-68,85,-53,12,-283,136,-18,27,-20,18,-17,35,-21,35,-39,18,-24,-16,-45,-78,-25,-18,-41,-20,-112,-92,-62,-21,-136,36,-91,94,-150,239,-317,353,-100,174,-291,1513,0,1,-118,210,-209,139,-472,135,-208,132,-109,229,-99,1228,-129,399,-74,107,-94,103,-78,107,-26,119,30,114,100,245,16,94,-42,110,-123,214,-8,109,56,87,91,40,102,27,93,47,190,292,94,401,25,804,-67,210,-147,95,-187,57,-188,98,-325,347,-179,72,-272,-79,-105,-98,-43,-96,-47,-41,-115,65,-151,404,-222,286,-7,49,-105,-9,-198,-56,-197,-13,-172,-44,-85,-6,-127,48,66,78,199,127,-125,152,-157,59,-18,55,477,247,104,129,-196,19,-575,19,-575,-19,-573,-57,-567,-94,-561,-131,-551,-168,-538,-204,-524,-239,-508,-272,-369,-231,-339,-1401,98,-82,-12,-4,103,-89,-27,-51,-16,-67,-27,-36,-4,-14,6,-97,-8,-100,2,-67,18,-140,54,-189,26,-44,51,-48,33,-42,163,14,30,-54,98,-132,46,-35,39,1,37,-23,89,-67,38,-37,153,-211,14,-17,5,2,3,-135,62,-51,34,-46,8,-58,65,-42,12,-47,36,-51,-12,-32,6,-17,-7,-6,3,-14,-27,-35,-10,-142,-80,-85,-17,-28,-4,-66,22,-172,-26,-76,-8,-134,-36,-31,-24,-5,-31,-15,-31,-35,-2,-31,-12,-37,-17,-17,-46,-21,-80,-73,-22,-38,-10,-108,-15,-21,-9,-37,-64,-47,-59,5,-87,-8,-186,15,-38,26,-30,-12,-79,44,-49,10,-28,16,-29,86,-58,27,-12,26,-39,2,-27,-16,-50,26,-28,37,-117,83,-16,-2,-14,-46,-42,-10,-25,28,-32,-32,-55,30,-57,49,-130,-2,-18,6,-18,-4,-9,1,-11,14,-16,3,-4,-2,-3,0,0,-2,-14,-9,-11,3,-3,-1,-1242,-5133]]]
235039	r	30.7438,2.5783,31.3493,3.2323	[[[307438,30555,13,-192,120,-148,465,-324,173,-159,231,-404,108,-396,-14,-398,-247,-673,-68,-99,-40,-20,-120,-23,-43,-28,-25,-56,-2,-100,-12,-51,-334,-900,-23,-126,-7,-42,-24,-78,-145,-228,244,-92,275,-84,280,-66,284,-47,286,-28,287,-9,287,9,286,28,284,47,280,66,275,84,269,102,262,119,253,136,245,153,233,168,222,184,210,197,197,211,182,223,167,235,152,246,136,255,118,263,102,270,83,277,65,281,47,286,28,287,10,289,-10,289,-28,287,-47,286,-65,281,-83,277,-12,30,-5251,673,-363,-1089,-155,-467,-41,-212]]]
8581615	n	30.7796,-0.9661,31.2246,-0.5139	[[[307796,-7835,1,-6,54,-215,74,-209,94,-201,114,-190,131,-178,148,-165,163,-149,177,-132,189,-114,200,-95,207,-75,214,-54,218,-32,220,-11,220,11,218,32,214,54,207,75,200,95,189,114,177,132,163,149,148,165,131,178,114,190,94,201,74,209,54,215,32,219,11,222,-11,222,-32,219,-54,215,-74,209,-94,201,-114,190,-131,178,-148,165,-163,149,-177,132,-189,114,-200,95,-207,75,-214,54,-218,32,-220,11,-220,-11,-218,-32,-214,-54,-207,-75,-200,-95,-189,-114,-42,-32,-914,-2283]]]
232397	r	32.565,0.6573,33.6312,1.5098	[[[325650,9957,1935,-1972,2,78,16,148,112,196,62,78,47,38,43,46,37,18,33,-1,56,-62,131,-192,101,-172,10,-37,-8,-77,7,-50,24,-84,173,-248,70,-88,55,-88,9,-33,4,-56,15,-43,22,-48,18,-59,54,-91,16,-60,1118,-347,746,88,-4,-17,-35,-42,-32,-56,-19,-102,55,-18,60,-7,4,-6,51,0,45,-18,41,16,25,24,11,39,92,37,9,15,-7,52,3,70,32,-16,70,4,67,-30,30,2,12,14,31,12,19,-3,29,-33,33,-17,37,-9,48,-33,42,-15,33,8,36,35,-18,59,-3,41,-21,60,-2,15,4,11,2,0,27,-12,78,-15,43,17,34,2,29,33,162,19,29,-4,25,-15,21,-1,63,36,40,5,3,-14,10,-10,27,-12,46,-8,25,-21,9,-43,51,-20,33,-22,51,-5,81,25,-2,54,-11,39,-1,87,7,1,1440,1482,-45,124,208,229,68,98,72,129,66,-22,72,-34,72,9,4,-1,2137,2200,-53,429,-5356,3408,-67,-2,-363,-36,-360,-60,-355,-83,-349,-107,-341,-129,-332,-151,-321,-173,-310,-194,-296,-214,-282,-233,-266,-251,-249,-268,-232,-283,-212,-298,-192,-312,-172,-324,-151,-334,-128,-343,-106,-352,-83,-357,-59,-362,-27,-275]]]
235130	r	31.9705,1.2134,33.0368,2.401	[[[319705,22385,47,-126,1731,-4634,-216,-135,-82,-33,-89,-17,-31,-21,-46,-71,-16,-42,-20,-75,-33,-205,4,-49,11,-41,36,-68,5,-43,-30,-108,-59,-128,5,-40,10,-22,16,-18,42,-17,56,10,57,36,157,130,132,61,32,7,139,4,241,27,930,-2490,773,-2067,323,-76,6224,3504,314,1289,-2397,3196,-1527,2035,-1389,1852,-5350,-1625]]]
233275	r	33.2218,0.0907,33.8416,1.1232	[[[332218,7047,2944,-4674,923,-1466,332,101,327,124,103,47,24,108,0,1,1545,6840,-2072,3086,-59,18,-2110,-2171,-4,1,-72,-9,-72,34,-66,22,-72,-129,-68,-98,-208,-229,45,-124,-1440,-1482]]]
234077	r	33.6871,-0.0344,34.2973,0.8128	[[[336871,1288,69,-84,236,-254,251,-237,267,-220,280,-202,292,-183,304,-164,314,-143,323,-122,73,-23,-64,214,-311,1031,31,197,139,186,443,589,85,114,18,24,125,-107,327,428,12,28,36,44,1,30,20,21,-7,15,22,0,4,20,14,8,-2,8,16,-4,1,8,8,5,29,15,7,10,-11,5,3,11,-6,3,5,7,-9,13,10,2,-5,14,20,13,-5,7,8,1,-1,12,10,11,-8,5,8,5,-14,20,19,-6,-3,12,12,4,6,-11,14,21,9,-23,21,20,9,-9,15,18,4,-7,12,0,-4,16,8,2,-3,-7,4,-2,14,9,13,-1,-11,9,9,2,-7,11,6,5,10,-7,2,8,6,-4,-3,7,11,1,0,11,8,3,-5,7,11,0,-10,15,-12,1,-3,15,-10,-4,-5,4,13,18,5,-1,0,-9,11,3,-11,11,8,10,-18,25,27,2,11,8,-21,12,15,6,-9,10,10,19,8,3,11,-9,17,17,24,0,-2,8,21,24,-6,16,4,8,-11,7,1,25,-6,5,8,9,-2,11,7,-4,10,6,-2,9,8,-7,7,8,-11,9,-2,13,14,-4,0,7,20,-2,5,14,15,1,26,16,1,10,13,-4,5,7,-1,7,-10,-1,-1,17,-10,-3,6,20,-14,35,5,5,-6,8,4,5,-15,6,0,8,10,9,12,-6,0,11,4,-16,3,6,9,-6,2,6,14,0,0,17,3,-10,5,10,10,-2,4,-7,7,9,36,-1,21,-9,18,3,18,20,-1,11,9,1,-8,10,5,7,8,1,3,-12,8,11,22,7,2,7,23,-1,-2,10,10,1,-3,11,-17,11,9,6,8,-4,5,7,-8,1,-5,8,15,5,7,-7,9,2,1,16,7,1,3,13,8,-3,11,8,-1,8,39,19,-2,5,-8,-5,-3,5,9,7,1,10,4,-6,9,2,0,8,-8,1,6,7,6,2,0,-10,6,0,0,6,17,-1,-6,22,11,1,-4,-14,15,3,33,30,2,1,-1,9,0,1,0,2,-13,-4,5,17,-13,20,17,0,-5,4,6,6,-10,4,13,5,-7,2,0,6,12,7,3,19,5,-6,7,7,-2,7,10,2,6,12,-6,11,26,26,-8,9,0,12,18,13,17,27,7,115,-26,132,-34,85,-14,50,-8,63,-10,20,-84,85,-10,25,0,94,20,33,0,25,-19,64,3,30,-16,26,21,29,15,9,14,29,34,23,3,12,15,3,0,10,51,28,-3,20,45,48,62,54,50,28,-15,61,-1,26,12,18,-13,173,52,60,-4,24,-22,20,-43,15,110,161,4,193,107,244,-1,2,115,205,295,203,407,147,323,164,241,258,131,349,30,80,40,230,10,64,-407,53,-2522,331,-1628,213,-1545,-6840]]]
230725	r	30.7997,3.1454,31.541,3.7924	[[[307997,32323,5251,-673,1529,-196,34,63,157,349,134,357,110,366,86,372,62,377,38,380,12,382,-12,382,-38,380,-62,377,-86,372,-110,366,-134,357,-157,349,-36,68,-998,542,-827,449,-393,125,-409,57,-472,0,-261,-73,-371,-289,-204,-159,-7,11,-34,18,-26,-2,-15,8,-30,0,-35,-9,-17,-17,-20,-8,-12,-20,-16,-6,0,-20,-20,4,-4,-13,-17,-10,4,-10,34,-24,-128,-25,-93,-38,-283,-224,-14,7,-22,32,-17,13,-29,3,-13,0,-39,-28,-37,-2,-39,6,-30,-14,3,-35,-33,-11,-3,5,-40,-3,-5,-13,-19,-3,3,-9,-21,-15,-19,-27,-87,2,-105,-36,-111,-97,-50,-109,-31,-115,-46,-118,-660,-961,-219,-431,-43,-157,88,32,8,-9,-5,-40,-8,-10,41,-8,40,-20,38,-43,16,-9,13,-3,26,6,21,-15,20,-5,98,43,-6,65,15,5,20,20,40,13,6,9,13,-3,23,17,42,66,24,16,35,-6,36,-16,24,10,30,-56,3,-89,-67,-283,15,-114,101,-210,18,-117,-63,-214,-51,-74,-76,-110,-288,-317,-198,-340,-18,-49,-13,-105,-32,-52,-46,-23,-121,-27,-36,-23,-179,-354,-45,-137],[308513,34907,6,8,-1,32,94,35,86,74,-4,-20,4,-15,-11,-12,-28,-73,-75,-18,-13,-17,-32,-10,-26,16]]]
226234	r	33.2647,1.3725,33.9553,2.0675	[[[332647,17200,7,-227,23,-227,36,-224,52,-221,65,-218,80,-213,93,-207,107,-200,119,-193,132,-185,143,-176,154,-166,165,-155,175,-145,184,-132,192,-120,199,-107,206,-94,211,-80,216,-66,220,-52,223,-37,225,-22,226,-8,226,8,225,22,223,37,220,52,216,66,211,80,206,94,199,107,192,120,184,132,175,145,165,155,154,166,143,176,132,185,119,193,107,200,93,207,80,213,65,218,52,221,36,224,23,227,7,227,-7,227,-23,227,-36,224,-52,221,-65,218,-80,213,-93,207,-107,200,-119,193,-132,185,-143,176,-154,166,-165,155,-175,145,-184,132,-192,120,-199,107,-206,94,-211,80,-216,66,-220,52,-223,37,-225,22,-226,8,-226,-8,-225,-22,-223,-37,-220,-52,-216,-66,-211,-80,-206,-94,-199,-107,-192,-120,-184,-132,-175,-145,-165,-155,-154,-166,-143,-176,-132,-185,-119,-193,-107,-200,-93,-207,-80,-213,-65,-218,-52,-221,-36,-224,-23,-227,-7,-227]]]
233476	r	29.9411,0.3439,30.5989,0.9911	[[[299411,6600,7,-217,21,-215,35,-214,49,-211,62,-207,76,-203,89,-198,97,-181,731,-290,1,4,13,-5,30,18,3,-10,18,-5,14,4,6,15,9,5,-8,11,18,38,21,-5,4,-10,29,8,6,-8,29,-14,16,0,11,7,15,-14,11,6,-1,13,14,20,15,1,7,10,19,6,9,-12,13,9,28,-14,0,-14,8,-9,17,12,16,-4,8,9,49,3,13,25,28,4,6,14,16,3,13,16,14,2,7,-11,27,3,6,-20,30,18,32,-8,33,15,3,18,27,4,22,-10,33,-36,11,-26,-2,-14,28,-34,-2,-20,7,-12,-6,-24,15,1,6,-13,-10,-21,11,-35,42,-14,45,-43,35,-7,7,-12,26,3,12,-35,39,-45,-9,-14,8,-18,22,-20,11,-32,10,1,28,-26,21,-3,2,-27,17,4,17,-15,9,-23,9,-1,11,8,7,-8,3,-13,-8,-16,4,-12,15,-21,10,-4,3,0,1,-1,1883,-745,83,25,202,77,196,89,190,102,182,115,175,126,167,137,157,149,147,158,137,167,125,176,114,184,101,191,89,198,76,203,62,207,49,211,35,214,21,215,7,217,-7,217,-21,215,-35,214,-49,211,-62,207,-76,203,-89,198,-101,191,-114,184,-125,176,-137,167,-147,158,-157,149,-167,137,-175,126,-182,115,-190,102,-196,89,-202,77,-206,63,-209,49,-213,35,-214,21,-215,7,-215,-7,-214,-21,-213,-35,-63,-15,-80,-84,-46,-161,-31,-37,-181,-337,-109,-127,-97,-55,-1067,-243,-241,-108,-53,-65,-125,-176,-114,-184,-101,-191,-89,-198,-76,-203,-62,-207,-49,-211,-35,-214,-21,-215,-7,-217]]]
229006	n	29.7162,-0.1861,29.9504,0.2379	[[[297162,340,4,-6,20,-2,5,-24,11,9,17,-10,-1,-24,-21,-17,11,-12,7,9,6,-32,-8,-18,19,-3,2,-14,12,1,25,-26,13,-3,-30,-41,-21,-11,1,-13,9,-3,9,-15,23,-6,5,-7,0,-17,-8,-7,3,-17,-6,-8,20,-22,-10,-14,-17,-5,-4,-14,9,-16,35,-11,0,-20,9,-28,8,3,7,-8,-3,-20,7,-12,-11,0,-4,-11,4,-8,15,-3,-5,-13,12,9,6,-19,-6,-5,-11,3,3,-11,9,-2,-10,-7,9,-4,-4,-12,14,0,5,-6,11,8,3,-10,5,12,8,-10,12,4,6,-6,10,11,8,-19,-2,15,10,-7,-4,-14,9,-12,-3,-6,13,2,5,-7,-4,-6,7,-2,-4,-8,-10,1,2,-11,-13,6,-14,-18,4,-11,-7,-6,2,-12,-5,-1,2,-16,-8,-2,3,-5,-28,-3,-15,-18,-13,4,1,8,-19,-15,-9,0,-3,7,-3,-8,4,-2,-6,-5,6,-3,-1,-10,-19,-8,6,-25,8,-3,2,-51,-13,-21,7,-24,-4,-8,8,-17,-6,-42,11,-22,-3,-6,11,-19,-2,-10,12,-4,4,-10,-13,-15,4,-14,-10,-1,-24,-25,4,-14,23,-17,-3,-11,8,-18,-160,-1061,133,-7,220,11,218,32,214,54,207,75,200,95,189,114,177,132,163,149,148,165,131,178,114,190,94,201,74,209,54,215,1,7,-913,2282,-43,32,-165,99,-74,-324,-67,-329,-43,-69,-15,-1,-30,-28,-22,17,-27,5,-21,-8,-21,7,-8,-11,-28,24,-15,-3,-19,6,-6,17,-16,-34,-99,-63,-68,27,-47,40,-5,2,-12,-9,0,-15,-7,-3,-31,14,-11,-14,-2,-21,10,-11,-1,-16,10,-14,-13,-17,6,-16,-3,-9,-10,-12,-9,-1,1,-23,-20,-9,-14,-23,-21,-4,-7,-17,-19,-13,-12,0,-6,-16,-20,-10,-40,-45,-9,-3,-11,-32,-20,4,-38,-10,7,-12,-16,-11,2,-29,-19,14,-10,-13,-34,2,-11,-12,10,-31,18,-4,-3,-11,15,1,-5,-14,-15,1,-9,-14,7,-47,-14,0,-3,-19,-16,-19,10,-18,-17,-31,-1,-15,19,-6,4,-9,-10,-5,-11,-31,11,-4,-11,-56,16,-27,-24,-10,-4,-23,11,-6,-31,-37,-7,-22,-45,-12,-16,2,1,-18,-8,-7,-51,-6,-19,-11,0,-10,15,-4,0,-10,9,-7,-15,-22,12,-12,-6,-14,22,-10,-4,-11,3,-12,8,0,2,-21,-16,-1,19,-18,-22,-3,6,-22,-17,-8,12,-15,-7,-8,-10,7,-8,-14,12,-28,8,0,10,-16,-4,-11,10,-61,-10,-35,-31,-21,0,-12]]]
230893	r	32.1706,2.7643,33.7425,3.9508	[[[321707,35158,6497,-7515,6025,58,1242,5133,3,1,11,-3,14,9,0,2,3,0,4,2,16,-3,11,-14,9,-1,18,4,18,-6,130,2,57,-49,55,-30,32,32,25,-28,42,10,14,46,16,2,117,-83,28,-37,50,-26,27,16,39,-2,12,-26,58,-27,29,-86,28,-16,49,-10,79,-44,30,12,38,-26,186,-15,87,8,59,-5,64,47,9,37,15,21,10,108,22,38,80,73,46,21,17,17,12,37,2,31,31,35,31,15,24,5,36,31,8,134,26,76,-22,172,4,66,17,28,80,85,10,142,27,35,-3,14,7,6,-6,17,12,32,-36,51,-12,47,-65,42,-8,58,-34,46,-62,51,-3,135,-5,-2,-14,17,-153,211,-38,37,-89,67,-37,23,-39,-1,-46,35,-98,132,-30,54,-163,-14,-33,42,-51,48,-26,44,-54,189,-18,140,-2,67,8,100,-6,97,4,14,27,36,16,67,27,51,-103,89,12,4,-98,82,339,1401,552,2282,-67,-67,-957,-960,-736,-738,-49,-29,-314,-184,148,-12,-1836,150,13,-19,-10,-6,3,-22,-11,-6,21,-12,-5,-9,6,-12,-6,-13,8,-3,0,-7,-10,-16,-10,-38,-409,20,-911,46,-309,60,-210,110,-1263,1031,-200,83,-176,-63,-607,-450,-785,-399,-840,-253,-1571,-127,-1837,-150,-438,-102,-1558,-948,-282,-171,-119,-136,-10,-129,43,-358,-2,-155,-31,-142,-13,-63,-39,-51]]]
233070	r	29.5734,-1.4823,30.4198,-0.7798	[[[295734,-11863,16,-24,-11,-20,13,-12,25,-4,23,-22,-1,-10,21,-26,26,-18,11,-52,14,-1,47,-28,28,-22,5,-26,114,-59,21,-29,-3,-7,-23,-6,-18,-21,4,-37,35,-37,-4,-28,-15,-18,7,-14,-12,-63,-9,-14,-18,3,-8,-10,3,-11,-11,-4,-6,-15,-11,0,-8,-12,-16,2,-11,-16,-12,-267,55,-244,25,-20,20,-70,31,-56,-169,-696,66,0,126,-11,16,11,14,-7,35,12,60,-11,84,3,63,-11,15,1,18,5,19,10,24,27,12,-7,66,3,47,13,206,115,155,112,167,87,243,43,119,-27,213,-129,69,-25,83,49,60,197,90,108,93,58,86,25,89,-13,1,0,110,-56,281,-408,44,-210,24,-411,29,-62,68,-150,172,-160,119,-34,60,-93,104,10,70,78,53,6,219,81,62,35,76,26,41,-2,11,30,70,46,12,7,22,-3,21,18,27,13,15,0,11,16,5,21,306,170,104,21,4,11,28,-32,69,-25,16,-14,20,-6,13,5,8,57,14,41,-20,47,5,44,-24,75,3,37,122,78,61,15,-3,15,5,37,-4,19,10,6,-12,14,26,39,92,56,41,2,24,-29,67,5,31,-10,19,8,27,28,13,3,80,-39,25,-43,34,-39,44,0,16,15,9,58,0,59,7,16,23,22,2,31,7,11,46,1,40,18,15,55,63,53,74,-8,172,62,-68,103,20,73,-31,100,36,45,21,56,68,58,-10,13,-25,210,-13,50,64,32,114,5,1,-3,18,1,73,22,155,92,445,423,131,167,107,181,19,66,22,144,29,60,35,28,36,30,167,75,61,51,52,152,64,413,85,143,153,54,42,-6,18,8,8,-12,97,-14,49,-15,14,8,13,28,12,-16,16,-9,17,1,9,-11,-1,-10,29,-9,12,-15,3,19,18,-5,-1,-7,9,-3,16,6,3,-18,5,-1,3,1,5,14,10,-2,0,9,16,8,16,25,15,11,10,-5,-8,-10,4,-5,37,7,5,8,-11,8,6,10,26,-28,8,22,18,-14,15,4,3,-7,17,11,15,-20,13,2,14,12,10,-11,28,10,7,-3,-98,217,-19,36,-4502,2581,-290,-29,-303,-50,-298,-70,-293,-90,-287,-108,-279,-127,-270,-146,-261,-163,-249,-179,-237,-196,-223,-211,-210,-225,-194,-239,-179,-250,-162,-262,-2,-6,-7,-48,45,-258,28,-81,-75,-522,-42,-56,12,-32,13,-9,-4,-35,4,-6,-11,-27,-25,-23,0,-33,-13,-17,14,-13,-8,-29,15,-44,-6,-3,0,-20,13,-12,0,-18,7,-1,-3,-8,7,-5,5,-18,-3,-13,15,-8,3,-10,8,1,0,-22,12,-4,22,-40,-32,-52,-25,-19,-1,-13,-14,-11,0,-39,-13,-14,19,-23,14,-49,-25,-35,0,-14,-9,-15,-33,0,-15,-16]]]
232235	r	34.0086,1.0839,34.8823,1.861	[[[340086,15037,1085,-949,3714,-3249,190,186,130,-30,18,28,39,18,-4,10,7,19,70,-8,318,-58,16,26,51,87,16,225,69,183,484,111,341,328,208,127,823,84,318,144,126,406,-104,398,-174,407,-20,188,-17,167,594,487,211,807,228,340,-91,245,-124,275,-141,266,-159,256,-174,245,-190,234,-205,220,-219,206,-232,191,-243,176,-255,159,-264,143,-273,124,-281,106,-287,88,-291,68,-296,50,-298,29,-300,10,-300,-10,-298,-29,-296,-50,-291,-68,-287,-88,-281,-106,-273,-124,-264,-143,-255,-159,-243,-176,-232,-191,-219,-206,-205,-220,-190,-234,-174,-245,-67,-107,-539,-1417]]]
