1512569	r	68.7153,40.8078,69.6544,41.4691	[[[687153,409963,56,-94,113,-161,127,-154,140,-148,152,-141,164,-133,176,-125,185,-115,195,-106,204,-97,212,-85,219,-76,224,-64,230,-53,234,-41,237,-30,239,-18,240,-6,240,6,239,18,14,2,257,573,49,-49,196,-165,216,-149,235,-132,251,-114,264,-95,275,-75,283,-54,33,-3,3492,2540,-7,33,-1707,1210,0,1,222,247,2,34,34,109,-7,60,9,119,47,128,64,115,15,46,30,127,4,44,-12,66,21,50,-2,20,-53,2,-16,24,-192,28,-80,47,-94,22,-227,28,-99,29,47,33,35,42,60,31,78,67,24,68,31,21,-29,21,-43,-17,-84,-18,-211,-8,-149,-12,-1211,1255,-76,-36,-192,-93,-73,-8,-74,-8,-147,40,-149,40,-80,-12,-82,-13,-272,-130,-272,-130,-123,-91,-122,-91,-51,-104,-50,-104,-93,28,-93,28,-94,-22,-95,-22,-231,-85,-231,-86,-41,-26,-41,-26,-23,-35,-23,-35,14,-41,13,-42,46,-44,46,-44,25,-14,23,-13,14,-18,15,-18,13,-58,15,-59,4,-83,4,-82,-79,-475,-35,-218,-42,-258,-41,-58,-39,-57,-86,-64,-85,-64,-171,-89,-173,-89,-180,-66,-179,-67,-216,-21,-214,-22,-103,-25,-103,-26,-65,-64,-63,-65,-125,-162,-125,-163,-342,-114,-344,-114,-139,-118,-136,-117,-184,-400,-126,-275]],[[694411,414154,3,-48,45,-67,31,-28,11,3,1,-11,20,0,38,13,20,-2,54,32,23,5,38,15,-31,10,-20,18,55,32,-15,17,-39,-24,0,38,-16,25,-30,24,-45,16,-51,3,-44,-16,-23,-16,-25,-39]]]
1514588	r	71.7637,40.4174,72.7812,41.0728	[[[717637,407100,12,-179,2178,-1777,137,-68,377,-42,1213,-534,105,44,168,34,456,18,76,3,183,-16,92,-56,2,-2,-40,-101,-145,-37,-170,-12,-116,-26,-47,-91,-2,-2,128,-32,452,16,147,-41,56,-25,78,8,282,54,274,75,262,95,249,114,197,112,-41,78,-43,83,-1,0,-344,190,-89,50,-88,90,0,1,-2,112,67,163,1,178,-2,2,-214,275,0,1,34,165,297,101,94,-63,238,-159,331,-294,288,-109,323,-33,44,72,98,209,71,215,13,70,1229,-556,4,3,3,3,13,132,77,167,182,-1,53,-18,44,40,164,175,149,183,133,189,116,196,100,201,82,206,64,210,46,212,27,214,10,215,-10,215,-27,214,-46,212,-64,210,-11,25,-642,-44,-430,40,-191,63,-1,1,-195,65,-310,257,-429,507,-193,57,-249,13,-180,71,2,229,16,61,-5,51,-28,41,-52,30,-532,39,-283,63,-209,100,-286,340,-133,68,-183,-111,-53,-73,-115,-263,-75,-46,-368,-39,-575,-132,-304,-70,137,238,3,9,-632,-666,116,-276,-97,19,-288,32,-289,11,-1792,-688,-965,-748,-79,-169,-71,-215,-42,-219,-15,-222]]]
1513157	r	71.4033,40.722,72.118,41.4713	[[[714033,411190,517,-369,0,-3601,2562,139,1697,1314,1784,685,84,86,150,190,125,201,99,209,71,215,43,219,14,222,-14,222,-43,219,-71,215,-99,209,-125,201,-34,43,-157,-107,-298,-136,-173,69,-153,165,-242,152,-793,-103,-261,96,-53,421,25,426,-24,139,-172,19,-76,3,8,6,-66,197,-98,209,-126,201,-150,190,-175,178,-197,165,-217,149,-98,55,0,-2,-81,-53,-94,32,-46,138,-118,53,-43,-52,-42,-109,-59,-82,-95,27,-8,121,55,169,-123,44,-276,75,-252,48,222,-216,37,-183,-43,-200,-143,-335,-333,-543,-276,-218,-341,-50,-432,141,-481,340,-137,26,-62,-127,89,-1726,-54,-347,-128,-84]]]
1216265	r	66.523,39.3637,67.3858,39.9994	[[[665230,396388,0,-10,29,-221,46,-219,65,-216,83,-213,101,-208,119,-202,135,-196,151,-189,167,-180,182,-172,196,-162,209,-152,221,-141,130,-72,1587,-198,5207,3748,-28,93,-83,213,-101,208,-119,202,-135,196,-151,189,-167,180,-182,172,-196,162,-209,152,-221,141,-233,129,-244,117,-252,105,-261,92,-268,78,-275,64,-279,51,-282,36,-286,22,-286,7,-286,-7,-286,-22,-282,-36,-279,-51,-275,-64,-268,-78,-261,-92,-252,-105,-244,-117,-43,-24,-1894,-3010]]]
1512296	p	1512569
601294	r	59.1743,42.2346,60.0605,42.7946	[[[591743,425050,353,-273,142,-168,95,-192,119,-764,132,-178,288,-116,509,-41,235,-60,399,-319,250,-71,517,-12,1251,143,862,99,868,-58,447,40,454,-38,315,-257,278,-322,171,-116,59,47,187,169,172,178,155,186,139,193,122,200,104,204,85,210,67,213,48,216,29,218,10,219,-10,219,-29,218,-48,216,-67,213,-85,210,-104,204,-122,200,-139,193,-155,186,-172,178,-187,169,-202,160,-215,150,-228,139,-239,127,-251,116,-260,103,-268,90,-276,77,-282,64,-287,50,-291,35,-293,22,-295,7,-295,-7,-293,-22,-291,-35,-287,-50,-282,-64,-276,-77,-268,-90,-260,-103,-205,-95,572,-1052,-13,-1,-295,-32,-290,-54,-281,-75,-270,-95,-256,-114,-240,-132,-221,-149,-200,-165,-178,-178,-154,-190,-74,-116]]]
1514019	r	71.3998,39.9201,72.1554,40.5144	[[[713998,402905,34,-86,67,-135,315,-75,96,-120,79,-148,182,-133,213,-103,228,-68,471,-71,247,18,87,116,23,173,61,191,182,125,177,-118,142,-226,70,-203,-3,-411,62,-152,202,-68,139,32,526,238,17,12,144,106,109,136,187,318,310,239,365,16,393,-74,395,-25,116,28,58,7,78,-13,120,-38,158,-20,141,27,65,109,-56,78,-66,34,-72,37,-127,45,40,24,71,31,80,-31,48,-40,16,1,18,-24,38,-17,11,22,-11,16,64,28,12,13,32,16,77,8,6,9,34,2,48,22,11,63,-15,22,-13,7,-112,23,-60,22,-33,-5,-17,13,-83,5,-68,17,-41,1,-63,29,-40,5,-43,-11,-39,35,-64,13,0,12,-13,4,5,9,-107,60,0,14,-51,35,-19,34,780,303,264,201,145,280,60,186,92,104,561,236,-1213,534,-377,42,-137,68,-1713,-658,-13,60,-17,10,-19,-2,-64,14,-60,-5,-55,4,-115,-11,-53,-14,-69,-42,-25,23,-18,4,-57,-16,-44,-29,-32,5,-13,20,-43,-23,-11,-24,-14,-1,-3,49,-33,-32,-46,-20,31,-17,0,-15,-38,24,-4,-13,-24,-10,-5,-24,-9,-2,8,-18,15,4,5,-14,-5,-31,51,2,11,-34,-39,3,-2,-16,20,-9,-45,-18,18,-21,-93,-26,-19,21,-11,-3,32,-32,-5,-21,26,-12,8,-24,2,-1,-3240,-1244],[719637,404653,56,32,-1,-1,-55,-31],[719699,402801,36,3,23,-14,58,-16,0,-5,-37,-11,-1,0,-8,3,-71,40]],[[716838,399552,272,-130,310,-127,268,-94,210,592,-43,104,-249,-60,-365,-210,-172,-66,-231,-9]]]
1217662	r	64.0104,39.4536,64.8965,40.0948	[[[640104,397700,9,-212,27,-212,45,-209,62,-207,80,-204,97,-199,113,-193,129,-187,145,-181,160,-173,174,-164,188,-155,200,-145,213,-135,223,-124,233,-112,242,-100,250,-88,257,-75,263,-61,153,-28,329,616,34,-19,187,-90,195,-80,200,-70,206,-60,211,-50,214,-39,218,-27,219,-17,220,-6,220,6,219,17,218,27,214,39,211,50,206,60,200,70,195,80,187,90,179,100,170,108,161,116,150,125,140,132,128,138,117,145,103,151,91,155,78,159,64,164,50,166,36,168,21,170,7,170,-7,170,-21,170,-36,168,-50,166,-64,164,-78,159,-91,155,-103,151,-117,145,-128,138,-140,132,-150,125,-161,116,-170,108,-179,100,-187,90,-195,80,-200,70,-206,60,-211,50,-214,39,-45,5,314,589,-128,62,-242,100,-250,88,-257,75,-263,61,-267,48,-271,35,-274,21,-274,7,-274,-7,-274,-21,-271,-35,-267,-48,-263,-61,-257,-75,-250,-88,-242,-100,-233,-112,-223,-124,-213,-135,-200,-145,-188,-155,-174,-164,-160,-173,-145,-181,-129,-187,-113,-193,-97,-199,-80,-204,-62,-207,-45,-209,-27,-212,-9,-212]]]
1216311	r	65.4214,38.5581,66.1752,39.1323	[[[654214,387729,39,-100,89,-184,104,-180,118,-175,134,-168,146,-160,160,-153,173,-144,184,-135,194,-125,205,-116,214,-104,223,-93,229,-82,236,-69,241,-58,246,-44,248,-33,251,-19,252,-6,252,6,251,19,248,33,246,44,241,58,236,69,229,82,223,93,214,104,205,116,194,125,184,135,173,144,160,153,146,160,134,168,118,175,104,180,89,184,73,190,58,192,41,195,24,197,9,197,-9,197,-24,197,-41,195,-58,192,-73,190,-89,184,-104,180,-118,175,-134,168,-146,160,-160,153,-173,144,-184,135,-194,125,-205,116,-214,104,-223,93,-41,15,-5348,-3594]]]
1514230	p	1512569
1512979	r	70.6707,40.2367,71.3415,40.8397	[[[706707,407647,582,-102,382,-169,-86,-337,-22,-83,-1,-5,-155,-74,-35,-41,-17,-47,-34,-39,-164,-29,-85,-31,-143,-86,-7,-5,2004,-4232,457,32,207,-15,361,282,546,72,35,4,990,-109,146,70,217,119,206,130,195,139,23,18,87,102,52,12,21,17,169,158,156,167,141,173,126,180,110,187,13,25,231,1728,-11,51,-61,199,-78,196,-94,191,-110,187,-126,180,-46,57,-4021,1478,-1,0,-263,-33,-261,-47,-255,-59,-250,-72,-243,-84,-236,-97,-227,-108,-217,-119,-206,-130,-2,-1]]]
1513243	n	71.4248,40.326,71.9827,40.6961	[[[714248,404700,14,-222,43,-219,70,-215,98,-209,124,-201,148,-190,173,-178,6,-5,2314,888,-2,1,-8,24,-26,12,5,21,-32,32,11,3,19,-21,93,26,-18,21,45,18,-20,9,2,16,39,-3,-11,34,-51,-2,5,31,-5,14,-15,-4,-8,18,9,2,5,24,24,10,4,13,38,-24,0,15,-31,17,46,20,33,32,3,-49,14,1,11,24,43,23,13,-20,32,-5,44,29,57,16,18,-4,25,-23,69,42,53,14,115,11,55,-4,60,5,64,-14,19,2,17,-10,13,-60,1713,658,-2194,1790,-144,16,-289,11,-289,-11,-287,-32,-281,-54,-273,-75,-262,-95,-248,-114,-233,-132,-214,-149,-195,-165,-173,-178,-148,-190,-124,-201,-98,-209,-70,-215,-43,-219,-14,-222]]]
1514581	r	69.8014,40.7496,70.6104,41.3774	[[[698014,410485,1730,-2989,353,84,945,553,1038,313,724,331,555,493,276,1054,377,76,445,-141,123,-102,192,-159,26,-33,31,-30,315,-209,730,-626,70,175,70,228,14,64,-237,242,-166,129,-10,8,-117,206,161,32,276,-90,160,-110,9,216,-10,234,-30,232,-50,231,-70,228,-89,224,-109,219,-127,213,-145,206,-162,198,-180,190,-195,181,-210,171,-225,160,-238,148,-250,136,-262,124,-271,110,-281,97,-288,82,-294,68,-300,53,-304,38,-306,23,-308,8,-35,-1,-1853,-1819,-2,-2,-817,-802,-3,-2,-676,-663]]]
1215957	r	67.0062,37.1851,67.6195,37.4942	[[[670062,373843,179,-68,400,-229,210,-50,123,-90,165,-434,94,-152,202,-101,443,-137,202,-147,100,-172,73,-186,115,-153,223,-73,224,36,192,100,7,-2,8,9,174,90,256,46,243,17,217,49,201,83,70,42,128,77,329,265,184,111,207,46,230,-91,189,-414,164,-116,108,33,77,95,61,99,63,46,104,11,168,41,-4,34,-36,177,-51,175,-65,171,-79,168,-92,164,-106,158,-118,152,-130,146,-142,139,-153,131,-164,123,-173,114,-182,104,-190,95,-197,84,-204,74,-210,64,-214,52,-218,41,-221,29,-222,17,-224,6,-224,-6,-222,-17,-221,-29,-218,-41,-214,-52,-210,-64,-204,-74,-197,-84,-190,-95,-182,-104,-173,-114,-164,-123,-153,-131,-142,-139,-24,-26]]]
1513886	n	67.5363,39.9039,68.1237,40.3561	[[[675363,401300,14,-222,42,-219,70,-215,97,-209,124,-201,148,-190,171,-178,194,-165,214,-149,231,-132,247,-114,261,-95,271,-75,280,-54,285,-32,288,-11,288,11,285,32,280,54,271,75,261,95,247,114,231,132,214,149,194,165,171,178,148,190,124,201,97,209,70,215,42,219,14,222,-14,222,-42,219,-70,215,-97,209,-124,201,-148,190,-171,178,-194,165,-214,149,-231,132,-247,114,-261,95,-271,75,-280,54,-285,32,-288,11,-288,-11,-285,-32,-280,-54,-271,-75,-261,-95,-247,-114,-231,-132,-214,-149,-194,-165,-171,-178,-148,-190,-124,-201,-97,-209,-70,-215,-42,-219,-14,-222]]]
1514210	r	69.3044,41.0638,69.9789,41.6985	[[[693044,414691,1211,-1255,149,12,211,8,84,18,43,17,29,-21,-31,-21,-24,-68,-78,-67,-60,-31,-35,-42,-8,-6,-39,-27,99,-29,227,-28,94,-22,80,-47,192,-28,16,-24,53,-2,2,-20,-21,-50,12,-66,-4,-44,-30,-127,-15,-46,-64,-115,-47,-128,-9,-119,7,-60,-34,-109,-2,-34,-222,-247,0,-1,1712,-1213,258,-10,293,11,290,32,285,54,276,75,265,95,252,114,232,130,817,802,51,83,99,209,71,215,43,219,15,222,-15,222,-43,219,-71,215,-99,209,-125,201,-151,190,-175,178,-197,165,-136,93,955,306,-25,190,-42,192,-58,189,-75,187,-91,182,-107,177,-121,171,-136,166,-151,158,-163,150,-176,142,-189,133,-80,50,-167,-4,-557,-17,-674,-140,-674,-141,-86,-50,-84,-50,-144,-125,-142,-124,-508,-302,-509,-301,-285,-67,-285,-69,-132,-73,-133,-72,-64,-131,-66,-131,19,-53,18,-53,82,-115,84,-115,6,-52,7,-52,-59,-24,-58,-27,-299,41,-297,41,-75,-15,-74,-16,-118,-57],[694411,414154,25,39,23,16,44,16,51,-3,45,-16,30,-24,16,-25,0,-38,39,24,15,-17,-55,-32,20,-18,31,-10,-38,-15,-23,-5,-54,-32,-20,2,-38,-13,-20,0,-1,11,-11,-3,-31,28,-45,67,-3,48]]]
1512473	n	60.3446,41.3244,61.0507,41.9161	[[[603446,416162,3002,-2918,146,6,291,32,286,54,277,75,267,95,252,114,237,132,218,149,198,165,175,178,152,190,125,201,100,209,67,201,-12,6,181,101,219,149,198,165,176,178,151,190,126,201,100,209,72,215,43,219,14,222,-14,222,-43,219,-72,215,-100,209,-126,201,-151,190,-176,178,-198,165,-219,149,-237,132,-253,114,-267,95,-278,75,-286,54,-292,32,-295,11,-295,-11,-292,-32,-174,-33,-1496,-2067,-1787,-852,-1,0,-9,-4]]]
1513131	r	64.9579,39.7548,65.8021,40.4052	[[[649579,400800,9,-213,27,-211,45,-210,62,-208,81,-203,97,-199,114,-194,130,-188,146,-181,161,-173,175,-164,189,-155,202,-146,213,-135,225,-124,234,-112,244,-101,252,-87,258,-75,264,-62,269,-48,273,-35,275,-21,276,-7,276,7,275,21,273,35,269,48,264,62,258,75,252,87,244,101,234,112,225,124,213,135,202,146,189,155,175,164,161,173,146,181,130,188,114,194,97,199,81,203,62,208,45,210,27,211,9,213,-9,213,-27,211,-45,210,-62,208,-81,203,-97,199,-114,194,-130,188,-146,181,-161,173,-175,164,-189,155,-202,146,-213,135,-225,124,-234,112,-244,101,-252,87,-258,75,-264,62,-269,48,-273,35,-275,21,-276,7,-276,-7,-275,-21,-273,-35,-269,-48,-264,-62,-258,-75,-252,-87,-244,-101,-234,-112,-225,-124,-213,-135,-202,-146,-189,-155,-175,-164,-161,-173,-146,-181,-130,-188,-114,-194,-97,-199,-81,-203,-62,-208,-45,-210,-27,-211,-9,-213]]]
1216187	r	66.4809,38.7871,67.1791,39.3329	[[[664809,390600,7,-179,23,-177,37,-176,52,-174,66,-171,80,-167,95,-163,107,-158,121,-151,133,-146,145,-138,156,-130,167,-122,177,-113,185,-104,194,-95,202,-84,208,-74,214,-63,218,-51,223,-41,225,-29,228,-18,228,-5,228,5,228,18,225,29,223,41,218,51,214,63,208,74,202,84,194,95,185,104,177,113,167,122,156,130,145,138,133,146,121,151,107,158,95,163,80,167,66,171,52,174,37,176,23,177,7,179,-7,179,-23,177,-37,176,-52,174,-66,171,-80,167,-15,26,-2261,1555,-46,11,-223,41,-225,29,-228,18,-228,5,-228,-5,-228,-18,-225,-29,-223,-41,-218,-51,-214,-63,-208,-74,-202,-84,-194,-95,-185,-104,-177,-113,-167,-122,-156,-130,-145,-138,-133,-146,-121,-151,-107,-158,-95,-163,-80,-167,-66,-171,-52,-174,-37,-176,-23,-177,-7,-179]]]
1513064	r	69.1616,40.5866,69.9744,41.0633	[[[691616,407033,760,-1026,18,-16,154,-125,402,26,143,66,42,136,-69,531,6,368,70,300,154,260,255,251,142,90,160,67,325,81,180,-15,134,-82,125,-102,156,-73,319,-23,227,-161,389,-461,118,-81,252,-126,111,-101,183,-238,103,-105,126,-87,308,-87,268,63,239,162,419,405,198,126,220,84,1491,356,-1730,2989,-1450,148,-4948,-3600]]]
1513604	n	60.0635,41.2121,60.6459,41.6156	[[[600635,414194,26,-89,281,-210,1095,-424,962,-373,604,-335,542,-410,288,-156,348,-76,600,11,141,36,195,133,197,165,175,178,151,190,126,201,93,198,-3007,2923,-145,-6,-291,-32,-285,-54,-277,-75,-265,-95,-252,-114,-236,-132,-218,-149,-197,-165,-175,-178,-151,-190,-126,-201,-99,-209,-71,-215,-29,-147]]]
1514257	p	1512569
1514192	n	70.9424,40.7739,71.455,41.1888	[[[709424,410000,15,-222,42,-219,71,-215,99,-209,125,-201,150,-190,174,-178,196,-165,216,-149,235,-132,250,-114,264,-95,275,-75,283,-54,289,-32,292,-11,292,11,289,32,283,54,275,75,264,95,250,114,235,132,216,149,46,39,0,2381,-517,369,-96,-63,-685,446,-250,-243,-107,-191,-134,-7,-127,103,-96,140,-123,377,-113,121,-238,15,-207,-86,-27,-138,49,-180,20,-209,-98,-194,-157,81,-253,322,-160,98,-373,38,-182,77,-123,74,-41,-23,-216,-149,-196,-165,-174,-178,-150,-190,-125,-201,-99,-209,-71,-215,-42,-219,-15,-222]]]
1513331	p	1514019
1514382	n	70.3538,40.2139,70.8556,40.6576	[[[703538,404561,16,-210,16,-47,18,-27,132,-147,-6,3,22,-15,85,-79,28,-42,-135,-348,498,-169,210,-47,219,15,188,45,190,15,221,-71,266,-332,133,-463,86,-202,93,-223,132,-72,150,-6,289,11,287,32,281,54,272,75,262,95,248,114,233,132,214,149,195,165,172,178,3,3,-1619,3420,-47,9,-111,-77,-607,-380,-351,-331,-128,-84,-151,-54,-148,-31,-139,-48,-135,-103,-241,-312,-35,-35,-66,-66,-96,-30,-688,-123,-298,-147,-158,-194]]]
1514402	n	68.9763,40.1817,69.3128,40.4456	[[[689763,402270,429,51,228,-29,316,-123,344,-133,899,-206,398,-10,100,-3,376,133,0,236,-678,467,-50,35,-41,295,93,9,169,16,385,-112,322,42,74,490,-64,222,-108,189,-261,359,-39,72,-58,106,-30,80,-155,-6,-286,-32,-280,-54,-272,-75,-260,-95,-248,-114,-232,-132,-214,-149,-194,-165,-171,-178,-149,-190,-123,-201,-98,-209,-70,-215,-42,-219,-10,-152]]]
1216982	r	65.9349,39.6512,66.6051,40.1688	[[[659349,399100,7,-169,22,-169,36,-167,49,-165,64,-162,77,-158,91,-155,103,-149,116,-144,128,-137,139,-131,150,-124,160,-116,169,-107,178,-99,187,-89,193,-80,200,-70,205,-59,210,-50,213,-38,217,-28,218,-16,219,-6,219,6,218,16,217,28,213,38,210,50,205,59,200,70,193,80,187,89,178,99,169,107,160,116,150,124,139,131,128,137,116,144,103,149,91,155,77,158,64,162,49,165,36,167,22,169,7,169,-7,169,-22,169,-36,167,-49,165,-64,162,-77,158,-91,155,-103,149,-116,144,-128,137,-139,131,-150,124,-160,116,-169,107,-178,99,-187,89,-193,80,-200,70,-205,59,-210,50,-213,38,-217,28,-218,16,-219,6,-219,-6,-218,-16,-217,-28,-213,-38,-210,-50,-205,-59,-200,-70,-193,-80,-187,-89,-178,-99,-169,-107,-160,-116,-150,-124,-139,-131,-128,-137,-116,-144,-103,-149,-91,-155,-77,-158,-64,-162,-49,-165,-36,-167,-22,-169,-7,-169]]]
1513966	r	68.3576,40.1839,69.198,40.8134	[[[683576,404900,9,-212,27,-210,45,-209,63,-206,80,-203,97,-198,114,-193,131,-186,146,-180,161,-172,175,-164,189,-154,202,-145,213,-134,225,-123,235,-112,244,-100,251,-87,254,-73,546,111,222,15,580,-77,234,23,348,153,199,63,364,44,3050,3188,-37,172,-63,206,-80,203,-97,198,-114,193,-131,186,-146,180,-161,172,-175,164,-189,154,-202,145,-213,134,-225,123,-235,112,-244,100,-251,87,-259,75,-265,61,-269,48,-273,35,-275,21,-276,6,-276,-6,-275,-21,-273,-35,-269,-48,-265,-61,-259,-75,-251,-87,-244,-100,-107,-51,17,-137,32,-95,33,-93,42,-40,41,-40,48,-21,48,-20,127,-23,125,-23,-4,-62,-5,-62,19,-65,17,-64,33,-61,34,-62,43,-55,43,-56,-10,-33,-9,-34,-122,-152,-122,-152,96,-39,97,-39,-30,-65,-32,-66,-107,-48,-105,-48,-133,14,-135,16,-199,75,-200,76,-57,7,-58,8,-47,-24,-46,-24,-28,-43,-28,-44,-36,-35,-39,-35,-75,3,-76,3,-62,-47,-60,-48,-17,-25,-17,-25,-721,288,-96,-195,-80,-203,-63,-206,-45,-209,-27,-210,-9,-212]]]
601323	n	58.5327,42.8138,59.2074,43.2961	[[[585327,430400,15,-222,44,-219,74,-215,101,-209,129,-201,155,-190,180,-178,202,-165,224,-149,242,-132,259,-114,272,-95,284,-75,293,-54,298,-32,301,-11,301,11,298,32,293,54,284,75,272,95,259,114,241,132,-3283,3781,-113,-39,-259,-114,-242,-132,-224,-149,-202,-165,-180,-178,-155,-190,-129,-201,-101,-209,-74,-215,-44,-219,-15,-222]],[[587052,432449,13,-16,3270,-3767,114,40,259,114,242,132,224,149,202,165,180,178,155,190,129,201,102,209,73,215,44,219,15,222,-15,222,-44,219,-73,215,-102,209,-129,201,-155,190,-180,178,-202,165,-224,149,-242,132,-259,114,-273,95,-284,75,-292,54,-299,32,-301,11,-301,-11,-299,-32,-292,-54,-284,-75,-273,-95,-259,-114,-240,-131]]]
1217474	n	67.614,38.0439,68.1861,38.4961	[[[676140,382700,13,-222,41,-219,69,-215,94,-209,120,-201,145,-190,167,-178,188,-165,208,-149,226,-132,241,-114,253,-95,265,-75,272,-54,278,-32,280,-11,280,11,278,32,272,54,265,75,253,95,241,114,226,132,208,149,188,165,167,178,145,190,120,201,94,209,69,215,41,219,13,222,-13,222,-41,219,-69,215,-94,209,-120,201,-141,186,-306,231,-96,141,-1,6,-164,118,-226,132,-241,114,-253,95,-265,75,-272,54,-278,32,-280,11,-280,-11,-278,-32,-272,-54,-265,-75,-253,-95,-241,-114,-226,-132,-208,-149,-188,-165,-167,-178,-145,-190,-120,-201,-94,-209,-69,-215,-41,-219,-13,-222]]]
1512832	p	1514588
1217007	n	65.2908,38.8235,65.866,39.2661	[[[652909,390400,14,-222,41,-219,69,-215,96,-209,121,-201,146,-190,169,-178,190,-165,211,-149,228,-132,243,-114,257,-95,267,-75,5,-1,3694,2482,-24,124,-69,215,-96,209,-121,201,-146,190,-169,178,-190,165,-211,149,-228,132,-243,114,-257,95,-267,75,-275,54,-281,32,-283,11,-283,-11,-281,-32,-275,-54,-267,-75,-257,-95,-243,-114,-228,-132,-211,-149,-190,-165,-169,-178,-146,-190,-121,-201,-96,-209,-69,-215,-41,-219,-14,-222]]]
601339	p	601294
1514387	p	1512473
1215839	n	66.9693,39.1939,67.5001,39.6461	[[[669693,394200,14,-222,42,-219,69,-215,96,-209,122,-201,147,-190,170,-178,191,-165,212,-149,229,-132,245,-114,257,-95,269,-75,277,-54,282,-32,285,-11,285,11,282,32,277,54,203,57,-146,105,-1,3,-73,395,17,142,21,70,47,45,94,65,107,27,90,-22,66,19,75,332,127,336,11,369,66,402,125,385,92,91,152,15,257,-28,50,9,46,19,42,29,34,36,-70,443,125,94,-154,160,-191,165,-212,149,-229,132,-245,114,-257,95,-269,75,-277,54,-282,32,-285,11,-27,-1,-2868,-2065,-12,-195]]]
1217180	p	1217662
1513271	p	1514588
1512339	p	1512569
1513017	p	1514210
601417	p	601323
1514258	p	1513157
1512524	p	1512569
1513714	p	1513157
1513962	n	60.0957,41.6166,60.6758,42.0661	[[[600957,417918,58,-174,100,-209,127,-201,152,-190,176,-178,198,-165,220,-149,237,-132,254,-114,267,-95,279,-75,287,-54,144,-16,1787,852,1515,2094,-73,153,-127,201,-152,190,-176,178,-198,165,-220,149,-237,132,-254,114,-267,95,-279,75,-287,54,-293,32,-295,11,-295,-11,-293,-32,-287,-54,-279,-75,-267,-95,-254,-114,-237,-132,-220,-149,-198,-165,-176,-178,-152,-190,-127,-201,-79,-166,146,-95,229,-262,114,-130,150,-116,474,-210,140,-90,122,-115,97,-138,19,-142,-116,-130,-157,-16,-195,65,-346,164,-376,89,-313,-20,-67,-35]]]
