3646738	r	-67.4122,9.9367,-66.1696,10.6522	[[[-674122,105138,1,-14,12,-7,5,-12,11,8,18,-18,-19,0,12,-13,-8,-11,1,-9,16,1,6,8,5,-11,15,-1,2,-14,27,-33,5,-2,5,10,6,-3,-4,-22,24,2,-8,-11,11,-21,8,-5,23,1,10,12,10,-20,14,9,19,-18,-17,-9,6,-16,-4,-42,-20,-18,25,0,-4,-12,7,-15,20,-1,16,13,20,-19,21,1,-5,-27,-10,-9,12,-8,-2,-11,-8,-4,14,-50,9,-7,-12,-15,21,-3,7,-14,-9,-32,22,-9,-12,-22,14,-37,-3,-10,9,-4,8,-21,0,-19,43,-9,14,-19,0,-13,24,-19,-6,-3,4,-17,38,7,20,-7,11,-34,-9,-16,20,-8,-26,-27,5,-15,20,-9,-11,-30,2,-23,-11,-7,-3,-15,20,-16,6,-14,11,-2,-7,-18,2,-27,-7,-7,-2,-40,20,-36,64,-28,9,-22,32,-33,-2,-10,18,-6,13,-14,-11,-28,3,-13,-13,-14,-1,-52,47,26,4,21,22,7,5,14,18,-3,15,27,22,20,13,48,19,16,35,8,20,13,25,-1,45,23,33,4,15,10,24,-3,9,14,38,12,12,25,52,15,48,38,49,30,51,-3,18,-24,23,-6,27,14,41,9,53,-4,102,7,53,12,54,25,34,-5,27,-13,7,-18,6,-20,54,-23,-51,22,1205,-2830,129,-46,11,9,28,-191,55,-215,75,-209,96,-201,115,-190,133,-178,151,-165,166,-149,179,-132,192,-114,203,-95,211,-75,217,-54,108,-15,283,687,-5,3,-6,20,-21,12,-32,43,-39,22,32,49,35,23,41,47,44,6,23,21,20,32,28,13,226,549,-4,6,-14,6,3,11,-10,17,16,8,21,33,-24,1,-17,30,-9,44,-17,-1,-7,6,4,11,19,10,20,24,17,1,10,10,9,34,-6,48,15,2,9,27,14,15,25,18,34,12,-20,24,29,32,35,-15,20,5,224,544,451,292,793,-771,1,-1,1,0,13,-13,-10,-8,7,-8,-5,-9,5,-13,16,-17,-15,-2,-10,-19,5,-11,-14,-5,14,-6,24,3,3,-13,-6,-11,16,-28,16,1,5,-17,26,-13,-13,-9,16,-11,-13,-19,1,-14,-12,-13,-8,3,5,-23,10,-12,1,0,9,4,1,0,0,-6,13,-4,55,-6,30,-16,19,6,29,-1,3,10,13,4,50,-10,21,-15,5,-10,4,-4,3,-10,5,-8,7,-28,-11,-5,4,-29,26,-12,59,17,823,-800,2412,1838,437,111,157,166,154,185,141,196,128,203,114,212,100,219,86,224,70,230,55,234,40,236,23,239,8,240,-8,240,-23,239,-40,236,-55,234,-70,230,-86,224,-64,140,-476,243,-241,36,-193,-55,-143,-125,-105,-120,-16,-18,-124,-92,-165,0,-544,96,-116,72,-113,28,-1138,19,-2350,-137,-1093,-95,-591,8,-491,7,-183,2,-223,-32,-394,-146,-389,-79,-570,-295,-734,-94,-827,34,-657,-69,-68,-7,2,-73,-17,-68,-17,4,-14,-6,9,-20,-7,-4,-21,7,-15,-20,6,-16,-7,-13,6,-21,12,-5,-1,-5,-40,-14,0,-10,14,-14,-46,-8]]]
3633009	r	-72.0685,10.2363,-70.7767,10.9803	[[[-720685,106200,11,-222,33,-219,54,-215,76,-209,96,-201,115,-190,134,-178,150,-165,166,-149,181,-132,192,-114,203,-95,84,-30,7,5,11,-208,33,-219,54,-215,75,-209,96,-201,115,-190,134,-178,150,-165,155,-138,570,1054,245,293,248,205,167,96,163,41,25,42,223,237,272,92,69,38,83,79,15,37,-15,58,-14,550,59,205,116,222,78,207,-34,110,400,3,20,394,45,870,-460,493,-261,2,-130,-4,-24,21,-241,316,-195,347,-155,381,-2008,-459,-87,27,-88,-31,-203,-95,-192,-114,-181,-132,-166,-149,-150,-165,-134,-178,-115,-190,-96,-201,-76,-209,-54,-215,-33,-219,-11,-222]],[[-715832,103162,1639,29,29,14,20,-70,199,-233,457,310,492,3,-6,310,100,-2,1272,279,166,53,82,-7,268,-7,984,0,1319,657,-1671,-16,-735,74,-178,2,-32,-9,-60,4,-11,13,3731,2538,-4492,-985,57,186,46,196,33,198,20,200,7,201,-7,201,-20,200,-33,198,-46,196,-59,192,-71,188,-84,183,-96,177,-107,171,-118,163,-129,156,-139,146,-148,138,-157,127,-166,117,-172,106,-83,44,-453,-3,-343,-44,-319,-260,150,-156,100,-81,119,-55,95,-17,257,4,-95,-163,-244,-159,-70,-150,40,-155,96,-175,45,-200,-106,-227,-322,132,-319,32,-662,-30,-69,-4,0,-62,32,-12,68,-25,66,-71,107,-165,178,-152,66,-78,35,-117,0,-12,-49,-20,8,-16,-7,-7,21,-24,11,0,7,-15,8,-9,0,-48,-58,-261,-15,-135,24,-98,22,-36,-28,-38,106,-103,19,-34,-8,-52,-42,-64,-6,-24,-49,-54,-2,-20,7,-13,17,-1,88,-31,10,16,26,2,1,13,-15,8,47,73,3,32,-29,3,2,44,2,0,111,-180,46,-26,-27,-11,-142,-118,-205,-171,-46,-79,5,-252,151,-202,172,-113,280,-184,150,-129,35,-130,-50,-424,-1084,54,-70,-1359]]]
3625549	r	-68.2812,9.8115,-67.635,10.439	[[[-682812,102183,4,-204,1814,-2277,179,-398,2,-3,166,-149,89,-66,-6,-5,-35,-2,-10,-8,0,-13,-39,-7,-19,-19,-14,-27,0,-1,-15,-28,-21,-12,-39,-4,-6,-10,-27,-7,-5,5,-9,-4,-6,12,-14,6,-34,-1,-177,-87,-134,12,-24,18,-15,1,-55,-15,-1,-35,-72,-14,27,-34,12,-43,12,-3,8,-20,-5,-30,13,-17,-5,-17,10,-24,0,-1,-11,-9,0,-19,-1,-1,0,-2,-2,0,-2,-3,19,3,23,-16,1,-13,-33,-62,4,-37,11,-9,39,-10,14,-26,-6,-19,25,-64,11,-5,54,2,72,20,38,-4,65,13,35,20,42,5,6,23,34,11,-2,54,12,6,30,39,65,28,52,36,37,-3,40,-19,83,33,35,-17,39,14,38,-17,121,54,53,6,58,44,44,-4,11,18,29,13,20,40,5,30,17,-6,-5,-42,-22,-52,-19,-1,-36,-61,-30,-17,8,-149,15,-33,28,-15,16,-23,0,-39,29,-55,58,-2,36,-23,46,-6,52,21,33,3,55,-35,16,-4,23,15,42,6,11,9,12,-3,47,11,72,-1,45,-40,45,-24,9,-15,21,1,34,-17,10,3,68,-21,39,-45,28,-17,53,-3,26,-10,32,14,35,5,27,22,9,25,12,10,29,7,53,27,50,7,19,11,8,16,33,19,48,50,44,16,51,12,60,-6,3,16,18,17,17,1,64,-25,29,11,10,-9,39,-2,24,-9,32,14,13,-8,19,-2,11,7,52,-6,38,23,12,23,60,15,9,-7,38,1,48,19,16,17,2,13,22,18,16,8,21,-5,10,39,-21,22,0,14,37,-5,224,-11,224,11,221,32,217,54,211,75,202,95,131,78,244,1718,-335,869,-189,205,-231,64,-165,375,-97,385,-18,162,-38,110,-12,3,-18,32,-2,15,-8,5,3,26,14,17,3,26,-6,17,10,67,8,7,2,14,14,6,7,23,-8,14,5,43,-27,34,-35,77,25,15,8,12,-1,59,40,70,5,23,-4,19,9,36,-33,7,-28,25,-39,19,-24,1,-30,17,-25,-36,-13,-4,-39,29,-39,15,-45,-7,-18,-9,-29,-34,-49,-13,-32,-35,-2,-8,-437,991,-550,-560,-375,-198,-5,3,-21,-9,-28,2,-24,-10,-9,-7,6,-21,-840,-442,-1114,-35,-1478,-871,-1,0,-100,-59]]]
3648522	n	-69.8327,9.7081,-68.9532,10.5122	[[[-698327,100108,2554,-3015,10,-12,8,1,217,54,210,75,203,95,192,114,179,132,166,149,150,165,134,178,115,190,82,174,218,-424,30,7,111,359,73,-44,202,-95,211,-75,217,-54,21,-3,4,4,16,2,1,16,37,14,8,15,10,-7,6,21,7,3,-11,32,11,5,-7,36,5,17,16,7,2,54,46,21,9,16,21,12,-5,30,4,19,-7,23,8,8,18,-2,6,6,1,-11,15,1,13,13,18,-26,0,-19,21,-24,5,-19,16,-14,31,-12,1,-34,17,-1,10,-10,5,-47,-18,-5,-20,-26,-35,-24,13,-55,-6,-20,-35,-10,4,-28,-4,-13,94,-4,173,7,324,0,221,32,217,54,211,75,202,95,192,114,180,132,7,6,1,-3,190,27,217,54,211,75,202,95,192,114,180,132,166,149,11,13,-20,-6,-11,22,12,9,-14,7,15,10,-2,13,19,8,14,36,15,6,16,21,-15,7,13,18,-10,40,-20,1,5,20,-16,-14,4,26,-8,0,-7,9,-14,-1,2,16,-7,12,5,13,22,-7,18,12,-3,4,-18,-2,6,17,-9,14,17,6,-9,8,11,36,-3,8,7,3,-4,7,9,11,-1,33,-16,14,0,12,-11,-6,-4,12,-16,-4,4,18,-10,5,-6,15,28,40,-17,-2,-13,9,3,6,8,-3,2,7,-1,10,-9,-1,0,30,12,-4,7,4,-8,14,7,10,-7,6,-7,-3,-5,9,8,21,-5,26,10,4,6,18,-6,4,7,12,-1,7,-20,9,6,11,-6,10,5,19,-13,16,3,9,-3,12,-4,3,-1,9,-3,9,-12,12,2,16,-1050,2934,-2,7,-60,15,-221,32,-224,11,-224,-11,-221,-32,-217,-54,-211,-75,-202,-95,-192,-114,-97,-71,-208,2435,-381,56,-447,22,-447,-22,-443,-65,-434,-108,-422,-149,-404,-190,-384,-228,-360,-264,-283,-255,-29,-186,1107,-2151,-56,14,-222,32,-223,11,-223,-11,-222,-32,-217,-54,-210,-75,-203,-95,-192,-114,-179,-132,-166,-149,-150,-165,-134,-178,-115,-190,-95,-201,-21,-57]]]
3645528	r	-63.1566,7.9087,-62.1203,8.8793	[[[-631566,84720,1244,-4786,166,-176,253,-237,269,-219,283,-202,21,-13,1928,1306,4338,2938,1861,1260,-66,279,-100,331,-92,243,-4050,3270,-196,33,-346,33,-347,12,-347,-12,-346,-33,-343,-57,-339,-79,-333,-100,-325,-122,-317,-143,-306,-163,-295,-183,-283,-202,-269,-219,-253,-237,-238,-253,-221,-268,-202,-281,-184,-294,-164,-306,-143,-315,-123,-324,-100,-331,-35,-150]]]
3648559	r	-65.0611,9.762,-64.3502,10.334	[[[-650611,100536,27,-114,72,-237,88,-232,103,-225,118,-218,132,-210,145,-201,158,-191,171,-181,182,-169,193,-157,203,-144,212,-131,220,-116,227,-102,234,-87,239,-72,243,-56,246,-41,249,-24,249,-8,249,8,249,24,50,8,1182,373,177,93,212,131,203,144,193,157,182,169,171,181,158,191,145,201,24,38,-990,825,208,-173,32,25,134,124,125,133,116,140,107,148,97,154,86,160,75,165,65,170,53,173,42,177,30,179,17,181,6,181,-6,181,-14,144,-309,542,-13,-8,-59,-21,-183,-94,-316,-81,-282,-277,-221,-79,-85,16,-220,95,-105,25,-46,-20,-39,-17,-64,-68,-58,-15,-72,120,-56,-29,-93,-17,-56,-16,32,39,16,28,27,69,-159,-14,-285,-98,-146,-24,-45,-57,-33,-7,20,-84,-14,56,-185,-237,-55,-39,-19,-9,-58,-17,13,-19,27,2,-20,-2,36,-34,-2,16,12,-80,15,2,12,-13,13,5,2,-7,8,-1,-89,-83,-66,-5,-110,-8,-114,137,57,10,-275,230,-34,-97,51,-260,-3,-157,-116,-362,-84,-151,-43,-54,-1,-1,-71,-22,23,-40,-19,-24,-285,-165,-376,-53,-741,47,-553,100,-199,-25,-174,-80,-359,-222,-303,-63,-140,-72],[-646640,101783,5,11,1,0,-6,-11],[-646407,101710,37,-12,4,-1,-4,0,-37,13],[-646268,101521,6,1,0,-1,-6,0],[-646180,102339,13,9,16,2,-15,-2,-14,-9]],[[-647184,102237,275,-229,33,6,41,23,74,96,-120,-12,-112,17,-98,51,-79,87,-14,-39]],[[-644700,103232,151,-98,221,-74,232,-13,175,78,-124,215,-122,-73,-124,-35,-119,27,-120,56,-104,13,-66,-96]]]
3778045	r	-63.4452,9.3359,-62.7627,10.1641	[[[-634452,100695,335,-2330,457,-3182,213,-1486,50,-23,256,-95,261,-79,266,-61,269,-44,272,-27,273,-9,273,9,272,27,269,44,266,61,261,79,256,95,249,112,241,128,232,143,222,158,211,172,199,185,187,198,173,209,159,220,144,231,129,239,113,246,96,254,79,259,62,264,45,268,26,269,9,271,-9,271,-26,269,-45,268,-62,264,-79,259,-96,254,-113,246,-129,239,-144,231,-159,220,-173,209,-187,198,-33,30,-74,-18,-156,83,-37,89,21,66,-128,104,-26,-35,-35,-97,1,-59,54,-128,-42,-115,-21,-121,117,-147,-152,2,-84,214,-43,503,-43,82,-93,-1,-95,-58,-42,-95,-62,-36,-136,97,-142,144,-31,42,-45,61,283,-72,108,18,106,84,-34,21,-241,128,-249,112,-256,95,-261,79,-266,61,-269,44,-272,27,-273,9,-273,-9,-272,-27,-269,-44,-266,-61,-261,-79,-256,-95,-249,-112,-241,-128,-232,-143,-222,-158,-111,-90]]]
3632998	n	-67.8273,10.0602,-67.4549,10.5268	[[[-678273,104390,437,-991,2,8,32,35,49,13,29,34,18,9,45,7,39,-15,39,-29,13,4,25,36,30,-17,24,-1,39,-19,28,-25,33,-7,-9,-36,4,-19,-5,-23,-40,-70,1,-59,-8,-12,-25,-15,35,-77,27,-34,-5,-43,8,-14,-7,-23,-14,-6,-2,-14,-8,-7,-10,-67,6,-17,-3,-26,-14,-17,-3,-26,8,-5,2,-15,18,-32,12,-3,38,-110,18,-162,97,-385,165,-375,231,-64,189,-205,335,-869,1513,565,-215,835,-265,300,194,1131,574,1116,-137,150,-166,149,-180,132,-192,114,-202,95,-211,75,-19,4,-794,-208,-758,-57,-568,-43,-154,-32,-343,-538]]]
3645532	r	-63.9197,7.7516,-63.1803,8.4884	[[[-639197,81200,8,-241,24,-240,39,-238,55,-235,71,-230,85,-226,100,-220,114,-212,127,-205,141,-196,154,-186,165,-176,177,-165,187,-153,196,-140,206,-128,213,-113,220,-100,227,-85,231,-70,236,-55,238,-39,241,-24,242,-7,164,5,1929,644,157,112,187,153,177,165,165,176,154,186,141,196,127,205,114,212,100,220,85,226,71,230,55,235,39,238,24,240,8,241,-8,241,-24,240,-39,238,-55,235,-71,230,-85,226,-100,220,-114,212,-127,205,-141,196,-154,186,-165,176,-177,165,-187,153,-196,140,-206,128,-213,113,-220,100,-227,85,-231,70,-236,55,-238,39,-241,24,-242,7,-242,-7,-241,-24,-238,-39,-236,-55,-231,-70,-227,-85,-220,-100,-213,-113,-206,-128,-196,-140,-187,-153,-177,-165,-165,-176,-154,-186,-141,-196,-127,-205,-114,-212,-100,-220,-85,-226,-71,-230,-55,-235,-39,-238,-24,-240,-8,-241]]]
3644768	r	-64.4045,10.1336,-63.8508,10.6728	[[[-644045,103340,124,-215,99,45,55,-68,0,-94,-64,-41,795,-1392,176,-65,207,-62,210,-49,213,-34,214,-21,216,-7,216,7,214,21,213,34,210,49,207,62,201,75,197,88,190,101,183,113,176,124,166,135,158,146,147,156,137,165,126,174,114,181,101,189,89,194,76,200,63,204,49,208,35,211,21,213,3,78,-128,-4,-204,26,-392,107,-198,10,-619,-125,-235,-18,-234,18,-186,47,-245,114,-9,21,-18,17,-27,11,-48,53,-40,64,-41,27,-51,-3,-54,-45,-57,15,-42,-14,-4,0,-9,6,-24,2,-5,-2,-57,9,-115,4,-28,12,-29,7,-77,1,-56,16,-24,0,-57,-22,-60,-8,-39,-22,-37,-51,-12,-43,-8,-8,-44,-133,-85,-161,-366,-194,-520,-134,-400,-158,-5,-265,-86,-150,-91,-105,-72,-4,-29,156,-3,162,-33,121,-102,40,-211,-77,0,-75,218,0,-24,-95,-5,-50,29,-128,-147,-42,-92,-55]],[[-642977,106199,131,-201,179,-207,90,-197,-2,-114,18,-146,70,-129,152,-55,96,54,89,234,85,53,74,31,304,181,136,24,693,-56,135,32,79,55,81,77,104,61,145,5,-87,-150,-50,-48,520,105,268,6,203,-80,227,-131,240,-32,344,-7,-26,85,-76,200,-89,194,-101,189,-84,132,-5,4,-117,-58,-222,79,-945,-10,-47,31,-29,47,-33,45,-62,20,-137,-12,-99,-31,-587,-282,-136,-23,-124,28,-267,133,-124,44,-445,82,-139,88,-99,178,-61,0,-3,-128,-37,-93,-72,-70,-107,-57,-51,-180]]]
3648546	r	-70.6373,7.6153,-69.2307,8.9861	[[[-706372,87600,11,-222,32,-219,55,-215,75,-209,95,-201,115,-190,133,-178,149,-165,165,-149,165,-121,454,-172,-8,-24,3,-36,44,-15,2,-7,-32,-52,-59,-52,-9,-37,11,-12,37,-9,23,17,19,34,19,5,35,-134,23,1,60,30,36,-3,28,-27,42,-13,51,-30,13,-42,20,-19,36,-20,77,-27,36,-46,20,-50,37,-38,25,-8,66,5,57,-51,48,-6,18,-10,7,-13,0,-31,10,-10,52,0,23,-62,31,-22,17,-19,10,-7,38,2,25,-15,19,-30,15,-52,60,-50,29,-42,0,-19,-13,-12,-42,-1,-21,-8,-24,-58,3,-17,22,-10,63,24,27,-4,13,-30,-6,-39,6,-19,25,-5,36,32,21,-13,3,-23,-18,-37,5,-16,25,-6,44,37,21,3,15,-6,13,-16,10,-53,18,-6,11,5,7,15,-7,29,3,17,1,1,65,-80,-25,1,-14,-14,5,-38,23,-12,34,16,4,14,1313,-1607,-22,1,-9,-10,31,-45,39,-8,5,-24,21,0,10,-6,16,-19,-5,-35,-30,-26,-25,-12,18,-26,3,-25,10,1,4,25,41,15,-394,-411,27,-6,17,10,-2,-27,-7,-2,-5,8,-9,-4,-15,14,-20,-26,26,-34,31,2,6,-13,-4,-15,9,-10,6,8,4,-5,-1,-11,-15,-5,1,-7,22,-9,12,7,-4,17,9,7,24,-6,4,-18,-28,-15,-3,-8,17,-6,38,9,10,-26,12,-3,-2,38,8,2,35,-14,3,6,-13,23,11,4,28,-30,-5,-6,-19,1,1,-32,24,-2,13,6,7,-16,11,-7,-8,-12,4,-8,20,-13,14,8,7,-2,-3,-17,13,-27,20,16,10,27,9,-23,-6,-12,11,-8,11,0,7,16,-12,18,1,8,51,-28,1,-15,-15,-30,43,-6,9,-10,-1,-15,17,0,-32,-31,16,-9,1,-22,17,5,23,-19,18,0,-6,-23,15,-17,17,6,23,-20,3,-15,-12,-26,33,-15,12,25,12,-29,22,6,9,-3,3,-16,10,0,0,-17,22,13,13,-33,39,2,2,-27,30,11,10,-3,-5,-15,16,-17,-14,-23,32,-3,-8,-26,3,-7,8,10,30,3,14,-22,8,-29,25,-10,-5,-23,5,-13,20,-2,10,9,15,-1,17,-39,8,2,11,22,63,-7,14,25,60,3,13,22,4,-9,-4,-26,18,-31,41,4,12,-23,15,6,8,-3,-13,-37,1,-16,9,-11,31,2,13,-19,31,10,7,12,12,-12,19,9,12,-12,25,-9,4,-30,27,10,-3,-26,22,13,14,-14,18,2,13,-8,13,7,8,-23,19,-18,41,-7,15,-20,30,9,7,-10,9,2,2,24,3533,-4323,1448,-510,216,134,637,454,606,495,572,534,536,569,497,603,457,634,34,55,-3844,4448,-1,0,-4599,5322,-459,-14,-774,-968,-17,46,-95,201,-115,190,-133,178,-149,165,-165,149,-180,132,-191,114,-201,95,-210,75,-217,54,-220,32,-223,11,-223,-11,-220,-32,-217,-54,-210,-75,-201,-95,-191,-114,-140,-103,9,-8,-14,-17,-8,-31,-11,-15,-81,-60,-33,-51,-5,-25,-12,-12,-8,-25,-35,-27,-10,1,-37,-36,-10,-41,-21,-25,4,-31,-15,-17,16,-14,-4,-11,16,-37,-19,-22,18,-72,-21,-52,3,-15,-6,-11,21,-12,10,-26,11,-2,5,11,8,-2,10,-19,-4,-43,11,-20,18,-26,16,1,14,-11,-11,-5,-26,-29,-26,-7,-60,-53,-65,-35,-21,1,-66,26,-11,10,-38,2,-46,-15,-19,-15,-20,-2,-55,-99,-35,4,-19,20,-36,-10,-13,4,-41,-115,-55,-215,-32,-219,-11,-222]]]
3629672	p	3648559
3630297	p	3646738
3647651	p	3633009
3625829	n	-67.6593,9.8259,-67.121,10.4554	[[[-676593,98889,80,-88,166,-149,180,-132,192,-114,202,-95,148,-52,2327,2435,1502,-91,110,98,150,165,133,178,116,190,77,162,-1201,2820,-3,2,-6,20,-7,18,-27,13,-34,5,-54,-25,-53,-12,-102,-7,-53,4,-41,-9,-27,-14,-23,6,-18,24,-51,3,-49,-30,-48,-38,-52,-15,-12,-25,-38,-12,-9,-14,-24,3,-15,-10,-33,-4,-45,-23,-25,1,-20,-13,-35,-8,-19,-16,-13,-48,-22,-20,-15,-27,-18,3,-5,-14,-22,-7,-4,-21,-47,-26,1,52,13,14,-3,13,11,28,-13,14,-18,6,2,10,-32,33,-9,22,-64,28,-20,36,2,40,7,7,-2,27,7,18,-11,2,-6,14,-20,16,3,15,11,7,-2,23,11,30,-20,9,-5,15,26,27,-20,8,9,16,-11,34,-20,7,-38,-7,-4,17,6,3,-24,19,0,13,-14,19,-15,3,-3,0,-217,-54,-38,-14,-38,14,-217,54,-221,32,-70,4,-577,-1121,-194,-1131,265,-300,215,-835,-1513,-565,-243,-1713]]]
3632308	r	-71.9136,7.6661,-70.5436,9.316	[[[-719136,81908,11,2,17,-14,70,-107,-8,-8,8,-32,-9,-88,4,-21,11,-21,28,-27,12,-40,27,33,36,23,-1,13,18,7,36,1,25,57,20,-4,48,13,25,-11,3,12,-9,21,22,62,38,1,24,16,35,-11,35,1,32,15,9,-13,18,-10,4,-16,38,-27,5,-21,-9,-20,13,-10,-4,-15,5,-6,56,-27,57,-41,21,5,11,-3,11,6,17,-7,21,-1,18,-18,33,-4,4,-24,26,-27,7,-22,44,-23,12,-29,-9,-11,9,-22,-5,-12,13,-14,-2,-15,17,-20,-8,-51,13,-32,11,3,36,-19,12,-37,21,-15,29,-1,19,-8,1,-9,10,-4,12,26,2,-13,12,7,14,-39,15,7,3,16,14,-2,5,7,6,-8,14,-2,14,-21,0,-15,28,3,8,-19,13,-7,4,-17,-11,-30,11,-4,11,4,25,-68,16,-15,35,9,36,-19,13,-32,25,-21,1,-10,12,-11,2,-23,-15,-19,-4,-16,20,-9,11,-23,-17,-40,4,-9,7,2,52,-29,1,-74,20,-18,29,-75,13,-2,25,-21,3,-11,17,-4,25,-18,11,-25,39,-7,23,-27,23,-13,24,-1,20,-17,7,5,8,-11,18,-7,17,0,9,-14,13,7,14,-3,21,-22,16,19,44,13,24,16,42,0,20,-16,35,-2,10,-20,-11,-26,-25,-12,1,-17,-14,-26,14,-41,24,-15,56,16,24,-6,9,-21,28,-25,9,-19,1,-25,23,-29,28,-17,32,-5,31,-42,14,-8,5,3,23,-19,36,-2,16,-8,29,2,3,9,-17,26,3,8,8,7,11,-3,5,21,12,2,34,41,8,0,-4,11,11,21,43,12,7,26,13,25,10,5,6,18,15,11,21,2,4,15,-8,15,0,20,43,57,21,14,17,-21,22,8,12,-25,32,16,7,10,22,-1,32,-19,23,37,43,18,-4,23,24,25,75,24,17,-1,71,61,26,-5,26,-38,36,-16,10,4,19,-10,30,-27,25,-8,-2,-10,10,-7,62,-21,44,-32,31,-6,8,-11,-6,-24,3,-32,14,-19,1,-32,24,-30,6,-19,-4,-21,9,-26,-10,-13,1,-17,-13,-27,1,-17,-17,-23,-6,-38,48,-46,8,-17,16,-3,3,-22,26,-12,10,-12,13,-19,-5,-39,22,-30,34,-25,23,-36,24,-15,23,-2,19,9,32,-3,38,11,1,-22,19,-3,3,-21,15,-22,-3,-57,-2,-10,-36,-22,-3,-13,19,-14,26,3,14,-4,9,-11,14,-2,-1,-18,6,-13,-8,-15,10,-19,-34,-30,-7,-23,1,-11,14,-10,1,-30,-12,-20,2,-9,26,-35,-3,-30,-10,-15,17,-22,41,-12,-3,-22,8,-7,3,-22,43,-21,6,-15,11,-8,9,-46,38,-1,23,7,48,-5,26,-53,-39,-48,-16,-63,-23,-37,17,-8,14,-22,-11,-7,-13,-26,9,-16,-6,-20,11,-23,-13,-38,14,-22,-9,-11,-57,-12,-19,-37,5,-53,-9,-9,23,-49,-6,-36,-8,-9,13,-33,-30,-17,-2,-9,32,-54,23,3,13,-28,3,-16,-14,-19,4,-15,-8,-25,0,-23,-27,-25,-18,-6,-14,-39,-21,-9,-19,-56,15,-28,-6,-21,1,-29,18,-6,9,-20,20,-19,4,-37,31,-23,-2,-8,-13,-15,-15,-36,-36,-40,-19,-42,-6,-1,3,-19,-13,-19,-1,-94,-14,-15,-6,-18,-22,-16,5,-11,-19,-17,-2,-28,-17,-10,-23,-56,28,-13,4,-14,11,-2,22,-23,16,0,44,-31,8,-51,22,-46,19,-8,34,2,13,-11,2,-14,-19,-15,14,-43,-39,-57,49,-25,-15,-5,3,-29,28,-28,40,-19,9,-45,47,-40,10,9,19,-10,4,-28,10,-2,0,-15,17,-12,-1,-12,-9,-6,17,-30,-3,-6,13,-36,22,-20,29,25,12,-11,13,-33,-27,-18,-21,0,-7,-28,5,-13,-44,-13,42,-51,5,-40,10,-7,52,25,53,-4,21,14,-16,69,5,18,17,18,31,13,31,-16,22,3,73,77,46,28,24,26,22,5,34,-13,17,2,16,11,9,23,-5,42,-33,41,-72,123,-21,26,-29,14,-8,20,-38,7,-19,14,-5,13,4,53,22,107,-4,17,-23,22,15,12,11,37,-20,17,-18,209,401,238,380,344,423,301,221,142,313,280,68,-24,29,18,130,52,29,-6,7,15,-2,35,15,27,-12,16,2,9,10,2,13,-17,14,11,30,-6,-10,40,4,7,29,12,17,-2,15,35,21,-14,9,23,-2,18,10,9,22,3,16,14,46,69,18,8,36,3,9,7,3,10,-13,3,-7,28,7,27,9,0,16,-28,25,-9,12,6,15,54,-5,5,-16,-4,-4,23,-24,0,2,18,-8,24,10,17,10,2,25,-12,24,27,8,-5,5,-14,8,0,59,67,56,48,26,5,36,28,47,10,39,19,54,54,20,39,66,28,23,19,14,35,21,15,35,13,52,-14,15,3,17,26,4,27,-36,51,5,10,25,5,19,14,1,11,-11,25,31,1,12,27,8,6,13,-15,3,-16,26,2,54,41,23,39,150,22,55,110,26,14,-2,29,13,21,30,-13,33,6,-2,-21,25,-26,29,49,8,-3,7,-13,25,-8,34,3,0,11,-9,8,-33,-3,-4,4,16,8,1,23,24,18,18,4,9,-12,18,-3,-8,26,10,23,-4,22,14,12,0,38,45,32,37,11,-7,57,14,11,2,10,-16,20,-2,13,11,36,6,0,10,-23,27,-18,33,26,31,-1,23,8,10,14,-4,12,5,10,29,9,16,14,10,17,4,23,38,46,3,11,-8,27,7,2,10,-11,17,-2,5,21,15,-2,23,38,23,9,-10,23,27,-1,-9,16,7,14,13,3,7,-16,8,1,4,23,-11,36,42,-4,2,33,41,7,20,48,10,7,-3,13,-10,8,-3,15,6,11,-12,33,-7,5,8,6,28,0,-5,17,-11,5,-1,27,5,14,17,6,-12,18,-28,14,-5,24,15,14,5,21,-11,9,3,28,7,6,12,-2,-6,39,18,-4,13,5,-10,9,15,22,-14,9,3,20,20,18,23,7,14,37,16,19,16,-8,1,13,14,4,0,8,10,-2,13,8,2,14,20,-2,2,10,14,-4,0,10,30,27,1,10,57,46,-11,31,4,15,9,5,26,-4,24,23,-20,26,17,32,-5,10,7,12,-9,14,15,9,-1,18,27,29,-6,23,-13,2,-3,10,-8,2,-2,13,-10,-1,-37,65,-9,3,1,24,-17,14,-8,17,-18,7,1,20,26,30,-28,4,-9,18,-10,-4,-11,12,-10,-16,-9,6,20,69,7,11,23,13,-29,29,-8,19,2,9,-18,21,0,10,-16,21,-11,2,-11,51,-25,44,32,-7,15,4,33,-40,69,-11,63,10,7,23,-8,24,16,21,37,18,29,52,52,16,33,47,27,17,18,22,39,0,28,-10,87,28,35,-36,45,-28,18,-34,8,-33,21,-19,-21,-48,24,-35,23,-17,26,13,108,13,21,27,45,15,21,-2,-1,24,11,9,15,43,53,19,31,39,24,-1,34,12,36,29,22,2,31,-12,46,6,35,33,-16,25,14,15,-2,32,-28,13,4,8,-9,10,4,12,-13,28,45,82,6,43,14,30,-4,14,-22,7,8,33,-32,18,-7,16,-19,9,23,70,-10,33,43,58,-12,29,5,87,27,37,41,30,42,21,27,-1,6,7,9,22,-10,35,-1,34,28,19,7,28,26,13,20,-5,41,16,29,-1,58,32,36,29,50,18,6,59,23,54,26,24,30,55,18,5,67,85,7,26,-15,13,-24,5,5,10,19,5,14,29,-3,12,11,41,41,70,-2,15,32,14,13,24,-12,25,41,12,21,19,27,12,10,31,-7,11,32,39,-15,37,-13,8,-4,25,-22,0,-7,11,-32,96,1,33,10,21,-7,30,1,33,10,28,-6,49,2,60,-8,27,16,25,-8,19,2,42,-28,29,-27,64,6,32,39,23,-42,65,-7,64,22,124,-16,31,-1,47,32,14,1,11,-40,40,0,9,86,84,142,359,17,-14,44,13,35,-18,3,13,21,15,12,-1,33,12,21,18,36,13,28,60,30,6,18,-3,28,-16,23,-5,10,10,68,8,42,26,15,-8,55,21,57,1,31,48,22,12,27,43,18,8,42,40,30,13,29,25,37,-5,17,27,16,2,23,18,1,60,-15,7,-13,-1,-21,50,-14,10,4,19,-22,18,23,35,-2,38,18,15,15,3,0,12,9,8,-5,24,22,5,10,19,-2,15,26,3,20,24,-22,15,-19,26,-18,-3,-38,26,-8,13,-11,4,-9,23,-37,23,-24,32,-53,30,-31,8,-55,31,-8,-2,-32,22,-10,-2,-21,19,34,42,-3,29,14,45,46,-4,4,7,0,27,-36,21,-3,14,-21,16,-1,20,14,31,20,5,68,72,33,26,4,26,23,29,27,12,2,7,22,6,36,54,40,13,15,17,18,9,22,-12,22,-1,38,25,68,87,29,14,37,30,13,49,22,6,37,27,36,43,10,3,12,31,17,16,16,56,27,33,9,48,34,20,37,37,89,26,17,16,-1,6,16,11,4,17,22,26,-3,17,-14,12,-5,25,31,30,0,38,17,31,32,4,27,24,8,18,22,-2,41,35,37,55,39,15,17,-6,56,-3,18,-19,29,-15,29,-39,16,-4,13,-4,36,10,19,-20,35,-4,55,99,20,2,19,15,46,15,38,-2,11,-10,66,-26,21,-1,65,35,60,53,26,7,26,29,11,5,-14,11,-16,-1,-18,26,-11,20,4,43,-10,19,-8,2,-5,-11,-11,2,-10,26,-21,12,6,11,-3,15,21,52,-18,72,19,22,-16,37,4,11,-16,14,15,17,-4,31,21,25,10,41,37,36,10,-1,35,27,8,25,12,12,5,25,33,51,81,60,11,15,8,31,14,17,-34,27,-26,-2,-11,10,1,25,-20,10,-6,13,16,18,10,33,38,18,-28,137,2,15,14,41,53,49,11,38,6,116,31,75,-8,20,-15,19,-15,10,-12,7,-64,36,-56,8,-65,28,-39,-10,-60,1,-15,17,-11,34,-9,32,-1,45,-12,34,-37,-2,-61,-28,-100,-81,-67,-8,-30,-17,-51,-1,-22,-6,-21,-50,-15,-17,-30,-3,-28,-14,-42,-61,-86,-2,-7,-13,4,-19,3,-19,-21,-20,-70,-19,-20,-29,-60,-19,-16,-16,-39,-10,-11,-7,-5,-24,-20,-15,-24,-3,-25,-12,-13,-14,-18,51,-17,20,-26,11,-78,128,-21,14,-153,8,-67,101,26,45,28,22,-13,27,-77,80,-30,8,-13,10,-37,59,-10,46,-10,3,-22,89,-32,96,-34,4,-56,-18,-43,26,-55,1,-25,-48,-29,-5,-50,-23,-39,-8,-20,26,-36,18,-49,4,-12,6,-37,45,-24,46,-34,112,2,17,12,14,-9,9,-20,-14,-17,-42,-14,-8,-68,39,-49,38,-32,-44,-15,-11,-19,-3,-111,57,-90,71,-21,8,-74,-1,-56,20,-19,-6,-29,38,-25,64,-1,23,-63,124,-30,100,-49,115,-30,34,5,43,-19,25,15,30,-9,28,-65,0,-36,-10,-20,1,-11,9,-25,4,-25,17,-36,3,-11,19,-6,32,-11,15,2,32,12,2,7,12,-18,49,-54,85,13,31,-14,34,13,24,-7,44,-16,18,-2,32,-20,-2,-7,11,8,5,-3,12,15,7,0,10,-24,30,-5,21,-25,30,0,23,-26,45,9,28,78,30,7,21,11,-6,4,7,-6,16,33,46,-15,13,10,25,-42,104,-5,60,-33,138,-13,8,-16,-1,-12,-17,-73,23,-13,-3,-38,10,-20,32,-46,28,-47,12,-36,19,-5,21,-14,4,-12,-6,-45,1,-34,34,-62,33,-88,-10,-12,-11,-6,13,9,7,-13,2,-6,9,14,4,3,7,-31,7,4,10,-18,11,-14,-8,-5,18,30,51,-22,17,-25,47,-51,45,-50,-83,-38,-19,-10,-41,-30,-59,-10,-42,-31,-41,-5,-25,12,-32,16,-12,9,2,-2,-18,16,3,-5,-19,16,-26,0,-34,11,-19,-3,-42,3,-6,6,0,1,8,7,-3,-5,-17,-10,-1,-3,-7,22,-21,29,-9,-6,-6,-10,1,1,-7,17,-12,-4,-6,15,-2,-12,-16,-22,2,-1,-8,19,-42,12,-8,-12,-32,16,-24,-20,-2,-40,-43,-4,3,-34,-56,-12,-9,-34,-9,15,-30,-9,-11,11,-16,-22,-25,-15,-30,65,-11,-27,-46,4,-26,-35,-53,-31,-19,-31,-3,11,-10,1,-10,17,-2,39,-36,9,-1,9,-19,-5,-17,-39,-29,-12,-49,-113,-101,-9,6,-18,-46,10,-22,-13,-143,-8,-23,-85,-85,-132,-55,-29,-1,-36,37,-108,-145,-56,-38,-26,-1,-37,-48,-34,13,-4,-18,-36,20,-9,22,-18,17,-8,17,-21,16,-30,54,-5,48,7,36,-12,15,0,21,-12,16,-10,32,-17,8,-72,65,-14,1,-6,15,-28,3,-3,9,-61,1,-28,-11,-30,17,-10,-15,-12,-3,-10,18,-10,4,-24,-12,-2,6,10,5,-11,3,-11,-2,-10,-11,-36,-5,-5,-16,-10,2,-15,-9,-18,12,-78,-1,5,-14,-9,-19,-30,31,-7,-3,1,-12,-12,1,-3,7,7,14,-18,1,2,29,-21,1,-8,15,-13,-6,-6,19,-15,1,-4,12,-23,4,-23,41,-14,5,2,12,-16,2,-1,27,-27,14,-4,18,-21,10,-4,16,-18,14,1,19,-20,20,-72,53,-39,17,-9,17,-21,16,-40,13,-50,64,-58,31,-112,165,-15,6,-31,-7,-506,1000,-344,-169,649,-1287,-127,-147,-325,-206,-979,-418,-74,-23,-56,-97,-80,-1273,-3,0,-4,19,-7,8,8,5,1,10,-26,10,-5,-14,-44,-29,-24,-33,-3,-11,8,0,-1,-10,-13,-1,13,-17,0,-8,-10,-3,3,-13,-72,-1,16,-28,9,2,13,-23,-7,-3,13,-24,-27,-22,34,-21,-12,-38,22,-22,-8,-19,-43,14,-8,-17,11,-4,-5,-37,7,-4,-23,-31,-28,0,-19,-63,12,-7,-8,-12,18,-23,50,-91,35,-86,15,-5,-4,-33,-17,9,-20,-7,-18,-14,-17,39,-25,-10,-132,2,-12,19,-28,-49,-10,2,-25,12,-6,-4,-2,6,-6,-4,-7,10,-16,0,4,8,-12,-1,0,7,-48,54,12,-102,-14,-54,10,-60,-51,-12,3,-15,-41,-24,-73,-24,-3,14,-23,-9,0,-27,-72,1,-60,18,-10,-19,5,-9,-8,-20,5,-10,-24,-6,-11,18,-22,-19,-18,9,-24,-2,-1,11,-18,14,-29,-5,-118,9,-25,12,-8,28,8,15,-40,7,-73,-26,-11,-32,38,-32,-14,-37,23,-12,-16,-30,2,-7,-40,-27,-44,-15,0,-39,15,-27,29,-7,10,-25,18,-15,0,-16,-26,-13,-5,-23,-34,11,-109,-46,17,-45,-8,-9,-82,-16,6,26,-18,-21,-18,3,-23,-8,-5,14,-14,7,-11,-10,-35,-12,20,-18,5,-11,-5,-8,24,-30,-10,-52,143,-85,179,-132,165,-149,150,-165,133,-178,114,-190,95,-201,76,-209,54,-215,32,-219,11,-222,-11,-222,-32,-219,-54,-215,-76,-209,-95,-201,-114,-190,-133,-178,-150,-165,-165,-149,-179,-132,-191,-114,-202,-95,-210,-75,-216,-54,-220,-32,-223,-11,-223,11,-220,32,-216,54,-210,75,-202,95,-191,114,-117,87,-7,-15,13,-11,2,-15,-13,-11,-1,-19,-26,-15,6,-29,-17,1,-10,-12,-22,4,-9,-10,-21,-4,-2,-11,-15,-12,5,-13,-32,-24,5,-17,-4,-8,-15,-5,0,-9,-9,-1,-15,-16,19,-32,3,-19,8,0,16,-19,13,2,-1,-10,16,-29,-12,-25,15,-29,-75,-49,-3,-12,15,-26,21,-10,8,-14,-64,-64,-12,-36,5,-44,-10,-14,-1,-25,18,-3,11,-15,3,-16,-6,0,0,-13,-6,1,2,-10,-6,-1,-4,-12,7,-7,-7,-9,15,-3,-2,-10,11,-4,-6,-3,2,-30,17,-17,14,-28,11,-7,9,2,1,-28,17,0,13,-25,22,-17,-6,-6,8,-15,-24,-14,-3,-9,-31,-31,-28,-19,-5,3,-24,-21,14,-12,-12,-19,8,-8,-10,-18,-16,-7,-4,-18,-17,10,7,8,-22,12,-22,-18,-42,41,-13,-5,-7,-27,-6,4,-17,-19,-30,10,22,-50,21,4,15,-20,-21,-12,-25,-31,-10,-35,-22,-35,-39,-21,-11,3,-11,-11,-2,-23,-24,-37,-14,-39,0,-21,-8,-11,-25,-5,-3,-19,-35,-21,-33,4,-20,-8,7,-54,-15,-25,-1,-14,-20,-24,9,-25,-15,-26,-14,-15,-70,-9,-11,-11,2,-15,-32,-26,-42,-20,0,-41,-14,-34,-19,-11,7,-10,-3,-6,-23,-3,-47,-55,-10,-36,4,-17,-13,-17,-15,-44,-23,-22,-26,-69,-15,-11,-17,0,-28,-14,-7,-12,-20,-7,2,-16,-12,-29,-13,-12,3,-18,-14,-25,10,-60,-4,-23,-21,-15]],[[-719094,86412,16,2,27,-11,59,-66,24,-7,17,12,20,-9,17,3,2,-16,34,-25,16,-2,2,29,32,219,17,65,-44,-31,-33,-54,-21,-21,-49,-14,-38,-25,-19,2,-24,-24,-28,-8,-27,-19]]]
3628473	r	-72.4831,7.4339,-71.9933,7.9614	[[[-724831,76477,27,-188,136,-390,34,-191,-7,-37,-33,-184,-85,-201,-57,-192,148,-88,201,-95,209,-75,216,-54,220,-32,222,-11,96,5,2,8,43,-32,191,-114,201,-95,209,-75,216,-54,220,-32,222,-11,222,11,220,32,216,54,209,75,201,95,191,114,179,132,164,149,150,165,132,178,114,190,96,201,74,209,55,215,32,219,11,222,-11,222,-32,219,-55,215,-51,144,1,0,51,144,54,215,33,219,11,222,-11,222,-33,219,-54,215,-75,209,-95,201,-114,190,-118,158,-2671,-494,-219,-470,-676,0,-1,-3,-15,-46,-68,12,-28,20,-51,17,-312,0,27,-91,-16,-54,0,-38,-23,-67,2,-128,-24,-101,-47,-69,-10,-26,-2,-3,-142,-431,-1,-15,-28,-80,2,-40,14,-42,12,-138,-1,-66,-10,-40,14,-131,-6,-22,11,-14,9,-13,-52,-62,10,-29,-12,-32,12,-17,-20,-91,19,-41,-1,-22,7,-10,-6,-17,10,-28,-17,-21,8,-10,-6,-9,3,-14,-7,-5,8,-30,-8,-14,-25,3,-8,-10,-16,-34,5,-39,-19,-14,-8,-17,-9,4,-6,-4,0,-1]]]
3487903	p	3648546
3627047	p	3646738
3633622	p	3646738
3640049	p	3646738
3645213	n	-69.9091,11.1839,-69.4509,11.6269	[[[-699091,114100,11,-222,33,-219,55,-215,75,-209,96,-201,116,-190,134,-178,151,-165,167,-149,180,-132,193,-114,203,-95,212,-75,218,-54,222,-32,225,-11,225,11,222,32,218,54,212,75,203,95,193,114,180,132,167,149,151,165,134,178,116,190,96,201,75,209,55,215,33,219,11,222,-11,222,-33,219,-55,215,-75,209,-38,79,-280,43,-372,-100,-261,-203,-253,-154,-349,48,-422,299,-345,425,-441,867,-21,-5,-212,-75,-160,-75,145,-428,84,-115,-40,-194,212,-343,-35,-226,-129,-127,-292,-171,-57,-143,-192,-111,-305,106,-119,225,-201,106,-160,93,-29,75,-37,-105,-55,-215,-33,-219,-11,-222]]]
3625542	r	-71.1441,8.9826,-70.1307,9.8852	[[[-711441,92546,6,-57,59,-351,81,-348,84,-275,1,3,36,5,10,11,11,2,11,-3,-10,-5,2,-6,24,12,10,-4,10,-18,12,3,10,15,30,-17,28,11,61,-1,3,-9,28,-3,6,-15,14,-1,72,-65,17,-8,10,-32,12,-16,0,-21,12,-15,-7,-36,5,-48,30,-54,21,-16,8,-17,18,-17,9,-22,36,-20,4,18,34,-13,37,48,26,1,56,38,108,145,36,-37,29,1,132,55,85,85,8,23,13,143,-10,22,18,46,9,-6,113,101,12,49,39,29,5,17,-9,19,-9,1,-39,36,-17,2,-1,10,-11,10,31,3,31,19,35,53,-4,26,27,46,-65,11,15,30,22,25,-11,16,9,11,-15,30,34,9,12,9,34,56,4,-3,40,43,20,2,-16,24,12,32,-12,8,-19,42,1,8,22,-2,12,16,-15,2,4,6,-17,12,-1,7,10,-1,6,6,-29,9,-22,21,3,7,10,1,5,17,-7,3,-1,-8,-6,0,-3,6,3,42,-11,19,0,34,-16,26,5,19,-16,-3,2,18,-9,-2,-16,12,-12,32,5,25,31,41,10,42,30,59,10,41,38,19,50,83,51,-45,25,-47,22,-17,-30,-51,5,-18,14,8,18,-11,-4,-10,31,-7,-3,-7,-14,-4,6,-9,13,-2,-9,-7,6,-13,12,11,88,10,62,-33,34,-34,45,-1,12,6,14,-4,5,-21,36,-19,47,-12,46,-28,20,-32,38,-10,13,3,73,-23,12,17,16,1,13,-8,33,-138,5,-60,42,-104,-10,-25,15,-13,-33,-46,6,-16,-4,-7,-11,6,-7,-21,-78,-30,-9,-28,26,-45,0,-23,25,-30,5,-21,24,-30,0,-10,-15,-7,3,-12,-8,-5,7,-11,20,2,2,-32,16,-18,7,-44,-13,-24,14,-34,-13,-31,54,-85,18,-49,-7,-12,-12,-2,-2,-32,11,-15,6,-32,11,-19,36,-3,25,-17,25,-4,11,-9,20,-1,36,10,65,0,9,-28,-15,-30,19,-25,-5,-43,30,-34,49,-115,30,-100,63,-124,1,-23,25,-64,29,-38,19,6,56,-20,74,1,21,-8,90,-71,111,-57,19,3,15,11,32,44,49,-38,68,-39,14,8,17,42,20,14,9,-9,-12,-14,-2,-17,34,-112,24,-46,37,-45,12,-6,49,-4,36,-18,20,-26,39,8,50,23,29,5,25,48,55,-1,43,-26,56,18,34,-4,32,-96,22,-89,10,-3,10,-46,37,-59,13,-10,30,-8,77,-80,13,-27,-28,-22,-26,-45,67,-101,153,-8,21,-14,78,-128,1,0,381,125,-4,19,7,13,86,2,42,61,28,14,30,3,15,17,21,50,22,6,51,1,30,17,67,8,100,81,61,28,37,2,12,-34,1,-45,9,-32,3,-7,298,98,3,121,-13,262,46,188,-25,94,50,35,214,46,144,14,150,173,37,-2,72,-18,47,5,65,-8,119,56,41,195,68,106,-26,65,-1,48,11,30,-2,40,-20,33,93,105,82,59,72,65,50,33,25,-7,24,3,56,86,33,-13,11,-12,56,71,64,21,58,28,27,31,16,195,69,91,3,42,18,49,18,22,69,55,74,12,31,21,53,79,55,30,70,142,1,52,41,104,29,38,34,15,38,2,32,13,19,41,13,12,7,64,36,34,11,30,9,65,53,61,0,89,15,20,5,56,55,46,37,4,3,14,29,10,-21,50,-22,91,-34,16,-26,34,-14,33,-27,26,-27,39,-46,21,-35,37,-5,20,43,57,36,17,17,17,-132,109,-4,18,25,41,1,22,15,43,29,45,22,17,20,33,25,78,-12,27,4,20,26,73,10,14,61,52,50,23,19,19,44,13,5,-46,8,-4,-2,-7,14,-17,3,-14,57,-13,6,-9,41,28,17,25,11,37,27,3,51,-36,65,-1,44,-12,22,-20,26,-112,10,-19,505,776,661,739,-822,1621,-1949,1053,-149,24,-285,28,-287,9,-102,-3,-2736,-2992,-1049,-635,-1901,-1847,-36,-109,-104,-131,-138,-51,-26,-5,-549,-533],[-704864,92262,45,5,4,0,-49,-5]]]
3648439	p	3646738
3645527	n	-71.3945,9.9967,-71.0818,10.3785	[[[-713945,102902,13,-16,88,-132,112,-392,93,-162,355,-133,224,-162,382,-386,221,-373,172,-445,177,-734,84,39,192,114,180,132,166,149,150,165,133,178,115,190,96,201,76,209,54,215,33,219,11,222,-11,222,-33,219,-54,215,-76,209,-96,201,-115,190,-133,178,-150,165,-166,149,-52,37,-1198,-262,-100,2,6,-310,-492,-3,-457,-310]]]
3805673	n	-68.1227,7.2389,-67.0645,8.2839	[[[-681227,78400,13,-393,39,-392,64,-388,90,-383,114,-376,139,-368,163,-358,186,-347,208,-334,230,-320,250,-304,270,-287,287,-269,305,-250,321,-229,335,-207,348,-186,359,-162,369,-139,377,-114,384,-89,389,-64,393,-39,394,-13,394,13,393,39,389,64,384,89,377,114,369,139,359,162,348,186,335,207,321,229,305,250,287,269,270,287,24,29,-2700,2624,83,62,165,149,150,165,132,178,115,190,95,201,75,209,54,215,32,219,11,222,-11,222,-32,219,-54,215,-75,209,-95,201,-115,190,-132,178,-150,165,-165,149,-178,132,-191,114,-201,95,-210,75,-216,54,-220,32,-222,11,-222,-11,-220,-32,-216,-54,-210,-75,-201,-95,-191,-114,-178,-132,-165,-149,-150,-165,-96,-130,-2711,2635,-201,-189,-270,-287,-250,-304,-230,-320,-208,-334,-186,-347,-163,-358,-139,-368,-114,-376,-90,-383,-64,-388,-39,-392,-13,-393]]]
3639898	p	3646738
3641351	r	-64.5886,8.5498,-63.828,9.2017	[[[-645886,88900,7,-220,22,-220,36,-217,51,-215,64,-211,78,-206,91,-201,105,-194,117,-187,129,-179,140,-171,152,-160,162,-151,171,-140,180,-128,188,-117,195,-104,202,-90,208,-78,212,-64,215,-50,219,-36,221,-22,221,-7,221,7,179,18,0,-34,176,-17,224,-7,224,7,222,22,221,36,218,50,214,65,210,78,203,92,198,105,190,118,182,129,173,142,163,152,153,162,142,172,130,181,118,189,106,197,92,202,79,209,65,213,51,216,36,220,22,222,8,222,-8,222,-22,222,-36,220,-51,216,-65,213,-79,209,-92,202,-106,197,-118,189,-130,181,-142,172,-153,162,-163,152,-173,142,-182,129,-190,118,-198,105,-148,66,-1764,-775,-347,-89,-1,0,-1221,-311,-2,0,-1877,-478,-80,-175,-78,-206,-64,-211,-51,-215,-36,-217,-22,-220,-7,-220]]]
3629965	n	-64.1688,10.7373,-63.7744,11.1791	[[[-641688,110100,11,-222,33,-219,23,-92,10,-7,233,-124,214,-150,203,-377,219,0,173,-38,-28,-295,171,109,660,226,29,4,181,29,575,-94,264,524,217,201,32,63,39,40,87,-34,146,-106,-5,66,1,2,9,133,-5,66,58,-12,8,-11,11,2,17,-15,19,-3,21,11,185,-39,-42,198,22,-12,52,6,33,-13,59,29,8,18,1,30,-100,141,-35,-11,-52,27,-65,-11,-6,-6,-141,258,-115,208,-32,178,-146,371,-32,205,-61,94,-126,68,-119,96,-36,179,-151,-111,-249,-304,-76,-65,-70,-60,-95,-27,-230,-13,-85,-28,-92,-90,-14,-71,5,-76,-41,-110,-61,-69,-144,-114,-63,-91,19,-305,-19,-104,-144,-193,-171,-53,-407,41,-209,54,-368,234,-203,62,-10,-198]],[[-640054,107884,8,-109,75,-55,115,-68,28,-8,267,-24,-4,-112,201,-72,218,-54,67,-9,133,173,-90,227,-247,135,-284,92,-199,92,-117,-25,-106,-74,-65,-109]]]
3628423	r	-69.1411,10.1663,-68.4689,10.8638	[[[-691411,104632,262,-362,3902,-2607,1,0,296,373,127,117,-44,32,179,25,74,-20,65,13,19,67,6,21,72,3,22,-30,55,9,45,33,0,17,12,15,6,25,-10,38,12,41,32,47,-15,72,9,34,-7,23,33,31,6,20,30,37,1532,1410,-1232,4310,-109,33,-337,78,-342,56,-344,33,-346,12,-346,-12,-344,-33,-342,-56,-337,-78,-331,-99,-324,-121,-315,-142,-259,-136,635,-1234,-158,-70,-225,-119,-216,-133,-207,-147,-197,-160,-185,-173,-174,-184,-162,-195,-148,-205,-135,-214,-120,-222,-105,-230,-16,-43]]]
3640465	p	3625549
3649833	n	-69.6167,9.3118,-68.9723,9.8435	[[[-696167,94261,1297,-1143,1119,522,177,229,129,-117,4,-3,11,4,1,1,2961,1046,699,247,3,12,32,219,11,222,-11,222,-32,219,-55,215,-75,209,-96,201,-114,190,-134,178,-150,165,-165,149,-180,132,-89,53,418,542,-322,75,-1772,0,-268,-12,-1,3,6,19,-4,28,35,10,6,20,-13,55,35,24,20,26,18,5,-5,47,-10,10,-17,1,-1,34,-31,12,-16,14,-5,19,-21,24,0,19,-18,26,-13,-13,-15,-1,-1,11,-6,-6,-18,2,-8,-8,7,-23,-4,-19,5,-30,-21,-12,-9,-16,-46,-21,-2,-54,-16,-7,-5,-17,7,-36,-11,-5,11,-32,-7,-3,-6,-21,-10,7,-8,-15,-37,-14,-1,-16,-16,-2,-25,-27,3,-7,-10,-9,-1,-9,1,-5,-807,-35,-30,-7,-1393,-1470,-885,-2253]]]
3644918	p	3646738
3649017	p	3649833
3637012	p	3646738
3629706	r	-68.4778,10.2242,-67.793,10.7396	[[[-684778,104900,6,-180,18,-179,29,-178,42,-175,35,-116,428,-440,15,5,22,-3,9,5,16,-12,28,2,21,-7,16,25,72,14,23,12,23,-125,12,-24,31,-13,19,-40,-26,-28,11,-12,-2,-19,33,2,14,-27,-11,-3,-14,-25,6,-13,-19,-7,27,-20,3,-13,-7,-5,12,-12,3,-1,1,-4,944,-972,45,-16,174,-52,8,-2,1478,871,1114,35,840,442,-6,21,9,7,24,10,28,-2,21,9,5,-3,375,198,550,560,343,538,-248,-52,-306,-135,-23,-46,-71,-102,-76,-71,-35,48,-3,42,-7,80,-34,73,-73,35,-122,9,-172,-40,-144,-72,-168,-32,-240,76,-236,106,-177,38,-273,-2,-16,13,-16,-13,-46,0,-23,21,-40,16,-103,68,-50,5,-39,-17,-40,19,-35,2,-18,-5,-23,-20,-16,-27,-34,8,-39,20,-21,6,-15,-4,-18,-6,-89,-90,-22,0,-254,-2,-404,155,24,32,-101,87,-35,-21,-2,-4,-283,247,-327,411,-94,167,-221,391,-133,237,-292,817,-66,-30,-160,-84,-154,-95,-148,-105,-141,-114,-132,-123,-125,-132,-115,-139,-106,-146,-96,-153,-85,-159,-76,-164,-64,-168,-52,-172,-42,-175,-29,-178,-18,-179,-6,-180]]]
3647444	r	-67.818,8.5341,-67.042,9.3059	[[[-678180,89200,9,-252,25,-252,41,-249,58,-246,73,-241,90,-237,104,-230,120,-222,134,-215,148,-205,161,-195,174,-185,185,-172,196,-160,207,-147,215,-134,224,-119,231,-104,238,-89,243,-73,247,-58,251,-41,252,-24,254,-9,254,9,252,24,251,41,247,58,243,73,238,89,231,104,224,119,215,134,207,147,196,160,185,172,174,185,161,195,148,205,134,215,120,222,104,230,90,237,73,241,58,246,41,249,25,252,9,252,-9,252,-25,252,-41,249,-58,246,-73,241,-90,237,-104,230,-120,222,-134,215,-148,205,-161,195,-174,185,-185,172,-196,160,-207,147,-215,134,-224,119,-231,104,-238,89,-243,73,-247,58,-251,41,-252,24,-254,9,-254,-9,-252,-24,-251,-41,-247,-58,-243,-73,-238,-89,-231,-104,-224,-119,-215,-134,-207,-147,-196,-160,-185,-172,-174,-185,-161,-195,-148,-205,-134,-215,-120,-222,-104,-230,-90,-237,-73,-241,-58,-246,-41,-249,-25,-252,-9,-252]]]
3646382	r	-63.5435,10.3679,-62.9548,10.7347	[[[-635435,106300,8,-81,32,-189,44,-186,56,-183,68,-179,79,-174,92,-168,102,-163,112,-155,123,-148,132,-139,141,-131,149,-121,157,-111,164,-101,170,-90,176,-79,181,-68,185,-55,188,-44,191,-31,192,-18,193,-7,193,7,192,18,191,31,188,44,185,55,181,68,176,79,170,90,164,101,157,111,149,121,141,131,132,139,123,148,112,155,102,163,92,168,79,174,68,179,56,183,44,186,32,189,19,190,6,191,-6,191,-19,190,-13,77,-332,120,-224,33,-683,-56,-170,56,-80,-88,-87,-41,-97,-13,-115,-1,-121,41,-61,93,-30,95,-30,50,-97,-31,-696,-465,-104,-45,-93,27,-111,46,-82,-42,-46,-72,-6,-38,-162,46,-164,69,-138,12,-83,-127,-204,74,62,62,-62,68,-72,-42,-69,-1,-66,36,-67,70,-59,-85,-59,-209,-55,-42,-127,28,-123,40,-91,-12,-32,-130,-68,0,-172,92,-240,-100,-414,-266,-119,-10]]]
3631412	r	-66.9743,9.7375,-66.5621,10.2149	[[[-669743,97895,13,-8,223,-118,230,-103,236,-88,242,-73,246,-57,249,-41,252,-24,252,-8,252,8,69,6,1858,2778,-823,800,-59,-17,-26,12,-4,29,11,5,-7,28,-5,8,-3,10,-4,4,-5,10,-21,15,-50,10,-13,-4,-3,-10,-29,1,-19,-6,-30,16,-55,6,-13,4,0,6,-1,0,-9,-4,-1,0,-10,12,-5,23,8,-3,12,13,-1,14,13,19,-16,11,13,9,-26,13,-5,17,-16,-1,-16,28,6,11,-3,13,-24,-3,-14,6,14,5,-5,11,10,19,15,2,-16,17,-5,13,5,9,-7,8,10,8,-13,13,-1,0,-1,1,-793,771,-451,-292,-224,-544,-20,-5,-35,15,-29,-32,20,-24,-34,-12,-25,-18,-14,-15,-9,-27,-15,-2,6,-48,-9,-34,-10,-10,-17,-1,-20,-24,-19,-10,-4,-11,7,-6,17,1,9,-44,17,-30,24,-1,-21,-33,-16,-8,10,-17,-3,-11,14,-6,4,-6,-226,-549,-28,-13,-20,-32,-23,-21,-44,-6,-41,-47,-35,-23,-32,-49,39,-22,32,-43,21,-12,6,-20,5,-3,-889,-2159]]]
3641099	n	-71.8862,8.3839,-71.4329,8.8065	[[[-718862,86293,17,-2,41,-20,36,0,13,13,28,10,34,-19,45,-39,79,-28,108,-90,-6,-125,17,11,27,-2,22,-19,16,-38,20,-3,23,-18,58,-22,41,-25,16,2,6,-7,5,-10,-7,-27,15,-4,-6,-19,8,-4,-5,-5,9,-12,15,6,-10,-12,5,-7,16,2,1,-20,-41,-25,-31,-8,1,-56,-11,-12,32,-16,29,3,20,-14,31,-3,46,-39,26,-12,8,-17,-2,-16,20,-5,9,-16,12,-39,2,-54,7,-23,56,-40,45,-62,45,-48,21,-37,20,-42,-9,-31,31,-60,12,-44,0,-37,24,-29,8,-37,15,-17,1,-26,21,-38,-23,-130,11,-79,-8,-33,-39,-46,6,-23,-16,-14,-1,-16,-18,-20,-31,-12,3,-34,-31,-1,-1,-22,-41,-25,-1,-26,-25,-7,-12,-15,-3,-24,-30,-9,9,-14,-1,-3,117,-87,191,-114,202,-95,210,-75,216,-54,220,-32,223,-11,223,11,220,32,216,54,210,75,202,95,191,114,179,132,165,149,150,165,133,178,114,190,95,201,76,209,54,215,32,219,11,222,-11,222,-32,219,-54,215,-76,209,-95,201,-114,190,-133,178,-150,165,-165,149,-179,132,-143,85,-3,-19,9,-25,-97,-39,-10,-10,-7,7,-11,-13,-7,-42,-10,-14,27,-42,15,7,14,-8,-7,-22,-55,3,-78,-52,2,-55,-10,-7,3,-20,-21,2,-15,18,-72,143,-46,36,-32,-72,4,-21,-9,-2,-21,-51,-49,-80,9,-12,-6,-18,-54,10,-42,-59,-22,-13,7,-14,-10,-10,-2,-38,-32,-43,-52,17,-28,-22,30,-54,-23,-7,-46,14,-28,-17,4,-2,-4,-9,5,5,10,-11,-4,-4,4,-7,16,-7,-4,-10,8,3,16,-10,-6,-11,7,3,6,-13,-6,-43,11,-9,-9,-6,-2,-9,15,-6,2,12,10,3,13,-19,-18,-21,-64,-17,-12,16,-45,-18,-66,-50,-11,13,12,22,-11,2,-14,-15,-23,19,7,11,27,3,-1,10,-18,0,-32,-24,-19,31,-34,-18,-4,8,-78,0,-17,-31,-76,-42,-3,16,-26,-42,-15,-6,-8,1,-4,10,-20,2,-24,25,7,39,-42,2,-8,31,-11,1,-19,-13,-13,14,-43,-34,-22,25,-68,-44,27,-30,-65,-42,-66,-60,-35,14,-12,15,-24,13,-51,-21,-17,38,-73,-40,-54,62,-85,-81,-47,-21,11,-14,-44,-13,-14,24,-21,-28,-12,3,-3,-6,15,-15,-3,-6,-18,1,7,-12,-18,-6,5,-4,-3,-14,-13,-6,-32,-58,-18,-6,-24,-40,-41,-39,-19,20,-53,6,-10,-68,-37,28,-18,2,-6,-11,8,-7,-20,-22,-15,13,-13,3,-2,-5,-15,8,-19,-8,10,21,-23,18,1,31,-46,31,-47,-42,-20,3,-19,-12,5,-30,22,3,20,-18,-20,-30,21,-19,-2,-8,-19,4,-11,11,-25,8,-122,13,-22,8,-143,-31,-26,4,-38,21,-40,7,-86,-20,-36,-17,-60,-6,-39,-42,-28,-10,-51,-41,-15,-4,-15,-11,-17,-65,-32,-219,-2,-29]]]
3628053	r	-67.6221,9.6028,-67.0406,10.0694	[[[-676221,97635,39,-71,107,-171,118,-163,128,-155,139,-147,148,-137,156,-128,165,-117,172,-106,179,-95,185,-83,189,-71,194,-58,198,-46,200,-33,201,-19,203,-7,203,7,201,19,200,33,198,46,194,58,189,71,185,83,179,95,172,106,165,117,156,128,148,137,139,147,128,155,118,163,107,171,96,177,84,183,71,189,59,192,46,196,33,198,20,200,3,92,-865,1580,-2027,123,-2923,-3059]]]
3625515	r	-66.3321,8.8999,-65.6879,9.5401	[[[-663321,92200,6,-209,21,-209,34,-207,48,-204,62,-200,74,-196,87,-191,99,-185,111,-178,123,-170,134,-162,144,-153,154,-143,163,-133,171,-122,179,-110,186,-99,192,-87,198,-73,201,-61,206,-48,208,-34,209,-20,211,-7,211,7,209,20,208,34,206,48,201,61,198,73,192,87,186,99,179,110,171,122,163,133,154,143,144,153,134,162,123,170,111,178,99,185,87,191,74,196,62,200,48,204,34,207,21,209,6,209,-6,209,-21,209,-34,207,-48,204,-62,200,-74,196,-87,191,-99,185,-111,178,-123,170,-134,162,-144,153,-154,143,-163,133,-171,122,-179,110,-186,99,-192,87,-198,73,-201,61,-206,48,-208,34,-209,20,-211,7,-211,-7,-209,-20,-208,-34,-206,-48,-201,-61,-198,-73,-192,-87,-186,-99,-179,-110,-171,-122,-163,-133,-154,-143,-144,-153,-134,-162,-123,-170,-111,-178,-99,-185,-87,-191,-74,-196,-62,-200,-48,-204,-34,-207,-21,-209,-6,-209]]]
3642833	p	3632998
3629576	n	-70.3021,11.4468,-69.9706,11.9161	[[[-703020,118581,110,15,65,-23,29,-62,19,-210,32,-44,44,-29,49,-62,218,-372,48,-175,76,78,40,115,51,72,107,-53,52,-88,21,-118,1,-278,-59,33,-155,68,-59,36,26,-64,91,-125,19,-16,0,-268,21,-52,30,-41,20,-46,-8,-71,-13,-22,-29,-52,-120,-132,-37,-68,32,-248,181,-188,253,-64,482,233,35,3,610,56,219,103,104,64,147,32,299,9,114,26,127,56,10,69,11,222,-11,222,-33,219,-54,215,-76,209,-96,201,-116,190,-134,178,-151,165,-167,149,-181,132,-193,114,-203,95,-212,75,-219,54,-222,32,-225,11,-225,-11,-222,-32,-219,-54,-212,-75,-36,-17,-54,-253,-52,-138]],[[-701644,114629,112,-20,72,-65,16,-71,0,-5,122,43,95,45,-41,64,-145,66,-132,14,-99,-71]],[[-701616,115685,200,-145,120,-67,134,-40,115,-44,84,-78,-150,-4,-73,3,-46,-58,33,-28,231,-17,429,-142,-4,-25,116,126,15,19,-9,3,-84,23,-177,89,-271,139,-275,152,-388,94]]]
3486270	r	-64.7842,9.0841,-64.1324,9.752	[[[-647842,94300,7,-211,21,-209,35,-208,48,-205,61,-202,75,-197,88,-192,100,-186,112,-179,123,-171,135,-163,145,-154,155,-144,164,-133,32,-23,792,641,46,-129,96,-201,115,-190,133,-178,150,-165,165,-149,180,-132,191,-114,202,-95,210,-75,217,-54,221,-32,154,-8,1221,311,112,67,180,132,165,149,150,165,133,178,115,190,96,201,75,209,54,215,33,219,11,222,-11,222,-33,219,-54,215,-75,209,-96,201,-115,190,-133,178,-150,165,-165,149,-180,132,-106,63,774,627,-25,54,-100,186,-112,179,-123,171,-135,163,-145,154,-155,144,-164,133,-172,123,-180,111,-187,100,-193,87,-199,74,-203,61,-207,48,-209,34,-211,21,-212,7,-212,-7,-211,-21,-209,-34,-207,-48,-203,-61,-199,-74,-193,-87,-187,-100,-180,-111,-172,-123,-164,-133,-155,-144,-145,-154,-135,-163,-123,-171,-112,-179,-100,-186,-88,-192,-75,-197,-61,-202,-48,-205,-35,-208,-21,-209,-7,-211]]]
3626402	p	3628473
3633444	r	-73.3911,9.1176,-71.4929,10.5539	[[[-733911,91728,133,-81,142,3,1098,27,416,57,360,175,343,321,176,115,255,71,228,127,433,403,230,8,61,-75,125,-362,-3,-38,-41,-88,-1,-37,34,-51,93,-93,28,-45,41,-244,-27,-420,55,-217,79,-107,4373,2486,9,-4,17,13,48,-10,6,17,16,-24,12,13,-3,19,5,7,12,-19,9,0,9,10,1,-19,14,-1,16,33,-7,21,24,5,9,24,15,6,-11,23,92,52,18,-3,30,20,5,14,534,303,5,-14,10,-2,7,11,17,1,9,-22,33,-18,36,8,28,-13,7,23,10,9,64,-4,2,9,-24,17,6,14,33,-2,33,14,19,-8,10,8,17,2,4,22,9,11,23,-16,10,-1,1,29,49,-13,0,-32,25,-3,16,-13,8,3,-5,33,18,0,46,-44,-4,-7,-29,-11,2,-12,37,-40,9,0,13,18,10,0,6,-10,2,-15,-6,-15,-30,-19,-5,-17,51,10,19,-5,-3,-14,-16,-18,11,-51,-6,-35,14,0,42,32,32,-22,-20,-13,22,-13,27,7,29,17,12,-17,30,12,3,7,-14,6,-5,23,10,11,23,-8,-5,36,7,-1,13,-33,9,-1,7,23,-20,17,-4,12,7,21,16,14,13,0,-2,-21,5,-9,39,-10,-31,46,-3,16,5,10,24,-4,21,-16,17,-49,7,-6,7,3,19,50,-8,45,12,-4,22,-24,59,0,14,-8,9,-18,10,-1,18,42,-3,9,-20,6,-1,9,10,15,13,1,9,-22,14,-6,27,8,15,19,-4,12,-11,-13,-12,-3,-46,21,-7,39,9,1,35,-21,27,11,10,16,-28,0,-11,22,3,8,26,-13,31,2,22,-10,14,1,6,18,-6,14,-25,-4,-17,19,-15,-8,-5,9,7,16,36,-4,61,29,54,-15,2,8,-20,35,38,-14,11,3,19,27,20,6,11,54,20,18,20,-2,1,-34,20,-32,26,65,8,1,24,-14,5,-18,-18,-42,2,-17,14,-9,32,10,8,-10,-1,-20,-24,-11,1,-11,63,8,30,20,47,1,3,5,-13,15,-1,14,30,3,13,11,-52,8,-10,6,0,9,10,5,57,-13,5,45,62,26,-15,37,-17,15,-1,12,30,-12,29,7,-4,-15,-20,-14,11,-10,14,-1,7,11,3,34,19,24,-1,32,9,0,12,-32,26,37,-2,14,-15,15,-31,3,-12,20,26,22,25,4,0,7,-32,2,3,22,-17,7,-4,26,-44,3,36,55,34,23,14,-10,17,20,-3,8,-30,7,7,20,24,16,40,12,-54,63,9,8,39,-2,12,14,10,-13,15,19,5,37,-31,6,-20,23,0,11,17,24,12,2,38,-43,14,-27,26,13,2,18,-2,10,-26,7,1,11,21,16,62,21,-1,50,7,2,28,-21,19,-2,-21,54,10,-4,29,-36,9,5,2,45,-25,22,-4,34,53,19,-6,12,-21,15,-2,15,16,10,47,8,3,47,-14,23,27,9,12,27,5,-37,12,-6,13,5,8,22,-13,35,29,17,11,-19,13,-2,9,17,-1,21,1037,590,49,-29,-1,-25,37,12,25,-28,26,9,27,-18,17,14,10,0,17,-46,-20,-28,-2,-20,10,-17,24,-17,8,-31,25,-15,23,10,1,8,-24,24,5,10,13,5,12,-6,23,-43,39,1,35,-9,21,-46,1,-66,6,-10,14,3,32,40,51,-11,15,21,44,-7,80,24,12,-3,21,-18,55,-8,19,-30,25,-15,27,-6,62,-36,34,-9,-7,-11,-32,-7,-6,-29,-13,-17,-17,-7,-7,-13,-3,-59,11,-64,-31,-25,-21,-50,6,-103,7,-29,51,-32,57,-11,20,-15,46,-5,39,-14,16,-27,-4,-65,4,-22,9,-7,83,-9,32,-13,18,-14,35,-50,37,2,32,-10,52,-48,24,19,34,14,17,29,37,19,77,107,20,16,19,62,-13,17,0,53,7,9,33,2,22,-16,17,-26,69,-58,9,2,46,-55,23,-18,13,-20,21,-8,11,3,-24,39,-76,73,-5,16,-16,10,-47,55,-26,20,-97,133,4625,1194,-702,2997,-5422,-1233,-39,30,-2,11,-31,17,-21,3,-6,16,-9,5,67,133,312,350,-7671,6627,-161,-457,-140,-185,-166,-167,-156,-204,-73,-196,-3,-47,-10,-144,7,-195,-126,-1368,-28,-309,23,10,1,34,26,5,5,8,15,-4,8,16,9,-3,7,6,12,44,28,26,-2,9,12,25,38,16,0,17,21,17,-15,28,6,29,0,19,-10,14,1,44,20,28,31,12,7,-47,31,-39,-3,-22,23,-77,-2,-23,-16,-25,0,-72,12,-20,1,-27,-21,-33,50,-66,18,-41,-15,-26,-8,-55,-64,-19,-34,-32,5,-47,-5,-38,22,-57,-11,-54,1,-89,-30,-50,-5,-22,-29,-26,-29,-46,0,-33,-11,-38,1,-38,-16,-33,7,-30,-22,-60,27,-82,39,-68,34,-104,-3,-12,-14,-13,-62,-4,-25,-9,3,-48,-41,-84,19,-43,-33,-4,-44,-30,-13,-40,-24,-20,-11,1,-48,-22,-42,-99,-30,-8,-25,-30,-26,2,-6,-4,-3,-78,-7,-15,-28,-29,47,-134,4,-39,-6,-9,5,-26,8,-12,-7,-54,-40,-44,-65,-42,5,-21,17,-18,-6,-18,7,-50,-33,-47,0,-12,-23,-48,-39,-11,-46,-24,-6,-50,-62,-114,-9,-1,-21,-58,46,-62,-1,-47,-61,-58,-22,-58,8,-19,-6,-34,-32,-39,-7,-34,-66,-116,4,-24,23,-27,-7,-181,53,-206,-23,-20,12,-31,13,-13,17,0,82,-171,40,-185,-79,-259,-314,-636,-550,-845,-253,-677,-105,-184,-159,-167,-401,-250,-147,-133,-190,-443,-800,-1169,-177,-441,-167,-415,-126,-203,-178,-167,-369,-253,-117,-194,-3,-217]]]
3645854	p	3646738
3630932	p	3632998
3634922	p	3625829
3628489	n	-72.1574,8.7739,-71.7026,9.2261	[[[-721574,90000,11,-222,33,-219,54,-215,75,-209,96,-201,114,-190,133,-178,150,-165,166,-149,179,-132,191,-114,202,-95,210,-75,216,-54,221,-32,223,-11,223,11,221,32,216,54,210,75,202,95,191,114,179,132,166,149,150,165,133,178,114,190,96,201,75,209,54,215,33,219,11,222,-11,222,-33,219,-54,215,-75,209,-78,163,-70,36,-61,5,-33,61,-74,27,-74,44,-30,107,37,82,40,44,-150,165,-166,149,-179,132,-191,114,-202,95,-210,75,-216,54,-221,32,-223,11,-223,-11,-221,-32,-216,-54,-210,-75,-202,-95,-191,-114,-179,-132,-166,-149,-150,-165,-133,-178,-114,-190,-96,-201,-75,-209,-54,-215,-33,-219,-11,-222]]]
3629710	r	-67.7262,5.3533,-67.2739,5.944	[[[-677262,53908,108,-58,183,-83,187,-71,192,-58,195,-46,197,-32,200,-20,200,-7,200,7,200,20,197,32,195,46,192,58,187,71,183,83,176,94,171,106,162,117,155,127,146,138,137,146,127,155,117,163,106,171,94,177,83,182,70,188,59,192,45,196,33,198,19,199,7,201,-7,201,-19,199,-33,198,-45,196,-59,192,-70,188,-83,182,-94,177,-106,171,-117,163,-127,155,-137,146,-146,138,-155,127,-162,117,-171,106,-176,94,-183,83,-17,7,-16,-33,-38,-63,-49,-62,-39,-38,-57,-39,-55,-25,-241,-94,-84,-53,-99,-107,-92,-159,-164,-155,-36,-44,-93,-98,-134,-105,-61,-57,-14,-32,-9,-53,7,-67,-4,-56,-24,-48,-95,-135,-69,-216,-30,-142,-44,-82,-48,-60,-23,-49,-5,-39,-6,-363,-7,-44,-81,-148,-12,-54,3,-103,-18,-36,-8,-35,20,-83,49,-87,-24,-97,1,-41,51,-63,36,-95,-12,-62,4,-13,29,-36,9,-13,15,-49,5,-34,-28,-66,4,-35,15,-13,26,-1,21,-16,18,-31,25,-82,29,-30,81,-45,52,-73,17,-52,-5,-44,-37,-107,-24,-26,-99,-69,-37,-43,-31,-59,-8,-28,22,-55,-19,-148,0,-84,-67,-129,-27,-14,-98,-32,-70,-40,-91,-119,-19,-63,-41,-35,-136,-41,-99,-50,-158,-31,-97,-50,-87,-82,-30,-40,-35,-103,-21,-29]]]
3646487	n	-70.3082,9.9439,-69.8518,10.3961	[[[-703082,101700,11,-222,33,-219,55,-215,75,-209,96,-201,115,-190,133,-178,151,-165,166,-149,179,-132,192,-114,203,-95,211,-75,217,-54,221,-32,224,-11,224,11,221,32,217,54,211,75,203,95,192,114,179,132,166,149,151,165,133,178,115,190,96,201,75,209,55,215,33,219,11,222,-11,222,-33,219,-55,215,-75,209,-96,201,-115,190,-133,178,-151,165,-166,149,-179,132,-192,114,-203,95,-211,75,-217,54,-221,32,-224,11,-224,-11,-221,-32,-217,-54,-211,-75,-203,-95,-192,-114,-179,-132,-166,-149,-151,-165,-133,-178,-115,-190,-96,-201,-75,-209,-55,-215,-33,-219,-11,-222]]]
3644417	p	3632308
3638371	p	3633009
3628503	r	-68.9276,9.1176,-68.0988,9.9654	[[[-689276,97809,450,-2429,2689,-4196,237,-8,357,12,356,35,353,57,348,81,343,103,334,125,326,147,315,167,304,187,291,207,276,225,261,243,245,259,226,274,209,289,189,301,168,313,11,23,-744,779,-1,0,-3072,3217,4,23,-7,25,-18,3,-46,31,-17,5,-220,231,13,27,17,3,51,-53,62,92,1,35,-30,53,-4,41,82,145,2,127,-30,-1,-11,-25,-26,-2,-17,-18,-31,3,-26,-32,-23,-2,-11,-10,-30,-11,-17,-18,-54,-16,-33,-6,3,39,-41,60,-23,-24,-26,-6,18,-10,-7,-24,-9,-7,-9,-1,-16,15,-38,-27,-21,-7,-8,17,-20,-6,16,20,16,6,-6,12,17,7,-17,26,7,20,-9,36,2,7,22,11,3,18,11,7,-17,34,7,32,27,14,25,27,14,23,7,28,11,5,3,27,8,14,-2,10,13,10,-9,11,12,14,-26,25,1,18,-19,-10,-1,19,-31,19,-16,-26,-48,-4,-13,-5,-3,-1,-1,0,2,1,-8,-3,-11,-12,-13,-2,-9,-16,-23,-3,-4,0,-14,4,-14,17,-7,-1,-6,-12,-17,11,-21,-14,-7,-10,-3,-4,-26,6,-15,4,-12,12,-18,6,-4,10,-21,7,-14,-5,-12,13,-41,3,-22,-11,-11,2,-16,28,-35,-11,-18,-15,-31,6,-7,-14,-9,-5,-10,6,-29,-19,-16,11,-55,-12,-25,4,-21,-10,1,20,-16,12,-3,42,-10,9,-16,40,-27,14,15,75,-12,38,-7,10,-29,9,-16,22,-38,-45,-13,-26,-28,-19,-1,-14,-8,-10,-23,-13,-23,3,-67,-19,-5,-9,-46,-15,-22,-24,-21,1,-17,14,-59,3,-16,9,-5,-12,1,13,-8,9,-6,-3,-16,10,-6,-7,-2,27,-13,30,-37,45,3,10,-10,13,3,33,-21,44,-69,-70,-88,-62,-23,-69,-158,-32,-119,-59,-40,-94,45,-83,-68,-68,-22,-120,6,-24,9,-6,7,-21,-6,-36,14,-8,-28,-82,-114,-58,-5,-13,-26,-8,-10,-15,-26,-16,-14,1,-16,13,-52,-8,-16,-9,-11,-25,-17,-12,-43,-13,-11,12,-8,-2,-19,14,-8,16,-14,5,-10,-8,-70,24,-38,-24,-17,-29,3,-11,-37,-15,-2,-16,-31,-9,-11,13,-6,-3,-14,-20,-17,1,-13,-23,-11,0,-5,10,-16,-5,-18,-26,-14,1,-8,-10,-20,-8,-3,-14,-16,-9,-2,-17,-21,-14,-2,-30,-24,-25,-10,12,-16,-1,-3,10,-12,2,-11,-17,-24,5,-5,10,-56,6,-31,10,-42,-8,-16,20,-60,-45,-31,-4,-33,18,-13,-14,-26,3,-16,-24,10,-17,-8,-16,-26,6,-38,-7,-9,5,-29,-1,4,-24,-7,-11,-40,0,-12,-11,-20,8,-8,23,-9,7,-337,-196,-305,-375]]]
3647549	p	3625829
3632929	p	3632998
3626219	r	-68.511,9.5003,-67.9567,10.1979	[[[-685109,98538,220,-231,17,-5,46,-31,18,-3,7,-25,-4,-23,3072,-3217,63,19,272,102,266,119,256,136,248,153,236,168,225,183,213,197,199,211,184,223,4,6,-943,2103,-81,-32,-40,19,-37,3,-52,-36,-65,-28,-30,-39,-12,-6,2,-54,-34,-11,-6,-23,-42,-5,-35,-20,-65,-13,-38,4,-72,-20,-54,-2,-11,5,-25,64,6,19,-14,26,-39,10,-11,9,-4,37,33,62,-1,13,-23,16,-19,-3,2,3,2,0,0,2,1,1,0,19,11,9,0,1,-10,24,5,17,-13,17,5,30,-8,20,-12,3,-12,43,-27,34,72,14,1,35,55,15,15,-1,24,-18,134,-12,177,87,34,1,14,-6,6,-12,9,4,5,-5,27,7,6,10,39,4,21,12,15,28,-313,698,-1814,2277,-1217,-1285,8,-23,-16,-2,-2,-24,14,4,15,-5,-1,-28,9,-16,11,10,14,-8,5,6,10,-4,3,11,19,-7,7,8,12,2,9,-39,8,0,8,-13,5,9,13,-8,0,-10,12,5,-4,-15,11,0,8,-11,7,3,0,15,4,1,15,-18,-5,-11,17,-13,-8,-14,16,7,2,-9,23,-11,-7,-16,4,-7,-9,-10,8,-5,-5,-14,-16,-1,1,-9,-6,-3,-22,4,5,-21,-17,-19,-1,-12,7,-6,-17,-5,0,-21,-11,-5,-5,-14,17,-13,5,-28,-8,-6,-8,7,-17,-16,5,-6,-4,-19,10,-4,-9,-9,1,-16,-7,6,-5,-4,-4,-53,11,-12,23,0,-8,-6,-4,-21,11,-12,-1,-16,11,0,-1,-13,-7,-3,11,-22,19,-7,-10,-12,16,-6,-4,-5,11,-9,-2,-21,23,-7,7,-24,6,-4,12,5,15,-22,8,-3,0,-8,13,3,13,-34,14,-5,8,9,10,-11,-15,-8,-1,-13,-15,5,0,-1,-1,0,-2,-20,-11,-6,-5,9,-8,-17,-9,-1,-11,-13,-7,3,-1,-1,-1,-2,-1,-3,2,-1,8,-9,-29,4,-7,-12,-13,-4,5,-12,-14,-1,-9,-30,4,-9,-20,4,-4,-21,-21,-2,0,-19,-16,-7,-9,11,-22,-12,10,-15,-9,-17,-16,1,-4,-24,-24,8,-5,12,-23,-20,-13,17,-17,-12,-3,17,-1,0,0,1,-8,1,-7,1,0,-1,-1,0,2,-22,-19,-9,-2,-7,-1,0,1,-2,-1,0,1,-5,0,-20,1,0,0,-1,1,1,5,0,9,15,4,-5,1,-2,-7,-10,-3,-3,1,-1,-1,0,1,-5,1,-10,-22,-19,-11,2,0,-18,-11,-4,-13,-16,-18,-2,-17,-13,-16,24,-14,-5,-1,-16,-24,12,9,-15,-4,-12,-23,-22,-14,-3,-4,-13,-12,-3,-3,-11,-26,-29,5,-17,-29,-5,-2,-20,-16,12,-15,-22,-14,5,-10,-13,-41,-16,-9,-24,-3,-1,-9,-4,-5,10,-3,-1,-1,1,0,-2,-3,-1,0,-23,0,-9,-23,-8,-21,7,-1,-19,-26,-18,-12,12,-9,-12,-21,-2,1,17,-7,-1,-16,-12,-6,-17,-22,4,-2,-15,-17,0,-12,-21,-16,1,-54,-38,-9,-18,-10,4,-32,-3,-22,-18,-17,10,-22,-3,-26,-27,7,-23,-13,0,-11,15,-17,-18,-10,0,-4,-15,19,-5,-2,-15,-5,-4,-7,5,-20,-1,0,-1,-1,0,3,-15,-19,-16,-2,-6,-2,-2,-1,-6,-2,-4,-31,-2,30,1,-2,-127,-82,-145,4,-41,30,-53,-1,-35,-62,-92,-51,53,-17,-3,-13,-27]]]
3629614	p	3629576
3625207	p	3648522
3625710	r	-62.7408,7.6902,-62.0792,8.3331	[[[-627408,80200,7,-216,21,-214,36,-213,49,-211,63,-206,76,-202,89,-197,102,-190,115,-183,126,-176,137,-166,148,-158,158,-147,167,-137,176,-126,184,-114,191,-102,197,-89,203,-76,207,-62,211,-49,213,-36,216,-21,216,-7,216,7,216,21,213,36,211,49,207,62,203,76,197,89,191,102,184,114,176,126,167,137,158,147,148,158,137,166,126,176,115,183,102,190,89,197,76,202,63,206,49,211,36,213,21,214,7,216,-7,216,-21,214,-36,213,-49,211,-63,206,-76,202,-89,197,-102,190,-115,183,-126,176,-137,166,-148,158,-158,147,-167,137,-176,126,-184,114,-191,102,-197,89,-203,76,-27,8,-4338,-2938,-6,-193]]]
3640226	r	-70.0752,8.4079,-69.1852,9.4396	[[[-700751,89401,4599,-5322,113,18,412,96,404,122,396,148,386,174,373,198,359,222,343,245,327,267,309,287,289,307,268,325,247,342,74,118,-3018,6170,-1297,1143,-1156,-90,-39,24,-17,-1,25,23,57,32,-9,25,11,30,-10,51,-31,12,-24,-2,-85,31,-16,-9,-20,9,-27,-5,-5,-20,-31,0,22,-46,-11,-19,-3,-29,-19,-13,-14,4,-24,-10,-8,3,-31,-15,-19,10,-49,-1,-22,-5,-14,-23,-13,-7,-1,15,-25,11,-3,-36,-19,15,-13,-12,-3,11,-14,10,1,-15,-18,4,-28,-16,-11,-30,5,-15,-7,-7,4,-27,-278,-21,-5,3,-9,-4,0,-1,-418,-32,-1,12,-21,19,5,13,-8,2,-21,31,-9,1,-13,14,-12,1,-8,-8,0,-19,-19,-18,-1,-15,6,-9,-21,3,-9,-11,-11,10,5,2,-7,22,-25,10,-13,-26,-10,2,-8,-8,-17,2,-18,-14,-17,18,-16,-4,-7,-7,-15,-14,-13,4,-4,11,-64,-15,-41,36,-11,34,-19,1,-41,-13,-35,-28,-42,0,-36,-13,-11,-62,-1,-71,-17,-70,-32,-51,-16,-6,-8,-18,-13,-6,-6,-24,-24,-4,-5,-55,10,-4,10,-39,13,1,-2,-12,-52,-109,-54,-49,-7,-19,19,-52,0,-40,14,-26,13,-11,29,-2,4,-29,56,-1,15,-23,37,-5,6,-10,-3,-24,9,-14,23,1,10,-7,9,-31,-513,-1235,-66,18,-13,8,-8,20,-5,-1,-7,21,-61,25,-31,-4,-9,11,-4,-6,-57,-9,-45,17,2,-8,15,-8,8,-20,13,0,19,-50,-10,-9,6,-41,-23,-1,5,-17,-18,-19,-14,-27,-17,-11,-5,-35,-11,-3,-1,-8,15,-14,0,-15,37,-29,16,-5,10,-14,86,-184,-903,-2173]]]
3646190	p	3646738
3647637	p	3648522
3649417	p	3633009
3633677	p	3648522
3625929	r	-62.8159,8.1226,-60.6718,10.0197	[[[-628159,90853,2648,-2139,4050,-3270,692,-559,10877,-3659,64,69,590,713,541,751,490,784,438,815,384,841,314,831,-1109,-127,-991,-113,-200,-68,-195,-32,-190,70,-92,-55,-24,-56,-1,-71,-19,-98,-12,-238,-20,-120,-114,-86,-57,-85,-50,-103,-20,-88,-39,-72,-93,-13,-111,6,-98,-20,-113,-62,-47,-36,-46,-181,16,-255,-23,-94,-101,45,-38,78,-8,113,12,218,74,178,378,63,163,138,-27,143,-220,9,-465,-84,-639,49,-220,-49,-139,-71,-180,-121,-155,-136,-66,-119,-51,-166,-127,-135,-312,-214,-113,151,-259,159,-106,100,-57,124,-50,152,-66,135,-100,73,-169,-6,-387,-92,-195,24,-37,39,-86,142,-51,29,-126,11,-66,28,-158,142,-116,132,-15,29,-95,-15,-174,-57,-107,4,-39,36,-44,70,-63,68,-92,30,-376,75,-533,303,-88,106,18,201,138,102,198,35,199,4,386,-240,438,-100,1746,135,130,-26,583,-185,439,3,238,197,108,357,47,480,139,431,533,787,148,426,-7,102,-68,203,18,161,118,416,62,151,175,280,37,91,66,2,349,376,86,42,116,37,102,56,43,97,5,189,28,79,64,77,38,74,36,217,29,87,71,92,152,151,49,99,-40,175,-249,-151,-823,-723,-49,-86,-36,-126,-97,-145,-131,-122,-144,-57,266,609,186,299,196,129,230,81,555,527,232,63,13,11,62,27,46,63,63,109,87,52,114,43,124,30,116,12,94,31,229,141,154,32,134,54,44,128,18,160,53,143,84,-82,26,-45,20,-85,120,188,16,251,-53,256,-83,205,-50,42,-129,34,-26,24,-5,65,-17,50,-33,43,-148,147,-154,212,-87,97,-167,128,-208,122,-209,92,-170,37,-90,-22,-76,-36,-70,-7,-74,65,-12,51,41,43,93,181,14,-2,-6,19,21,40,-39,17,-31,98,-164,109,-276,93,-105,48,-58,14,-323,162,-148,20,-375,-32,-65,32,-16,-9,-112,32,-269,91,-430,169,-118,61,-72,75,-56,140,-65,66,-184,103,-194,121,-358,276,-320,295,-685,703,-185,214,-145,143,-140,103,-105,60,-104,36,-170,85,-241,194,-110,79,-128,36,-249,7,-149,16,-222,63,-201,85,-282,74,-177,5,-104,-13,-66,-52,-51,-94,7,-107,46,-73,141,-170,37,-62,4,-39,-8,-31,-45,-81,-10,-34,-8,-71,-32,-79,-55,-50,-65,-14,-133,1,-619,205,-191,38,-190,19,-207,-6,-104,-24,-115,-43,-109,-86,-54,-16,260,-247,-36,-114,-1,6,-165,120,-288,198,-302,403,-180,156,-1004,778,-359,205,-496,198,-856,220,-100,-53,-103,-105,-64,-169,-136,-201,154,-151,130,-58,597,-14,131,-40,161,-78,292,-295,13,-52,128,-17,299,-85,88,-42,102,-93,-14,-37,-82,-4,-196,17,-319,73,-106,44,-92,129,-43,137,-70,112,-173,45,-584,68,74,-211,214,-383,59,-232,62,-1241,-81,-438,-195,-334,-338,-110,281,248,117,423,-28,1411,-62,216,-371,707,-174,224,-178,136,-5,-366,167,-629,-20,-321,-275,-761,-203,-334,-279,-271,-66,126,-17,30,19,147,50,151,14,167,-56,173,-238,442,-4678,-7445],[-618441,96594,24,125,50,95,-16,-38,24,-9,-53,-177,-29,4],[-618363,96822,140,263,104,295,15,102,-44,96,-62,61,97,1,19,-43,11,-47,-9,-257,-13,-59,-32,-73,-127,-177,-99,-162]],[[-623382,98456,124,-14,57,181,26,162,-207,-329]],[[-615401,85654,315,-126,187,-17,213,-101,145,-100,204,-168,332,-59,349,17,272,0,127,-152,85,-193,238,-186,170,-67,127,59,43,160,-9,143,-161,101,-144,59,-119,126,-17,210,-9,168,-93,185,-298,17,-255,-17,-204,93,-255,17,-230,-135,-374,-17,-392,59,-204,25,-43,-101]],[[-612704,85146,376,15,1064,-90,848,114,-22,101,-82,133,14,136,229,-124,220,104,132,232,-35,260,-77,13,-40,19,-33,22,-55,20,-53,9,-649,-42,-118,-41,-279,-301,-21,-33,-47,-39,-46,-56,-22,-81,18,-10,118,-163,-218,95,-320,257,-213,64,-261,-44,-185,-143,-133,-204,-110,-223]],[[-611768,86038,69,-85,173,9,103,60,121,76,182,137,181,102,397,51,508,9,345,-103,215,51,267,50,362,-43,379,25,190,136,207,213,78,213,155,212,139,264,215,187,242,25,250,153,130,110,-120,222,-130,128,-25,111,-43,178,-138,52,-60,85,95,119,-43,137,-241,-94,-216,-127,-534,1,-302,0,-104,-127,-112,-170,-215,-68,-466,-59,-224,-33,-232,-34,-345,-128,-285,-101,-353,-187,-311,-230,-286,-341,-121,-230,-27,-358,-17,-256,-27,-137,-26,-205]],[[-610966,89006,112,-99,83,24,333,187,54,81,62,200,51,88,841,771,159,111,164,46,214,-1,137,22,90,81,77,177,0,-74,36,76,22,83,11,88,0,94,-544,-184,-244,-21,-161,-95,-372,-472,-182,-183,-198,-75,-254,-58,-218,-85,-92,-158,-52,-201,-92,-228,-37,-195]],[[-610916,88224,239,57,1341,558,419,305,267,268,142,294,-149,237,64,4,209,59,-169,152,-202,122,-221,54,-227,-49,-130,-98,-16,-89,12,-89,-40,-103,-111,-95,-125,-80,-100,-98,-115,-331,-339,-499,-186,-171,-563,-408]],[[-609613,90694,216,127,500,165,165,180,0,-62,107,155,89,180,61,191,23,194,-81,116,-188,8,-352,-93,-295,-209,-55,-280,-15,-326,-175,-346]],[[-608452,91166,214,57,116,160,70,189,78,146,279,174,167,-19,136,9,107,47,-51,59,-54,101,-32,45,-157,170,-226,-17,-224,-111,-150,-116,-111,-183,-79,-457,-83,-254]],[[-608098,86421,17,-92,178,-17,187,-1,145,67,213,-8,221,8,189,48,157,513,-81,161,0,202,103,184,51,109,-43,34,-76,-50,-137,-134,-170,-101,-128,-126,-178,-24,-153,-17,-128,-210,-137,-218,-111,-185,-119,-143]]]
3625341	p	3625829
3628952	p	3628473
3638374	p	3633009
3628066	p	3629965
3628142	p	3641351
3628966	n	-72.5384,10.1039,-72.0817,10.5561	[[[-725383,103300,11,-222,33,-219,4,-14,1130,-976,952,-823,153,-7,224,11,221,32,218,54,211,75,202,95,192,114,180,132,166,149,151,165,133,178,115,190,96,201,75,209,55,215,33,219,11,222,-11,222,-33,219,-55,215,-75,209,-96,201,-115,190,-133,178,-151,165,-166,149,-180,132,-192,114,-202,95,-211,75,-218,54,-221,32,-224,11,-224,-11,-221,-32,-218,-54,-211,-75,-202,-95,-192,-114,-180,-132,-166,-149,-151,-165,-133,-178,-115,-190,-96,-201,-75,-209,-55,-215,-33,-219,-11,-222]]]
3627034	n	-71.1846,9.5639,-70.9141,10.0153	[[[-711846,99852,7,1,214,-144,540,-656,183,-277,178,-197,26,-77,-30,-86,-69,-35,-105,-15,40,-246,144,-192,172,-163,127,-156,63,-168,5,-37,-25,-76,-45,-63,-66,-66,0,-471,-176,-708,2,-125,-187,-249,148,-7,223,11,222,32,217,54,210,75,202,95,192,114,180,132,112,101,-1719,3900,-62,-3,-222,-32,-217,-54,-210,-75,-202,-95,-72,-42]]]
3639747	p	3625549
3803449	p	3646738
3648279	p	3805673
3641275	n	-70.0179,9.5639,-69.5772,10.0119	[[[-700179,97900,11,-222,33,-219,54,-215,76,-209,95,-201,115,-190,133,-178,151,-165,165,-149,180,-132,192,-114,202,-95,210,-75,217,-54,222,-32,223,-11,223,11,222,32,217,54,210,75,202,95,192,114,180,132,165,149,151,165,133,178,115,190,95,201,22,58,-2564,3026,-8,-1,-217,-54,-210,-75,-202,-95,-192,-114,-180,-132,-165,-149,-151,-165,-133,-178,-115,-190,-95,-201,-76,-209,-54,-215,-33,-219,-11,-222]]]
3625066	r	-65.6128,9.0691,-65.0472,9.6309	[[[-656128,93500,6,-184,18,-183,31,-181,42,-179,53,-176,65,-172,77,-167,87,-163,98,-156,108,-149,117,-142,126,-134,136,-126,143,-117,150,-107,157,-97,163,-86,169,-76,173,-65,177,-53,180,-42,183,-30,184,-18,185,-6,185,6,184,18,183,30,180,42,177,53,173,65,169,76,163,86,157,97,150,107,143,117,136,126,126,134,117,142,108,149,98,156,87,163,77,167,65,172,53,176,42,179,31,181,18,183,6,184,-6,184,-18,183,-31,181,-42,179,-53,176,-65,172,-77,167,-87,163,-98,156,-108,149,-117,142,-126,134,-136,126,-143,117,-150,107,-157,97,-163,86,-169,76,-173,65,-177,53,-180,42,-183,30,-184,18,-185,6,-185,-6,-184,-18,-183,-30,-180,-42,-177,-53,-173,-65,-169,-76,-163,-86,-157,-97,-150,-107,-143,-117,-136,-126,-126,-134,-117,-142,-108,-149,-98,-156,-87,-163,-77,-167,-65,-172,-53,-176,-42,-179,-31,-181,-18,-183,-6,-184]]]
3626764	n	-71.0367,8.0039,-70.6164,8.4561	[[[-710366,81628,70,-193,95,-201,114,-190,133,-178,149,-165,165,-149,179,-132,191,-114,202,-95,209,-75,216,-54,221,-32,222,-11,222,11,221,32,216,54,209,75,202,95,191,114,179,132,165,149,149,165,133,178,114,190,35,74,-1584,3207,-9,3,-221,32,-222,11,-115,-6,2,-8,7,-11,22,0,4,-25,13,-8,15,-37,-32,-39,7,-11,-10,-31,-27,-12,-21,-19,-41,-12,12,-25,-13,-24,-32,-14,2,-15,-41,-70,-11,-41,3,-12,-14,-29,-19,-5,-5,-10,24,-5,15,-13,-7,-26,-67,-85,-18,-5,-30,-55,-26,-24,-23,-54,-6,-59,-50,-18,-36,-29,-58,-32,-29,1,-41,-16,-20,5,-26,-13,-7,-28,-28,-19,1,-34,10,-35,-9,-22,-6,-7,-27,1,-42,-21,-41,-30,-27,-37,-5,-87,12,-29,-43,-58,10,-33,-23,-70,19,-9,7,-16,32,-18,-8,-33,22,-7,4,-14,-14,-30,-6,-43,-45,-82,13,-28,-4,-12,9,-10,-4,-8,28,-13,2,-32,-14,-15,16,-25,-35,-33,-46,-6,-31,12,-22,-2,-36,-29,-34,-12,-24,1,-31,-39,-53,-19,-15,-43,-11,-9,1,-24,-21,2,-45,-15,-21,-27,-108,-13,-26,-13,-23,17,-24,35,21,48,-21,19,-8,33,-18,34,-45,28,-35,36,-87,-28,-28,10,-39,0,-18,-22,-27,-17,-33,-47,-52,-16,-29,-52,-37,-18,-16,-21,8,-24,-7,-23,-63,-10,-69,11,-33,40,-15,-4,-32,7,25,-44,11,-51,11,-2,16,-21,0,-10,18,-21,-2,-9,8,-19,29,-29,-23,-13,-7,-11,-20,-69,9,-6,10,16,11,-12,10,4,9,-18,28,-4,-26,-30,-1,-20,18,-7,8,-17,17,-14,-1,-24,9,-3,37,-65,10,1,2,-13,8,-2,3,-10,13,-2,6,-23,-27,-29,1,-18,-15,-9,9,-14,-7,-12,5,-10,-17,-32,20,-26,-24,-23,-26,4,-9,-5,-4,-15,11,-31,-57,-46,-1,-10,-30,-27,0,-10,-14,4,-2,-10,-20,2,-2,-14,-13,-8,-10,2,0,-8,-14,-4,-1,-13,-16,8,-1,-2]]]
3625979	p	3625542
3645671	n	-69.0693,10.0062,-68.7246,10.3543	[[[-690693,102996,1050,-2934,2,7,-5,31,15,14,-12,22,5,33,-23,50,4,32,8,14,-12,19,-1,18,11,27,-8,23,14,24,-1,13,11,7,0,47,17,35,-14,42,-17,-1,-3,7,-16,1,-11,8,3,25,-8,15,27,57,43,41,80,28,32,-10,11,25,34,18,49,10,29,-9,21,6,28,20,46,8,28,-5,19,30,46,21,24,26,36,-1,19,-16,32,0,66,57,39,14,25,20,47,-4,36,6,19,-11,19,-1,17,6,30,-2,29,-38,55,-47,97,-27,41,-30,19,-4,9,-13,7,-35,17,-19,50,-12,39,0,13,-11,23,-1,24,12,15,18,23,-1,18,17,13,27,15,-3,15,9,9,-6,11,9,39,-18,29,23,44,-6,52,34,19,2,17,19,13,-2,27,12,24,26,47,25,-6,24,17,12,0,16,21,-1,41,23,12,20,26,4,20,16,13,3,31,-11,18,-18,21,6,20,27,21,1,25,14,32,-2,5,25,31,36,11,2,44,32,23,-5,25,20,34,-21,52,46,40,-27,9,-27,11,-7,24,30,15,67,18,23,7,36,-2,28,-24,7,-3,-9,-26,11,-12,-6,-36,-1,-2,9,-17,11,-4,14,12,20,28,18,17,-2,4,-9,9,3,35,37,-32,172,27,14,8,38,1,16,10,4,20,-14,6,-10,3,79,-1,0,-2491,1664,-323,216,-107,-63,-179,-132,-166,-149,-151,-165,-29,-38]]]
3628267	p	3625549
3627420	p	3633009
3646062	p	3625549
3648132	r	-70.5553,8.9387,-69.8867,9.6118	[[[-705553,89658,28,-137,28,8,19,-3,24,10,12,10,5,28,53,-5,27,17,2,20,36,55,30,5,1,6,22,5,14,26,19,5,11,8,1,12,18,16,17,-3,12,15,60,88,5,29,35,49,18,41,52,6,24,12,-5,16,14,34,71,30,25,30,17,4,21,-6,21,22,30,8,58,-18,47,12,11,-8,25,5,8,-5,5,6,31,4,18,19,13,3,22,27,23,-1,25,19,12,-1,46,35,41,-1,30,14,31,-14,32,12,8,9,47,11,24,15,28,-11,26,38,26,18,25,4,2914,-924,459,14,903,2173,-86,184,-10,14,-16,5,-37,29,0,15,-15,14,1,8,11,3,5,35,17,11,14,27,18,19,-5,17,23,1,-6,41,10,9,-19,50,-13,0,-8,20,-15,8,-2,8,45,-17,57,9,4,6,9,-11,31,4,61,-25,7,-21,5,1,8,-20,13,-8,66,-18,513,1235,-9,31,-10,7,-23,-1,-9,14,3,24,-6,10,-37,5,-15,23,-56,1,-4,29,-29,2,-13,11,-14,26,0,40,-19,52,7,19,54,49,52,109,2,12,-13,-1,-10,39,-10,4,5,55,24,4,6,24,13,6,8,18,16,6,32,51,17,70,1,71,11,62,36,13,42,0,35,28,41,13,19,-1,11,-34,41,-36,64,15,4,-11,13,-4,15,14,-2441,2021,-661,-739,-505,-776,-10,19,-26,112,-22,20,-44,12,-65,1,-51,36,-27,-3,-11,-37,-17,-25,-41,-28,-6,9,-57,13,-3,14,-14,17,2,7,-8,4,-5,46,-44,-13,-19,-19,-50,-23,-61,-52,-10,-14,-26,-73,-4,-20,12,-27,-25,-78,-20,-33,-22,-17,-29,-45,-15,-43,-1,-22,-25,-41,4,-18,132,-109,-17,-17,-36,-17,-43,-57,5,-20,35,-37,46,-21,27,-39,27,-26,14,-33,26,-34,34,-16,22,-91,21,-50,-29,-10,-3,-14,-37,-4,-55,-46,-5,-56,-15,-20,0,-89,-53,-61,-9,-65,-11,-30,-36,-34,-7,-64,-13,-12,-19,-41,-32,-13,-38,-2,-34,-15,-29,-38,-41,-104,-1,-52,-70,-142,-55,-30,-53,-79,-31,-21,-74,-12,-69,-55,-18,-22,-18,-49,-3,-42,-69,-91,-16,-195,-27,-31,-58,-28,-64,-21,-56,-71,-11,12,-33,13,-56,-86,-24,-3,-25,7,-50,-33,-72,-65,-82,-59,-93,-105,20,-33,2,-40,-11,-30,1,-48,26,-65,-68,-106,-41,-195,-119,-56,-65,8,-47,-5,-72,18,-37,2,-150,-173,-144,-14,-214,-46,-50,-35,25,-94,-46,-188,13,-262,-7,-317,50,-32,13,-33,-31,-75,-6,-116,-11,-38,-53,-49,-14,-41,-2,-15]]]
3646869	p	3486270
3649408	r	-66.697,9.5422,-66.0597,10.1764	[[[-666970,98150,29,-170,47,-202,61,-199,74,-195,86,-189,99,-184,111,-176,122,-169,133,-161,143,-152,153,-142,162,-132,170,-121,178,-109,185,-98,191,-86,196,-74,201,-60,204,-47,207,-34,209,-20,209,-7,209,7,209,20,207,34,204,47,201,60,196,74,191,86,185,98,178,109,170,121,162,132,153,142,143,152,133,161,122,169,111,176,99,184,86,189,74,195,61,199,47,202,35,205,20,207,7,208,-7,208,-20,207,-35,205,-47,202,-61,199,-74,195,-86,189,-99,184,-111,176,-122,169,-133,161,-143,152,-153,142,-162,132,-170,121,-178,109,-185,98,-191,86,-196,74,-201,60,-204,47,-207,34,-143,14,-2096,-1597,-1349,-2017]]]
3631878	p	3629706
3647537	r	-66.5078,7.2929,-65.8322,7.9671	[[[-665078,76300,7,-220,22,-220,36,-218,50,-214,64,-211,78,-207,92,-201,104,-194,116,-188,129,-179,140,-170,152,-161,161,-151,171,-140,179,-129,188,-116,195,-104,201,-91,207,-78,212,-64,215,-50,218,-36,220,-21,221,-8,221,8,220,21,218,36,215,50,212,64,207,78,201,91,195,104,188,116,179,129,171,140,161,151,152,161,140,170,129,179,116,188,104,194,92,201,78,207,64,211,50,214,36,218,22,220,7,220,-7,220,-22,220,-36,218,-50,214,-64,211,-78,207,-92,201,-104,194,-116,188,-129,179,-140,170,-152,161,-161,151,-171,140,-179,129,-188,116,-195,104,-201,91,-207,78,-212,64,-215,50,-218,36,-220,21,-221,8,-221,-8,-220,-21,-218,-36,-215,-50,-212,-64,-207,-78,-201,-91,-195,-104,-188,-116,-179,-129,-171,-140,-161,-151,-152,-161,-140,-170,-129,-179,-116,-188,-104,-194,-92,-201,-78,-207,-64,-211,-50,-214,-36,-218,-22,-220,-7,-220]]]
3628549	p	3628473
3630893	p	3629965
3645981	p	3646738
3804949	n	-70.9564,7.0691,-70.5036,7.4661	[[[-709564,72400,11,-222,33,-219,54,-215,74,-209,95,-201,115,-190,132,-178,149,-165,122,-110,31,1,189,63,7,11,13,9,26,4,7,-7,140,47,435,32,280,66,9,40,11,12,15,4,40,-2,40,-27,206,49,297,6,66,-32,28,-24,14,3,34,18,39,69,20,9,18,-13,18,-103,25,-34,31,-29,14,-8,97,-16,54,-36,73,-5,55,-17,11,-13,2,-24,41,-9,164,6,282,89,161,28,71,-64,18,19,8,-1,139,154,132,178,115,190,95,201,74,209,54,215,33,219,11,222,-11,222,-33,219,-54,215,-74,209,-95,201,-115,190,-132,178,-149,165,-165,149,-178,132,-191,114,-201,95,-209,75,-215,54,-220,32,-222,11,-222,-11,-220,-32,-215,-54,-209,-75,-201,-95,-191,-114,-178,-132,-165,-149,-149,-165,-132,-178,-115,-190,-95,-201,-74,-209,-54,-215,-33,-219,-11,-222]]]
3628550	p	3646738
3628060	n	-72.3541,7.912,-72.0331,8.1247	[[[-723541,80306,67,-121,-4,-28,-30,-38,10,-16,-5,-32,9,-5,7,-15,0,-2,-2,-70,-16,-6,-1,-17,-24,-32,11,-26,0,-18,-15,-58,-1,-16,431,-686,2663,493,11,31,54,215,33,219,11,222,-11,222,-33,219,-54,215,-47,132,-2946,159,65,-208,20,-384,-141,-199,-1,-2,-1,-1,-6,-8,15,-5,3,-18,-9,-13,11,-31,-17,-12,-8,-29,-23,-17,-20,0,-6,-14]]]
3795152	n	-72.4063,8.1088,-72.0231,8.4361	[[[-724063,83736,31,-31,97,-151,67,-168,28,-168,-18,-163,-90,-327,0,-3,24,-2,9,29,43,10,13,16,-1,8,18,-1,-16,-13,-1,-25,-30,-58,-9,-93,-20,2,-13,-6,9,-7,-3,-20,20,-10,-16,-21,-13,0,-3,-12,16,-10,4,18,8,5,13,2,12,-11,24,3,4,-12,-14,2,-6,-8,18,-47,13,-11,20,18,21,-5,0,-1,-1,-6,-16,-2,-12,-14,-28,-15,-4,-13,19,-20,7,-34,26,-16,-21,-27,19,-23,8,-44,8,-12,21,-2,4,-33,-18,-6,-4,-10,45,-33,4,-17,-10,-10,-9,-28,17,-37,0,-11,1,-2,1,-2,12,-18,13,8,8,-1,-5,-30,20,8,10,-5,0,-19,-23,-9,11,-21,1,-2,8,7,10,-8,2,-17,17,-13,-7,-9,-10,9,-3,-1,15,-28,22,8,10,11,15,-5,-1,-7,-14,-6,0,-23,-20,0,31,-58,15,2,-1,-1,1,0,-9,-11,4,-8,3,-6,15,-10,-8,-3,8,-14,1,0,1,-4,11,-22,11,-2,-9,-1,9,-18,17,-53,18,-11,-9,-15,124,-395,2950,-159,69,147,75,209,54,215,33,219,11,222,-11,222,-33,219,-54,215,-75,209,-95,201,-114,190,-133,178,-150,165,-164,149,-179,132,-191,114,-202,95,-209,75,-216,54,-221,32,-222,11,-222,-11,-221,-32,-216,-54,-209,-75,-202,-95,-191,-114,-178,-132,-124,-112]]]
3629606	r	-63.9092,9.3931,-63.366,9.9869	[[[-639092,96900,6,-194,20,-194,31,-191,45,-190,57,-185,69,-182,81,-177,92,-172,103,-165,114,-158,124,-150,134,-142,143,-132,152,-124,159,-113,166,-103,173,-91,178,-80,183,-69,188,-56,190,-44,193,-32,195,-19,196,-6,196,6,195,19,193,32,190,44,188,56,183,69,178,80,173,91,166,103,159,113,152,124,143,132,134,142,124,150,66,91,-581,4042,-38,31,-159,113,-166,103,-173,91,-178,80,-183,69,-188,56,-190,44,-193,32,-195,19,-196,6,-196,-6,-195,-19,-193,-32,-190,-44,-188,-56,-183,-69,-178,-80,-173,-91,-166,-103,-159,-113,-152,-124,-143,-132,-134,-142,-124,-150,-114,-158,-103,-165,-92,-172,-81,-177,-69,-182,-57,-185,-45,-190,-31,-191,-20,-194,-6,-194]]]
3632399	n	-71.0859,9.6247,-70.7021,10.0761	[[[-710858,100147,1719,-3900,62,3,222,32,217,54,210,75,202,95,192,114,180,132,166,149,150,165,133,178,115,190,96,201,75,209,55,215,32,219,11,222,-11,222,-32,219,-55,215,-75,209,-96,201,-115,190,-133,178,-150,165,-166,149,-180,132,-192,114,-202,95,-210,75,-217,54,-222,32,-223,11,-223,-11,-222,-32,-217,-54,-210,-75,-202,-95,-192,-114,-180,-132,-112,-101]]]
3630896	p	3625542
3634184	p	3646738
3643031	p	3646738
3803651	p	3646738
3625655	r	-72.4878,7.8601,-72.3104,8.0354	[[[-724878,79388,33,-26,-2,-44,11,-6,36,-1,-1,-30,13,-8,23,33,15,1,14,-41,-14,-12,0,-6,33,-5,11,-20,16,-5,16,-18,51,-33,4,-31,9,-10,37,-13,4,-3,0,-16,-25,-15,-6,-25,-17,-14,2,-2,-2,-2,11,-12,12,-17,12,-91,28,-76,-2,-27,29,-49,49,-51,1,-1,1,-56,2,-6,312,0,51,-17,28,-20,68,-12,15,46,1,3,676,0,219,470,-431,686,1,16,15,58,0,18,-11,26,24,32,1,17,16,6,2,72,-1,-9,-12,-7,-23,8,-14,23,-33,8,-49,26,-27,75,-12,13,-13,4,-16,20,-25,4,-8,12,-54,32,-7,38,-18,9,0,11,-12,0,-16,26,-28,-5,-24,15,-8,-5,-11,5,-30,-10,-19,-19,-11,4,-9,-6,-7,6,-9,-8,-19,7,-16,17,-13,-2,-12,9,-31,-12,-14,6,-49,1,-10,-11,-16,1,9,-31,27,-41,-3,-30,12,-16,-5,-13,-22,-8,-6,-21,-27,-17,-1,-26,14,-21,-40,-15,-12,-16,13,-47,17,-9,15,-21,-16,-49,-76,-71,-24,1,-21,27,-17,6,-21,-2,-27,-13,-23,-50,-30,-19,24,-37,-1,-45,-21,-18,-24,3,-11,-5,8,-24,-6,-30,-44,-12,-43,0,-19,-29,-26,10,-32,-27,-40,7,-24,-24,-40,1,-17,-55,-62,-24,-13,-20,-10,-37,-37,-16,1,-2,-2,-1,4,-34,-16,-28]]]
3627713	n	-71.9588,10.8293,-71.6247,11.1672	[[[-719588,109600,12,-222,32,-219,55,-215,76,-209,96,-201,115,-190,18,-24,85,-27,2008,459,-13,34,-99,405,8,141,34,124,4,122,-80,131,-362,329,-88,115,120,73,59,52,26,46,40,36,94,-16,105,-36,272,-52,149,-89,69,-131,-40,-156,468,102,78,28,-18,140,-113,140,-151,122,-1169,652,-262,256,-252,352,-166,-78,-193,-114,-180,-132,-167,-149,-150,-165,-134,-178,-115,-190,-96,-201,-76,-209,-55,-215,-32,-219,-12,-222]]]
3625346	n	-69.3476,9.1039,-68.8924,9.5051	[[[-693476,93300,11,-222,33,-219,54,-215,75,-209,96,-201,115,-190,133,-178,150,-165,165,-149,180,-132,191,-114,202,-95,210,-75,217,-54,221,-32,223,-11,223,11,221,32,217,54,210,75,202,95,191,114,180,132,165,149,150,165,133,178,115,190,96,201,75,209,54,215,33,219,11,222,-11,222,-33,219,-54,215,-75,209,-96,201,-115,190,-133,178,-150,165,-165,149,-4,2,-3669,-1296,-3,-13,-33,-219,-11,-222]]]
3758764	p	3628473
3631507	r	-68.9747,9.8341,-68.2808,10.4116	[[[-689747,98606,13,6,0,-19,11,0,-4,-29,17,-7,3,-12,-11,-19,21,-26,29,-7,4,-7,91,-16,106,-51,67,-2,49,-50,77,17,15,-23,210,-12,133,27,-3,18,6,23,11,3,7,18,22,21,14,-6,14,3,22,-33,25,16,28,-4,6,-13,28,-6,32,14,10,-5,13,10,16,-2,6,-5,-4,-11,6,-17,32,-27,8,-23,20,-8,12,11,40,0,7,11,-4,24,29,1,9,-5,38,7,26,-6,8,16,-10,17,16,24,26,-3,13,14,33,-18,31,4,60,45,16,-20,42,8,31,-10,56,-6,5,-10,24,-5,11,17,12,-2,3,-10,16,1,10,-12,24,25,2,30,21,14,2,17,16,9,3,14,20,8,8,10,14,-1,18,26,16,5,5,-10,11,0,13,23,17,-1,14,20,6,3,11,-13,31,9,2,16,37,15,-3,11,17,29,38,24,70,-24,10,8,14,-5,8,-16,19,-14,8,2,11,-12,43,13,17,12,11,25,16,9,52,8,16,-13,14,-1,26,16,10,15,26,8,5,13,114,58,28,82,-14,8,6,36,-7,21,-9,6,-6,24,22,120,68,68,-45,83,40,94,119,59,158,32,23,69,88,62,69,70,21,-44,-3,-33,10,-13,-3,-10,37,-45,13,-30,2,-27,6,7,16,-10,6,3,8,-9,-1,-13,5,12,16,-9,59,-3,17,-14,21,-1,22,24,46,15,5,9,67,19,23,-3,23,13,8,10,1,14,28,19,13,26,38,45,16,-22,29,-9,7,-10,12,-38,-15,-75,27,-14,16,-40,10,-9,3,-42,16,-12,-1,-20,21,10,25,-4,55,12,16,-11,29,19,10,-6,9,5,7,14,31,-6,18,15,35,11,16,-28,11,-2,22,11,41,-3,12,-13,14,5,21,-7,4,-10,18,-6,12,-12,15,-4,26,-6,3,4,7,10,21,14,17,-11,6,12,7,1,14,-17,14,-4,4,0,23,3,9,16,13,2,11,12,4,2,8,3,11,3,48,4,16,26,31,-19,1,-19,19,10,-1,-18,26,-25,-12,-14,9,-11,-13,-10,2,-10,-8,-14,-3,-27,-11,-5,-7,-28,-14,-23,-25,-27,-27,-14,-7,-32,17,-34,-11,-7,-3,-18,-22,-11,-2,-7,9,-36,-7,-20,17,-26,-17,-7,6,-12,-16,-6,-16,-20,20,6,8,-17,21,7,38,27,16,-15,9,1,9,7,7,24,-18,10,26,6,23,24,41,-60,-3,-39,33,6,54,16,17,18,30,11,11,10,23,2,26,32,31,-3,17,18,26,2,11,25,31,2,2,4,1,6,2,2,2,6,19,16,-3,15,1,0,0,1,20,1,7,-5,5,4,2,15,-19,5,4,15,10,0,17,18,11,-15,13,0,-7,23,26,27,22,3,17,-10,22,18,32,3,10,-4,9,18,54,38,16,-1,12,21,17,0,2,15,22,-4,6,17,16,12,7,1,-1,-17,21,2,9,12,12,-12,26,18,1,19,21,-7,23,8,0,32,3,1,0,2,1,-1,3,1,5,-10,9,4,3,1,9,24,41,16,10,13,14,-5,15,22,16,-12,2,20,29,5,-5,17,26,29,3,11,12,3,4,13,14,3,23,22,4,12,-9,15,24,-12,1,16,14,5,16,-24,17,13,18,2,13,16,11,4,0,18,11,-2,22,19,-1,10,-1,5,1,0,-1,1,3,3,7,10,-1,2,-4,5,-9,-15,-5,0,-1,-1,0,1,-1,0,0,20,-1,5,1,0,-1,2,1,0,2,7,19,9,-2,22,1,0,0,1,7,-1,8,-1,0,-1,1,0,3,-17,17,12,13,-17,23,20,5,-12,24,-8,4,24,16,-1,9,17,-10,15,22,12,9,-11,16,7,0,19,21,2,4,21,20,-4,-4,9,9,30,14,1,-5,12,13,4,7,12,29,-4,-8,9,-2,1,1,3,1,2,1,1,7,-3,11,13,9,1,8,17,5,-9,11,6,2,20,1,0,0,1,15,-5,1,13,15,8,-10,11,-8,-9,-14,5,-13,34,-13,-3,0,8,-8,3,-15,22,-12,-5,-6,4,-7,24,-23,7,2,21,-11,9,4,5,-16,6,10,12,-19,7,-11,22,7,3,1,13,-11,0,1,16,-11,12,4,21,8,6,-23,0,-11,12,4,53,5,4,7,-6,-1,16,9,9,-10,4,4,19,-5,6,17,16,8,-7,8,6,-5,28,-17,13,5,14,11,5,0,21,17,5,-7,6,1,12,17,19,-5,21,22,-4,6,3,-1,9,16,1,5,14,-8,5,9,10,-4,7,7,16,-23,11,-2,9,-16,-7,8,14,-17,13,5,11,-15,18,-4,-1,0,-15,-7,-3,-8,11,-11,0,4,15,-12,-5,0,10,-13,8,-5,-9,-8,13,-8,0,-9,39,-12,-2,-7,-8,-19,7,-3,-11,-10,4,-5,-6,-14,8,-11,-10,-9,16,1,28,-15,5,-14,-4,2,24,16,2,-8,23,1217,1285,-4,204,-125,128,-1,1,-944,972,-1,4,-4,1,1,0,-12,12,7,5,-3,13,-27,20,19,7,-6,13,14,25,11,3,-14,27,-33,-2,2,19,-11,12,26,28,-19,40,-31,13,-12,24,-23,125,-23,-12,-72,-14,-16,-25,-21,7,-28,-2,-16,12,-9,-5,-22,3,-15,-5,-428,440,-1,1,-41,43,-1532,-1410,-30,-37,-6,-20,-33,-31,7,-23,-9,-34,15,-72,-32,-47,-12,-41,10,-38,-6,-25,-12,-15,0,-17,-45,-33,-55,-9,-22,30,-72,-3,-6,-21,-19,-67,-65,-13,-74,20,-179,-25,44,-32,-127,-117,-296,-373,-3,-79,-6,10,-20,14,-10,-4,-1,-16,-8,-38,-27,-14,32,-172,-35,-37,-9,-3,-4,9,-17,2,-28,-18,-12,-20,4,-14,17,-11,2,-9,36,1,12,6,26,-11,3,9,24,-7,2,-28,-7,-36,-18,-23,-15,-67,-24,-30,-11,7,-9,27,-40,27,-52,-46,-34,21,-25,-20,-23,5,-44,-32,-11,-2,-31,-36,-5,-25,-32,2,-25,-14,-21,-1,-20,-27,-21,-6,-18,18,-31,11,-13,-3,-20,-16,-26,-4,-12,-20,-41,-23,-21,1,0,-16,-17,-12,6,-24,-47,-25,-24,-26,-27,-12,-13,2,-17,-19,-19,-2,-52,-34,-44,6,-29,-23,-39,18,-11,-9,-9,6,-15,-9,-15,3,-13,-27,-18,-17,-23,1,-15,-18,-24,-12,-23,1,-13,11,-39,0,-50,12,-17,19,-7,35,-9,13,-19,4,-41,30,-97,27,-55,47,-29,38,-30,2,-17,-6,-19,1,-19,11,-36,-6,-47,4,-25,-20,-39,-14,-66,-57,-32,0,-19,16,-36,1,-24,-26,-46,-21,-19,-30,-28,5,-46,-8,-28,-20,-21,-6,-29,9,-49,-10,-34,-18,-11,-25,-32,10,-80,-28,-43,-41,-27,-57,8,-15,-3,-25,11,-8,16,-1,3,-7,17,1,14,-42,-17,-35,0,-47,-11,-7,1,-13,-14,-24,8,-23,-11,-27,1,-18,12,-19,-8,-14,-4,-32,23,-50,-5,-33,12,-22,-15,-14,5,-31,-4,-23,15,-15,1,-15,11,-8,-7,-16,13,-16,-5,-19,6,-10,-6,-11,20,-9,1,-7,-7,-12,6,-4,-6,-18,-10,-4,5,-26,-8,-21,5,-9,7,3,7,-6,-7,-10,8,-14,-7,-4,-12,4,0,-30,9,1,1,-10,-2,-7,-8,3,-3,-6,13,-9,17,2,-28,-40,6,-15,10,-5,-4,-18,16,4,4,-12,11,6,0,-12,16,-14,1,-33,-9,-11,4,-7,-7,-3,3,-8,-11,-36,9,-8,-17,-6,9,-14,-6,-17,18,2,3,-4,-18,-12,-22,7,-5,-13,7,-12,-2,-16,14,1,7,-9,8,0,-4,-26,16,14,-5,-20,20,-1,10,-40,-13,-18,15,-7,-16,-21,-15,-6,-14,-36,-19,-8,2,-13,-15,-10,14,-7,-12,-9,11,-22,20,6,13,-20,3,-47,-10,-6,4,-9,21,1,4,-9,17,-3,0,-11,8,0,3,-7,4,7,24,6,3,-14,13,-1,2,-16,-8,-28,-18,1,-3,-13,1,-40,9,-17,-7,-11,12,1,-5,-19,-10,-7,-13,10,0,-19,-8,0,1,-17,-19,-12,-1,10,-12,-1,-4,7,-16,1,-9,-7,1,-33,17,-1,-2,-8,-15,-7,9,-17,-21,-18,-24,0,3,-26,-27,-16,0,-9,9,-3,0,-9,-15,3,1,-24,-25,-1,6,-20,-5,-13,-14,4,1,-9,9,-1,-4,-9,-19,-1,-5,-16,-17,4,-1,-32,12,2,3,-15,-25,-17,-19,-3,-3,-23],[-687230,101562,2,-4,19,-10,-19,9,-2,5],[-687024,101757,0,1,21,14,-21,-15],[-686840,101940,0,1,50,14,-50,-15],[-686217,102129,20,-24,0,-1,-20,25],[-685198,102180,24,-14,-1,0,-23,14],[-685158,102171,0,1,29,-8,-29,7],[-684969,103003,35,-28,0,-1,-35,29],[-684692,103437,1,0,25,-27,-26,27],[-684477,103565,0,1,58,13,-58,-14],[-684402,103586,17,12,11,21,-11,-22,-17,-11],[-684287,101785,2,6,-1,-6,16,-29,-17,29],[-684249,101819,8,9,7,19,-7,-20,-8,-8],[-684191,101887,21,15,0,-1,-21,-14],[-684074,100817,2,-7,10,-5,-10,4,-2,8],[-684031,100732,0,1,2,-1,-2,0],[-684005,101270,9,-25,20,-15,-21,15,-8,25],[-683981,101201,8,13,-7,-13,-1,0],[-683800,102248,4,6,-3,-6,-1,0],[-683729,103038,4,6,0,1,1,-1,-5,-6],[-683725,102957,5,-25,10,-20,-11,20,-4,25],[-683708,102867,4,6,-3,-6,3,-7,-4,7],[-683638,102465,8,91,6,10,-5,-10,-9,-91]]]
3645469	p	3628423
3633341	p	3646738
3646169	p	3646738
3645531	n	-70.7737,8.1239,-70.343,8.5761	[[[-707737,84493,1585,-3208,9,-3,221,-32,222,-11,222,11,221,32,216,54,210,75,201,95,191,114,179,132,165,149,150,165,132,178,115,190,95,201,75,209,54,215,33,219,11,222,-11,222,-33,219,-54,215,-28,77,-7,-3,-18,6,-10,53,-13,16,-15,6,-21,-3,-44,-37,-25,6,-5,16,18,37,-3,23,-21,13,-36,-32,-25,5,-6,19,6,39,-13,30,-27,4,-63,-24,-22,10,-3,17,24,58,21,8,42,1,13,12,0,19,-29,42,-60,50,-15,52,-19,30,-25,15,-38,-2,-10,7,-17,19,-31,22,-23,62,-52,0,-10,10,0,31,-7,13,-18,10,-48,6,-57,51,-66,-5,-25,8,-37,38,-20,50,-36,46,-77,27,-36,20,-20,19,-13,42,-51,30,-42,13,-28,27,-36,3,-60,-30,-23,-1,-35,134,-19,-5,-19,-34,-23,-17,-37,9,-11,12,9,37,59,52,32,52,-2,7,-44,15,-3,36,8,24,-473,179,-82,12,-222,11,-222,-11,-221,-32,-216,-54,-210,-75,-201,-95,-191,-114,-179,-132,-165,-149,-150,-165,-132,-178,-115,-190,-35,-73]]]
3645525	r	-63.6612,7.1093,-62.9788,7.7907	[[[-636612,74500,7,-223,22,-222,36,-220,51,-217,65,-213,78,-209,93,-203,105,-196,118,-190,130,-181,141,-172,153,-163,163,-152,173,-142,181,-129,190,-118,197,-105,203,-92,209,-79,214,-64,217,-51,221,-36,222,-22,223,-8,223,8,222,22,221,36,217,51,214,64,209,79,203,92,197,105,190,118,181,129,173,142,163,152,153,163,141,172,130,181,118,190,105,196,93,203,78,209,65,213,51,217,36,220,22,222,7,223,-7,223,-22,222,-36,220,-51,217,-65,213,-78,209,-93,203,-105,196,-118,190,-130,181,-141,172,-153,163,-163,152,-173,142,-181,129,-190,118,-197,105,-203,92,-209,79,-214,64,-217,51,-221,36,-222,22,-223,8,-223,-8,-222,-22,-221,-36,-217,-51,-214,-64,-209,-79,-203,-92,-197,-105,-190,-118,-181,-129,-173,-142,-163,-152,-153,-163,-141,-172,-130,-181,-118,-190,-105,-196,-93,-203,-78,-209,-65,-213,-51,-217,-36,-220,-22,-222,-7,-223]]]
3648540	p	3648546
3629419	p	3648522
3627968	p	3625829
3480908	p	3629965
3637721	p	3646738
