993800	r	27.4531,-26.5683,28.2937,-25.8646	[[[274531,-261447,431,-558,366,-1773,1413,-1032,868,641,4,-22,303,-11,30,-87,-87,-187,-25,9,-31,-59,-110,16,-4,54,-97,9,5,-392,192,-11,7,58,421,-57,28,50,32,-245,74,140,178,-99,227,-202,111,-19,7,-39,-8,209,-46,159,-113,139,-16,308,110,61,-9,-80,356,57,-26,-175,53,-1,48,296,111,48,22,244,-424,-45,43,287,147,167,94,13,1327,-1696,822,-411,1572,2004,-187,291,-484,326,-166,300,0,1673,-327,85,32,-190,-36,210,79,91,-39,48,34,59,-23,43,-64,6,38,69,-13,34,-67,-2,-14,98,-43,-22,-75,177,72,32,98,-5,-15,75,44,-3,-12,-73,111,-5,14,41,-20,-6,-75,119,346,263,-30,156,-62,20,-78,23,-30,-103,-280,56,146,598,-709,-254,-47,200,-147,-25,-6,31,-97,-9,-33,43,-21,-83,-294,-23,-65,51,-93,153,-422,-214,-37,297,-171,-81,-40,4,-6,33,-121,10,-35,-18,0,-69,-147,-14,31,-42,-65,53,-197,132,-210,114,-222,95,-231,75,-238,54,-213,28,-440,8,-80,-4,-243,-32,-238,-54,-231,-75,-222,-95,-210,-114,-197,-132,-182,-149,-165,-165,-146,-178,-126,-190,-105,-201,-43,-107,-25,16,-92,-75,-164,-165,-147,-178,-126,-190,-105,-201,-83,-209,-59,-215,-15,-88],[278091,-261751,15,-70,-4,17,-11,53]]]
3369157	r	18.3073,-46.982,38.003,-33.4713	[[[183073,-340397,33,-36,73,-25,125,-164,50,26,71,-14,39,47,120,15,-70,-108,-42,-99,-20,-106,-5,-137,-34,-149,-78,-52,-93,-28,-73,-78,-31,-141,25,-129,92,-97,77,-22,48,-74,54,-29,33,29,67,-8,56,-40,35,-46,79,-218,0,-24,72,-178,-17,-141,36,-50,-6,-30,3,-10,-9,-20,18,-12,13,-48,-11,-22,32,-56,-40,-59,93,-36,35,-94,45,-24,81,-150,-43,-50,142,-82,3,-45,62,-22,-2,-28,72,-51,152,-62,31,2,106,-46,5,11,15,-37,133,-102,-4,-37,116,38,143,-24,-104,91,-49,2,-109,72,-50,139,-14,16,35,73,-13,63,36,266,37,61,-24,33,25,185,26,21,-16,54,6,43,-2,26,17,30,-22,37,-3,22,16,7,-20,16,-7,50,-137,417,-64,66,-66,43,-51,55,-24,103,14,136,44,71,147,128,93,103,83,71,26,16,374,108,363,50,28,25,399,94,334,43,553,-15,44,14,-433,34,-598,-25,265,548,1167,394,84,-23,-56,59,-51,54,52,34,-24,26,22,6,-25,-1,61,222,71,84,-44,-6,-122,81,-26,-11,-140,46,-25,-15,70,191,19,-20,21,21,-27,15,23,45,167,65,15,-25,88,62,55,-62,15,90,-72,106,1,136,73,103,-2,156,155,17,-6,65,248,70,-51,41,-31,113,118,56,136,169,-221,146,233,79,-15,180,105,12,130,14,-148,159,38,140,-88,19,2,-67,-32,-6,-9,47,-31,-12,-37,51,-21,-15,-19,-12,-39,10,11,81,4,34,-24,159,85,57,197,319,-344,42,-95,-115,-119,1,-29,1,-34,-167,-56,7,-22,-119,-153,-102,-248,111,-50,-54,-142,0,-30,161,-92,87,-96,91,-17,-15,-138,148,-104,-16,-180,111,-49,101,-41,301,-121,-11,-315,120,-58,114,114,44,-36,262,-124,80,-275,-36,-123,19,3,216,-105,74,-46,67,-136,84,-403,98,-156,-266,-137,-133,-237,-31,-137,54,-51,-28,-145,-136,-98,-170,10,-66,-191,-97,18,-123,107,-74,70,-100,-21,-28,29,-34,-27,-23,-22,-18,39,0,42,-1,53,-33,37,-56,-17,-27,-5,-7,56,-75,184,-49,313,-466,13,-39,-68,-33,105,-25,124,-339,-18,-115,-73,-65,63,-155,25,-185,147,-318,-13,-27,32,-31,2,-17,43,-131,193,-259,44,-191,-134,-368,-324,-43,-28,1,-57,64,-153,-45,-71,33,-137,-18,-6,-57,-80,-37,-29,-51,-148,-100,-95,-214,-108,-357,-41,-55,-35,-34,-2,-15,-61,-81,-148,-152,-69,-109,-54,-9,40,-15,4,-47,23,37,-36,-60,-66,-35],[184532,-335958,24,36,71,60,85,38,40,40,28,95,29,57,12,150,-25,81,19,3,127,-61,10,7,219,-102,3,-13,-44,-72,-23,1,-4,-31,-50,-95,48,-159,-31,-7,-36,2,-32,23,-32,12,-293,-248,-145,183]],[[183566,-338019,36,-125,104,-65,47,25,40,-8,37,53,-12,55,-57,61,35,40,-57,19,-7,47,-40,21,-61,-6,-9,-28,-56,-89]],[[187771,-340848,215,-85,131,-70,111,-152,322,-329,2,-36,14,-4,16,21,-420,532,-161,76,-230,47]],[[188184,-341900,2,-42,25,7,-11,-20,35,-42,-10,147,88,90,-4,-2,-95,-69,-30,-69]],[[188997,-340252,946,-262,-70,161,-27,-6,-151,160,-156,106,-102,56,-121,11,-42,27,-95,-89,1,-31,46,-21,-229,-112]],[[375814,-469361,41,-74,-21,-18,160,-140,284,-112,235,-2,56,-29,124,72,48,7,43,-47,12,19,89,2,9,29,87,4,51,-48,109,-40,136,32,59,-17,125,47,-2,34,220,25,51,-26,68,21,124,-35,81,-99,302,-63,180,90,31,55,59,11,35,74,113,76,-25,24,64,63,-34,27,45,19,24,77,47,27,-14,42,119,78,40,89,82,39,-15,37,-268,44,-38,39,-65,58,0,47,-108,66,18,94,-95,78,-57,-4,-6,57,-350,67,-28,55,-49,14,-140,-17,-141,67,-138,-13,-110,18,-31,39,-175,-7,-193,50,-211,-11,-97,-62,-98,-22,-15,-68,-119,-81,24,-10,-23,-54,-2,1,1,-4,-11,-27,20,-80,-43,-26,-81,26,-43,-53,-66,-2,-9,-59,-200,-81,-135,-105,17,-104,-44,-41,21,-66,-56,-82,-39,-2,29,-16,-88,-93]],[[378730,-466244,78,-77,161,-54,79,-80,147,-86,141,-31,14,-22,-52,-41,39,-70,82,20,181,-17,289,91,107,86,-31,86,65,47,-94,66,13,50,-70,71,-70,24,-39,-22,-122,11,-120,57,-135,13,-268,88,-183,-25,-178,-81,-31,-50,-3,-54]]]
1007311	n	30.7449,-30.0778,31.2556,-29.3567	[[[307449,-296027,264,-908,-165,-3190,132,-69,229,-95,240,-75,246,-54,251,-32,196,-9,-118,-319,182,277,293,316,1039,827,258,272,87,127,32,70,18,70,0,75,-128,-108,-341,-100,-152,-72,49,262,97,81,400,-2,-105,388,102,397,193,336,278,487,-2343,1818,-173,-54,-229,-95,-218,-114,-204,-132,-188,-149,-170,-165,-52,-61]],[[308671,-295247,2355,-1828,843,1472,687,825,-2204,1211,-140,-44,-229,-95,-218,-114,-203,-132,-188,-149,-170,-165,-151,-178,-130,-190,-109,-201,-85,-209,-58,-203]]]
964137	n	27.9404,-25.9449,28.4781,-25.5829	[[[279404,-258600,12,-222,36,-219,15,-53,0,14,35,18,121,-10,6,-33,40,-4,171,81,37,-297,422,214,93,-153,65,-51,294,23,21,83,33,-43,97,9,6,-31,147,25,47,-200,709,254,-43,-178,2617,580,11,193,-12,222,-36,219,-30,109,463,0,-340,1784,-1909,436,-403,-101,-585,-245,-1652,-1874,-469,-288,-7,-40,-12,-222]]]
953781	p	993800
964420	n	25.1299,-34.0485,26.0653,-33.5339	[[[251299,-337600,13,-222,39,-219,64,-215,89,-209,114,-201,136,-190,158,-178,178,-165,196,-149,213,-132,228,-114,239,-95,250,-75,257,-54,71,-8,-249,-204,185,-114,356,-52,269,-134,249,1,498,54,287,-40,530,-140,313,-30,260,54,201,106,217,60,315,-84,35,32,19,32,15,78,-88,89,-186,253,-288,178,-48,61,-45,88,-195,79,-45,109,26,236,165,562,191,325,259,275,321,210,743,306,820,217,879,110,1100,-49,-50,70,-317,357,-357,329,-394,298,-426,264,-416,208,-2022,-1648,-22,121,-64,215,-89,209,-114,201,-136,190,-158,178,-178,165,-196,149,-213,132,-228,114,-239,95,-250,75,-257,54,-262,32,-265,11,-265,-11,-262,-32,-257,-54,-250,-75,-239,-95,-228,-114,-213,-132,-196,-149,-178,-165,-158,-178,-136,-190,-114,-201,-89,-209,-64,-215,-39,-219,-13,-222]]]
954013	n	27.8298,-25.8381,28.5386,-25.1839	[[[278298,-254242,449,-751,388,-3314,1,-11,141,-46,76,-17,70,43,469,288,1652,1874,585,245,403,101,1407,-321,133,57,209,114,196,132,181,149,164,165,145,178,126,190,104,201,82,209,60,215,35,219,12,222,-12,222,-35,219,-60,215,-82,209,-104,201,-126,190,-145,178,-164,165,-181,149,-196,132,-209,114,-221,95,-229,75,-237,54,-241,32,-244,11,-244,-11,-241,-32,-237,-54,-229,-75,-221,-95,-209,-114,-196,-132,-155,-128,-13,34,-155,7,-244,-11,-241,-32,-237,-54,-230,-75,-221,-95,-209,-114,-196,-132,-181,-149,-164,-165,-145,-178,-3,-4,-13,9,-76,-62,-164,-165,-145,-178,-126,-190,-104,-201,-3,-7]]]
965301	n	30.1317,-29.846,30.6445,-29.3939	[[[301317,-296200,12,-222,37,-219,62,-215,85,-209,109,-201,130,-190,151,-178,170,-165,188,-149,204,-132,217,-114,229,-95,239,-75,246,-54,251,-32,219,-10,2567,2620,12,12,-11,69,-62,215,-85,209,-109,201,-130,190,-151,178,-170,165,-188,149,-204,132,-217,114,-229,95,-239,75,-246,54,-251,32,-253,11,-253,-11,-251,-32,-246,-54,-239,-75,-229,-95,-217,-114,-204,-132,-188,-149,-170,-165,-151,-178,-130,-190,-109,-201,-85,-209,-62,-215,-37,-219,-12,-222]]]
1004866	n	27.5886,-26.8583,28.1813,-26.3576	[[[275886,-267097,92,-143,3366,-522,1347,-821,5,3,198,132,183,149,166,165,147,178,126,190,106,201,83,209,60,215,36,219,12,222,-8,153,-440,864,-822,411,-1327,1696,-94,-13,-147,-167,-43,-287,424,45,-22,-244,-111,-48,-48,-296,-53,1,26,175,-356,-57,9,80,-110,-61,16,-308,113,-139,46,-159,8,-209,-7,39,-111,19,-227,202,-178,99,-74,-140,-32,245,-28,-50,-421,57,-7,-58,-192,11,-5,392,97,-9,4,-54,110,-16,31,59,25,-9,87,187,-30,87,-303,11,-4,22,-868,-641,-187,-1308,-659,-814,-9,-165]]]
1020098	n	28.21,-26.3712,28.5981,-25.8942	[[[282100,-262762,166,-300,484,-326,187,-291,380,-11,178,-22,2324,801,-316,687,478,2843,-91,61,-211,114,-222,95,-231,75,-238,54,-243,32,-179,8,-1271,-1808,-805,-296,-390,-43,0,-1673]]]
1018725	n	25.9529,-29.3461,26.4671,-28.8939	[[[259529,-291200,13,-222,37,-219,61,-215,85,-209,108,-201,130,-190,150,-178,169,-165,187,-149,203,-132,216,-114,228,-95,238,-75,244,-54,250,-32,252,-11,252,11,250,32,244,54,238,75,228,95,216,114,203,132,187,149,169,165,150,178,130,190,108,201,85,209,61,215,37,219,13,222,-13,222,-37,219,-61,215,-85,209,-108,201,-130,190,-150,178,-169,165,-187,149,-203,132,-216,114,-228,95,-238,75,-244,54,-250,32,-252,11,-252,-11,-250,-32,-244,-54,-238,-75,-228,-95,-216,-114,-203,-132,-187,-149,-169,-165,-150,-178,-130,-190,-108,-201,-85,-209,-61,-215,-37,-219,-13,-222]]]
949880	n	28.1582,-26.1089,28.4532,-25.8789	[[[281582,-260383,75,-177,43,22,14,-98,67,2,13,-34,-38,-69,64,-6,23,-43,-34,-59,39,-48,-79,-91,4,-20,327,-85,390,43,805,296,1237,1761,-28,55,-97,145,-2639,-585,-103,-419,280,-56,30,103,78,-23,62,-20,30,-156,-346,-263,75,-119,20,6,-14,-41,-111,5,12,73,-44,3,15,-75,-98,5,-72,-32]]]
1006984	n	27.5597,-33.1437,28.1038,-32.7039	[[[275597,-330581,135,-153,176,-165,195,-149,210,-132,226,-114,237,-95,160,-48,42,37,349,312,171,90,495,156,194,26,111,44,195,187,478,185,40,51,10,54,3,52,16,36,137,69,130,161,89,79,303,92,1024,723,217,208,93,214,5,19,-44,41,-195,149,-211,132,-225,114,-238,95,-167,50,41,47,-131,148,-176,165,-195,149,-210,132,-226,114,-237,95,-247,75,-255,54,-260,32,-262,11,-262,-11,-260,-32,-255,-54,-247,-75,-186,-75,-985,-3245,-8,-50]]]
944385	p	1004866
1017780	p	1020098
940909	n	26.436,-28.3261,27.1246,-27.6039	[[[264360,-278700,12,-222,36,-219,61,-215,84,-209,107,-201,97,-145,6,2,6,-113,37,-219,60,-215,85,-209,106,-201,129,-190,148,-178,168,-165,185,-149,200,-132,214,-114,226,-95,21,-7,11,11,96,-181,128,-190,149,-178,168,-165,185,-149,201,-132,214,-114,226,-95,235,-75,242,-54,247,-32,250,-11,250,11,247,32,242,54,235,75,226,95,214,114,201,132,185,149,168,165,149,178,128,190,107,201,84,209,61,215,37,219,12,222,-12,222,-37,219,-61,215,-84,209,-107,201,-128,190,-149,178,-168,165,-185,149,-201,132,-187,100,-26,-9,29,73,61,215,36,219,13,222,-13,222,-36,219,-61,215,-84,209,-106,201,-128,190,-149,178,-167,165,-185,149,-200,132,-214,114,-225,95,-235,75,-242,54,-246,32,-249,11,-249,-11,-246,-32,-242,-54,-235,-75,-225,-95,-214,-114,-200,-132,-185,-149,-27,-27,-5,6,-183,-98,-201,-132,-184,-149,-168,-165,-148,-178,-128,-190,-107,-201,-84,-209,-61,-215,-36,-219,-12,-222]]]
971421	n	29.6762,-27.9861,30.1838,-27.5339	[[[296762,-277600,12,-222,37,-219,60,-215,84,-209,107,-201,128,-190,148,-178,167,-165,185,-149,200,-132,214,-114,225,-95,234,-75,242,-54,246,-32,249,-11,249,11,246,32,242,54,234,75,225,95,214,114,200,132,185,149,167,165,148,178,128,190,107,201,84,209,60,215,37,219,12,222,-12,222,-37,219,-60,215,-84,209,-107,201,-128,190,-148,178,-167,165,-185,149,-200,132,-214,114,-225,95,-234,75,-242,54,-246,32,-249,11,-249,-11,-246,-32,-242,-54,-234,-75,-225,-95,-214,-114,-200,-132,-185,-149,-167,-165,-148,-178,-128,-190,-107,-201,-84,-209,-60,-215,-37,-219,-12,-222]]]
986822	p	993800
958724	n	26.9908,-25.8961,27.4892,-25.4439	[[[269908,-256700,12,-222,36,-219,60,-215,82,-209,105,-201,125,-190,146,-178,164,-165,181,-149,197,-132,209,-114,221,-95,231,-75,237,-54,242,-32,244,-11,244,11,242,32,237,54,231,75,221,95,209,114,197,132,181,149,164,165,146,178,125,190,105,201,82,209,60,215,36,219,12,222,-12,222,-36,219,-60,215,-82,209,-105,201,-125,190,-146,178,-164,165,-181,149,-197,132,-209,114,-221,95,-231,75,-237,54,-242,32,-244,11,-244,-11,-242,-32,-237,-54,-231,-75,-221,-95,-209,-114,-197,-132,-181,-149,-164,-165,-146,-178,-125,-190,-105,-201,-82,-209,-60,-215,-36,-219,-12,-222]]]
939270	n	28.9804,-26.0961,29.4407,-25.6439	[[[289804,-258700,12,-222,36,-219,60,-215,82,-209,105,-201,126,-190,146,-178,164,-165,182,-149,196,-132,210,-114,222,-95,230,-75,238,-54,242,-32,245,-11,245,11,242,32,238,54,230,75,222,95,210,114,196,132,182,149,164,165,146,178,32,48,-1940,3462,-167,7,-245,-11,-242,-32,-238,-54,-230,-75,-222,-95,-210,-114,-196,-132,-182,-149,-164,-165,-146,-178,-126,-190,-105,-201,-82,-209,-60,-215,-36,-219,-12,-222]]]
8764562	p	993800
963241	p	993800
936374	p	993800
1016670	n	26.4726,-29.4961,27.0973,-28.9839	[[[264726,-292700,12,-222,37,-219,61,-215,85,-209,109,-201,129,-190,151,-178,170,-165,187,-149,203,-132,216,-114,229,-95,238,-75,245,-54,250,-32,252,-11,252,11,250,32,245,54,238,75,229,95,216,114,203,132,187,149,39,37,-2617,3722,-227,-71,-229,-95,-216,-114,-203,-132,-187,-149,-170,-165,-151,-178,-129,-190,-109,-201,-85,-209,-61,-215,-37,-219,-12,-222]],[[266542,-290539,0,-1,2616,-3720,227,71,228,95,216,114,203,132,187,149,170,165,150,178,130,190,108,201,85,209,62,215,37,219,12,222,-12,222,-37,219,-62,215,-85,209,-108,201,-130,190,-150,178,-170,165,-187,149,-203,132,-216,114,-228,95,-238,75,-245,54,-250,32,-252,11,-252,-11,-250,-32,-245,-54,-238,-75,-228,-95,-216,-114,-203,-132,-187,-149,-39,-38]]]
1016181	p	1020098
946877	p	964420
965289	n	29.2244,-24.1261,29.7156,-23.6739	[[[292244,-239000,11,-222,36,-219,58,-215,82,-209,103,-201,124,-190,143,-178,162,-165,179,-149,193,-132,207,-114,218,-95,227,-75,234,-54,238,-32,241,-11,241,11,238,32,234,54,227,75,218,95,207,114,193,132,179,149,162,165,143,178,124,190,103,201,82,209,58,215,36,219,11,222,-11,222,-36,219,-58,215,-82,209,-103,201,-124,190,-143,178,-162,165,-179,149,-193,132,-207,114,-218,95,-227,75,-234,54,-238,32,-241,11,-241,-11,-238,-32,-234,-54,-227,-75,-218,-95,-207,-114,-193,-132,-179,-149,-162,-165,-143,-178,-124,-190,-103,-201,-82,-209,-58,-215,-36,-219,-11,-222]]]
1002108	p	993800
962367	n	31.7838,-28.9313,32.2514,-28.5539	[[[317838,-287800,12,-222,37,-219,61,-215,85,-209,107,-201,130,-190,149,-178,81,-79,21,0,363,66,1237,582,389,287,191,322,-167,-15,-160,-76,-133,-103,-80,-86,-221,274,229,213,394,54,275,-200,1098,833,132,149,186,287,97,110,128,77,35,15,-133,158,-169,165,-187,149,-201,132,-216,114,-227,95,-237,75,-244,54,-249,32,-251,11,-251,-11,-249,-32,-244,-54,-237,-75,-227,-95,-216,-114,-201,-132,-187,-149,-169,-165,-149,-178,-130,-190,-107,-201,-85,-209,-61,-215,-37,-219,-12,-222]]]
944986	p	1004866
3370356	p	3369157
3363094	n	18.7434,-33.9182,19.2383,-33.4139	[[[187434,-336147,64,-69,163,-274,119,-1,95,115,344,-42,-197,-319,-85,-57,24,-159,-4,-34,47,-79,21,15,37,-51,31,12,9,-47,32,6,-2,67,88,-19,-38,-140,148,-159,-130,-14,414,-696,2684,-1090,2,2,213,132,196,149,178,165,158,178,136,190,114,201,88,205,-112,510,67,2311,-153,173,-178,165,-196,149,-212,132,-227,114,-240,95,-249,75,-257,54,-262,32,-264,11,-264,-11,-262,-32,-257,-54,-249,-75,-240,-95,-227,-114,-212,-132,-196,-149,-178,-165,-158,-178,-136,-190,-113,-201,-89,-209,-37,-122,-48,-281]]]
1105777	p	964137
989921	n	26.418,-27.191,27.0031,-26.6139	[[[264180,-269800,12,-222,36,-219,60,-215,84,-209,106,-201,127,-190,147,-178,166,-165,183,-149,199,-132,138,-74,1646,-156,1918,1812,609,231,35,33,147,178,127,190,105,201,6,12,-507,1082,-874,1864,-219,71,-240,54,-244,32,-247,11,-247,-11,-244,-32,-240,-54,-52,-17,-1,4,-216,10,-247,-11,-244,-32,-240,-54,-232,-75,-224,-95,-211,-114,-199,-132,-183,-149,-166,-165,-147,-178,-127,-190,-106,-201,-83,-209,-60,-215,-36,-219,-12,-222,12,-222,36,-219,58,-209,-2,0,-59,-209,-36,-219,-12,-222]]]
6951112	n	18.5874,-34.2703,19.2393,-33.8091	[[[185874,-340725,598,25,433,-34,42,13,422,-31,351,-76,51,-20,230,-47,161,-76,420,-532,-16,-21,94,-29,21,-36,-47,-43,-55,2,9,-29,-275,-101,-88,-90,10,-147,102,-120,-34,-54,228,-216,28,-141,-33,-108,-69,-60,45,-7,152,62,23,67,125,92,-49,188,176,-49,76,68,-11,106,90,-1,55,61,64,-13,79,55,28,108,34,-7,75,77,125,51,-1,102,82,-41,178,227,-165,21,14,129,-213,18,229,358,380,268,-105,242,-946,262,-25,-12,-46,9,-45,-49,-29,1,0,-38,-60,20,-9,-18,-61,-1,-30,35,-139,-4,67,-28,-1,-46,-201,-88,-228,73,-140,-115,98,-7,-10,-63,-46,-51,-32,94,-163,3,-234,100,14,33,-87,71,-42,-13,-38,64,-89,69,27,20,-28,58,54,31,-15,40,59,11,-141,160,77,19,-64,68,-84,23,-1167,-394,-265,-548]],[[187334,-339747,56,-59,1607,-446,229,112,-46,21,-1,31,95,89,42,-27,121,-11,102,-56,156,-106,151,-160,27,6,70,-161,1875,-519,44,25,45,61,115,179,100,184,85,190,70,193,55,198,40,199,21,177,-3779,1535,-1280,-1655]]]
977432	p	1006984
976361	n	29.2494,-25.9961,29.7094,-25.5439	[[[292494,-256494,1939,-3460,167,-7,244,11,243,32,237,54,230,75,222,95,209,114,197,132,181,149,165,165,146,178,125,190,105,201,82,209,60,215,36,219,12,222,-12,222,-36,219,-60,215,-82,209,-105,201,-125,190,-146,178,-165,165,-181,149,-197,132,-209,114,-222,95,-230,75,-237,54,-243,32,-244,11,-244,-11,-243,-32,-237,-54,-230,-75,-222,-95,-209,-114,-197,-132,-181,-149,-165,-165,-146,-178,-32,-50]]]
1002145	n	22.1902,-34.0657,22.7308,-33.7339	[[[221902,-339445,1032,-1129,237,5,934,-87,449,85,405,179,518,356,163,64,197,31,262,8,200,-25,902,-265,55,182,39,219,13,222,-13,222,-39,219,-65,215,-89,209,-114,201,-137,190,-158,178,-178,165,-197,149,-214,132,-228,114,-240,95,-250,75,-258,54,-263,32,-265,11,-265,-11,-263,-32,-42,-9,-1237,-693,-425,-238,-19,-22,-137,-190,-114,-201,-89,-209,-65,-215,-39,-219,-3,-67]]]
952865	p	1020098
11204237	p	993800
1014073	n	27.1494,-26.7009,27.6741,-26.1339	[[[271494,-263600,12,-222,36,-219,60,-215,82,-209,106,-201,126,-190,147,-178,165,-165,147,-120,38,-25,24,13,2,-10,16,-58,185,-243,813,-1069,1,-1,50,-67,2,-1,205,-110,1298,-74,788,-45,48,15,50,62,659,814,187,1308,-1413,1032,-366,1773,-482,624,-234,31,-246,11,-246,-11,-243,-32,-239,-54,-231,-75,-223,-95,-210,-114,-198,-132,-182,-149,-165,-165,-147,-178,-126,-190,-106,-201,-82,-209,-60,-215,-36,-219,-12,-222]]]
1023374	p	993800
964349	n	26.8671,-26.9461,27.3504,-26.4939	[[[268671,-266351,1379,-2942,220,-71,239,-54,245,-32,246,-11,246,11,245,32,239,54,232,75,99,42,1443,2239,-2,30,-36,219,-13,48,-1040,1367,-140,91,-88,47,-223,95,-232,75,-239,54,-245,32,-246,11,-246,-11,-245,-32,-239,-54,-232,-75,-223,-95,-212,-114,-198,-132,-183,-149,-166,-165,-147,-178,-126,-190,-106,-201,-6,-16]]]
946058	n	28.5164,-31.8161,29.0436,-31.3639	[[[285164,-315900,12,-222,38,-219,63,-215,87,-209,111,-201,133,-190,154,-178,174,-165,191,-149,208,-132,222,-114,234,-95,244,-75,251,-54,256,-32,258,-11,258,11,256,32,251,54,244,75,234,95,222,114,208,132,191,149,174,165,154,178,133,190,111,201,87,209,63,215,38,219,12,222,-12,222,-38,219,-63,215,-87,209,-111,201,-133,190,-154,178,-174,165,-191,149,-208,132,-222,114,-234,95,-244,75,-251,54,-256,32,-258,11,-258,-11,-256,-32,-251,-54,-244,-75,-234,-95,-222,-114,-208,-132,-191,-149,-174,-165,-154,-178,-133,-190,-111,-201,-87,-209,-63,-215,-38,-219,-12,-222]]]
952734	n	31.0324,-29.4778,31.5024,-29.1039	[[[310324,-293300,12,-222,7,-40,2213,-1216,630,758,79,178,75,78,81,64,126,66,53,209,50,99,136,107,340,187,144,110,383,473,129,79,40,37,39,175,24,62,60,39,79,34,-133,157,-170,165,-187,149,-203,132,-217,114,-228,95,-238,75,-245,54,-251,32,-252,11,-252,-11,-251,-32,-245,-54,-238,-75,-228,-95,-217,-114,-203,-132,-187,-149,-170,-165,-151,-178,-130,-190,-108,-201,-85,-209,-61,-215,-38,-219,-12,-222]]]
940316	p	993800
11204106	p	1020098
942470	n	30.5362,-27.9303,31.0438,-27.5439	[[[305362,-277700,12,-222,37,-219,17,-60,4261,-1102,6,4,167,165,148,178,128,190,107,201,84,209,60,215,37,219,12,222,-12,222,-37,219,-60,215,-84,209,-107,201,-128,190,-148,178,-167,165,-185,149,-200,132,-214,114,-225,95,-234,75,-242,54,-246,32,-249,11,-249,-11,-246,-32,-242,-54,-234,-75,-225,-95,-214,-114,-200,-132,-185,-149,-167,-165,-148,-178,-128,-190,-107,-201,-84,-209,-60,-215,-37,-219,-12,-222]]]
965154	p	1007311
984998	n	29.5243,-28.7861,30.0357,-28.3339	[[[295243,-285600,12,-222,37,-219,61,-215,85,-209,107,-201,129,-190,149,-178,169,-165,186,-149,201,-132,216,-114,227,-95,236,-75,243,-54,248,-32,251,-11,251,11,248,32,243,54,236,75,227,95,216,114,201,132,186,149,169,165,149,178,129,190,107,201,85,209,61,215,37,219,12,222,-12,222,-37,219,-61,215,-85,209,-107,201,-129,190,-149,178,-169,165,-186,149,-201,132,-216,114,-227,95,-236,75,-243,54,-248,32,-251,11,-251,-11,-248,-32,-243,-54,-236,-75,-227,-95,-216,-114,-201,-132,-186,-149,-169,-165,-149,-178,-129,-190,-107,-201,-85,-209,-61,-215,-37,-219,-12,-222]]]
1005646	n	28.819,-26.7561,29.3813,-26.2639	[[[288190,-265300,12,-222,36,-219,60,-215,83,-209,105,-201,127,-190,147,-178,165,-165,183,-149,197,-132,212,-114,222,-95,232,-75,239,-54,244,-32,246,-11,67,3,1379,454,765,14,117,26,232,75,223,95,211,114,119,80,-627,3899,-2,15,-156,50,-238,54,-244,32,-246,11,-246,-11,-244,-32,-238,-54,-232,-75,-223,-95,-211,-114,-63,-42,-5,17,-138,6,-246,-11,-244,-32,-239,-54,-232,-75,-222,-95,-212,-114,-197,-132,-183,-149,-165,-165,-147,-178,-127,-190,-105,-201,-83,-209,-60,-215,-36,-219,-12,-222]]]
990930	n	24.5039,-28.9561,25.0162,-28.5039	[[[245039,-287300,12,-222,37,-219,61,-215,85,-209,107,-201,130,-190,149,-178,169,-165,186,-149,202,-132,216,-114,227,-95,237,-75,243,-54,249,-32,251,-11,251,11,249,32,243,54,237,75,227,95,216,114,202,132,186,149,169,165,149,178,130,190,107,201,85,209,61,215,37,219,12,222,-12,222,-37,219,-61,215,-85,209,-107,201,-130,190,-149,178,-169,165,-186,149,-202,132,-216,114,-227,95,-237,75,-243,54,-249,32,-251,11,-251,-11,-249,-32,-243,-54,-237,-75,-227,-95,-216,-114,-202,-132,-186,-149,-169,-165,-149,-178,-130,-190,-107,-201,-85,-209,-61,-215,-37,-219,-12,-222]]]
970566	n	28.3495,-26.6454,28.7308,-26.2911	[[[283495,-263712,2062,-2742,203,65,222,95,211,114,198,132,182,149,166,165,146,178,127,190,105,201,83,209,60,215,36,219,12,222,-12,222,-36,219,-50,177,-1391,771,-2324,-801]]]
973111	n	30.3851,-30.0361,30.7713,-29.584	[[[303851,-298476,10,-65,62,-215,86,-209,108,-201,131,-190,151,-178,171,-165,188,-149,204,-132,218,-114,230,-95,239,-75,246,-54,251,-32,254,-11,254,11,251,32,246,54,239,75,158,65,165,3189,-262,899,-61,25,-239,75,-246,54,-251,32,-221,10,-2582,-2636]]]
1019330	n	27.1226,-33.1061,27.6608,-32.6239	[[[271226,-328800,13,-222,38,-219,64,-215,88,-209,113,-201,135,-190,156,-178,176,-165,195,-149,210,-132,225,-114,238,-95,247,-75,254,-54,260,-32,262,-11,262,11,260,32,254,54,247,75,238,95,225,114,210,132,7,5,2,12,-9,11,14,6,980,3228,18,59,-142,161,-176,165,-194,149,-211,132,-225,114,-237,95,-247,75,-254,54,-260,32,-262,11,-262,-11,-260,-32,-254,-54,-247,-75,-237,-95,-225,-114,-211,-132,-14,-11,13,-17,-64,-26,-225,-114,-210,-132,-195,-149,-176,-165,-156,-178,-135,-190,-113,-201,-88,-209,-64,-215,-38,-219,-13,-222]]]
957487	n	27.5978,-27.0361,28.0661,-26.724	[[[275978,-267240,895,-2778,141,-76,223,-95,233,-75,239,-54,244,-32,247,-11,247,11,244,32,239,54,233,75,223,95,212,114,198,132,183,149,166,165,147,178,127,190,106,201,83,209,53,191,-1317,803,-3366,522]]]
963230	p	993800
3359041	n	19.2271,-33.8761,19.7198,-33.4239	[[[192271,-337450,94,-428,50,-56,177,-165,197,-149,212,-132,227,-114,240,-95,249,-75,257,-54,262,-32,264,-11,264,11,262,32,257,54,249,75,240,95,227,114,212,132,197,149,177,165,158,178,136,190,113,201,90,209,64,215,39,219,13,222,-13,222,-39,219,-64,215,-90,209,-113,201,-136,190,-158,178,-177,165,-197,149,-212,132,-227,114,-240,95,-249,75,-257,54,-262,32,-264,11,-264,-11,-262,-32,-257,-54,-249,-75,-240,-95,-227,-114,-212,-132,-197,-149,-177,-165,-77,-86,-67,-2298]]]
11205667	p	1007311
943882	p	940909
1015621	n	27.5309,-25.8653,27.9135,-25.4139	[[[275309,-256400,12,-222,36,-219,59,-215,83,-209,104,-201,126,-190,145,-178,165,-165,181,-149,196,-132,210,-114,221,-95,230,-75,237,-54,212,-28,7,0,2,0,432,-7,77,3,242,32,237,54,230,75,221,95,161,87,-388,3314,-487,814,-216,29,-244,11,-244,-11,-242,-32,-237,-54,-230,-75,-221,-95,-210,-114,-196,-132,-181,-149,-165,-165,-145,-178,-126,-190,-104,-201,-83,-209,-59,-215,-36,-219,-12,-222]]]
1023441	p	993800
963516	n	26.6155,-32.1261,27.1445,-31.6739	[[[266155,-319000,12,-222,39,-219,63,-215,87,-209,111,-201,134,-190,154,-178,174,-165,193,-149,208,-132,223,-114,235,-95,244,-75,252,-54,257,-32,259,-11,259,11,257,32,252,54,244,75,235,95,223,114,208,132,193,149,174,165,154,178,134,190,111,201,87,209,63,215,39,219,12,222,-12,222,-39,219,-63,215,-87,209,-111,201,-134,190,-154,178,-174,165,-193,149,-208,132,-223,114,-235,95,-244,75,-252,54,-257,32,-259,11,-259,-11,-257,-32,-252,-54,-244,-75,-235,-95,-223,-114,-208,-132,-193,-149,-174,-165,-154,-178,-134,-190,-111,-201,-87,-209,-63,-215,-39,-219,-12,-222]]]
986846	n	26.9765,-27.8761,27.4835,-27.4239	[[[269765,-276500,12,-222,36,-219,61,-215,84,-209,106,-201,128,-190,148,-178,167,-165,185,-149,199,-132,214,-114,225,-95,234,-75,241,-54,246,-32,249,-11,249,11,246,32,241,54,234,75,225,95,214,114,199,132,185,149,167,165,148,178,128,190,106,201,84,209,61,215,36,219,12,222,-12,222,-36,219,-61,215,-84,209,-106,201,-128,190,-148,178,-167,165,-185,149,-199,132,-214,114,-225,95,-234,75,-241,54,-246,32,-249,11,-249,-11,-246,-32,-241,-54,-234,-75,-225,-95,-214,-114,-199,-132,-185,-149,-167,-165,-148,-178,-128,-190,-106,-201,-84,-209,-61,-215,-36,-219,-12,-222]]]
1105728	n	28.5815,-25.5556,29.1885,-25.1039	[[[285815,-253500,12,-222,36,-219,59,-215,82,-209,104,-201,98,-147,3130,-759,-992,4231,-44,2,-244,-11,-241,-32,-236,-54,-230,-75,-220,-95,-210,-114,-196,-132,-180,-149,-164,-165,-145,-178,-126,-190,-104,-201,-82,-209,-59,-215,-36,-219,-12,-222]],[[288347,-251255,989,-4217,175,-84,133,6,241,32,236,54,230,75,220,95,209,114,196,132,181,149,164,165,145,178,125,190,105,201,82,209,59,215,36,219,12,222,-12,222,-36,219,-59,215,-82,209,-105,201,-125,190,-145,178,-164,165,-181,149,-196,132,-209,114,-220,95,-230,75,-236,54,-241,32,-244,11,-244,-11,-241,-32,-236,-54,-230,-75,-102,-44]]]
998082	p	954013
980921	p	954013
971534	r	30.0486,-25.7862,31.9887,-24.6759	[[[300486,-249530,2063,-8332,3942,790,-25,-52,861,-289,89,526,3398,680,7,-2,558,-247,306,7,45,-110,212,121,104,223,325,145,16,43,99,22,68,-29,123,1,66,-106,68,-2,46,30,13,24,-74,22,133,238,-7,42,6760,1353,35,217,170,489,-15,2172,-1,283,-108,259,-294,590,-336,572,-376,550,-416,526,-452,501,-487,473,-148,126,-10681,915,-5276,-1751,-238,-264,-416,-526,-157,-230]]]
967476	p	989921
965528	n	30.8943,-24.1661,31.3857,-23.7139	[[[308943,-239400,12,-222,35,-219,59,-215,81,-209,103,-201,124,-190,144,-178,162,-165,178,-149,194,-132,207,-114,218,-95,227,-75,234,-54,238,-32,241,-11,241,11,238,32,234,54,227,75,218,95,207,114,194,132,178,149,162,165,144,178,124,190,103,201,81,209,59,215,35,219,12,222,-12,222,-35,219,-59,215,-81,209,-103,201,-124,190,-144,178,-162,165,-178,149,-194,132,-207,114,-218,95,-227,75,-234,54,-238,32,-241,11,-241,-11,-238,-32,-234,-54,-227,-75,-218,-95,-207,-114,-194,-132,-178,-149,-162,-165,-144,-178,-124,-190,-103,-201,-81,-209,-59,-215,-35,-219,-12,-222]]]
949224	n	30.2361,-23.1762,30.7239,-22.7239	[[[302361,-229500,12,-222,35,-219,58,-215,81,-209,102,-201,123,-190,143,-178,160,-165,178,-149,192,-132,205,-114,217,-95,225,-75,232,-54,237,-32,239,-11,239,11,237,32,232,54,225,75,217,95,205,114,192,132,178,149,160,165,143,178,123,190,102,201,81,209,58,215,35,219,12,222,-12,222,-35,219,-58,215,-81,209,-102,201,-123,190,-143,178,-160,165,-178,149,-192,132,-205,114,-217,95,-225,75,-232,54,-237,32,-239,11,-239,-11,-237,-32,-232,-54,-225,-75,-217,-95,-205,-114,-192,-132,-178,-149,-160,-165,-143,-178,-123,-190,-102,-201,-81,-209,-58,-215,-35,-219,-12,-222]]]
948542	p	993800
952747	n	28.9881,-27.1561,29.4919,-26.709	[[[289881,-269300,12,-222,36,-219,61,-215,83,-209,106,-201,127,-190,147,-178,166,-165,183,-149,199,-132,212,-114,223,-95,233,-75,240,-54,244,-32,247,-11,247,11,244,32,240,54,233,75,223,95,212,114,199,132,183,149,166,165,147,178,127,190,106,201,83,209,61,215,36,219,12,222,-12,222,-36,219,-61,215,-83,209,-106,201,-127,190,-147,178,-166,165,-183,149,-199,132,-212,114,-223,95,-233,75,-207,46,-778,-14,-1327,-437,-17,-11,-183,-149,-166,-165,-147,-178,-127,-190,-106,-201,-83,-209,-61,-215,-36,-219,-12,-222]]]
964315	n	28.7638,-24.4161,29.2562,-23.9639	[[[287638,-241900,12,-222,35,-219,59,-215,81,-209,104,-201,124,-190,144,-178,162,-165,179,-149,194,-132,207,-114,219,-95,227,-75,235,-54,239,-32,241,-11,241,11,239,32,235,54,227,75,219,95,207,114,194,132,179,149,162,165,144,178,124,190,104,201,81,209,59,215,35,219,12,222,-12,222,-35,219,-59,215,-81,209,-104,201,-124,190,-144,178,-162,165,-179,149,-194,132,-207,114,-219,95,-227,75,-235,54,-239,32,-241,11,-241,-11,-239,-32,-235,-54,-227,-75,-219,-95,-207,-114,-194,-132,-179,-149,-162,-165,-144,-178,-124,-190,-104,-201,-81,-209,-59,-215,-35,-219,-12,-222]]]
1005125	n	29.729,-26.7561,30.231,-26.3039	[[[297290,-265300,12,-222,36,-219,60,-215,83,-209,105,-201,127,-190,147,-178,165,-165,183,-149,197,-132,212,-114,222,-95,232,-75,239,-54,244,-32,246,-11,246,11,244,32,239,54,232,75,222,95,212,114,197,132,183,149,165,165,147,178,127,190,105,201,83,209,60,215,36,219,12,222,-12,222,-36,219,-60,215,-83,209,-105,201,-127,190,-147,178,-165,165,-183,149,-197,132,-212,114,-222,95,-232,75,-239,54,-244,32,-246,11,-246,-11,-244,-32,-239,-54,-232,-75,-222,-95,-212,-114,-197,-132,-183,-149,-165,-165,-147,-178,-127,-190,-105,-201,-83,-209,-60,-215,-36,-219,-12,-222]]]
3361025	p	6951112
986083	p	940909
952192	p	989921
990849	p	1019330
1011031	n	28.5503,-26.3719,28.9302,-25.9239	[[[285503,-262224,316,-687,1459,-808,10,1,238,54,231,75,222,95,211,114,197,132,182,149,165,165,146,178,126,190,105,201,83,209,60,215,36,219,12,222,-12,222,-36,219,-60,215,-83,209,-105,201,-126,190,-146,178,-165,165,-182,149,-197,132,-211,114,-222,95,-231,75,-238,54,-243,32,-245,11,-245,-11,-243,-32,-238,-54,-90,-29,-481,-2859]]]
1000501	n	26.2613,-33.5261,26.7987,-33.0739	[[[262613,-333000,13,-222,39,-219,64,-215,89,-209,112,-201,136,-190,157,-178,177,-165,195,-149,212,-132,226,-114,239,-95,248,-75,256,-54,261,-32,263,-11,263,11,261,32,256,54,248,75,239,95,226,114,212,132,195,149,177,165,157,178,136,190,112,201,89,209,64,215,39,219,13,222,-13,222,-39,219,-64,215,-89,209,-112,201,-136,190,-157,178,-177,165,-195,149,-212,132,-226,114,-239,95,-248,75,-256,54,-261,32,-263,11,-263,-11,-261,-32,-256,-54,-248,-75,-239,-95,-226,-114,-212,-132,-195,-149,-177,-165,-157,-178,-136,-190,-112,-201,-89,-209,-64,-215,-39,-219,-13,-222]]]
1019704	n	28.0551,-28.4561,28.5649,-28.0039	[[[280551,-282300,12,-222,37,-219,61,-215,84,-209,107,-201,129,-190,149,-178,168,-165,185,-149,201,-132,214,-114,227,-95,235,-75,243,-54,247,-32,250,-11,250,11,247,32,243,54,235,75,227,95,214,114,201,132,185,149,168,165,149,178,129,190,107,201,84,209,61,215,37,219,12,222,-12,222,-37,219,-61,215,-84,209,-107,201,-129,190,-149,178,-168,165,-185,149,-201,132,-214,114,-227,95,-235,75,-243,54,-247,32,-250,11,-250,-11,-247,-32,-243,-54,-235,-75,-227,-95,-214,-114,-201,-132,-185,-149,-168,-165,-149,-178,-129,-190,-107,-201,-84,-209,-61,-215,-37,-219,-12,-222]]]
1002851	p	954013
941966	n	28.0324,-25.1061,28.5272,-24.6899	[[[280324,-248800,12,-222,36,-219,59,-215,82,-209,104,-201,125,-190,144,-178,164,-165,180,-149,195,-132,208,-114,220,-95,228,-75,236,-54,240,-32,243,-11,243,11,240,32,236,54,228,75,220,95,208,114,195,132,180,149,164,165,144,178,125,190,104,201,82,209,59,215,36,219,8,154,-3808,1969,-39,-21,-195,-132,-180,-149,-164,-165,-144,-178,-125,-190,-104,-201,-82,-209,-59,-215,-36,-219,-12,-222]]]
1105776	p	993800
981827	n	29.656,-23.2662,30.144,-22.8139	[[[296560,-230400,11,-222,35,-219,59,-215,80,-209,103,-201,123,-190,143,-178,160,-165,178,-149,192,-132,206,-114,216,-95,226,-75,232,-54,237,-32,239,-11,239,11,237,32,232,54,226,75,216,95,206,114,192,132,178,149,160,165,143,178,123,190,103,201,80,209,59,215,35,219,11,222,-11,222,-35,219,-59,215,-80,209,-103,201,-123,190,-143,178,-160,165,-178,149,-192,132,-206,114,-216,95,-226,75,-232,54,-237,32,-239,11,-239,-11,-237,-32,-232,-54,-226,-75,-216,-95,-206,-114,-192,-132,-178,-149,-160,-165,-143,-178,-123,-190,-103,-201,-80,-209,-59,-215,-35,-219,-11,-222]]]
997151	n	28.1365,-26.7261,28.5541,-26.3679	[[[281365,-265683,471,-924,172,-141,198,-132,211,-114,223,-95,232,-75,238,-54,244,-32,246,-11,246,11,244,32,238,54,232,75,223,95,211,114,198,132,182,149,166,165,1,1,-2046,2721,-178,22,-380,11,-1572,-2004]]]
1007400	n	29.9752,-28.3961,30.4848,-27.9439	[[[299752,-281700,13,-222,36,-219,61,-215,84,-209,107,-201,129,-190,149,-178,168,-165,185,-149,201,-132,214,-114,226,-95,235,-75,243,-54,247,-32,250,-11,250,11,247,32,243,54,235,75,226,95,214,114,201,132,185,149,168,165,149,178,129,190,107,201,84,209,61,215,36,219,13,222,-13,222,-36,219,-61,215,-84,209,-107,201,-129,190,-149,178,-168,165,-185,149,-201,132,-214,114,-226,95,-235,75,-243,54,-247,32,-250,11,-250,-11,-247,-32,-243,-54,-235,-75,-226,-95,-214,-114,-201,-132,-185,-149,-168,-165,-149,-178,-129,-190,-107,-201,-84,-209,-61,-215,-36,-219,-13,-222]]]
965241	n	30.5579,-27.2361,31.0451,-26.7845	[[[305579,-270100,12,-222,37,-219,60,-215,83,-209,106,-201,127,-190,147,-178,167,-165,183,-149,199,-132,212,-114,223,-95,233,-75,240,-54,245,-32,247,-11,247,11,245,32,240,54,233,75,223,95,212,114,199,132,183,149,167,165,147,178,127,190,106,201,22,55,-690,560,-225,347,-42,249,103,393,13,249,-59,198,-107,148,-286,272,-132,181,-135,357,-11,-74,-160,-63,-103,-94,-136,-3,-41,-61,-79,-18,-134,-147,-95,-28,-105,202,-25,229,-45,158,-2,10,-102,-5,-245,-32,-240,-54,-233,-75,-223,-95,-212,-114,-199,-132,-183,-149,-167,-165,-147,-178,-127,-190,-106,-201,-83,-209,-60,-215,-37,-219,-12,-222]]]
965401	n	28.5644,-28.7461,29.0756,-28.2939	[[[285644,-285200,12,-222,37,-219,61,-215,43,-106,397,238,149,16,189,-123,134,-141,90,-166,61,-196,73,-410,105,-141,444,-10,147,-110,260,-432,103,-13,251,-11,251,11,248,32,243,54,236,75,227,95,215,114,201,132,186,149,169,165,149,178,129,190,107,201,85,209,61,215,37,219,12,222,-12,222,-37,219,-61,215,-85,209,-107,201,-129,190,-149,178,-169,165,-186,149,-201,132,-215,114,-227,95,-236,75,-243,54,-248,32,-251,11,-251,-11,-248,-32,-243,-54,-236,-75,-227,-95,-215,-114,-201,-132,-186,-149,-169,-165,-149,-178,-129,-190,-107,-201,-85,-209,-61,-215,-37,-219,-12,-222]]]
3370352	r	18.2253,-33.7266,18.7712,-33.2984	[[[182253,-334024,289,-170,285,-258,247,-341,69,-172,26,-208,0,-412,34,-90,80,-59,164,-91,142,-143,27,23,-29,34,21,28,-70,100,-107,74,-18,123,191,97,-10,66,98,170,145,136,51,28,137,-54,237,31,137,133,156,266,403,-98,136,-84,46,-67,105,-74,-3,-216,123,-19,275,36,124,-80,36,-262,-114,-44,58,-114,315,-120,121,11,41,-301,49,-101,180,-111,104,16,138,-148,17,15,96,-91,629,418,278,1634,-8,14,-100,157,-112,151,-123,145,-134,137,-145,130,-155,121,-164,113,-172,104,-180,93,-187,84,-193,74,-198,62,-203,52,-206,40,-209,29,-211,18,-212,5,-212,-5,-211,-18,-209,-29,-206,-40,-203,-52,-198,-62,-193,-74,-187,-84,-180,-93,-172,-104,-164,-113,-155,-121,-145,-130,-112,-115]],[[183606,-335986,115,-117,17,27,-37,56,-53,33,-42,1]],[[183812,-336196,98,-99,91,-39,55,-195,262,-438,90,-299,17,15,18,115,-124,339,-105,25,68,33,-13,39,-313,466,-144,38]],[[184532,-335958,145,-183,293,248,32,-12,32,-23,36,-2,31,7,-48,159,50,95,4,31,23,-1,44,72,-3,13,-219,102,-10,-7,-127,61,-19,-3,25,-81,-12,-150,-29,-57,-28,-95,-40,-40,-85,-38,-71,-60,-24,-36]]]
973709	n	21.8785,-34.2999,22.2934,-33.9539	[[[218785,-341800,13,-222,39,-219,65,-215,90,-209,114,-201,96,-133,36,42,-51,327,30,163,253,230,371,136,1300,162,199,58,137,98,-178,86,-145,119,-44,163,125,210,293,268,164,105,200,79,860,176,182,3,-907,992,-261,32,-266,11,-266,-11,-264,-32,-258,-54,-251,-75,-241,-95,-228,-114,-214,-132,-198,-149,-178,-165,-159,-178,-137,-190,-114,-201,-90,-209,-65,-215,-39,-219,-13,-222]]]
980595	n	25.3904,-26.0861,25.8897,-25.6339	[[[253904,-258600,12,-222,36,-219,60,-215,82,-209,105,-201,126,-190,146,-178,164,-165,182,-149,196,-132,211,-114,221,-95,231,-75,237,-54,242,-32,245,-11,245,11,242,32,237,54,231,75,221,95,211,114,196,132,182,149,164,165,146,178,126,190,105,201,82,209,60,215,36,219,12,222,-12,222,-36,219,-60,215,-82,209,-105,201,-126,190,-146,178,-164,165,-182,149,-196,132,-211,114,-221,95,-231,75,-237,54,-242,32,-245,11,-245,-11,-242,-32,-237,-54,-231,-75,-41,-18,-820,-583,-108,-49,-5,-5,-146,-178,-126,-190,-105,-201,-82,-209,-60,-215,-36,-219,-12,-222]]]
975436	p	980595
968477	p	940909
967106	r	21.8654,-33.878,22.5346,-33.3194	[[[218654,-336000,7,-184,21,-182,36,-181,50,-179,63,-176,77,-172,91,-167,103,-162,116,-156,127,-149,139,-142,150,-134,160,-126,169,-116,178,-107,186,-97,193,-87,199,-75,205,-65,210,-53,213,-42,203,-28,3685,2064,47,169,36,181,21,182,7,184,-7,184,-21,182,-36,181,-50,179,-63,176,-77,172,-91,167,-103,162,-116,156,-127,149,-139,142,-150,134,-160,126,-169,116,-178,107,-186,97,-193,87,-199,75,-205,65,-210,53,-213,42,-216,30,-218,18,-219,6,-219,-6,-218,-18,-216,-30,-213,-42,-210,-53,-205,-65,-199,-75,-193,-87,-186,-97,-178,-107,-169,-116,-160,-126,-150,-134,-139,-142,-127,-149,-116,-156,-103,-162,-91,-167,-77,-172,-63,-176,-50,-179,-36,-181,-21,-182,-7,-184]]]
1019760	n	29.3186,-26.6861,29.7209,-26.2339	[[[293186,-262801,630,-3913,156,-50,239,-54,243,-32,246,-11,246,11,243,32,239,54,232,75,223,95,211,114,197,132,183,149,165,165,147,178,126,190,106,201,83,209,59,215,36,219,13,222,-13,222,-36,219,-59,215,-83,209,-106,201,-126,190,-147,178,-165,165,-183,149,-197,132,-211,114,-223,95,-232,75,-239,54,-243,32,-246,11,-246,-11,-243,-32,-239,-54,-232,-75,-223,-95,-211,-114,-120,-81]]]
949703	p	1016670
1016698	n	26.3671,-27.6161,26.8702,-27.1752	[[[263671,-273900,12,-222,36,-219,61,-215,83,-209,106,-201,128,-190,148,-178,166,-165,184,-149,200,-132,213,-114,224,-95,234,-75,241,-54,245,-32,248,-11,248,11,245,32,241,54,234,75,224,95,213,114,200,132,184,149,166,165,148,178,128,190,106,201,83,209,61,215,21,128,-1618,2303,-1668,158,-184,-59,-224,-95,-213,-114,-200,-132,-184,-149,-166,-165,-148,-178,-128,-190,-106,-201,-83,-209,-61,-215,-36,-219,-12,-222]]]
945945	n	21.0046,-28.6761,21.5154,-28.2239	[[[210046,-284500,12,-222,37,-219,61,-215,84,-209,107,-201,129,-190,150,-178,168,-165,186,-149,201,-132,215,-114,227,-95,236,-75,243,-54,248,-32,250,-11,250,11,248,32,243,54,236,75,227,95,215,114,201,132,186,149,168,165,150,178,129,190,107,201,84,209,61,215,37,219,12,222,-12,222,-37,219,-61,215,-84,209,-107,201,-129,190,-150,178,-168,165,-186,149,-201,132,-215,114,-227,95,-236,75,-243,54,-248,32,-250,11,-250,-11,-248,-32,-243,-54,-236,-75,-227,-95,-215,-114,-201,-132,-186,-149,-168,-165,-150,-178,-129,-190,-107,-201,-84,-209,-61,-215,-37,-219,-12,-222]]]
966166	n	27.2093,-27.1261,27.6863,-26.689	[[[272093,-269198,1,-24,36,-219,60,-215,83,-209,106,-201,127,-190,147,-178,166,-165,183,-149,199,-132,212,-114,223,-95,233,-75,240,-54,244,-32,247,-11,247,11,244,32,240,54,233,75,223,95,212,114,199,132,183,149,166,165,147,178,127,190,42,79,-885,2747,-130,201,-55,30,-2092,119,-65,-21,-96,-41,-36,-56,-221,-344,-1190,-1846]]]
956907	n	25.0775,-27.4161,25.5825,-26.9639	[[[250775,-271900,12,-222,37,-219,60,-215,83,-209,106,-201,128,-190,147,-178,167,-165,183,-149,199,-132,213,-114,224,-95,233,-75,240,-54,246,-32,247,-11,247,11,246,32,240,54,233,75,224,95,213,114,199,132,183,149,167,165,147,178,128,190,106,201,83,209,60,215,37,219,12,222,-12,222,-37,219,-60,215,-83,209,-106,201,-128,190,-147,178,-167,165,-183,149,-199,132,-213,114,-224,95,-233,75,-240,54,-246,32,-247,11,-247,-11,-246,-32,-240,-54,-233,-75,-224,-95,-213,-114,-199,-132,-183,-149,-167,-165,-147,-178,-128,-190,-106,-201,-83,-209,-60,-215,-37,-219,-12,-222]]]
988698	n	22.7869,-34.1023,23.3211,-33.8138	[[[227869,-339869,98,-26,158,-112,-153,1,-67,-37,-7,-70,22,-94,81,-149,113,-62,128,-34,320,-166,798,-209,155,-12,106,26,96,36,128,24,277,-21,140,-36,60,-51,67,63,-2,74,-99,139,-101,68,-97,32,-74,59,-35,151,84,-76,124,-41,301,-19,25,-65,60,-287,53,-64,2476,-196,54,182,39,219,13,222,-13,222,-39,219,-65,215,-89,209,-114,201,-137,190,-158,178,-179,165,-197,149,-213,132,-228,114,-241,95,-250,75,-258,54,-263,32,-266,11,-266,-11,-263,-32,-258,-54,-250,-75,-241,-95,-228,-114,-213,-132,-197,-149,-179,-165,-158,-178,-137,-190,-114,-201,-89,-209,-38,-125]]]
3361934	n	17.843,-33.2042,18.2078,-32.7839	[[[178430,-328233,39,-38,55,-26,231,-262,55,-117,-57,-122,-102,-108,-34,-84,8,-82,60,-221,122,-289,48,-79,-69,-154,35,-111,69,-90,38,-86,6,-70,24,-93,61,-104,109,-106,195,131,104,44,122,25,-52,53,-90,158,299,40,289,-21,237,-98,142,-195,31,-147,-31,-432,35,-100,82,-97,220,-186,48,-20,113,-11,44,-24,29,-68,20,-168,53,-85,144,-124,132,101,176,165,157,178,135,190,112,201,89,209,64,215,38,219,13,222,-13,222,-38,219,-64,215,-89,209,-112,201,-135,190,-157,178,-176,165,-195,149,-211,132,-226,114,-237,95,-248,75,-255,54,-260,32,-262,11,-262,-11,-146,-18,-1,-24,-18,-35,-81,-14,-56,-25,-154,-116,-32,-30,-32,-40,-66,5,-74,13,-39,-12,-9,-87]],[[179549,-331020,117,-138,112,-184,139,-161,207,-70,169,-77,459,-372,14,-20,122,62,41,26,-68,60,-185,218,-274,185,-72,82,44,109,-113,65,-69,95,-55,108,-78,115,-106,36,-148,-31,-256,-108]]]
1021086	n	30.8006,-26.0162,31.298,-25.6182	[[[308006,-257900,12,-222,36,-219,59,-215,83,-209,104,-201,126,-190,146,-178,164,-165,182,-149,196,-132,210,-114,222,-95,230,-75,237,-54,243,-32,244,-11,244,11,29,4,143,310,153,527,129,209,886,714,896,721,-34,206,-59,215,-83,209,-104,201,-126,190,-146,178,-164,165,-144,119,-74,-33,-104,-223,-212,-121,-45,110,-306,-7,-558,247,-7,2,-2419,-485,-95,-142,-104,-201,-83,-209,-59,-215,-36,-219,-12,-222]]]
982899	n	25.9098,-26.3761,26.4102,-25.9239	[[[259098,-261500,12,-222,36,-219,60,-215,83,-209,105,-201,126,-190,146,-178,165,-165,182,-149,197,-132,211,-114,222,-95,231,-75,238,-54,243,-32,245,-11,245,11,243,32,238,54,231,75,222,95,211,114,197,132,182,149,165,165,146,178,126,190,105,201,83,209,60,215,36,219,12,222,-12,222,-36,219,-60,215,-83,209,-105,201,-126,190,-146,178,-165,165,-182,149,-197,132,-211,114,-222,95,-231,75,-238,54,-243,32,-245,11,-245,-11,-243,-32,-238,-54,-231,-75,-222,-95,-211,-114,-197,-132,-182,-149,-165,-165,-146,-178,-126,-190,-105,-201,-83,-209,-60,-215,-36,-219,-12,-222]]]
948468	p	1007311
1000543	n	24.2645,-32.4761,24.7955,-32.0239	[[[242645,-322500,12,-222,39,-219,63,-215,88,-209,111,-201,134,-190,155,-178,175,-165,193,-149,210,-132,223,-114,236,-95,245,-75,253,-54,258,-32,260,-11,260,11,258,32,253,54,245,75,236,95,223,114,210,132,193,149,175,165,155,178,134,190,111,201,88,209,63,215,39,219,12,222,-12,222,-39,219,-63,215,-88,209,-111,201,-134,190,-155,178,-175,165,-193,149,-210,132,-223,114,-236,95,-245,75,-253,54,-258,32,-260,11,-260,-11,-258,-32,-253,-54,-245,-75,-236,-95,-223,-114,-210,-132,-193,-149,-175,-165,-155,-178,-134,-190,-111,-201,-88,-209,-63,-215,-39,-219,-12,-222]]]
1004109	p	1014073
988356	n	29.1592,-30.7761,29.6808,-30.3239	[[[291592,-305500,13,-222,37,-219,63,-215,86,-209,109,-201,132,-190,152,-178,172,-165,190,-149,205,-132,220,-114,231,-95,241,-75,248,-54,253,-32,256,-11,256,11,253,32,248,54,241,75,231,95,220,114,205,132,190,149,172,165,152,178,132,190,109,201,86,209,63,215,37,219,13,222,-13,222,-37,219,-63,215,-86,209,-109,201,-132,190,-152,178,-172,165,-190,149,-205,132,-220,114,-231,95,-241,75,-248,54,-253,32,-256,11,-256,-11,-253,-32,-248,-54,-241,-75,-231,-95,-220,-114,-205,-132,-190,-149,-172,-165,-152,-178,-132,-190,-109,-201,-86,-209,-63,-215,-37,-219,-13,-222]]]
1003953	n	26.3629,-32.9961,26.8971,-32.5439	[[[263629,-327700,13,-222,38,-219,64,-215,88,-209,113,-201,134,-190,156,-178,176,-165,195,-149,210,-132,225,-114,237,-95,247,-75,254,-54,259,-32,262,-11,262,11,259,32,254,54,247,75,237,95,225,114,210,132,195,149,176,165,156,178,134,190,113,201,88,209,64,215,38,219,13,222,-13,222,-38,219,-64,215,-88,209,-113,201,-134,190,-156,178,-176,165,-195,149,-210,132,-225,114,-237,95,-247,75,-254,54,-259,32,-262,11,-262,-11,-259,-32,-254,-54,-247,-75,-237,-95,-225,-114,-210,-132,-195,-149,-176,-165,-156,-178,-134,-190,-113,-201,-88,-209,-64,-215,-38,-219,-13,-222]]]
1105726	n	28.4808,-25.8961,28.9792,-25.4698	[[[284808,-256700,12,-222,36,-219,60,-215,82,-209,105,-201,125,-190,146,-178,164,-165,181,-149,197,-132,209,-114,221,-95,231,-75,237,-54,242,-32,244,-11,244,11,242,32,237,54,231,75,221,95,209,114,197,132,181,149,164,165,146,178,125,190,105,201,82,209,60,215,36,219,12,222,-12,222,-36,219,-60,215,-82,209,-105,201,-81,123,-80,39,-3193,774,-18,-8,-209,-114,-197,-132,-181,-149,-164,-165,-146,-178,-125,-190,-105,-201,-82,-209,-60,-215,-36,-219,-12,-222]]]
3365083	p	3369157
3366880	n	18.9724,-34.6178,19.5022,-34.1939	[[[189724,-343476,266,83,130,7,764,-41,106,72,236,328,173,83,-103,-227,-67,-209,-119,-146,-258,-39,0,-69,159,-89,182,-283,138,-111,134,-33,613,-36,699,121,127,-26,140,-88,195,-208,205,-297,158,-320,49,-274,-50,-109,-595,-679,-37,-112,86,51,87,18,88,-16,87,-53,191,129,240,56,176,-19,103,64,198,149,179,165,160,178,137,190,114,201,90,209,65,215,39,219,13,222,-13,222,-39,219,-65,215,-90,209,-114,201,-137,190,-160,178,-179,165,-198,149,-214,132,-230,114,-241,95,-252,75,-259,54,-264,32,-267,11,-267,-11,-264,-32,-259,-54,-252,-75,-241,-95,-230,-114,-214,-132,-198,-149,-179,-165,-160,-178,-137,-190,-114,-201,-61,-141]]]
942511	n	24.478,-27.1861,24.982,-26.7339	[[[244780,-269600,13,-222,36,-219,60,-215,83,-209,106,-201,127,-190,147,-178,166,-165,184,-149,198,-132,212,-114,224,-95,233,-75,239,-54,245,-32,247,-11,247,11,245,32,239,54,233,75,224,95,212,114,198,132,184,149,166,165,147,178,127,190,106,201,83,209,60,215,36,219,13,222,-13,222,-36,219,-60,215,-83,209,-106,201,-127,190,-147,178,-166,165,-184,149,-198,132,-212,114,-224,95,-233,75,-239,54,-245,32,-247,11,-247,-11,-245,-32,-239,-54,-233,-75,-224,-95,-212,-114,-198,-132,-184,-149,-166,-165,-147,-178,-127,-190,-106,-201,-83,-209,-60,-215,-36,-219,-13,-222]]]
3359510	p	3363094
943960	n	26.7084,-27.4361,27.2025,-26.9846	[[[267084,-271910,1646,-2342,37,-12,240,-54,245,-32,248,-11,248,11,245,32,240,54,233,75,224,95,213,114,199,132,184,149,166,165,148,178,127,190,106,201,83,209,61,215,36,219,12,222,-12,222,-36,219,-61,215,-83,209,-106,201,-127,190,-148,178,-166,165,-184,149,-199,132,-213,114,-224,95,-233,75,-240,54,-245,32,-79,4,-667,-252,-1918,-1812]]]
3368254	p	3369157
985885	p	1105728
974670	n	30.4657,-28.2061,30.9743,-27.8196	[[[304657,-279800,12,-222,37,-219,60,-215,85,-209,106,-201,129,-190,148,-178,168,-165,185,-149,200,-132,214,-114,226,-95,235,-75,242,-54,247,-32,249,-11,249,11,247,32,242,54,235,75,226,95,214,114,200,132,185,149,168,165,148,178,129,190,106,201,85,209,60,215,37,219,12,222,-12,222,-37,219,-16,58,-2022,523,-2248,582,-6,-5,-168,-165,-148,-178,-129,-190,-106,-201,-85,-209,-60,-215,-37,-219,-12,-222]]]
1014489	n	27.8842,-32.5561,28.4158,-32.1039	[[[278842,-323300,13,-222,38,-219,64,-215,88,-209,111,-201,134,-190,156,-178,175,-165,193,-149,209,-132,224,-114,236,-95,245,-75,253,-54,258,-32,261,-11,261,11,258,32,253,54,245,75,236,95,224,114,209,132,193,149,175,165,156,178,134,190,111,201,88,209,64,215,38,219,13,222,-13,222,-38,219,-64,215,-88,209,-111,201,-134,190,-156,178,-175,165,-193,149,-209,132,-224,114,-236,95,-245,75,-253,54,-258,32,-261,11,-261,-11,-258,-32,-253,-54,-245,-75,-236,-95,-224,-114,-209,-132,-193,-149,-175,-165,-156,-178,-134,-190,-111,-201,-88,-209,-64,-215,-38,-219,-13,-222]]]
964406	n	30.1887,-30.9309,30.589,-30.5139	[[[301887,-307400,13,-222,37,-219,63,-215,86,-209,110,-201,131,-190,153,-178,172,-165,190,-149,206,-132,56,-29,99,186,135,100,144,57,158,143,283,352,1700,2732,267,251,-158,82,-232,95,-242,75,-248,54,-254,32,-256,11,-256,-11,-254,-32,-248,-54,-242,-75,-232,-95,-220,-114,-206,-132,-190,-149,-172,-165,-153,-178,-131,-190,-110,-201,-86,-209,-63,-215,-37,-219,-13,-222]]]
948130	p	1005646
970341	n	30.0444,-24.1161,30.5356,-23.6639	[[[300444,-238900,12,-222,35,-219,59,-215,81,-209,103,-201,124,-190,143,-178,162,-165,179,-149,193,-132,207,-114,218,-95,227,-75,234,-54,238,-32,241,-11,241,11,238,32,234,54,227,75,218,95,207,114,193,132,179,149,162,165,143,178,124,190,103,201,81,209,59,215,35,219,12,222,-12,222,-35,219,-59,215,-81,209,-103,201,-124,190,-143,178,-162,165,-179,149,-193,132,-207,114,-218,95,-227,75,-234,54,-238,32,-241,11,-241,-11,-238,-32,-234,-54,-227,-75,-218,-95,-207,-114,-193,-132,-179,-149,-162,-165,-143,-178,-124,-190,-103,-201,-81,-209,-59,-215,-35,-219,-12,-222]]]
8030223	n	29.7972,-22.5761,30.2828,-22.1823	[[[297972,-223500,12,-222,34,-219,58,-215,81,-209,102,-201,122,-190,142,-178,160,-165,177,-149,191,-132,204,-114,216,-95,224,-75,231,-54,236,-32,238,-11,238,11,236,32,231,54,224,75,216,95,204,114,191,132,177,149,160,165,142,178,122,190,102,201,81,209,58,215,34,219,12,222,-12,222,-5,36,-118,78,-140,117,-149,85,-187,53,-247,18,-443,-57,-176,12,-240,113,-115,78,1,-38,-33,-34,-8,-17,-189,81,-45,35,-61,70,-76,71,-72,20,-33,2,-149,-12,-53,12,-20,12,-49,65,-11,47,4,51,-7,67,-18,20,-43,10,-111,0,-82,10,-99,36,-106,-3,-37,7,-81,89,-181,115,-100,81,-16,4,-361,30,-185,91,-92,-78,-160,-165,-142,-178,-122,-190,-102,-201,-81,-209,-58,-215,-34,-219,-12,-222]]]
968665	n	28.1532,-24.8901,28.6472,-24.4739	[[[281532,-246934,1045,-540,2695,-1394,63,-33,38,21,195,132,180,149,163,165,144,178,125,190,104,201,81,209,59,215,36,219,12,222,-12,222,-36,219,-59,215,-81,209,-104,201,-125,190,-144,178,-163,165,-180,149,-195,132,-208,114,-219,95,-228,75,-236,54,-240,32,-242,11,-242,-11,-240,-32,-236,-54,-228,-75,-219,-95,-208,-114,-195,-132,-180,-149,-163,-165,-144,-178,-125,-190,-104,-201,-81,-209,-59,-215,-36,-219,-8,-156]]]
