909137	n	27.9571,-15.7494,28.5421,-15.0939	[[[279571,-153900,11,-222,33,-219,56,-215,77,-209,98,-201,117,-190,136,-178,154,-165,124,-109,-4,-2,-4,-90,10,-204,5,-2,3732,-1588,63,46,169,149,154,165,136,178,118,190,98,201,77,209,56,215,33,219,11,222,-11,222,-1,9,-6,3,164,118,170,149,74,79,-342,3338,-85,62,-196,114,-207,95,-215,75,-222,54,-95,13,1,2,-66,47,-196,114,-207,95,-215,75,-222,54,-226,32,-228,11,-228,-11,-226,-32,-222,-54,-215,-75,-207,-95,-196,-114,-183,-132,-170,-149,-153,-165,-113,-148,0,-1,-181,-105,-184,-132,-169,-149,-154,-165,-136,-178,-117,-190,-98,-201,-77,-209,-56,-215,-33,-219,-11,-222]]]
911148	n	27.8597,-13.0661,28.4629,-12.3789	[[[278597,-128400,11,-222,33,-219,55,-215,76,-209,97,-201,116,-190,134,-178,152,-165,168,-149,181,-132,194,-114,205,-95,212,-75,220,-54,223,-32,226,-11,226,11,223,32,220,54,212,75,205,95,194,114,17,12,23,25,1729,1010,124,73,58,94,78,163,61,154,34,93,55,215,33,219,11,222,-11,222,-33,219,-55,215,-76,209,-82,170,4,-1,29,32,134,178,116,190,97,201,76,209,27,107,-70,128,-195,493,-137,215,-830,708,-172,94,-188,57,-199,13,-199,-29,-264,-1,-174,117,-151,146,-192,84,-251,-64,-147,-143,-147,-61,-243,190,-45,90,-21,97,-35,85,-70,41,-126,-112,-91,-99,0,-3,-141,-2404,-1772,-1136,-73,-201,-55,-215,-33,-219,-11,-222]]]
901344	n	28.414,-13.1857,28.8309,-12.7828	[[[284140,-129159,2334,-2698,152,7,224,32,219,54,213,75,204,95,194,114,182,132,168,149,151,165,79,104,-2,2,-12,55,14,105,-7,44,2,46,48,109,6,51,-38,42,-135,48,-42,44,-88,360,-72,108,-177,150,-677,868,-401,405,-467,99,-130,-85,-145,-288,-97,-120,-155,-68,-151,6,-106,93,-34,518,-158,236,-220,217,-45,57,-33,-24,-168,-149,-151,-165,-135,-178,-116,-190,-71,-147,-86,-219,-16,-44,-55,-215]]]
918702	n	32.4189,-13.8561,32.8185,-13.4039	[[[324189,-136300,11,-222,34,-219,55,-215,76,-209,97,-201,117,-190,135,-178,152,-165,168,-149,182,-132,195,-114,205,-95,213,-75,220,-54,224,-32,227,-11,227,11,224,32,220,54,213,75,205,95,195,114,182,132,130,115,-177,35,-289,126,-56,270,107,111,368,171,85,108,-56,120,-379,523,-265,115,-367,3,-316,70,-118,318,43,207,97,78,143,-13,186,-62,126,19,167,139,103,86,134,84,368,54,131,89,44,226,-6,182,16,118,-51,55,-168,149,-182,132,-195,114,-205,95,-213,75,-220,54,-224,32,-227,11,-227,-11,-224,-32,-220,-54,-213,-75,-205,-95,-195,-114,-182,-132,-168,-149,-152,-165,-135,-178,-117,-190,-97,-201,-76,-209,-55,-215,-34,-219,-11,-222]]]
897045	n	26.1603,-12.3961,26.6197,-11.9439	[[[261603,-121700,11,-222,33,-219,55,-215,75,-209,97,-201,116,-190,134,-178,151,-165,168,-149,181,-132,193,-114,204,-95,212,-75,219,-54,223,-32,225,-11,225,11,223,32,219,54,212,75,204,95,193,114,181,132,168,149,151,165,134,178,116,190,97,201,75,209,55,215,33,219,11,222,-11,222,-33,219,-55,215,-75,209,-97,201,-116,190,-134,178,-151,165,-168,149,-181,132,-193,114,-204,95,-212,75,-219,54,-223,32,-225,11,-225,-11,-223,-32,-219,-54,-212,-75,-204,-95,-193,-114,-181,-132,-168,-149,-151,-165,-134,-178,-116,-190,-97,-201,-75,-209,-55,-215,-33,-219,-11,-222]]]
916095	n	28.2181,-14.6761,28.6819,-14.2239	[[[282181,-144500,11,-222,33,-219,56,-215,76,-209,98,-201,117,-190,135,-178,153,-165,169,-149,183,-132,195,-114,206,-95,214,-75,221,-54,225,-32,227,-11,227,11,225,32,221,54,214,75,206,95,195,114,183,132,169,149,153,165,135,178,117,190,98,201,76,209,56,215,33,219,11,222,-11,222,-33,219,-56,215,-76,209,-98,201,-117,190,-135,178,-153,165,-169,149,-183,132,-195,114,-206,95,-214,75,-221,54,-225,32,-227,11,-227,-11,-225,-32,-221,-54,-214,-75,-206,-95,-195,-114,-183,-132,-169,-149,-153,-165,-135,-178,-117,-190,-98,-201,-76,-209,-56,-215,-33,-219,-11,-222]]]
919009	n	27.5901,-12.7558,28.0682,-12.2599	[[[275901,-123700,11,-222,33,-219,55,-215,76,-209,96,-201,116,-190,135,-178,71,-78,10,4,-5,-92,12,-222,33,-219,54,-215,77,-209,96,-201,116,-190,135,-178,151,-165,168,-149,181,-132,194,-114,204,-95,212,-75,219,-54,224,-32,170,-8,1796,1151,141,2404,-104,137,-71,78,-12,-5,2,54,-357,34,-150,-9,-180,-31,-223,67,-65,213,-37,251,-146,181,-569,334,-203,75,-253,25,-131,-79,-110,-136,-190,-151,-316,-78,-460,-20,-445,36,-280,91,-234,252,-72,-151,-76,-209,-55,-215,-33,-219,-11,-222]]]
909863	n	28.1894,-13.3661,28.6461,-12.9143	[[[281894,-131400,11,-222,33,-219,55,-215,76,-209,97,-201,116,-190,135,-178,152,-165,168,-149,182,-132,194,-114,204,-95,214,-75,219,-54,224,-32,226,-11,226,11,224,32,219,54,214,75,204,95,194,114,182,132,168,149,152,165,135,178,116,190,97,201,76,209,54,213,-2335,2700,-24,-1,-1879,-1098,-57,-92,-97,-201,-76,-209,-55,-215,-33,-219,-11,-222]]]
912764	n	30.9518,-10.4361,31.4082,-9.9839	[[[309518,-102100,11,-222,33,-219,54,-215,76,-209,96,-201,115,-190,133,-178,150,-165,166,-149,180,-132,192,-114,203,-95,211,-75,217,-54,221,-32,224,-11,224,11,221,32,217,54,211,75,203,95,192,114,180,132,166,149,150,165,133,178,115,190,96,201,76,209,54,215,33,219,11,222,-11,222,-33,219,-54,215,-76,209,-96,201,-115,190,-133,178,-150,165,-166,149,-180,132,-192,114,-203,95,-211,75,-217,54,-221,32,-224,11,-224,-11,-221,-32,-217,-54,-211,-75,-203,-95,-192,-114,-180,-132,-166,-149,-150,-165,-133,-178,-115,-190,-96,-201,-76,-209,-54,-215,-33,-219,-11,-222]]]
910111	n	25.6145,-18.0005,26.0859,-17.6139	[[[256145,-178318,425,179,244,24,128,-79,122,-105,374,-95,222,-104,200,-124,87,-105,97,-155,453,-185,139,-171,-161,-56,-13,-143,73,-163,101,-116,609,-274,425,-15,115,15,552,274,44,-44,81,104,119,190,99,201,78,209,56,215,34,219,11,222,-11,222,-34,219,-56,215,-78,209,-99,201,-119,190,-138,178,-156,165,-171,149,-186,132,-199,114,-209,95,-218,75,-225,54,-229,32,-231,11,-231,-11,-229,-32,-225,-54,-218,-75,-209,-95,-199,-114,-186,-132,-171,-149,-156,-165,-138,-178,-119,-190,-99,-201,-78,-209,-56,-215,-34,-219,-7,-140]]]
907770	n	28.6611,-11.4261,29.1189,-10.9739	[[[286611,-112000,11,-222,33,-219,54,-215,76,-209,96,-201,115,-190,134,-178,151,-165,167,-149,180,-132,193,-114,203,-95,211,-75,218,-54,223,-32,224,-11,224,11,223,32,218,54,211,75,203,95,193,114,180,132,167,149,151,165,134,178,115,190,96,201,76,209,54,215,33,219,11,222,-11,222,-33,219,-54,215,-76,209,-96,201,-115,190,-134,178,-151,165,-167,149,-180,132,-193,114,-203,95,-211,75,-218,54,-223,32,-224,11,-224,-11,-223,-32,-218,-54,-211,-75,-203,-95,-193,-114,-180,-132,-167,-149,-151,-165,-134,-178,-115,-190,-96,-201,-76,-209,-54,-215,-33,-219,-11,-222]]]
905395	p	911148
13132725	p	909137
919544	p	919009
906054	n	22.8972,-15.4761,23.3628,-15.0239	[[[228972,-152500,11,-222,34,-219,55,-215,77,-209,98,-201,118,-190,136,-178,153,-165,169,-149,184,-132,196,-114,206,-95,215,-75,222,-54,226,-32,228,-11,228,11,226,32,222,54,215,75,206,95,196,114,184,132,169,149,153,165,136,178,118,190,98,201,77,209,55,215,34,219,11,222,-11,222,-34,219,-55,215,-77,209,-98,201,-118,190,-136,178,-153,165,-169,149,-184,132,-196,114,-206,95,-215,75,-222,54,-226,32,-228,11,-228,-11,-226,-32,-222,-54,-215,-75,-206,-95,-196,-114,-184,-132,-169,-149,-153,-165,-136,-178,-118,-190,-98,-201,-77,-209,-55,-215,-34,-219,-11,-222]]]
907111	n	27.5165,-16.0861,27.9813,-15.6339	[[[275165,-158600,12,-222,33,-219,56,-215,77,-209,98,-201,118,-190,136,-178,154,-165,170,-149,184,-132,196,-114,208,-95,215,-75,223,-54,226,-32,229,-11,229,11,226,32,223,54,215,75,208,95,196,114,184,132,170,149,154,165,136,178,118,190,98,201,77,209,56,215,23,153,-107,483,-219,987,-46,74,-136,178,-154,165,-170,149,-184,132,-196,114,-208,95,-215,75,-223,54,-226,32,-229,11,-229,-11,-226,-32,-223,-54,-215,-75,-208,-95,-196,-114,-184,-132,-170,-149,-154,-165,-136,-178,-118,-190,-98,-201,-77,-209,-56,-215,-33,-219,-12,-222]]]
915883	n	27.9487,-15.9961,28.4134,-15.5906	[[[279487,-157415,324,-1462,49,-79,136,-178,154,-165,170,-149,184,-132,196,-114,207,-95,216,-75,222,-54,226,-32,229,-11,229,11,226,32,222,54,216,75,207,95,196,114,184,132,170,149,154,165,136,178,118,190,98,201,77,209,56,215,33,219,12,222,-11,203,-3739,1591,-64,-46,-170,-149,-154,-165,-136,-178,-118,-190,-98,-201,-77,-209,-56,-215,-24,-156]]]
914959	p	911148
917748	n	26.7554,-17.0361,27.2246,-16.5839	[[[267554,-168100,11,-222,34,-219,56,-215,78,-209,98,-201,118,-190,137,-178,155,-165,171,-149,185,-132,197,-114,208,-95,217,-75,223,-54,228,-32,230,-11,230,11,228,32,223,54,217,75,208,95,197,114,185,132,171,149,155,165,137,178,118,190,98,201,78,209,56,215,34,219,11,222,-11,222,-34,219,-56,215,-78,209,-98,201,-118,190,-137,178,-155,165,-171,149,-185,132,-197,114,-208,95,-217,75,-223,54,-228,32,-230,11,-230,-11,-228,-32,-223,-54,-217,-75,-208,-95,-197,-114,-185,-132,-171,-149,-155,-165,-137,-178,-118,-190,-98,-201,-78,-209,-56,-215,-34,-219,-11,-222]]]
13132732	p	909137
175555	n	32.5124,-9.5661,32.9249,-9.259	[[[325124,-93400,11,-222,33,-219,54,-215,75,-209,96,-201,115,-190,133,-178,150,-165,165,-149,180,-132,191,-114,202,-95,210,-75,217,-54,221,-32,223,-11,223,11,221,32,217,54,210,75,202,95,191,114,180,132,165,149,150,165,90,119,-19,52,-21,584,-154,97,-748,280,-464,305,-73,15,-174,-18,-73,26,-58,74,-31,150,-37,77,-139,147,-126,68,-716,60,-860,186,-279,22,-55,-154,-54,-215,-33,-219,-11,-222]]]
913029	n	28.4386,-14.1961,28.9014,-13.7439	[[[284386,-139700,11,-222,33,-219,55,-215,77,-209,97,-201,117,-190,135,-178,153,-165,168,-149,182,-132,195,-114,205,-95,214,-75,221,-54,224,-32,227,-11,227,11,224,32,221,54,214,75,205,95,195,114,182,132,168,149,153,165,135,178,117,190,97,201,77,209,55,215,33,219,11,222,-11,222,-33,219,-55,215,-77,209,-97,201,-117,190,-135,178,-153,165,-168,149,-182,132,-195,114,-205,95,-214,75,-221,54,-224,32,-227,11,-227,-11,-224,-32,-221,-54,-214,-75,-205,-95,-195,-114,-182,-132,-168,-149,-153,-165,-135,-178,-117,-190,-97,-201,-77,-209,-55,-215,-33,-219,-11,-222]]]
13132727	p	909137
175499	n	28.5024,-9.5761,28.9576,-9.1239	[[[285024,-93500,6,-125,130,-158,21,-192,-18,-180,-10,-88,44,-122,79,-167,40,-37,240,-176,72,-104,41,-111,18,-130,0,-5,4,-4,165,-149,180,-132,90,-54,52,1,-18,-21,67,-40,202,-95,210,-75,217,-54,221,-32,223,-11,223,11,221,32,217,54,210,75,202,95,191,114,180,132,165,149,150,165,133,178,115,190,96,201,75,209,54,215,33,219,11,222,-11,222,-33,219,-54,215,-75,209,-96,201,-115,190,-133,178,-150,165,-165,149,-180,132,-191,114,-202,95,-210,75,-217,54,-221,32,-223,11,-223,-11,-221,-32,-217,-54,-210,-75,-202,-95,-191,-114,-180,-132,-165,-149,-150,-165,-133,-178,-115,-190,-96,-201,-75,-209,-54,-215,-33,-219,-11,-222]]]
905846	n	31.2205,-12.0561,31.6795,-11.6039	[[[312205,-118300,12,-222,33,-219,54,-215,76,-209,96,-201,116,-190,134,-178,152,-165,166,-149,181,-132,193,-114,204,-95,212,-75,218,-54,223,-32,225,-11,225,11,223,32,218,54,212,75,204,95,193,114,181,132,166,149,152,165,134,178,116,190,96,201,76,209,54,215,33,219,12,222,-12,222,-33,219,-54,215,-76,209,-96,201,-116,190,-134,178,-152,165,-166,149,-181,132,-193,114,-204,95,-212,75,-218,54,-223,32,-225,11,-225,-11,-223,-32,-218,-54,-212,-75,-204,-95,-193,-114,-181,-132,-166,-149,-152,-165,-134,-178,-116,-190,-96,-201,-76,-209,-54,-215,-33,-219,-12,-222]]]
906043	n	27.2461,-16.4961,27.7139,-16.0439	[[[272461,-162700,11,-222,33,-219,56,-215,78,-209,98,-201,118,-190,137,-178,154,-165,170,-149,184,-132,197,-114,208,-95,216,-75,223,-54,227,-32,229,-11,229,11,227,32,223,54,216,75,208,95,197,114,184,132,170,149,154,165,137,178,118,190,98,201,78,209,56,215,33,219,11,222,-11,222,-33,219,-56,215,-78,209,-98,201,-118,190,-137,178,-154,165,-170,149,-184,132,-197,114,-208,95,-216,75,-223,54,-227,32,-229,11,-229,-11,-227,-32,-223,-54,-216,-75,-208,-95,-197,-114,-184,-132,-170,-149,-154,-165,-137,-178,-118,-190,-98,-201,-78,-209,-56,-215,-33,-219,-11,-222]]]
899825	n	31.0883,-14.4661,31.5517,-14.0139	[[[310883,-142400,11,-222,34,-219,55,-215,76,-209,98,-201,117,-190,135,-178,153,-165,168,-149,183,-132,195,-114,205,-95,214,-75,221,-54,225,-32,227,-11,227,11,225,32,221,54,214,75,205,95,195,114,183,132,168,149,153,165,135,178,117,190,98,201,76,209,55,215,34,219,11,222,-11,222,-34,219,-55,215,-76,209,-98,201,-117,190,-135,178,-153,165,-168,149,-183,132,-195,114,-205,95,-214,75,-221,54,-225,32,-227,11,-227,-11,-225,-32,-221,-54,-214,-75,-205,-95,-195,-114,-183,-132,-168,-149,-153,-165,-135,-178,-117,-190,-98,-201,-76,-209,-55,-215,-34,-219,-11,-222]]]
917688	n	28.5079,-15.5561,28.9129,-15.1039	[[[285079,-151781,342,-3337,85,-62,196,-114,207,-95,215,-75,222,-54,226,-32,228,-11,228,11,226,32,222,54,215,75,207,95,196,114,183,132,170,149,153,165,136,178,118,190,97,201,77,209,56,215,33,219,12,222,-12,222,-33,219,-56,215,-77,209,-97,201,-118,190,-136,178,-153,165,-170,149,-183,132,-196,114,-207,95,-215,75,-222,54,-226,32,-228,11,-228,-11,-226,-32,-222,-54,-215,-75,-207,-95,-196,-114,-183,-132,-170,-149,-74,-80]]]
175961	n	30.8828,-8.9861,31.3372,-8.5708	[[[308828,-87600,11,-222,32,-219,55,-215,75,-209,95,-201,115,-190,133,-178,149,-165,165,-149,180,-132,191,-114,201,-95,210,-75,217,-54,220,-32,223,-11,223,11,220,32,217,54,210,75,201,95,191,114,180,132,165,149,149,165,133,178,115,190,95,201,75,209,55,215,32,219,11,222,-11,222,-32,219,-55,215,-75,209,-95,201,-115,190,-133,178,-24,27,-61,-21,-77,-51,-85,-29,-129,21,-107,80,-189,252,-116,79,-241,0,-213,-109,-204,-145,-212,-104,-420,3,-442,160,-412,244,-66,51,-20,-12,-180,-132,-165,-149,-149,-165,-133,-178,-115,-190,-95,-201,-75,-209,-55,-215,-32,-219,-11,-222]]]
7932530	p	909137
899274	n	29.3309,-11.5961,29.7891,-11.1439	[[[293309,-113700,11,-222,33,-219,55,-215,76,-209,96,-201,115,-190,134,-178,151,-165,167,-149,180,-132,193,-114,203,-95,212,-75,218,-54,222,-32,225,-11,225,11,222,32,218,54,212,75,203,95,193,114,180,132,167,149,151,165,134,178,115,190,96,201,76,209,55,215,33,219,11,222,-11,222,-33,219,-55,215,-76,209,-96,201,-115,190,-134,178,-151,165,-167,149,-180,132,-193,114,-203,95,-212,75,-218,54,-222,32,-225,11,-225,-11,-222,-32,-218,-54,-212,-75,-203,-95,-193,-114,-180,-132,-167,-149,-151,-165,-134,-178,-115,-190,-96,-201,-76,-209,-55,-215,-33,-219,-11,-222]]]
918905	n	31.8516,-10.7661,32.3084,-10.3139	[[[318516,-105400,11,-222,33,-219,54,-215,76,-209,95,-201,116,-190,133,-178,151,-165,166,-149,180,-132,192,-114,203,-95,211,-75,217,-54,222,-32,224,-11,224,11,222,32,217,54,211,75,203,95,192,114,180,132,166,149,151,165,133,178,116,190,95,201,76,209,54,215,33,219,11,222,-11,222,-33,219,-54,215,-76,209,-95,201,-116,190,-133,178,-151,165,-166,149,-180,132,-192,114,-203,95,-211,75,-217,54,-222,32,-224,11,-224,-11,-222,-32,-217,-54,-211,-75,-203,-95,-192,-114,-180,-132,-166,-149,-151,-165,-133,-178,-116,-190,-95,-201,-76,-209,-54,-215,-33,-219,-11,-222]]]
