890299	r	30.8095,-18.2768,31.486,-17.415	[[[308095,-174454,235,-1466,456,-2853,-12,-5,14,-8,619,-3873,180,-40,302,-48,213,-20,754,2247,147,-128,186,-132,199,-114,209,-95,218,-75,225,-54,229,-32,231,-11,231,11,229,32,225,54,69,24,1452,1343,52,141,57,215,34,219,11,222,-11,222,-34,219,-57,215,-78,209,-99,201,-119,190,-138,178,-155,165,-172,149,-186,132,-199,114,-209,95,-218,75,-225,54,-229,32,-231,11,-231,-11,-120,-17,260,776,-3684,1741,-16,-6,-279,-121,-270,-138,-65,-39]]]
894701	r	28.1234,-20.5815,29.0366,-19.7185	[[[281234,-201500,10,-282,30,-281,48,-279,68,-275,87,-270,105,-264,123,-258,141,-249,158,-239,174,-230,189,-218,205,-206,218,-193,231,-179,243,-165,253,-149,264,-133,272,-117,279,-99,286,-82,291,-64,295,-46,297,-28,299,-9,299,9,297,28,295,46,291,64,286,82,279,99,272,117,264,133,253,149,243,165,231,179,218,193,205,206,189,218,174,230,158,239,141,249,123,258,105,264,87,270,68,275,48,279,30,281,10,282,-10,282,-30,281,-48,279,-68,275,-87,270,-105,264,-123,258,-141,249,-158,239,-174,230,-189,218,-205,206,-218,193,-231,179,-243,165,-253,149,-264,133,-272,117,-279,99,-286,82,-291,64,-295,46,-297,28,-299,9,-299,-9,-297,-28,-295,-46,-291,-64,-286,-82,-279,-99,-272,-117,-264,-133,-253,-149,-243,-165,-231,-179,-218,-193,-205,-206,-189,-218,-174,-230,-158,-239,-141,-249,-123,-258,-105,-264,-87,-270,-68,-275,-48,-279,-30,-281,-10,-282]]]
1106542	p	890299
884979	r	31.5758,-20.0516,33.0428,-17.8884	[[[315758,-192521,3592,-5421,434,-339,604,-413,632,-373,655,-334,678,-292,695,-249,712,-206,724,-161,733,-115,740,-69,743,-23,743,23,740,69,733,115,724,161,353,102,-9,37,36,739,193,589,16,412,67,235,32,192,-100,111,-222,88,-215,129,-167,160,-83,176,83,387,-14,203,-178,95,-186,-60,-299,-290,-225,-59,-231,11,-180,39,-115,109,-33,222,32,101,59,87,42,96,-14,131,-25,98,-3,92,71,723,-3,184,-68,217,-141,47,-182,-22,-192,8,-105,119,-12,206,63,406,-19,273,120,5,-30,45,8,92,327,262,154,180,75,45,178,190,28,149,-37,234,-1,216,155,600,23,254,53,224,56,131,-1,149,-62,157,-132,54,-67,120,-60,400,-118,84,-537,-12,-83,-14,-4,-8,-410,-59,-164,6,5,181,-151,697,-92,10,23,20,129,68,107,77,-126,79,-64,147,-69,540,15,90,962,429,303,43,410,-30,263,22,173,133,108,215,69,268,21,330,-77,273,-301,569,-128,358,-34,206,24,168,124,137,172,68,190,53,178,90,195,111,220,98,178,130,66,202,-35,102,-127,144,-14,98,28,-7,210,293,289,208,47,111,-78,191,-181,192,-467,362,-152,212,-45,150,18,83,59,76,77,132,90,214,6,75,-32,330,-352,1032,-22,225,54,198,9,85,-122,140,-16,94,50,80,80,49,77,67,40,131,-18,176,-2,5,-585,130,-733,115,-740,69,-743,23,-187,-5,-10755,-13632]]]
1085510	p	890299
890422	r	28.8695,-20.0406,30.7067,-19.0898	[[[288695,-192766,4824,-7640,3361,853,42,-222,156,-138,617,325,248,19,-89,110,400,255,4682,1189,4131,6115,-6285,0,508,526,-384,269,-517,-8,-352,215,62,-708,-816,265,-1489,-387,-174,-4,-58,311,-196,5,-968,-472,-2799,326,-1219,-702,-1041,-931,-205,220,-323,558,-617,374,-25,71,-97,-66,-56,14,36,94,-18,30,-1114,0,-71,-221,-144,-586,-10,-59]]]
888710	r	28.6208,-19.3195,30.913,-18.27	[[[286208,-189300,25,-747,13,-125,1902,-1728,1886,0,18,-30,-36,-94,56,-14,97,66,25,-71,617,-374,323,-558,205,-220,1041,931,1219,702,2799,-326,968,472,196,-5,58,-311,174,4,1489,387,816,-265,-62,708,352,-215,517,8,384,-269,-508,-526,6285,0,2063,1649,-948,1953,-2155,771,-40,-611,-522,-183,43,-523,-443,115,-170,-293,-83,2,-39,-34,-154,59,-69,52,-81,-3,-57,141,-124,84,-85,101,-73,-54,-56,74,-39,8,-27,-24,-67,42,-34,148,-32,-19,-38,-81,-60,6,-51,-28,-68,45,-112,2,-8,107,0,19,25,56,-20,29,-3,3,-111,-46,-169,73,-24,51,29,42,-51,33,-45,102,-202,55,-74,-50,4,-40,-151,-51,-17,40,-43,21,-93,189,-60,-22,-24,30,-113,34,-32,-24,-136,11,-38,32,-60,134,0,52,-67,64,-9,47,-49,-12,-56,71,-44,2,-82,128,-104,-5,-78,47,-136,7,-46,58,-63,-18,-88,27,-53,-10,-26,-43,-97,28,-45,-36,-68,68,-110,-2,-193,-53,-24,116,-71,38,-77,-15,-53,90,-85,19,-44,-3,-48,-41,-34,-66,-108,-37,-10,64,-77,108,-50,13,-125,-21,-105,71,-68,94,-195,-121,-36,45,-38,4,-96,-74,-68,60,-58,-76,15,-55,-28,-30,-85,9,-31,77,-32,13,-64,-11,-104,-77,-35,92,-45,-11,-37,69,-89,11,-43,38,-49,-11,-28,-54,-41,-9,-22,28,1,78,-103,104,-83,-32,-18,-60,-32,-20,-163,79,-81,-7,-49,124,0,108,-65,49,-45,-44,-87,17,17,35,-65,53,5,103,-184,-61,-78,-98,-132,15,-25,24,24,44,-14,185,-112,84,-92,-15,-59,-41,-94,63,-135,-40,-134,37,-98,61,-68,-99,-79,-29,-37,33,-79,-9,-90,122,-113,15,-21,57,-142,128,-228,27,-38,-21,-7,-34,-31,8,-23,-24,-43,49,-80,0,-20,46,15,64,-92,264,-5,156,94,96,14,76,-33,124,22,94,-23,36,-36,-4,-9,38,44,30,3,38,-58,204,40,105,96,15,20,119,63,42,-51,78,22,84,-26,69,63,53,82,244,6,94,-88,103,-69,-28,-155,16,-138,201,-313,150,-171,180,-68,-3,-94,69,-70,-18,-168,126,-170,14,-47,83,-97,80,-39,-69,-55,-34,8,-44,-41,-27,34,-47,-12,-27,-54,-7,-18,-51,-41,-4,-10,-79,-103,-16,35,-72,-39,-133,77,-87,-23,-112,-51,-33,106,-134,-14,-76,31,-14,26,-107,98,-113,-1,-39,59,-34,-51,-57,66,-88,-31,-87,50,-67,-67,-52,81,-60,-31,-111,28,-106,-180,-199,-5,-73,-45,-17,-75,-109,7,-48,-28,-14,-41,-124,20,-72,-63,-37,-8,19,-52,-53,10,-118,-52,-31,-33,-60,-6405,859,-78,-166,-277,-699,-228,-715,-178,-728,-128,-737,-77,-744,-25,-747]]]
889453	r	28.6608,-18.9054,30.7689,-17.5056	[[[286608,-183300,27,-781,63,-616,501,-67,6405,-859,33,60,52,31,-10,118,52,53,8,-19,63,37,-20,72,41,124,28,14,-7,48,75,109,45,17,5,73,180,199,-28,106,31,111,-81,60,67,52,-50,67,31,87,-66,88,51,57,-59,34,1,39,-98,113,-26,107,-31,14,14,76,-106,134,51,33,23,112,-77,87,39,133,-35,72,103,16,10,79,41,4,18,51,54,7,12,27,-34,47,41,27,-8,44,55,34,39,69,97,-80,47,-83,170,-14,168,-126,70,18,94,-69,68,3,171,-180,313,-150,138,-201,155,-16,69,28,9,-10,27,-32,52,-61,-1,-18,-5,-76,-82,-244,-63,-53,26,-69,-22,-84,50,-76,1,-2,-63,-42,-20,-119,-96,-15,-40,-105,58,-204,-3,-38,-44,-30,9,-38,36,4,23,-36,-22,-94,33,-124,-14,-76,-94,-96,5,-156,92,-264,-15,-64,20,-46,80,0,43,-49,23,24,31,-8,7,34,38,21,228,-27,142,-128,21,-57,113,-15,90,-122,79,9,37,-33,79,29,68,99,98,-61,134,-37,135,40,94,-63,59,41,92,15,112,-84,14,-185,-24,-44,25,-24,132,-15,78,98,184,61,-5,-103,65,-53,-17,-35,87,-17,45,44,65,-49,0,-108,49,-124,81,7,163,-79,32,20,18,60,83,32,103,-104,-1,-78,22,-28,41,9,28,54,49,11,43,-38,89,-11,37,-69,45,11,35,-92,104,77,64,11,32,-13,31,-77,85,-9,28,30,-15,55,58,76,68,-60,96,74,38,-4,36,-45,195,121,68,-94,105,-71,125,21,50,-13,77,-108,10,-64,108,37,34,66,48,41,44,3,85,-19,53,-90,77,15,71,-38,24,-116,193,53,110,2,68,-68,45,36,97,-28,26,43,53,10,88,-27,63,18,46,-58,136,-7,78,-47,104,5,82,-128,44,-2,56,-71,49,12,9,-47,67,-64,0,-52,60,-134,38,-32,136,-11,32,24,113,-34,24,-30,60,22,93,-189,43,-21,17,-40,151,51,-4,40,74,50,202,-55,45,-102,51,-33,-29,-42,24,-51,169,-73,111,46,3,-3,20,-29,-25,-56,0,-19,8,-107,112,-2,68,-45,51,28,60,-6,38,81,32,19,34,-148,67,-42,27,24,39,-8,56,-74,73,54,85,-101,124,-84,57,-141,81,3,69,-52,154,-59,39,34,83,-2,170,293,443,-115,-43,523,522,183,40,611,21,320,473,-127,381,801,787,770,-17,399,-286,-220,-98,9,-30,29,-123,28,-99,-23,-62,28,-51,-14,-98,61,-109,17,-105,50,-100,-24,-58,53,-39,-13,-132,64,-12,-20,-29,21,-76,-8,-50,-57,-92,36,-2,-34,-42,-16,-77,42,-101,-42,-74,28,-47,-84,15,-25,-30,-27,-184,-12,-23,39,-45,8,-5,42,-87,96,-28,-30,-73,34,-27,-15,-19,37,-54,10,-25,35,-92,20,-68,-33,-35,28,14,85,-45,4,-3,-35,-91,-50,-64,34,-43,-7,-14,56,-123,33,-62,59,266,592,-276,24,-344,261,-89,-72,-1057,111,-352,244,-524,-26,-55,287,-120,146,-364,4,-62,39,-350,19,-20,75,206,186,-169,297,-240,316,-76,-21,-36,140,-632,670,-522,-105,-52,24,-66,140,-67,35,-78,160,-34,31,-6,6,-12,298,62,192,-29,108,-27,22,10,59,-64,80,5,37,-62,40,18,50,-65,101,32,134,-38,118,55,31,39,130,-69,75,-29,-24,-22,81,36,48,-26,16,-28,-18,-31,24,-29,99,25,64,-48,42,-20,130,-68,27,-24,34,13,72,38,33,-51,116,31,140,-37,31,-17,68,40,17,25,53,34,-11,32,31,-28,76,-103,48,-42,-24,-192,-6,-120,117,-204,66,-40,70,34,39,-52,131,-123,-69,-37,-73,-206,-59,-78,9,-8,49,58,149,-50,11,-24,49,61,150,-11,26,-91,-41,-109,48,-48,-22,-102,-200,-49,-7,-80,108,-33,112,5,79,-45,117,-64,72,-74,38,-31,102,-182,118,-68,-104,-196,39,-10,74,-107,109,-101,204,-166,45,-93,71,-147,-247,-74,19,-25,33,0,66,-107,51,-63,152,-75,61,-6,5,-57,0,4,-1,-113,-1,-117,161,-35,138,-53,42,-94,-5,-62,44,48,117,-30,65,-92,86,-76,3,-101,41,-13,66,-87,87,-12,65,31,89,-44,98,77,103,-136,187,-64,47,-137,3,-45,28,-10,39,36,71,-28,54,-26,11,-178,-48,-26,15,-11,78,-49,45,-46,-39,-63,51,-75,-16,-35,34,-29,131,-112,130,-109,-113,-95,-22,-10,-55,29,-54,-43,-62,-171,-138,-137,-197,-170,-48,-57,-82,93,-208,76,22,155,-178,-4,-34,-51,-49,39,-127,-30,-88,64,-32,7,-62,-4,-4,-3857,1042,-418,-487,-477,-635,-431,-664,-386,-689,-337,-711,-288,-732,-237,-747,-186,-761,-133,-771,-80,-777,-27,-781]]]
882009	p	890299
893697	n	29.9647,-17.5961,30.4353,-17.1439	[[[299647,-173700,11,-222,34,-219,56,-215,78,-209,99,-201,118,-190,138,-178,155,-165,171,-149,186,-132,198,-114,209,-95,217,-75,224,-54,228,-32,231,-11,231,11,228,32,224,54,217,75,209,95,198,114,186,132,171,149,155,165,138,178,118,190,99,201,78,209,56,215,34,219,11,222,-11,222,-34,219,-56,215,-78,209,-99,201,-118,190,-138,178,-155,165,-171,149,-186,132,-198,114,-209,95,-217,75,-224,54,-228,32,-231,11,-231,-11,-228,-32,-224,-54,-217,-75,-209,-95,-198,-114,-186,-132,-171,-149,-155,-165,-138,-178,-118,-190,-99,-201,-78,-209,-56,-215,-34,-219,-11,-222]]]
886763	r	30.2936,-21.2187,32.0561,-19.025	[[[302936,-198015,5632,-14172,534,17,798,74,792,124,781,172,768,220,751,267,731,314,707,357,682,401,652,442,620,481,586,519,548,554,509,586,468,617,423,644,378,670,332,691,282,710,233,726,182,739,131,749,79,755,26,758,-26,758,-14,133,-1171,1767,-3592,5421,-6628,2270,-2063,-1649,-4131,-6115]]]
884141	r	30.3717,-18.1881,30.9168,-17.565	[[[303717,-178652,32,14,173,148,85,39,115,117,172,-33,45,-82,156,11,126,70,150,17,129,-17,77,136,78,27,32,-30,252,-23,223,93,296,-127,129,71,451,-31,-160,9,13,-204,-55,5,-71,-84,-14,-89,7,-85,77,-272,-11,-1,125,-178,213,-148,97,-54,35,-97,206,128,51,-48,14,19,187,18,-3,61,127,225,78,49,30,-59,119,106,45,28,-174,-142,143,-188,491,-206,183,-16,-39,-161,121,-323,-376,-208,-36,-380,85,-369,-243,-266,61,-542,-83,-157,170,38,206,60,201,72,196,85,190,98,183,109,175,120,166,130,0,1,-380,2382,-14,8,12,5,-456,2853,-72,31,-201,72,-206,60,-210,47,-212,33,-214,21,-215,6,-215,-6,-214,-21,-212,-33,-210,-47,-206,-60,-201,-72,-196,-85,-190,-98,-183,-109,-175,-120,-166,-130,-157,-141,-147,-151,-137,-159,-125,-168,-113,-175,-102,-182,-89,-187,-76,-193,-62,-198,-49,-200,-35,-204,-21,-205,-2,-58],[307088,-178596,94,36,-53,-35,-41,-1],[307268,-178558,37,28,-23,-25,-14,-3],[307348,-178581,8,-9,-6,2,-2,7],[307435,-178617,44,-47,-35,31,-9,16],[307544,-178700,29,11,-14,-10,-15,-1]]]
886990	r	30.8876,-18.9583,32.3637,-17.5954	[[[308876,-186313,168,-225,338,-394,364,-372,389,-348,411,-323,433,-297,452,-269,470,-240,485,-210,498,-179,510,-148,519,-116,525,-83,530,-50,532,-16,532,16,530,50,525,83,519,116,510,148,399,144,5075,6433,30,284,17,509,-17,509,-53,507,-86,502,-121,496,-155,488,-187,477,-220,463,-251,450,-281,432,-310,414,-338,394,-364,372,-383,342,-2792,-624,-5428,-5020,-33,22,-130,-6,-29,-41,-171,8,-198,-186,-238,-48,-138,46,-132,115,-10,138,-111,100,3,137,-105,85,-205,-183,-270,-172,-91,-454,-224,-482,-295,-420,-113,-57,-248,-218,375,-117,401,-81,-1052,-973,-761,-1928]]]
894239	r	29.5749,-18.8283,30.8273,-17.7079	[[[295749,-177080,75,-61,63,-152,107,-51,0,-66,25,-33,74,-19,147,247,93,-71,166,-45,101,-204,107,-109,10,-74,196,-39,68,104,182,-118,31,-102,74,-38,64,-72,45,-117,-5,-79,33,-112,80,-108,49,7,102,200,48,22,109,-48,91,41,11,-26,-61,-150,24,-49,50,-11,-58,-149,8,-49,78,-9,206,59,37,73,123,69,52,-131,-34,-39,40,-70,204,-66,120,-117,192,6,42,24,103,-48,28,-76,-32,-31,-34,11,-25,-53,-40,-17,17,-68,37,-31,-31,-140,51,-116,-38,-33,-13,-72,24,-34,68,-27,20,-130,48,-42,-25,-64,29,-99,31,-24,28,18,26,-16,-36,-48,22,-81,29,24,69,-75,-39,-130,-55,-31,38,-118,-32,-134,65,-101,-18,-50,62,-40,-5,-37,64,-80,-10,-59,27,-22,29,-108,-62,-192,12,-298,40,-37,78,-160,67,-35,66,-140,52,-24,522,105,632,-670,36,-140,76,21,240,-316,169,-297,-206,-186,20,-75,350,-19,62,-39,364,-4,120,-146,55,-287,524,26,352,-244,1057,-111,89,72,344,-261,276,-24,-266,-592,62,-59,123,-33,14,-56,43,7,64,-34,91,50,3,35,45,-4,-14,-85,35,-28,68,33,92,-20,25,-35,54,-10,19,-37,27,15,73,-34,28,30,87,-96,5,-42,45,-8,23,-39,184,12,30,27,-15,25,47,84,74,-28,101,42,77,-42,42,16,2,34,92,-36,50,57,76,8,29,-21,12,20,132,-64,39,13,58,-53,100,24,105,-50,109,-17,98,-61,51,14,62,-28,99,23,123,-28,30,-29,98,-9,286,220,-42,968,340,299,-36,300,-765,599,-254,656,631,404,135,257,83,157,-61,542,243,266,-85,369,36,380,376,208,-121,323,39,161,-183,16,-491,206,-143,188,9,8,-29,59,-78,-49,-127,-225,3,-61,-187,-18,-14,-19,-51,48,-206,-128,-35,97,-97,54,-213,148,-125,178,11,1,-77,272,-7,85,14,89,71,84,55,-5,-13,204,160,-9,-451,31,-129,-71,-296,127,-223,-93,-252,23,-32,30,-78,-27,-77,-136,-129,17,-150,-17,-126,-70,-156,-11,-45,82,-172,33,-115,-117,-85,-39,-173,-148,-201,-91,-9,2,-568,1137,-7222,510]],[[306027,-187527,2114,-756,43,39,8,199,-930,1864,-360,-352,-381,-801,-473,127,-21,-320]]]
878549	n	29.8305,-20.5561,30.3095,-20.1039	[[[298305,-203300,12,-222,34,-219,57,-215,79,-209,101,-201,121,-190,140,-178,158,-165,174,-149,188,-132,202,-114,212,-95,222,-75,228,-54,232,-32,235,-11,235,11,232,32,228,54,222,75,212,95,202,114,188,132,174,149,158,165,140,178,121,190,101,201,79,209,57,215,34,219,12,222,-12,222,-34,219,-57,215,-79,209,-101,201,-121,190,-140,178,-158,165,-174,149,-188,132,-202,114,-212,95,-222,75,-228,54,-232,32,-235,11,-235,-11,-232,-32,-228,-54,-222,-75,-212,-95,-202,-114,-188,-132,-174,-149,-158,-165,-140,-178,-121,-190,-101,-201,-79,-209,-57,-215,-34,-219,-12,-222]]]
895269	r	29.6435,-22.3447,30.3697,-21.8754	[[[296435,-221289,179,24,182,-118,118,42,675,32,203,-55,581,-360,342,-69,245,-121,361,-30,16,-4,100,-81,181,-115,81,-89,37,-7,106,3,99,-36,82,-10,111,0,43,-10,18,-20,7,-67,-4,-51,11,-47,49,-65,20,-12,53,-12,149,12,33,-2,72,-20,76,-71,61,-70,45,-35,189,-81,8,17,33,34,-1,38,115,-78,240,-113,176,-12,443,57,247,-18,187,-53,149,-85,140,-117,315,-206,342,-77,96,3,55,136,70,216,55,220,39,222,24,225,8,225,-8,225,-24,225,-39,222,-55,220,-70,216,-86,211,-99,205,-114,199,-128,191,-141,184,-154,174,-165,164,-176,155,-187,143,-197,131,-206,119,-213,106,-220,93,-227,80,-231,65,-236,51,-238,37,-241,22,-242,8,-242,-8,-241,-22,-238,-37,-236,-51,-231,-65,-227,-80,-220,-93,-213,-106,-206,-119,-197,-131,-187,-143,-176,-155,-165,-164,-154,-174,-141,-184,-128,-191,-114,-199,-99,-205,-86,-211,-64,-197]]]
895061	r	30.7346,-17.6579,32.0593,-16.599	[[[307346,-168958,313,-4523,333,-323,733,-346,3684,-1741,491,-59,-23,-54,145,-515,429,335,429,-351,365,422,3834,-465,1709,382,53,95,197,418,168,430,139,439,108,446,78,453,46,457,16,458,-16,458,-46,457,-78,453,-108,446,-139,439,-168,430,-197,418,-225,404,-252,390,-278,373,-303,354,-326,335,-348,314,-369,291,-388,267,-405,242,-421,216,-435,190,-447,161,-456,133,-465,105,-471,74,-475,45,-477,15,-477,-15,-475,-45,-471,-74,-465,-105,-456,-133,-447,-161,-435,-190,-421,-216,-405,-242,-388,-267,-369,-291,-348,-314,-326,-335,-303,-354,-168,-226]]]
890516	r	27.6748,-22.0037,29.9501,-20.2904	[[[276748,-210901,344,-444,152,-152,694,-477,298,-343,174,-259,81,-121,359,-405,94,-141,23,-81,-5,-155,16,-75,64,-93,163,-165,297,-571,28,-104,-34,-78,-77,-120,-20,-95,34,-19,71,-21,40,-58,-51,-130,39,-97,49,-10,56,10,69,-39,51,-82,90,-203,57,-90,122,-123,140,-87,163,-50,579,-34,749,-139,1192,-17,370,-66,399,-128,813,-395,215,-45,168,29,159,59,352,84,104,48,111,17,319,-78,298,-27,140,-42,387,-287,458,-135,757,-330,-133,113,203,-172,73,-3,567,-247,301,-75,251,-14,244,-63,248,-18,64,16,91,-20,179,-112,72,-21,4,-12,176,-42,148,-44,166,-121,23,-192,-104,-200,-41,-52,-43,-79,-99,-143,-110,-215,-19,-200,55,38,-17,-196,21,-215,64,-230,120,-253,1467,1039,-91,232,11,27,43,4,34,58,133,71,-19,78,59,104,105,5,6,38,-76,70,-17,82,29,34,79,11,58,125,32,11,-19,163,45,31,-2,66,55,15,18,95,71,31,26,49,33,23,44,16,16,25,3953,2734,1497,-187,876,1402,11,339,-84,36,705,488,-6319,9818,-16434,-7997]]]
